25 [ 7798  3655 11211  5804 15261 12764  1340   784 12459  4472 11211  5804
  2322 13396  5916 56946  6151   505 10621 11499 11211  5804  9996 11526
  3255  3245  3956 12937  4151 15090 11350 56931 56945 56945 56945 56945
 56945 56945 56945 56945 56945 56945 56945 56945 56945 56945 56945 56945
 56945 56945]
3 [ 5804  6312  9529  5226  2218  4035 14423  5224  6576 10621 11120 23715
  4472  5892  4472  9424  4472 10330  5226  4151  6505 10067  7581 56932
  8630  5226  5224  7217 12506 56932  5224  7538 11343  5432 11367 56932
 12948 56932 13348 56932 11120 14259 10067 14399  4562 15014 56932  4472
   681 14792]
6 [ 6358 56932 12764 10067  4312 56932  1168  4472  5804  8039 56931 56945
 56945 56945 56945 56945 56945 56945 56945 56945 56945 56945 56945 56945
 56945 56945 56945 56945 56945 56945 56945 56945 56945 56945 56945 56945
 56945 56945 56945 56945 56945 56945 56945 56945 56945 56945 56945 56945
 56945 56945]
8 [ 6221 11120  7384 15685 11211  7871  1231 15316  4693  4472  1787 56932
 11122 11211  9083  1694 56940 15526 56940 56931 56945 56945 56945 56945
 56945 56945 56945 56945 56945 56945 56945 56945 56945 56945 56945 56945
 56945 56945 56945 56945 56945 56945 56945 56945 56945 56945 56945 56945
 56945 56945]
8 [ 4151  1347  4472 12004 56932  6151 13386  1404   217 56932  8590 56932
 11120  2858 15227 56932 14219  4562 11120  7300  9379  3861  5226  2525
  4472  8493  2198  4472   366  4472  4151  4822  9330 10291 11830  4562
  4151  6505  4472   424  6319  7956  4151 13010  4472 10731    68  7162
  5226  5224]
1 [ 8734  4518 15376  6151 11631 56931 56945 56945 56945 56945 56945 56945
 56945 56945 56945 56945 56945 56945 56945 56945 56945 56945 56945 56945
 56945 56945 56945 56945 56945 56945 56945 56945 56945 56945 56945 56945
 56945 56945 56945 56945 56945 56945 56945 56945 56945 56945 56945 56945
 56945 56945]
5 [ 5224  2824 12638 56932  4204  3245 13396 12838 56932  6172  5226 10107
  5224  6260  8590 15023 17251  8493 14950  4472   153 13396  1231 56940
 11066  4472  7460 56940 10621  6151 13822 14378  9135  1240 15394  7780
  7916 11120 13269 10067  6319 56932  8630   865 44977 41635 13396  1231
 10620 56931]
21 [56940 11120 15107 12031  5240 11120 11211  5240 10621  1925  7261  5666
  5240 56946 10621  1240 15683 56940 56932  7780  4845 56932 15083  4472
 13966  5226 12424  4649 11211  5224 13959 12033  8984  7780  8109  4562
 11120  1147   197 10067 14358 10621 11211  8593  4807  3245  6151  2668
 56931 56945]
10 [13371 12650  2529  7485  5226 13478  5804  8263 56932 27780  3245  1240
  8640 56932 12889  4562 11120  1056 14082 56932  4472 11211  5224 14847
  4472  1231  8782   582 12735 10291  2529  4569  6151 11120   455  2861
 56940 12764  7703  8938  2890  5995 12407 28196 11664 22393  4472  5307
 56932  9000]
6 [ 9000  9490 12672 11211 11117 56946 12543 13171  2861 11120 12935  5706
  7898 16320  4472  4151  7203 20482 56931 56945 56945 56945 56945 56945
 56945 56945 56945 56945 56945 56945 56945 56945 56945 56945 56945 56945
 56945 56945 56945 56945 56945 56945 56945 56945 56945 56945 56945 56945
 56945 56945]
18 [11120  5844 10421 48191  8943 56934 15191 56935  5165   217  6151 12379
  5452 10621 12795 11211  1240 56946  1156  4693  1925 12301  5432  4472
  7361  4472  4151  5581 56946 10621 31834  4472  9701 11669  7944  4472
  8865 56931 56945 56945 56945 56945 56945 56945 56945 56945 56945 56945
 56945 56945]
19 [11120  5844 10421 48191  8943 56934 15191 56935  5165   217  6151 12379
  5452 10621 12795 11211  1240 56946  1156  4693  1925 12301  5432  4472
  7361  4472  4151  5581 56946 10621 31834  4472  9701 11669  7944  4472
  8865 56931 56945 56945 56945 56945 56945 56945 56945 56945 56945 56945
 56945 56945]
9 [ 7952  5226  5804  8373   340 10067   468  5206 10621  4392   915  2890
 13554 12996 10291 14335  4151   471  1925 56946 56931 56945 56945 56945
 56945 56945 56945 56945 56945 56945 56945 56945 56945 56945 56945 56945
 56945 56945 56945 56945 56945 56945 56945 56945 56945 56945 56945 56945
 56945 56945]
8 [11120 10056 14773  6151  2740 10621  1240  4338   217  6151 11870  5226
 11120 15569  4472 11120 13172 10067  1926 56932 11211  1645   420 15229
 56931 56945 56945 56945 56945 56945 56945 56945 56945 56945 56945 56945
 56945 56945 56945 56945 56945 56945 56945 56945 56945 56945 56945 56945
 56945 56945]
17 [11514  2890  3719 12407  1537  5534 56946 11120 13287 10067 22711 11211
  1240  8117 10753  8373  5263 15083  4472 11211  5804   953 56946  5804
 18656 10621  5804 22618  5226  5224 17200  4472 11120 14397  5332 10067
 22711 56931 56945 56945 56945 56945 56945 56945 56945 56945 56945 56945
 56945 56945]
7 [ 5351 11120   520   375  4472 13439 14260  6205 12015 56946 56931 56945
 56945 56945 56945 56945 56945 56945 56945 56945 56945 56945 56945 56945
 56945 56945 56945 56945 56945 56945 56945 56945 56945 56945 56945 56945
 56945 56945 56945 56945 56945 56945 56945 56945 56945 56945 56945 56945
 56945 56945]
6 [10420 56932 13625  2890 21862 13004  7956 11120 10794  4472  2390  8597
 10621 13822  3271 29484 56932  6205 13371  4472  4151  7359 12958  1633
  4151  6505 56946 56932  6151  4151 11211 15201    85   885 11120 14678
  4472  5804 56940  1427 56940 10291  2529  8231 13396 11120  5319 13149
 56931 56945]
7 [ 5534  1240 12045 56932 11120  5404  4770 12407 28418 56931 56945 56945
 56945 56945 56945 56945 56945 56945 56945 56945 56945 56945 56945 56945
 56945 56945 56945 56945 56945 56945 56945 56945 56945 56945 56945 56945
 56945 56945 56945 56945 56945 56945 56945 56945 56945 56945 56945 56945
 56945 56945]
4 [ 5224 12533 11211   154  3245  5226 14016 56932   658 56932  3222 56932
  9050 56932 14113 56932  1352 10621  1723 56932 14662 10611  5804 13042
 11211 11122  6150  4562  5224 13723  3453 11746 56932 15027 13606  4922
 12807 13891  7365 56932 10621 14097 56943 11145  3892 56932 10611 10025
 56931 56945]
2 [ 9000  5240 56932  7956  6226 56932  2890  6173 56946 56932  5226  5224
 11211  5224  4152 10067  3407 13171  4518 14180  9198 56931 56945 56945
 56945 56945 56945 56945 56945 56945 56945 56945 56945 56945 56945 56945
 56945 56945 56945 56945 56945 56945 56945 56945 56945 56945 56945 56945
 56945 56945]
8 [ 5224  3835  9551  4472 14134 56932 56946  1283   826 10621 11646 13858
 12947  6151  5804  2140 11779  6151  7608 10067  8614 12255 56940 11120
 56946 56940 56932  8493  2507  4472  3657  4472  1283 11211  4473  4200
  6151  4151  8155 56940 13396 11122 11211   865 10621 12764 13396 11122
 11211  1340]
2 [ 5224  4472 12948  5240  5224  9518 11814 17799  4144  5226  8365  5226
  8871  4472  8373  5137 56931 56945 56945 56945 56945 56945 56945 56945
 56945 56945 56945 56945 56945 56945 56945 56945 56945 56945 56945 56945
 56945 56945 56945 56945 56945 56945 56945 56945 56945 56945 56945 56945
 56945 56945]
8 [ 5224  8876  9230 10102 56946  2139 56932 15071   217 56932  8788 56932
  5226  1231  5003 56932  7780  7040  2890 10379  4884 12843  5611  5240
  4472 56942  5137  4472 12843 10621  7780  8449  5226  5224  2880  4472
  5712  6151 56946 56946 56932   997 12033 11211  5676   676 11120  9396
 10151  3682]
6 [   11 11211  5224   653 56940  3686  3245 14184  7121  6151 11122 11211
   373  1452  2890  3053  6151 14198  3733 13371   865  5804 13767  2898
 11211  1396  2831  5804 56946  4472 11120 15426   848  5430 11211   746
  8192  8246 10621 11211  1240 15394  1396  7391  4472 11120  1618  1925
   653 56940]
34 [ 5543  3655 11211  5224 14479 10067 13477 56932 14524  7418 56932 56940
   915 14793  6151  6381    61 56932 13371 56946 56932 23733   848 22670
 56940 56932 10621  1694  3269 11211  5224  9102 12764  2846  1296 11120
  1596  6151 11120  4000  4472  2259  5224 12168 10621 56940  4865 11120
 14804  5226]
3 [  424   944  7581 56932  6205 13371  5224 15623  4472  5804 16441 56932
  5804 11516   848  5224 14746  1240  1149  5226   970 56931 56945 56945
 56945 56945 56945 56945 56945 56945 56945 56945 56945 56945 56945 56945
 56945 56945 56945 56945 56945 56945 56945 56945 56945 56945 56945 56945
 56945 56945]
4 [  424   944  7581 56932  6205 13371  5224 15623  4472  5804 16441 56932
  5804 11516   848  5224 14746  1240  1149  5226   970 56931 56945 56945
 56945 56945 56945 56945 56945 56945 56945 56945 56945 56945 56945 56945
 56945 56945 56945 56945 56945 56945 56945 56945 56945 56945 56945 56945
 56945 56945]
11 [10621  4938   752  8448  4472 12342  4801 11211 56946  2861 56940  8993
  5240  2890 10977  5231  2890  5798 56940 56931 56945 56945 56945 56945
 56945 56945 56945 56945 56945 56945 56945 56945 56945 56945 56945 56945
 56945 56945 56945 56945 56945 56945 56945 56945 56945 56945 56945 56945
 56945 56945]
24 [  928 56932 15648 56932 56940  7494  2890 14399 12407 15916  4562  5224
  2693 56933 11120  9893 10478 10621  5224  3835  5769  7364  1240 19220
   264  1925 41555  4562  5224  3835  5769 15164 56934  7843 56935 13371
 11122 11292  9784  4562  5224 56946  5217 13280 56942  5137 56932 13396
 11122 13554]
7 [11120 13445  4472  1925 56946 56932  7442  3245   545  4472 11120 10365
 11272 56932  7780  8109  4151   698 10067 15063  2782  2861 10067  5071
  5226 11120 12077  4472  1539  1240  7780  6260  6151  7584 11039 11211
  5226  2890  2689  1240   746 12940  4151  4232  4472 56942  2709 10621
 56942 56946]
5 [ 5224 11211  5005 56932  9000  3245  5224 11211 27429 56931 56945 56945
 56945 56945 56945 56945 56945 56945 56945 56945 56945 56945 56945 56945
 56945 56945 56945 56945 56945 56945 56945 56945 56945 56945 56945 56945
 56945 56945 56945 56945 56945 56945 56945 56945 56945 56945 56945 56945
 56945 56945]
13 [16924  9190 56932   870  4472  5804  5037 56932 10272 11211 56946  5240
  1806  2230 13974 10067   804 56946 56931 56945 56945 56945 56945 56945
 56945 56945 56945 56945 56945 56945 56945 56945 56945 56945 56945 56945
 56945 56945 56945 56945 56945 56945 56945 56945 56945 56945 56945 56945
 56945 56945]
25 [ 4151  7375  4472 53241  5226 11775   848 10412 12015  5593   217 56946
 12297 12297   848 15145 56946 10621 14855 11211 12015 56946 12297 12297
 56932  4550  6197  4562  5224 14849  4472 11981  4472 12342 15768  5804
 19067  5226  6260 56931 56945 56945 56945 56945 56945 56945 56945 56945
 56945 56945]
26 [ 4151  7375  4472 53241  5226 11775   848 10412 12015  5593   217 56946
 12297 12297   848 15145 56946 10621 14855 11211 12015 56946 12297 12297
 56932  4550  6197  4562  5224 14849  4472 11981  4472 12342 15768  5804
 19067  5226  6260 56931 56945 56945 56945 56945 56945 56945 56945 56945
 56945 56945]
18 [ 5224 16090  4472  5804 16118  9490  4472 25441  5224  9283 16311  4472
   995 10067  2689 56942 56932 13280  4550 56942  5137 56931 56945 56945
 56945 56945 56945 56945 56945 56945 56945 56945 56945 56945 56945 56945
 56945 56945 56945 56945 56945 56945 56945 56945 56945 56945 56945 56945
 56945 56945]
1 [  749  3245  4562  1564  4151   621  3797  2370  5224  1428  2792  9923
 39425 56946 56932 15058  6151  8493 18018  1870 44951  4472  9068  6151
  4151 14546 11448  4472   690 11211  7920  1240 56946  6151  7608  4472
 11120 13760  4472  8493 27617  4472 11120  5234  3094 13396  5224 13723
  9923 38284]
3 [ 5804  7394  4472   217  6950  6728 10291 11400 13365 10621  2529  5710
 56931 56945 56945 56945 56945 56945 56945 56945 56945 56945 56945 56945
 56945 56945 56945 56945 56945 56945 56945 56945 56945 56945 56945 56945
 56945 56945 56945 56945 56945 56945 56945 56945 56945 56945 56945 56945
 56945 56945]
14 [ 5804 13171  1899 56932  8415  7394  4472 10611 56942 10621 56942  5137
 56932  7898   494  4016 56932 56946   598  4472 13806 56932 20284 10621
  7258 56946 56932 11211  5280 11451 10291 13822 13840 10621 10291 14335
  6157 56931 56945 56945 56945 56945 56945 56945 56945 56945 56945 56945
 56945 56945]
3 [11120    19 10177 56932 13171  3682 56932  5240 11211 10267 10146 37611
  4472  2890  8436 11211 18915  4151 14162 10621 11211  2890  4816   322
  1240 56946  4472 56946 10267 12921 56931 56945 56945 56945 56945 56945
 56945 56945 56945 56945 56945 56945 56945 56945 56945 56945 56945 56945
 56945 56945]
18 [ 5224  9230  6351  4151 10219 11211 23111   424 14339 56932 13396 11120
  4073 10067   653  8984  6151 35964  4855 11120  4904  4472  4151  8373
    21 56932 10621 13382 11211  5224  2631  4472  9222 56940 10608  7323
 11211  8859 10621  3162 11117 16065 56932 10621  5224  7711 56932 13396
  1231 12135]
6 [56940  6151 12082 12764 12015  4807  5226   195 56931  6950 12015 56946
  5804 22618 56932 14260  9373  5653  4472 22456 56940 56932 56946 56931
 56945 56945 56945 56945 56945 56945 56945 56945 56945 56945 56945 56945
 56945 56945 56945 56945 56945 56945 56945 56945 56945 56945 56945 56945
 56945 56945]
9 [56940  6151 12082 12764 12015  4807  5226   195 56931  6950 12015 56946
  5804 22618 56932 14260  9373  5653  4472 22456 56940 56932 56946 56931
 56945 56945 56945 56945 56945 56945 56945 56945 56945 56945 56945 56945
 56945 56945 56945 56945 56945 56945 56945 56945 56945 56945 56945 56945
 56945 56945]
2 [11120  9049  4550  9449  5240  4472 56942 11804  4472  5669 56934 56942
 11804  4472  5699 56935 10621  4693  9354  6151 56942 11804  4472  5669
 56934 56942 11804  4472  5699 56935 56931 56945 56945 56945 56945 56945
 56945 56945 56945 56945 56945 56945 56945 56945 56945 56945 56945 56945
 56945 56945]
5 [ 5224  9230 13393 56932 11674  1168 56932  4472 11211  2890 14399  1437
 12764  6667 12691 56946 56931 56945 56945 56945 56945 56945 56945 56945
 56945 56945 56945 56945 56945 56945 56945 56945 56945 56945 56945 56945
 56945 56945 56945 56945 56945 56945 56945 56945 56945 56945 56945 56945
 56945 56945]
25 [56940 12764  4365  7581 16935 56932 11372 56946 56932 11372 21334 56931
  5207 13180  6226 10621  3245 11120 14329 56931 13396 11674  5224 56946
    85  8993 14974  5226 12596  3828  4852  8373  5574 56932  8630 11211
 14099  6950 14394  8503 56940 56932  1015  5224  6184 56931 56945 56945
 56945 56945]
6 [13396 13676 56932  2890 12479  4463 12948  5226  5224  3015 35134  4472
 23527   601 56942  6149 56931 56945 56945 56945 56945 56945 56945 56945
 56945 56945 56945 56945 56945 56945 56945 56945 56945 56945 56945 56945
 56945 56945 56945 56945 56945 56945 56945 56945 56945 56945 56945 56945
 56945 56945]
4 [  425  4670 56932 14476 12948 13396    55 13707 56932  6913  2890 12328
 14107  5226 15583  4562 11120   611  4472  5072  8447 13396  5224  5688
  5226  5224 13676 10107 56931 56945 56945 56945 56945 56945 56945 56945
 56945 56945 56945 56945 56945 56945 56945 56945 56945 56945 56945 56945
 56945 56945]
3 [11120  1620 18142 56932  5226  3983  4472  8354 10621  4562  5224 14746
  7956  4151 14130 56932 15201  1925  1782 13154  2861 56940 12024 18349
  8993  6236 11211  8946  1557  4472  3433 56940 56932  5280 56932 13482
  6151 13822  3010 56932 42348  1925  5689 10067  2792   671 10291 11434
  8493  8230]
4 [ 5224 14749 16594 56946 56932  8993 14915 56946 56932 12764  4091   705
  1231 39781 10621 15023  2678  2370  5224 12796 15884 56946  3502  1231
 53391 56932  9000  2370  1231 11765  8374 56931 56945 56945 56945 56945
 56945 56945 56945 56945 56945 56945 56945 56945 56945 56945 56945 56945
 56945 56945]
5 [ 5224 14749 16594 56946 56932  8993 14915 56946 56932 12764  4091   705
  1231 39781 10621 15023  2678  2370  5224 12796 15884 56946  3502  1231
 53391 56932  9000  2370  1231 11765  8374 56931 56945 56945 56945 56945
 56945 56945 56945 56945 56945 56945 56945 56945 56945 56945 56945 56945
 56945 56945]
10 [11120  7811   989  2861 11120  4472 18024 54591 10291  7325 13933 38836
  4562  4151  7764 10621  4562 11120 23877 10722  2814 56931 56945 56945
 56945 56945 56945 56945 56945 56945 56945 56945 56945 56945 56945 56945
 56945 56945 56945 56945 56945 56945 56945 56945 56945 56945 56945 56945
 56945 56945]
28 [ 5224  7811 12213  2861  5224 10067  5078  4472 56946  4472 14545 56946
 56932 56940  6950  4151 17607 11526 56946 56940 11211  5224 56946 15884
 56946  1240  8057 15379  3245  5226  1231  2175 56931 56945 56945 56945
 56945 56945 56945 56945 56945 56945 56945 56945 56945 56945 56945 56945
 56945 56945]
2 [ 7645  9071 18590  5226 15107  5226 11120  5769 56931 56945 56945 56945
 56945 56945 56945 56945 56945 56945 56945 56945 56945 56945 56945 56945
 56945 56945 56945 56945 56945 56945 56945 56945 56945 56945 56945 56945
 56945 56945 56945 56945 56945 56945 56945 56945 56945 56945 56945 56945
 56945 56945]
3 [ 7645  9071 18590  5226 15107  5226 11120  5769 56931 56945 56945 56945
 56945 56945 56945 56945 56945 56945 56945 56945 56945 56945 56945 56945
 56945 56945 56945 56945 56945 56945 56945 56945 56945 56945 56945 56945
 56945 56945 56945 56945 56945 56945 56945 56945 56945 56945 56945 56945
 56945 56945]
5 [11120 12695   635 56932 11211 12948  6950 14204 11211  8606 13344  6151
  4151  2062  4472  8493 31788  4472  9135  4472  2890 14573 10067  5879
  3733  4472 11602 11211 15130 12732  8274 56932  1240   262  3245  4562
  8493 10507 13396  4151 19704  6047 10621  2131 12732 10291  6824  4151
  3464 56940]
11 [11120  1748  5240 11211 12764 12015 11122 56946 56932 12015  1503  6205
 56931 56945 56945 56945 56945 56945 56945 56945 56945 56945 56945 56945
 56945 56945 56945 56945 56945 56945 56945 56945 56945 56945 56945 56945
 56945 56945 56945 56945 56945 56945 56945 56945 56945 56945 56945 56945
 56945 56945]
12 [ 3245 12200 13098  4472    38 13371  5513  6894 17899 10621  5513 56946
 56932  1793  4472 11120 32260  4472  5668  5226  2027 11569 56932  3972
 56946 56933 18748  4472 11120 14653 13371   261 56946 10621 11384 56946
 56933  5224  5234  4472 11120 13439 10621  7939 11103  9502 53582 56933
  6205 13371]
13 [15676 14204  8493  1476 13171  8973 11211 11120    19 56932 10621 11674
  5240  9388  3058  5534  1240 13885  4562  2890 11555 14915 56946 13371
  5240 11120 15107 56931 56945 56945 56945 56945 56945 56945 56945 56945
 56945 56945 56945 56945 56945 56945 56945 56945 56945 56945 56945 56945
 56945 56945]
21 [ 5224 12675 12337 11211  1240  6125 10291  9701  4151  3062  4472  8427
   848  4472 11757 56932 10621 11211  4550  1240 35131  3245  4562  5224
  2693 56932  4562  8493 22621 11211  5240  8503  4472  5804   234  7811
 33568 13396  5224  9429 56931 56945 56945 56945 56945 56945 56945 56945
 56945 56945]
17 [ 2890 15645  4449 10291  5224  1702 13396 11120  3050  9243 10170 56932
 10153 56943 14775 56932 11972   217 56932  4038 11211  5841 12973  5226
  8290 15422  4472 13622  4472  1381  4562  5224 56942 13396 14108 56932
  1658 10067  7535 15291 11437 56932 10067  9541 13946  8016 56934 13209
 56935 56932]
4 [ 5224 30057  5240 12672 12407  1529 10621 12764  7709  9406  6151 11120
   128 56932 10621  5804 56946 12013  4472 11120 13715  4472  1231 10177
  2861  5224 30057  5240 10291  6221 11120  7626 56931 56945 56945 56945
 56945 56945 56945 56945 56945 56945 56945 56945 56945 56945 56945 56945
 56945 56945]
7 [ 5088 37129  2890  9198  5804  3758 14260 12543 12764  1240  9490 30666
 10067  6226 10067 13676  2972 56931 56945 56945 56945 56945 56945 56945
 56945 56945 56945 56945 56945 56945 56945 56945 56945 56945 56945 56945
 56945 56945 56945 56945 56945 56945 56945 56945 56945 56945 56945 56945
 56945 56945]
14 [ 9000  4562 32617 18718  5804 35991 10621 13396 11674 14855  4472 24499
  7709  2529  3245 11603 56931 56945 56945 56945 56945 56945 56945 56945
 56945 56945 56945 56945 56945 56945 56945 56945 56945 56945 56945 56945
 56945 56945 56945 56945 56945 56945 56945 56945 56945 56945 56945 56945
 56945 56945]
6 [56938 10621 13933 56932  5534  1396  6205 46325 56932  7105 13171  9023
 10621 24269 56939 56945 56945 56945 56945 56945 56945 56945 56945 56945
 56945 56945 56945 56945 56945 56945 56945 56945 56945 56945 56945 56945
 56945 56945 56945 56945 56945 56945 56945 56945 56945 56945 56945 56945
 56945 56945]
13 [15083 13512  5804   649  4472 13424  9121 56932  4151  4822  9330 10621
 56932 13498 56932  4151 11582 56932 11211 12764   865  4151   514 11308
  1365 13587 13396  5140 56932 10954  4151 14218 12764  7873 56931 56945
 56945 56945 56945 56945 56945 56945 56945 56945 56945 56945 56945 56945
 56945 56945]
5 [15394 56946 11211  5224 56946  6197   373  1379  7811 56932  1189  4147
  4472 11120 14614 56946  4472 11120 56946 56932 35591 56946 13396  5224
 10620  4472 14802 10621   207  4562  1231 13676 56946 56934  5804 24092
 25974 56932 13396  1233   577 12764  1240  7780 28117 56935 10621 56946
  4372  4562]
7 [15394 56946 11211  5224 56946  6197   373  1379  7811 56932  1189  4147
  4472 11120 14614 56946  4472 11120 56946 56932 35591 56946 13396  5224
 10620  4472 14802 10621   207  4562  1231 13676 56946 56934  5804 24092
 25974 56932 13396  1233   577 12764  1240  7780 28117 56935 10621 56946
  4372  4562]
31 [ 5804   953  7215   746 14069 33817 13083  8871  9876  5226 11120 11528
 11211  5226 11120 13812 10621  5452  5226  6036  6151  6381 13371 17539
 56932 21258   848  4337 42074 56932  1465   217  5319  2861  5804  3153
  1317 56946  6151  8593 56943 56945 56945 56945 56945 56945 56945 56945
 56945 56945]
1 [56946  4550  2545 56932 11148  2890 55704 56932 31920 56932  6156  6151
  7898  4472 11211  5668  5240  5224  7147 10067 11426 56931 56945 56945
 56945 56945 56945 56945 56945 56945 56945 56945 56945 56945 56945 56945
 56945 56945 56945 56945 56945 56945 56945 56945 56945 56945 56945 56945
 56945 56945]
8 [ 5123 15083 11211 12645 55285 11120  7037   229  9388  5123 10540 56931
 56945 56945 56945 56945 56945 56945 56945 56945 56945 56945 56945 56945
 56945 56945 56945 56945 56945 56945 56945 56945 56945 56945 56945 56945
 56945 56945 56945 56945 56945 56945 56945 56945 56945 56945 56945 56945
 56945 56945]
1 [  553 56932 14915  9096 56931 56945 56945 56945 56945 56945 56945 56945
 56945 56945 56945 56945 56945 56945 56945 56945 56945 56945 56945 56945
 56945 56945 56945 56945 56945 56945 56945 56945 56945 56945 56945 56945
 56945 56945 56945 56945 56945 56945 56945 56945 56945 56945 56945 56945
 56945 56945]
6 [13413 56946 56932  5224  7811  4378 12948 13482  1925 12835 56932 14204
 14862  4161  5804 10440  3559 10291 21507  6151  5804 56940 15306 56940
 56931 56945 56945 56945 56945 56945 56945 56945 56945 56945 56945 56945
 56945 56945 56945 56945 56945 56945 56945 56945 56945 56945 56945 56945
 56945 56945]
3 [ 9000  6786  5137 15083 56932  5226 56942 56932  5224 15063 56946  4472
 25924  1240 12374  4472 56627 11120 30280  4472  4151 35595 13901 56931
 56945 56945 56945 56945 56945 56945 56945 56945 56945 56945 56945 56945
 56945 56945 56945 56945 56945 56945 56945 56945 56945 56945 56945 56945
 56945 56945]
5 [ 9000  1233 11120 12596  6636 13171  8973   373  4604 11617 56932 12703
 12379  6252 25317 34777  4185  1925 14198  4472 39278 56934  1925  7581
 16130 13171  8965 56935 56932  4472  7171 11211    68  5523  8540  2738
 12135  5226 11120  7038  2358  5226   425 12596  4472 11419 56931 56945
 56945 56945]
10 [14914  1004 12764  7175  8192 14915 22924  1233 10261 56946  4855 11149
  2199  4125  6917  3958  4472  9537 11661 56946 56932  5534 14442 21590
  6151 53738  5224 12051  4472  2890  1926  5226  5224 11211  6226  4125
  1076 56932  8871 11120 46124 56931 56945 56945 56945 56945 56945 56945
 56945 56945]
10 [12297 12297 12297 11149 11117 14190  6151 13691 11211  8734  2317 14483
 56937 56945 56945 56945 56945 56945 56945 56945 56945 56945 56945 56945
 56945 56945 56945 56945 56945 56945 56945 56945 56945 56945 56945 56945
 56945 56945 56945 56945 56945 56945 56945 56945 56945 56945 56945 56945
 56945 56945]
4 [56934 12764  5191 11981  6205 14260  5804  6381 25724 12672  4643 56935
 56931 56945 56945 56945 56945 56945 56945 56945 56945 56945 56945 56945
 56945 56945 56945 56945 56945 56945 56945 56945 56945 56945 56945 56945
 56945 56945 56945 56945 56945 56945 56945 56945 56945 56945 56945 56945
 56945 56945]
8 [ 4151 56946  4472  1231  7132 56932 13822 10444  8993  1925  4323  7956
  5804 48344 11211 56932  7868 19746  4562  8822 56932  5597 32116 10291
  6495 45092 56932 12353   494 56932  4161  5226  5804 11884  8445  4472
 11120  4722   630 56932 11117 56946 13396 11120 16530  2284  4472 11120
 28464 56932]
