17 [ 5226 15805  1240  5050  5224 14600  4472 12336 38839  4472 15232  4562
 14113 10621   658 12297 11211  4563  7660 13822  4173 20924  5226 11120
 10947  4472  5804 16452 56931 56945 56945 56945 56945 56945 56945 56945
 56945 56945 56945 56945 56945 56945 56945 56945 56945 56945 56945 56945
 56945 56945]
2 [11120 14753 56946  9761 13396 11120  1527  2106 10621   676  4151  7374
 51512 10291 42557  8493  7182  2833 56932  6205 13371 11216  4151  9876
 11211  1831 11120 13902 10067 14679 56931 56945 56945 56945 56945 56945
 56945 56945 56945 56945 56945 56945 56945 56945 56945 56945 56945 56945
 56945 56945]
12 [14694  4472  5804  6361 11211  1240   746  5951  6151   424 10103  9551
  2337  4562  5224 15311   948 56931 56945 56945 56945 56945 56945 56945
 56945 56945 56945 56945 56945 56945 56945 56945 56945 56945 56945 56945
 56945 56945 56945 56945 56945 56945 56945 56945 56945 56945 56945 56945
 56945 56945]
4 [ 2890  8778  5226  1335  1121 13229 10291  5224  2445 56931 56945 56945
 56945 56945 56945 56945 56945 56945 56945 56945 56945 56945 56945 56945
 56945 56945 56945 56945 56945 56945 56945 56945 56945 56945 56945 56945
 56945 56945 56945 56945 56945 56945 56945 56945 56945 56945 56945 56945
 56945 56945]
3 [ 1793 56932  1240 12397  8373  5057  4472 10601 10291 12899 10621  2890
  1268 13257 11211  7753  5226  8493  9476  5804  4102 15094  5226  5224
  9155  4472  2805  4597 56931 56945 56945 56945 56945 56945 56945 56945
 56945 56945 56945 56945 56945 56945 56945 56945 56945 56945 56945 56945
 56945 56945]
7 [ 5224 14399  3245  6913 11211  5804  3911 42341  2890  7661  4472 14792
  4472 56942 17235  8100 56934 56942  5895 56935 10621  2890 56946  3196
  4472 56942 17235  8100 56934   683 56942  5895 56935 13396 10267  5039
  4472 56946 56931 56945 56945 56945 56945 56945 56945 56945 56945 56945
 56945 56945]
3 [56940  6226   428 12135 10067   653 56931  1240 11606  2158  1925  9080
  5217  5804  6998 10621 12764  5226  5804  1789  4472  6480 56940 56932
 15201  5224 13488  9823 10067  5076 56932 11211   311 11211 11120 14623
  4308 12764  5240  4518  8819 13396  4151 10191  6151  7198  4472  5804
  2447 11211]
7 [ 2905 56932  6489 56932 13673 10621  2383  5377 13396 14001  5224  7478
  8661 56931 56945 56945 56945 56945 56945 56945 56945 56945 56945 56945
 56945 56945 56945 56945 56945 56945 56945 56945 56945 56945 56945 56945
 56945 56945 56945 56945 56945 56945 56945 56945 56945 56945 56945 56945
 56945 56945]
5 [ 5804   404 11845 10621  7991  1149  4472  5115  5224  8485 11554 56931
 56945 56945 56945 56945 56945 56945 56945 56945 56945 56945 56945 56945
 56945 56945 56945 56945 56945 56945 56945 56945 56945 56945 56945 56945
 56945 56945 56945 56945 56945 56945 56945 56945 56945 56945 56945 56945
 56945 56945]
9 [ 1925  8871 56932 13280  2890  2689 56932  5804 12357  9246  5226 11120
 12673  5404 56931 56945 56945 56945 56945 56945 56945 56945 56945 56945
 56945 56945 56945 56945 56945 56945 56945 56945 56945 56945 56945 56945
 56945 56945 56945 56945 56945 56945 56945 56945 56945 56945 56945 56945
 56945 56945]
5 [ 5224  4760 12572 11211  2464  7780   497  4151  2171  5613 10621  1240
  9028 11211 56946  8493  4333  5226  9888 56931 56945 56945 56945 56945
 56945 56945 56945 56945 56945 56945 56945 56945 56945 56945 56945 56945
 56945 56945 56945 56945 56945 56945 56945 56945 56945 56945 56945 56945
 56945 56945]
12 [ 5224  4760 12572 11211  2464  7780   497  4151  2171  5613 10621  1240
  9028 11211 56946  8493  4333  5226  9888 56931 56945 56945 56945 56945
 56945 56945 56945 56945 56945 56945 56945 56945 56945 56945 56945 56945
 56945 56945 56945 56945 56945 56945 56945 56945 56945 56945 56945 56945
 56945 56945]
10 [ 1368  8150 11606  5407 14297 13371  5534  5804 14272 12764  4852 12610
 10621  5224 15879  4472 11120  9084  8946 18185 56931 56945 56945 56945
 56945 56945 56945 56945 56945 56945 56945 56945 56945 56945 56945 56945
 56945 56945 56945 56945 56945 56945 56945 56945 56945 56945 56945 56945
 56945 56945]
18 [ 1368  8150 11606  5407 14297 13371  5534  5804 14272 12764  4852 12610
 10621  5224 15879  4472 11120  9084  8946 18185 56931 56945 56945 56945
 56945 56945 56945 56945 56945 56945 56945 56945 56945 56945 56945 56945
 56945 56945 56945 56945 56945 56945 56945 56945 56945 56945 56945 56945
 56945 56945]
3 [ 5224 14358   264 46602 14914 11311 56932 11211  7780 19760  5226  2890
  8836  4472 23905 56932 44929 56932 14931 11211 11120  7384   418  9312
   424 27363 56931 56945 56945 56945 56945 56945 56945 56945 56945 56945
 56945 56945 56945 56945 56945 56945 56945 56945 56945 56945 56945 56945
 56945 56945]
11 [56936 11149  4026  5804 10856 56946 56932  1233  5804  1332 32722 19456
  6151 11120 12673 12843 11211 13822  4883 11211 12764  1240 36913  4472
 16068 56937 56931 56945 56945 56945 56945 56945 56945 56945 56945 56945
 56945 56945 56945 56945 56945 56945 56945 56945 56945 56945 56945 56945
 56945 56945]
16 [12889  5011 13083  8155 11211 14811 11223  5224 13893 13371  8493  2731
 56932  5224 13496 28675  7334  2890 13305  3269  5226  5488 32534 56931
 56945 56945 56945 56945 56945 56945 56945 56945 56945 56945 56945 56945
 56945 56945 56945 56945 56945 56945 56945 56945 56945 56945 56945 56945
 56945 56945]
1 [12764 46820  5226 11120   694  4472 56946  9792 15692  6151  1231 12536
 56932  5226 11120 11211  5224 11697  7423  9243  1240 49178 13371  2890
  4154  2904 10621 45317 56932 11372  7053  6151  5804  5052 23532  4472
 11120 14623 10067 11783  4569 56932  6437  5226 10512 56931 56945 56945
 56945 56945]
14 [13095 56946 56932  3608 10067 56946 56932  1630 11211  5804   453  9135
 10067 12638 11526  6416  7460 10291 56940 13791  2826  6403 56940 56932
 10621 11526  2529  8155  4562 10365 10621  4322 56932 56946 10621 16135
  9636  8008 56932 12672 11211    85  2729  5226  3396  4562 11120  2824
  3046 56931]
13 [ 7023  4472 56942  3985 10621 10025  6928  1046  4472  2496  1317 10621
  1551  4779  7914 13396 11120  2496  4472  5804 14101 10621  1925 11554
  9046  5224  5104  4472  5804  7345 10291 11211  9658 26622  4472 13822
  1919 11750 56932 13371  4151  2983  6535  7923 18776 13396  1231 11950
  5972 56931]
17 [ 4151 16036  4472 29702 56932  7971 10621  9012 26456 56934 11120 11093
  5226 17051 11120  8200 56935 13471 11673 13450 56931 56945 56945 56945
 56945 56945 56945 56945 56945 56945 56945 56945 56945 56945 56945 56945
 56945 56945 56945 56945 56945 56945 56945 56945 56945 56945 56945 56945
 56945 56945]
3 [11120 10241  4037 16169 56931 56945 56945 56945 56945 56945 56945 56945
 56945 56945 56945 56945 56945 56945 56945 56945 56945 56945 56945 56945
 56945 56945 56945 56945 56945 56945 56945 56945 56945 56945 56945 56945
 56945 56945 56945 56945 56945 56945 56945 56945 56945 56945 56945 56945
 56945 56945]
3 [11120 13133 11120  2752  3421 56946 56931 56945 56945 56945 56945 56945
 56945 56945 56945 56945 56945 56945 56945 56945 56945 56945 56945 56945
 56945 56945 56945 56945 56945 56945 56945 56945 56945 56945 56945 56945
 56945 56945 56945 56945 56945 56945 56945 56945 56945 56945 56945 56945
 56945 56945]
27 [13396   428  1240 11117 11204  5217  2551  8493 11851  9500 11211 12764
 10405  6151 10700 12821  8871 18808  5226  5224 14408 15164 56932 13396
   428  1240 11117  4275 11211 14931  5115  1231  9168  4472  7581 25662
 10621 26646 56946 11120  1903  6151  1231 12867 56946 56931 56945 56945
 56945 56945]
4 [ 5224 13723  6059  2944 10268 10067 56942  1925 56942  4472  8289  4185
  5226  5224  3086  4472  1324 56931 56945 56945 56945 56945 56945 56945
 56945 56945 56945 56945 56945 56945 56945 56945 56945 56945 56945 56945
 56945 56945 56945 56945 56945 56945 56945 56945 56945 56945 56945 56945
 56945 56945]
1 [50191 56946  1925  6542 15884  5212 56931 56945 56945 56945 56945 56945
 56945 56945 56945 56945 56945 56945 56945 56945 56945 56945 56945 56945
 56945 56945 56945 56945 56945 56945 56945 56945 56945 56945 56945 56945
 56945 56945 56945 56945 56945 56945 56945 56945 56945 56945 56945 56945
 56945 56945]
12 [ 5224 56940 21472 56940  4472 56946  5240 13171  9918 12543  1233  1240
  7494  5226 14662 11211 13554 12342 13371 56946   746 20646 11211 56932
  1233 15608  5224 10778 56932 56946  5804  7197  3073  4256  4472  5804
 11211 26928  2934  6862 10590 12735 11120 10767  5432 10067  6319 10621
  6802 11120]
20 [ 5224 56940 21472 56940  4472 56946  5240 13171  9918 12543  1233  1240
  7494  5226 14662 11211 13554 12342 13371 56946   746 20646 11211 56932
  1233 15608  5224 10778 56932 56946  5804  7197  3073  4256  4472  5804
 11211 26928  2934  6862 10590 12735 11120 10767  5432 10067  6319 10621
  6802 11120]
43 [11120 11464  6695  4472  2119  4472  4957 12297 12297  4562 14759  6151
 11120  6543 56946 10621  4559  2890 56946 12297 12297 10621  5224  6952
  4472 11120 10366 10067  5053 56946 56946 12297 12297 56946  4472 11120
  4351 10621 10674 56946 56946 12297 12297 56946  2890  6412  3047 12672
  5538 13396]
7 [56940  5224  8716 10067  8254  4472 14653  2307  5804  4236 56932  2940
  6151  2259 12732  4472   392 10621 11910  6151 11120 12643  4472  8219
  4472  5566 11211 56946  6786   692  1357 10621  7176 11120 16469 10067
  7973 56940 56932 12828 56946 56931 56945 56945 56945 56945 56945 56945
 56945 56945]
3 [ 4151  6505 13700   939  6151 14505 13817 56932 15287 56932 15083  4472
  8493 14559 11791 56932 14260 11120  2976  5240   985  4332  4472 11120
  1274  4472  9424  4472  5259  6151 12379  5452 56932    20 11211 15417
 56932  3585 11120   226  9243 56931 56945 56945 56945 56945 56945 56945
 56945 56945]
10 [ 5240  1130 11211 13698 56932  5822 56932  8468   848 56946 12730 13767
  1711 10291  5407  4955  5226  5224  1926 56931 56945 56945 56945 56945
 56945 56945 56945 56945 56945 56945 56945 56945 56945 56945 56945 56945
 56945 56945 56945 56945 56945 56945 56945 56945 56945 56945 56945 56945
 56945 56945]
3 [12889 12764 12937 15188  5224 12675 14198  4472 13838  4472 15459 56932
  5224  9587 11211   582  2529  6151 15254  4472  4550  5224  7249 56946
 10291 56946 56931 56945 56945 56945 56945 56945 56945 56945 56945 56945
 56945 56945 56945 56945 56945 56945 56945 56945 56945 56945 56945 56945
 56945 56945]
12 [12764  5240 14555 11211  2890 13723  4472  6415  2469  4562 14352  9630
  1037  8493 14693 11625  4472 12040 13845  6151 13478  5804 15244 56931
 56945 56945 56945 56945 56945 56945 56945 56945 56945 56945 56945 56945
 56945 56945 56945 56945 56945 56945 56945 56945 56945 56945 56945 56945
 56945 56945]
6 [ 5224  4492 10067  4750 12764 11117  2277 56931 56945 56945 56945 56945
 56945 56945 56945 56945 56945 56945 56945 56945 56945 56945 56945 56945
 56945 56945 56945 56945 56945 56945 56945 56945 56945 56945 56945 56945
 56945 56945 56945 56945 56945 56945 56945 56945 56945 56945 56945 56945
 56945 56945]
2 [ 5224 14802 56946 56931 15938 56945 56945 56945 56945 56945 56945 56945
 56945 56945 56945 56945 56945 56945 56945 56945 56945 56945 56945 56945
 56945 56945 56945 56945 56945 56945 56945 56945 56945 56945 56945 56945
 56945 56945 56945 56945 56945 56945 56945 56945 56945 56945 56945 56945
 56945 56945]
12 [ 5224 14012  4264 56946 10621  5224  2944  3913 10537 56932  4938 12948
  9538  5226 13732  1231 11093  1855 56932 14139  8050 56932 11211  1240
   262  5224  4522 56932  8420 11211   425 12935 11211   746  1602 10621
 13342  1925 13151  5240 56940  8493  3841 56940 56931 56945 56945 56945
 56945 56945]
15 [11120  6574  4472 13444  4472  5804  2594  1240  3747  5224 11255  4522
  5226  3108 10621   373  1722 11120  6945  4472 25742 56932 12904 56932
 24165  3752 10621 13983  6338 56931 56945 56945 56945 56945 56945 56945
 56945 56945 56945 56945 56945 56945 56945 56945 56945 56945 56945 56945
 56945 56945]
2 [11120 12613  7434  5226 13732  5224  4291  6151  1231  2222  1975 56931
 56945 56945 56945 56945 56945 56945 56945 56945 56945 56945 56945 56945
 56945 56945 56945 56945 56945 56945 56945 56945 56945 56945 56945 56945
 56945 56945 56945 56945 56945 56945 56945 56945 56945 56945 56945 56945
 56945 56945]
2 [ 5224  1611  5187 12135  4472  8493 14988  4472  6731  1714 11211 13043
  1252  6644  7246   425  1578 56931 56945 56945 56945 56945 56945 56945
 56945 56945 56945 56945 56945 56945 56945 56945 56945 56945 56945 56945
 56945 56945 56945 56945 56945 56945 56945 56945 56945 56945 56945 56945
 56945 56945]
1 [12015 13126 15223 11211 56946 56932 12889  6151  2814 12764 15145  5179
 15600 10954 14750 24949 56931 56945 56945 56945 56945 56945 56945 56945
 56945 56945 56945 56945 56945 56945 56945 56945 56945 56945 56945 56945
 56945 56945 56945 56945 56945 56945 56945 56945 56945 56945 56945 56945
 56945 56945]
8 [12297 12297  1168 11122   753  2861 56936 11117 42040  4151   514 56946
 10067 13398 56937 12297 12297 56931 56945 56945 56945 56945 56945 56945
 56945 56945 56945 56945 56945 56945 56945 56945 56945 56945 56945 56945
 56945 56945 56945 56945 56945 56945 56945 56945 56945 56945 56945 56945
 56945 56945]
38 [ 4151  3388  6653 11211   746  6154  2890  4188 13857 10067  9283  4472
 13988 56932 15058  1925  2689 56942 56932   746  8192 17870 56932  5548
 10621  4487 56932 12889  4151  3388  3828   753  2890  4188  9283  4472
 13988  7849   865  2668 10621  9192 56931 56945 56945 56945 56945 56945
 56945 56945]
13 [ 5224 12835 10067  6171  4472 10799 56932 11211  1765 11120 11093  1239
 56932   334 11120  7207 10621 13675  1925  2570  5226  5224  8288  2528
 56931 56945 56945 56945 56945 56945 56945 56945 56945 56945 56945 56945
 56945 56945 56945 56945 56945 56945 56945 56945 56945 56945 56945 56945
 56945 56945]
7 [ 5224 12944  4472 15394 56942  7587  8493 11499 11211 11120   694  1240
  8057  4562 11120  2496  4472 11211 12764 56946  6151 13290 10621 56940
  4562  6221 11120 56946 10067  1926 56940 56931 56945 56945 56945 56945
 56945 56945 56945 56945 56945 56945 56945 56945 56945 56945 56945 56945
 56945 56945]
26 [14931 11744 56932 23247  8159 11211 56940  5804   453 16747  4472  3432
 56932  8216 13371  5224 56946 56932  4151  3713 21267   848  4151  3713
 21426  5989 56946  5226  5224  1702 12482  5224 10107  3432  4472 11120
  6670 56932   907  6151 11211  1240 12015  2488 11211  5240  8493 24058
 56940 56931]
10 [ 1240  2616 11211 11120  5908   635  3231  5226 11631  3426  6790  5226
 56942  6151 56942 11804  4472  5895 56932  4472 14399  4562  4151 12314
 56946 10067 12754   653  8984 56931 56945 56945 56945 56945 56945 56945
 56945 56945 56945 56945 56945 56945 56945 56945 56945 56945 56945 56945
 56945 56945]
1 [ 1352 52858 10291 56942  8493 10366  4472 13171  4472 56942 11804  4472
 56946  4472 56942  6468 56932  4472  4151 11211    65 21572 22519 56942
 11804 56931 56945 56945 56945 56945 56945 56945 56945 56945 56945 56945
 56945 56945 56945 56945 56945 56945 56945 56945 56945 56945 56945 56945
 56945 56945]
3 [20116 12764 11120 56946  5226  5224  1926 56932  9000 28044 11211  6151
  1231 32260 56932 13916  3727 56932 56940 12171 11117  8734  8493 15019
 56940 56932  1233  4518 36517 11120  5793 15949  6151 11211 56940   425
  8368  7027 56946 56940 56946 56931 56945 56945 56945 56945 56945 56945
 56945 56945]
6 [56940 11120 10244   848 11120 56946 22540  2890  2642 10621 13290  1240
  8902 14662 56940 56932  1040 56946 12297  5234   870 10067 24475  7143
 10621  5224 32128 18725 12297 13386 56932  1793 56932   668 11211  5226
  1936  1396 48794  4562 11120 14754 10067  7143 56931 56945 56945 56945
 56945 56945]
13 [38526 13530 11984 56942 13349 10621 14560 16163 56932  5224   997 16899
  1706  5886  4562 56942   372 56932  8630 11211 25377 56946 20426 14560
  5681  2396  4472  5804 27613 10621 11581 23175  7623  1231  7811  8600
  4472 56942  1637 56931 56945 56945 56945 56945 56945 56945 56945 56945
 56945 56945]
31 [ 5224 14357  5373  4472 13593 56932  5513   580 56932 11499  6151 14196
 11211  1490  1958  8467 56940  1240 56946 20848 10621  1240 26518 11120
  4670 11211 28018 56940 56932 12889 56932 14840 56932  1231 11840 56940
  6950  7494   217 11120 10643  1893 56932  2187 10621   250  4562  8468
 56940 56931]
2 [ 5224   653  8885 10291  8593  8493  7361  3565 12937  4151  8599  9391
 13396  5804  2168 10291  9233  6151  4151 14633  6151 12435  5224  5139
  4472 13327  1925  2792 11485  5226 11120 13476 56932  6862  4115  6151
  5804  4908  4472  5804 13043  7560  6151 14040  5224  4152  5226 13822
 11985 15126]
5 [ 5224 12500  3189 11211   101  9840  4448  8849 10916  5226  1004  4472
  8493   545  1085  4562 29944 56932   848  6115  5947  4087  4562  5804
  4679  4472   545 10291 14040  6151 11120 13476  5226 11120 10280 56931
 56945 56945 56945 56945 56945 56945 56945 56945 56945 56945 56945 56945
 56945 56945]
8 [11120 11009  4472 11120 11259  1578 10067  4107 10507 13396  2890  4177
  4472  7976 10621 13396   683  5770 12764 27910 56933 10539 10621 56946
   865  8373  5929 56931 56945 56945 56945 56945 56945 56945 56945 56945
 56945 56945 56945 56945 56945 56945 56945 56945 56945 56945 56945 56945
 56945 56945]
32 [ 5224 14906 10067  3297  4472   424  2689 56932 11211 56940  7780  8192
  2166 13396  4151 12541 11211 13478  3700 10067 13857  4472 11955 10067
 13773 10621 11120  6500 10067  2693 56932  5207  3645  6151 14040 56932
 12764  2451 56932  5226  2890 14347  4322  5226 11120 14662  4472  5286
 56940 56932]
11 [ 1233  5224 13365 56932 11211  6226 11122 56946 56932 12764 11117  6984
 11211  8606  5115  1231 56946 44527 11697 56932 56946  5487 56946 56931
 56945 56945 56945 56945 56945 56945 56945 56945 56945 56945 56945 56945
 56945 56945 56945 56945 56945 56945 56945 56945 56945 56945 56945 56945
 56945 56945]
1 [11120  2752 56946 56932   821  4472  5436 21827 56932 10621 56946 56932
  2890 13242 22942  5226 11120  3334 10067  1794 11211  7780  4147   424
  2689 10067 44834 56931 56945 56945 56945 56945 56945 56945 56945 56945
 56945 56945 56945 56945 56945 56945 56945 56945 56945 56945 56945 56945
 56945 56945]
11 [ 9000  8373  4472  5804   420 14058 13847  4472 11872 11120  5329  7936
  6151  5489 56932 56942   357 10067  1673 55412 56932 12835  7956  5224
 36490 10067 14139 44238 16844  4472  4151  4961 56934 16465 56935 56931
 56945 56945 56945 56945 56945 56945 56945 56945 56945 56945 56945 56945
 56945 56945]
24 [ 5224 10778  4472  5804  4976 56932 11120 13362 56932 49245 14203 10621
  4670 10291  8959  4472 11765  4161  5224  7261  8057 11211  1231  5329
  8291 11120  7811  4472 11122 11211  1240  4868 10067  2689 56942 10621
 12407  3058  4472 14234 15083 11211  1240 49077  8448  4472 56942  7961
 56931 56945]
1 [11062  3655  1793 11211 10291 11211 11120 13902  5856  9338  5240 10493
 11211  5804  2133  5855  8493  4212 10611 11120 12031 10621 11120  3806
 56932  6197 11211  4151  2786 14820 10291  2890  6319 12764  8540 14865
  4472  2826 11448 56931 56945 56945 56945 56945 56945 56945 56945 56945
 56945 56945]
6 [56940  5224  1403 10621  5224  2797  2517 11293  5226 15154  2890 10732
  4472  8165  1317  5226  5224 11211  1240 12730  5226 14662  4151 13910
 10067 14679 15227 56940 56932    11  5224  7580  4472 11120  2894 56931
 56945 56945 56945 56945 56945 56945 56945 56945 56945 56945 56945 56945
 56945 56945]
4 [ 5224 27629  4472 14621 18429 13396 14662  4472 14524 27091 56932  6151
  5804 56942 10013 56931 56945 56945 56945 56945 56945 56945 56945 56945
 56945 56945 56945 56945 56945 56945 56945 56945 56945 56945 56945 56945
 56945 56945 56945 56945 56945 56945 56945 56945 56945 56945 56945 56945
 56945 56945]
18 [56940  4151 22310 11526  9046 11120 14964  1135  4472  5804 13272   881
  5226  5224  1926 56932 10621 12764 39706  8849 11211  9658 56034  5804
  2826  1317 56940 56932  3120  9992 56931 56945 56945 56945 56945 56945
 56945 56945 56945 56945 56945 56945 56945 56945 56945 56945 56945 56945
 56945 56945]
28 [56940  4151 22310 11526  9046 11120 14964  1135  4472  5804 13272   881
  5226  5224  1926 56932 10621 12764 39706  8849 11211  9658 56034  5804
  2826  1317 56940 56932  3120  9992 56931 56945 56945 56945 56945 56945
 56945 56945 56945 56945 56945 56945 56945 56945 56945 56945 56945 56945
 56945 56945]
1 [13707 14747  1231   445  5226  1335 56931 56945 56945 56945 56945 56945
 56945 56945 56945 56945 56945 56945 56945 56945 56945 56945 56945 56945
 56945 56945 56945 56945 56945 56945 56945 56945 56945 56945 56945 56945
 56945 56945 56945 56945 56945 56945 56945 56945 56945 56945 56945 56945
 56945 56945]
9 [ 5224  1782  6128 11499 11211   424  4020 13527  1240 15456  5226  2890
  3719  5226  5224 11211  6846 56940 56946  1925 14124 56940 10621 56940
 10069  1925  5328  4472  4151 10191 56940 56932 11122  7082 56932  6299
 56932 56940  5240  6779  1233  4151  3765  1240  8619 13371  1240   582
 56932  9000]
4 [56946 14641 11211 56940  5240 13406 11148 16718  6151  3572  1233 12764
   865 12195  4472  1000 11211 11120  8728  1870  1925  1387 56940 10621
  1603 11211 56940  1233  4801 11211  4562 15581   848  3136 15590  6151
 11293  1925  5328  6151  1231  7057 56932  1944  5224 11554 56932 11674
 12764  3645]
8 [56940  9000  4151 13229 10067 14124 12764  4151 11901 14694  5226   424
  6319 56932 10621  4151 13229 12764  1240  8540   929 56940 56931 56945
 56945 56945 56945 56945 56945 56945 56945 56945 56945 56945 56945 56945
 56945 56945 56945 56945 56945 56945 56945 56945 56945 56945 56945 56945
 56945 56945]
21 [11120  9745 12764 10272  5224 14906  4472 11120 14397  5226  9042 19164
 56932  9000  5224   413 56940  4676  7741  4784 56940 32736 56940  8373
  6118 56946  4562 11120 13450 56940 11211 14235 11211 11120 13107  1240
  8209  6151 13011  4472 12921  5226 11673  9212 56931 56945 56945 56945
 56945 56945]
4 [11120  1971 10067 56946  5835 56932 13396    13  5689 56932 11120 13622
  4472  1231  9541  4472  8678  6151  5804  1551 10621 11120 13174  5226
 15623  5769  4472 11120   445 10471  4472  1231 11668 12031 10291  4151
  4290  6151 11120  9832  4472 10110 10621  5082  6221   207  1925 15058
 56931 56945]
8 [ 3863  5831  8650  5226 14842 10621  1231  3852 47888  4472 10768  6151
 11120 14623 10067   940 56931 56945 56945 56945 56945 56945 56945 56945
 56945 56945 56945 56945 56945 56945 56945 56945 56945 56945 56945 56945
 56945 56945 56945 56945 56945 56945 56945 56945 56945 56945 56945 56945
 56945 56945]
10 [34775  5226  5224  1229 47528 12297 12297 11120  7415 15106 30496 56942
 11804  4472  5699  6151  5804 14931 12771  5224  6260  2689 12297 12297
 56932 56946  4562  2890  6400 11211 56946  9209 11601 10291  1712 11120
 13916  6151  5804 11211  6197 12764  1340  3260 56931 56945 56945 56945
 56945 56945]
31 [14190 11122 13171  9329 11211  5224  1782  4472 11120  3474 10643  4472
   653 56932 11211   373  1925 13344  4472  2890 13723  4472 56942  1416
 56946 10621  4562 11401  4472  9761 56932  5856 10785  5226 11120 12759
  1976 56932 11211  5240  3828  1240  1340 11211 11872  4151 11159 12230
 56931 56945]
4 [ 8493  8791   374 11120 16793  6197 13280   683  5137 56932 11120 17797
  5793  4443 13396  5224 13487   870 10067  5806 56932  5224 13064 56946
  9628 56932 13344  6151 11120 12185  4472  8265 17024  5226  5224 53941
 56931 56945 56945 56945 56945 56945 56945 56945 56945 56945 56945 56945
 56945 56945]
5 [ 8630 11211  5224  3461 56942  6974 11211   865 56946  4151 11601 56946
 10621 56932 10611 11646 56932  5224  1951   951   425  9168  6151  4151
  5836  2861  4151 11211 56940 15083  4472 28553  3317 11120  6805  4472
  2890   837 56940 56933 56940  4151   849 10937 56940 56933 56940  4151
 11211 56932]
18 [10621 12764  1240  7709 14857 11211  4563  3380 11120  1147  4472  5804
  7345  4472 13732 56932  5534  6950  9490 56942  8155 56943 56945 56945
 56945 56945 56945 56945 56945 56945 56945 56945 56945 56945 56945 56945
 56945 56945 56945 56945 56945 56945 56945 56945 56945 56945 56945 56945
 56945 56945]
2 [11120 18724 15878  4562 13160 11211  8619  6839 16145 12494 10621  2820
 43125 10067  6319 56931 56945 56945 56945 56945 56945 56945 56945 56945
 56945 56945 56945 56945 56945 56945 56945 56945 56945 56945 56945 56945
 56945 56945 56945 56945 56945 56945 56945 56945 56945 56945 56945 56945
 56945 56945]
1 [  683  5597  1169 56931 15938 56945 56945 56945 56945 56945 56945 56945
 56945 56945 56945 56945 56945 56945 56945 56945 56945 56945 56945 56945
 56945 56945 56945 56945 56945 56945 56945 56945 56945 56945 56945 56945
 56945 56945 56945 56945 56945 56945 56945 56945 56945 56945 56945 56945
 56945 56945]
2 [11120  1994  8885  5226 14842  2890 56946 13171  4472 56946 56932  4562
 15058  1925 12675  7977 10067 56942 56931 56945 56945 56945 56945 56945
 56945 56945 56945 56945 56945 56945 56945 56945 56945 56945 56945 56945
 56945 56945 56945 56945 56945 56945 56945 56945 56945 56945 56945 56945
 56945 56945]
10 [ 5224  8979  4472  5804  4826  4271 11211 14914  1004 56946 16160 10534
 14329  6862  5848  5606 11211 10267   623 15145  5224 12547 56931 56945
 56945 56945 56945 56945 56945 56945 56945 56945 56945 56945 56945 56945
 56945 56945 56945 56945 56945 56945 56945 56945 56945 56945 56945 56945
 56945 56945]
15 [ 5224  2471  4472 11120 15284  1106   730 56932  1793 56932 11211   425
 11124  6197  1240 11634  5226  4151    21  4472  1339 56932 16997 56932
 44190 56932 44843 56932 56946 10621 13624  1240 37953  5226 10222 56931
 56945 56945 56945 56945 56945 56945 56945 56945 56945 56945 56945 56945
 56945 56945]
3 [ 1723 10621   140  4098  5226 11966  3213 56940 12161  4472  7903 56940
  1925 15316  4472  7891  4472 11120  3046  4472 56942 56931 56945 56945
 56945 56945 56945 56945 56945 56945 56945 56945 56945 56945 56945 56945
 56945 56945 56945 56945 56945 56945 56945 56945 56945 56945 56945 56945
 56945 56945]
7 [ 1233  1723   848   140 56946 13822 12161 51719 11120 12867  4472  5072
 11211 13749  6533 11120  1770  4472 11120  3046 56931 56945 56945 56945
 56945 56945 56945 56945 56945 56945 56945 56945 56945 56945 56945 56945
 56945 56945 56945 56945 56945 56945 56945 56945 56945 56945 56945 56945
 56945 56945]
1 [ 1240 56946  2440 10420  2370 56946 56946 13507  9722 56932 23005  4472
  7099  4472 56946 10291  5224 22503  4472 20676 10621 10291 13386 11120
  5887 56946  9490   880  7381  5137  4472  4123 56932 10621  2370 16198
 56946 56932 56940 56946 56940 56932 18018  6515  4472  5804 10798  2772
 56934 12764]
17 [11120 13269  4472 56946 10067  6550    85 13171  8493   661  4472 26748
 11211    19  4992 10621  1240 14662  4562  1231 14115  5224  3786  5226
  5224 12908   797  6212 56931 56945 56945 56945 56945 56945 56945 56945
 56945 56945 56945 56945 56945 56945 56945 56945 56945 56945 56945 56945
 56945 56945]
2 [11120  8150 27452  3204 12297 12297 10621  5804 37256 12297 12297 13396
 56946 12407  9209 11211  6197 23952 13835 26652 56932 15404 56932  3434
 56931 56945 56945 56945 56945 56945 56945 56945 56945 56945 56945 56945
 56945 56945 56945 56945 56945 56945 56945 56945 56945 56945 56945 56945
 56945 56945]
7 [14190 13371  8485  3904 11211 11120  2894 15137  6151  6416  2890  1673
  6151 13478  5804 11211  7439 13371 14883 56932  9000 11211 12764  1240
  7176 11224 10291 56946  4472  5187 11531 56932 41670  6862 44495  5226
 13478  5804 10700 56931 56945 56945 56945 56945 56945 56945 56945 56945
 56945 56945]
4 [ 6205 56932 11120  8129 10923  1933 13396 11120 10767 41184  4472  5804
  5574 10621 51188 11120 36731 36212 10291  1607  5224 12168 56932  9000
  1925  7261 10067  9541 12764  8068  5804 22046  4472  1306 11211  1776
  5226  2911  2848 56931 56945 56945 56945 56945 56945 56945 56945 56945
 56945 56945]
3 [11120 14774 10347 47555  6151 11120 15948 13396  5224  4467 56946  4472
  2551 10621 14378  8155   746 27790 15350  4472 11211 12672  1450    44
 56931 56945 56945 56945 56945 56945 56945 56945 56945 56945 56945 56945
 56945 56945 56945 56945 56945 56945 56945 56945 56945 56945 56945 56945
 56945 56945]
2 [11905 11719  6485 11211 56940 55128  5240 13466 56933  8075 56932 12764
 13554 56940 56931 56945 56945 56945 56945 56945 56945 56945 56945 56945
 56945 56945 56945 56945 56945 56945 56945 56945 56945 56945 56945 56945
 56945 56945 56945 56945 56945 56945 56945 56945 56945 56945 56945 56945
 56945 56945]
26 [11120 11495  7956 11120 14720 12348  5226  1725   509 56932 11211  5217
   995  6260  6082  5224  5234  8699 10621 10997  4472 11120  9584  8036
 10172 56932  7780 42491 11120  7626 12031  5226   424  6319  3810 56931
 56945 56945 56945 56945 56945 56945 56945 56945 56945 56945 56945 56945
 56945 56945]
4 [ 5224 13488  4472   445  3159   848   582 12002 11211  5240  9774  9678
 11120  1329  4472 13822  2109 56931 56945 56945 56945 56945 56945 56945
 56945 56945 56945 56945 56945 56945 56945 56945 56945 56945 56945 56945
 56945 56945 56945 56945 56945 56945 56945 56945 56945 56945 56945 56945
 56945 56945]
2 [ 5804 10319 30323 18667 20615  5224  1926  4472 11120  2858 10621  5224
 10067   653 56931 56945 56945 56945 56945 56945 56945 56945 56945 56945
 56945 56945 56945 56945 56945 56945 56945 56945 56945 56945 56945 56945
 56945 56945 56945 56945 56945 56945 56945 56945 56945 56945 56945 56945
 56945 56945]
18 [ 5240  9918 11211  5224 10454  4868 14066 56932  9000 56936  5217  3286
  6226 11122 11211  5207  7731  1240  7709  9997  4562  8219 17666 56937
 56931 56945 56945 56945 56945 56945 56945 56945 56945 56945 56945 56945
 56945 56945 56945 56945 56945 56945 56945 56945 56945 56945 56945 56945
 56945 56945]
4 [11120  1147  4472  5525 11634  5224  6260  4561 56931 56945 56945 56945
 56945 56945 56945 56945 56945 56945 56945 56945 56945 56945 56945 56945
 56945 56945 56945 56945 56945 56945 56945 56945 56945 56945 56945 56945
 56945 56945 56945 56945 56945 56945 56945 56945 56945 56945 56945 56945
 56945 56945]
6 [15394 17005  3245 11211 11120  9868 34727 56946 10067  3472 56934  4472
  5272  6151 11120 10773 56935 56932 11122 11211 13334  4151  9056  8550
 56931 56945 56945 56945 56945 56945 56945 56945 56945 56945 56945 56945
 56945 56945 56945 56945 56945 56945 56945 56945 56945 56945 56945 56945
 56945 56945]
16 [13780  9054  2890 13857  4472 11120  2749  4472 11120 11786  4472  8444
 56942  6151   661 11211  8714  5224  9283  4472 14702 13371  4482 13970
  8271  4562  1892  6151 10355 13849  4472 12596  5500 56932  3416  4151
  6118 56931 56945 56945 56945 56945 56945 56945 56945 56945 56945 56945
 56945 56945]
2 [ 5224  5276 56940 29075 56940  1925 56946  6151  6362  8493 56940 12643
  7978  4472  3432 56932  6151 12819  6151  5804 23431  6361 11211  1240
 11117 56946 10621  6151 12766 56946 56940 56931 56945 56945 56945 56945
 56945 56945 56945 56945 56945 56945 56945 56945 56945 56945 56945 56945
 56945 56945]
11 [ 5224 56942  4472  5385 10067  6260  2689 56932 11120  3174 56946  3717
 10197 11120 15459  4472 11120 11840 56932 11120  3474  4472   658 10621
 11211 33899  4472 14746 12906  6151 56946  6175  4472   797 56931 56945
 56945 56945 56945 56945 56945 56945 56945 56945 56945 56945 56945 56945
 56945 56945]
24 [56940  5224 13732  9840    52  4629  5224  8590 56931  4472  9591 56932
  6226  5224  1926  7780  8823 11211 13901  4472 11120  8200 10930  5280
  3869 14931  1170  4562 13822   778 56931  5224 13732 12764  7027 56932
 13371   746  8857 56932 12676 56942  1362 10291 14254  2890 14555  9541
 56931  4562]
8 [ 5224 12754 38850 13382 11211  1231  3612 56940 11120 18083  4336 56940
 56931 56945 56945 56945 56945 56945 56945 56945 56945 56945 56945 56945
 56945 56945 56945 56945 56945 56945 56945 56945 56945 56945 56945 56945
 56945 56945 56945 56945 56945 56945 56945 56945 56945 56945 56945 56945
 56945 56945]
8 [56940 11120 56946  1987 13396 12645 10621 38850  1110 21777 56940 56932
  6792  5224   413 56931 56945 56945 56945 56945 56945 56945 56945 56945
 56945 56945 56945 56945 56945 56945 56945 56945 56945 56945 56945 56945
 56945 56945 56945 56945 56945 56945 56945 56945 56945 56945 56945 56945
 56945 56945]
9 [13280 56942  3861  1240 11856 11211  7295  1706 12007  4437  6151 15050
 56932  4670 11211  5668 12764 13037 10621 11211  6689  4472  2637  7896
  8493 14564 11593 56931 56945 56945 56945 56945 56945 56945 56945 56945
 56945 56945 56945 56945 56945 56945 56945 56945 56945 56945 56945 56945
 56945 56945]
20 [56940 12764  7709  2529  1958 11211  2890  7238 11211  7780 15311  5224
  4415 14687 11211 23158  5224  9076 56932   217  2273 22039  5226  5224
 11034 11211 12342  7709 56946  7827  6151   425  2839 56940 56932 11211
 15062  6151  6226  5224  6319 56940 11211  8946  2839 56940 56931 56945
 56945 56945]
31 [13554  5966 56946 13371  2890  7580  4472  5804  2140  3911  4472  6600
  8653  6725  2738  3336  2772 10291 13853 11120  4670 10067  9489 56932
  9000 13996  2772  9659  5654 11211  1240  7709 32016  5224  3172 56932
 12889 14190  9198  6477 48968   425  5039 10657 56931 56945 56945 56945
 56945 56945]
37 [13554  5966 56946 13371  2890  7580  4472  5804  2140  3911  4472  6600
  8653  6725  2738  3336  2772 10291 13853 11120  4670 10067  9489 56932
  9000 13996  2772  9659  5654 11211  1240  7709 32016  5224  3172 56932
 12889 14190  9198  6477 48968   425  5039 10657 56931 56945 56945 56945
 56945 56945]
2 [11916  4016  1886  6761  5717  6151  8493   226  4472 11120  4816 12683
 56931 56945 56945 56945 56945 56945 56945 56945 56945 56945 56945 56945
 56945 56945 56945 56945 56945 56945 56945 56945 56945 56945 56945 56945
 56945 56945 56945 56945 56945 56945 56945 56945 56945 56945 56945 56945
 56945 56945]
8 [11120 13725 56932 11211 15449 10013 15083 56932 22461 10067 12646 56946
 10067 18518 56942  3693  5226  5804 22941 56946 10621  4472 56942 13067
 56931 56945 56945 56945 56945 56945 56945 56945 56945 56945 56945 56945
 56945 56945 56945 56945 56945 56945 56945 56945 56945 56945 56945 56945
 56945 56945]
16 [ 5226  6098 10067 14358 56932  5240 11120  6462 56946 13386  7494  5224
 56940 31079 56940 10621 56946  6151  1231 40975  5224 56940  5340 23441
 56940 56931 56945 56945 56945 56945 56945 56945 56945 56945 56945 56945
 56945 56945 56945 56945 56945 56945 56945 56945 56945 56945 56945 56945
 56945 56945]
14 [ 5224  4569 10067 12328 24312 56932    55 13707 56932 14231 11211  5224
 14555  7901 16175  5179 13439  2861 56940 12764  4146  5224 13296 12407
  3269  4472 12328 56940 56931 56945 56945 56945 56945 56945 56945 56945
 56945 56945 56945 56945 56945 56945 56945 56945 56945 56945 56945 56945
 56945 56945]
4 [ 1240  9028 11211  1240 30999 13171  4472 56942 12535  6151  4151  4290
 56932 11211  1240  2033  5224 12675 11950 11211  5224  1428  5234  8876
  9230 56946 56946 56946 56942  5137 56931 56945 56945 56945 56945 56945
 56945 56945 56945 56945 56945 56945 56945 56945 56945 56945 56945 56945
 56945 56945]
2 [11120  4670 16177  5226  9852  6151 11120  2725  4660 11211  5848   676
  5224  6909  2812 13155 56946 56932 13386 13280  8373 11970 10561  4562
  7381  6381  7030  5226  5224 11964 10621 38065  1925   653 10621  9394
  1416 56931 56945 56945 56945 56945 56945 56945 56945 56945 56945 56945
 56945 56945]
16 [ 5224 10242  4472  7581 56946 11211 11120  1274  5226 11120  2894  4472
  9394 10700 10067   424  6913 10291  1723  8493 10177 56940  7253 56940
  4472 10147 56940  4173 56940 56932 15083  4472 11211 13396 56940 14324
  7606  5226  5224  6260 10621  8165  5226  5137  4979 56940 56932   418
  7581 56940]
7 [ 3401 56932  1240 15542 11211 11120 39818   155  5226  8493 38989  4472
  8373 13067  5226  2890 20741 10067  6812  4472 21484 56932   375 10067
 34080 10067 18534  3537 56932  9000  5804  4846  4608   746  1715 11211
 56932  5226 15107 56932  1240  6760  4472 22629  4472 11555 56931 56945
 56945 56945]
1 [ 5543  9445 56932 15058  6151 23309 56932 11211 11122 11211  4026 11211
  8606  6905  7396  5240  5487 56940 15647 56940 10621  1603 11211 12342
 12171 17182 56940 56946  1925  7238 56940 56931 56945 56945 56945 56945
 56945 56945 56945 56945 56945 56945 56945 56945 56945 56945 56945 56945
 56945 56945]
12 [12297 12297 12764  7494 56932 11664 56932  4492 35152 13396 11149 11117
 29644 13554 11120   625 56931 56945 56945 56945 56945 56945 56945 56945
 56945 56945 56945 56945 56945 56945 56945 56945 56945 56945 56945 56945
 56945 56945 56945 56945 56945 56945 56945 56945 56945 56945 56945 56945
 56945 56945]
6 [13554  5804  3434 13371 13822 22392 20968 11211  1240 14444  5319 56932
 10621 25724  8493  7442  6151 11120 29718  4472  5804  6523  4472  8281
 10291 13853 56946 13171 13554 11120 10767 10468 11211  1240  4473  4472
  5804 10758 13371 11120 14964 10067  3172    59 56931 56945 56945 56945
 56945 56945]
9 [13554  5804  3434 13371 13822 22392 20968 11211  1240 14444  5319 56932
 10621 25724  8493  7442  6151 11120 29718  4472  5804  6523  4472  8281
 10291 13853 56946 13171 13554 11120 10767 10468 11211  1240  4473  4472
  5804 10758 13371 11120 14964 10067  3172    59 56931 56945 56945 56945
 56945 56945]
2 [56940 13386  9948 56932 11122  3269  5240 11211  5224  1437  2792 15145
   983  6779 13396  1231  2204 10621 13396 11120 12815  5432 56940 56932
   730  5224  8965 10849  1909 56931 56945 56945 56945 56945 56945 56945
 56945 56945 56945 56945 56945 56945 56945 56945 56945 56945 56945 56945
 56945 56945]
3 [ 1793 56932 29767  5165  6151  9019 11211 39759 11120 12040  4472  8493
  6805 10212  4472 11791 56940 10291 10851   405  8165 56940 10621 15005
  1925   653  4472 11211 10475 56940 56946 56940  6151 11120 14294  4472
  4004 56932  1233 56940 11562 56946 56940  5226 12676  6151  2135  5224
 13004  4472]
21 [56940 15083  4472    52  3521  5804 15888  4472 11120  5187 11211 56946
  5804  8373 56932 11211  5207 56946 56946 56940 56932 15772 56932 56940
 56946 10621 11400  8493  5265  5240  2890   974 25929 56940 56931 56945
 56945 56945 56945 56945 56945 56945 56945 56945 56945 56945 56945 56945
 56945 56945]
17 [56940  3245  5224  4522  1240   373 41502 56934  2738 56935  5224  3253
  4472 15503 56932 14260 11669  5240  5224 11950  4472  4188  9453  4472
  5804 18091 56940 56932    11 56931 56945 56945 56945 56945 56945 56945
 56945 56945 56945 56945 56945 56945 56945 56945 56945 56945 56945 56945
 56945 56945]
15 [ 5224  2610  6542    85 12407 14974  6151  7430 56932 12889  1925  1242
 10067  9541  6226 37370  6151  2890 56946 12407 14492 56932  6418  6151
 11120 16276  3688 13396 12049 11360 56931 56945 56945 56945 56945 56945
 56945 56945 56945 56945 56945 56945 56945 56945 56945 56945 56945 56945
 56945 56945]
29 [ 5224 11575 10067 12870 56940 12764  6667   739  7956  5224  2693 14260
   928  6950   297  5224 56942 13396 14108 10067  4814  9322  9766 56934
 11763 56935 15164 56940 56932  1040 56931 56945 56945 56945 56945 56945
 56945 56945 56945 56945 56945 56945 56945 56945 56945 56945 56945 56945
 56945 56945]
2 [ 4151 14729  8371 10877  1170  7254 13396 11120   657 10067 11955  5432
 10067 10766 56932 11664  6105  4562  1379  6604 28030 56932 11211 11430
 11211  1593  6151  2890  4200 12407 11379  1925  4472 13760 56932 15648
 22363 56931 56945 56945 56945 56945 56945 56945 56945 56945 56945 56945
 56945 56945]
16 [ 6151 56946 12764 11117  7780  9591 11066 26600 20749 56932  6197 11211
  5804  1170 14051  1240   746 14212  4472 12350 56931 56945 56945 56945
 56945 56945 56945 56945 56945 56945 56945 56945 56945 56945 56945 56945
 56945 56945 56945 56945 56945 56945 56945 56945 56945 56945 56945 56945
 56945 56945]
14 [ 5224 11255 56942  4472 14724  5224  7346  4472 12031 11342 10067  3835
  4472  8365   773  1233 18059   848 12764  5804  5657  4472  7425 56931
 56945 56945 56945 56945 56945 56945 56945 56945 56945 56945 56945 56945
 56945 56945 56945 56945 56945 56945 56945 56945 56945 56945 56945 56945
 56945 56945]
31 [56940  1240  3159 11122 11211   753 11211  8606 56931  5224 14687  5240
 11211  1200  5224  3719  4472  2738  2786 56932 10621 11669  3719  5240
 12407 11757 56932 10621  6151  2814 12764  8518  2738  2786 56940 56932
 15201 56931 56945 56945 56945 56945 56945 56945 56945 56945 56945 56945
 56945 56945]
2 [ 5804    24 14343 11211  1233 11120  7384 41177 13396  3255  8493 14564
 10185 56932 11120  7838  4472 13815   229 12543 13171  1688 56932 10621
  5804  2133  3903  4439  1925  8373 11211 12764 56946 11673  7316 56931
 56945 56945 56945 56945 56945 56945 56945 56945 56945 56945 56945 56945
 56945 56945]
7 [ 5804    24 14343 11211  1233 11120  7384 41177 13396  3255  8493 14564
 10185 56932 11120  7838  4472 13815   229 12543 13171  1688 56932 10621
  5804  2133  3903  4439  1925  8373 11211 12764 56946 11673  7316 56931
 56945 56945 56945 56945 56945 56945 56945 56945 56945 56945 56945 56945
 56945 56945]
2 [14099  5207  4365 15423 10621  4562 11120  1056 14082 56931 56945 56945
 56945 56945 56945 56945 56945 56945 56945 56945 56945 56945 56945 56945
 56945 56945 56945 56945 56945 56945 56945 56945 56945 56945 56945 56945
 56945 56945 56945 56945 56945 56945 56945 56945 56945 56945 56945 56945
 56945 56945]
11 [13903 56932 11325  8373 56946  5597   465 56932  9000 13822  3692  5597
 56946 56931 56945 56945 56945 56945 56945 56945 56945 56945 56945 56945
 56945 56945 56945 56945 56945 56945 56945 56945 56945 56945 56945 56945
 56945 56945 56945 56945 56945 56945 56945 56945 56945 56945 56945 56945
 56945 56945]
17 [ 5224  7011 10067  9322 56932  4179 12528 56932  5147 12948 11211  1490
  8888  4472 15460 10621  4109  5153 56940   375  4472 11120  3077 56940
 10621   229  4128  4472 56940 12937  4151  4694  2772 56940 56931 56945
 56945 56945 56945 56945 56945 56945 56945 56945 56945 56945 56945 56945
 56945 56945]
7 [ 5224 15063  1240  1785  5534  5804  8330 24091  4289  4290  2649 10291
  6416  2890  7346  4472  9745 56931 56945 56945 56945 56945 56945 56945
 56945 56945 56945 56945 56945 56945 56945 56945 56945 56945 56945 56945
 56945 56945 56945 56945 56945 56945 56945 56945 56945 56945 56945 56945
 56945 56945]
16 [ 4151 14030 10067  7581 56932 11120  2496  2106 10621  5804 14304 15244
  5226  5224  2689 56942 56946  5226 12937  4151  3388  6653  4195  5226
  2668 10621 11122  1613 13171  5226  7419 56932  7868  5804  7795  4472
  5869  6187  4472 11120  5908 10468 11211  1240   290  5226  5224 15316
  4472   266]
12 [13396  5224  5545 56932  4151 14030  4472  9379 14304 10621  3713 11959
 23850 15058  1925  2689  2824  5226   420  3388  6653 56934 13171  5226
 10336 56932 12889  3245  5226  5224  6319  5692 10621  4487 56935 10621
  5226  4151    21  4472  8859 10621  3162 56931 56945 56945 56945 56945
 56945 56945]
2 [ 5224 15548  6394 12937  4151  2136   321  6151 11120 12536 56932 14122
 11211  1396  8993  4979  5226 11120 14088  4472  5804 14821  2356 56931
 56945 56945 56945 56945 56945 56945 56945 56945 56945 56945 56945 56945
 56945 56945 56945 56945 56945 56945 56945 56945 56945 56945 56945 56945
 56945 56945]
4 [11120  4836  4472 12071  2734   681  6151  4151  1880  4472  7556   185
  2370  1231  8024 56931 56945 56945 56945 56945 56945 56945 56945 56945
 56945 56945 56945 56945 56945 56945 56945 56945 56945 56945 56945 56945
 56945 56945 56945 56945 56945 56945 56945 56945 56945 56945 56945 56945
 56945 56945]
2 [ 5224 56946  2280 11211 56932 15083 10067 13676 10639 56932 56940 11482
 56946  4472 14555  1231  7415 19630  2861  2890 13441  5999 11484  2106
 13396 11120  9584 56932 13344  1925 21601  4472  5804  4293  7956 13933
 56946 56940 56931 56945 56945 56945 56945 56945 56945 56945 56945 56945
 56945 56945]
12 [ 5224 56946  2280 11211 56932 15083 10067 13676 10639 56932 56940 11482
 56946  4472 14555  1231  7415 19630  2861  2890 13441  5999 11484  2106
 13396 11120  9584 56932 13344  1925 21601  4472  5804  4293  7956 13933
 56946 56940 56931 56945 56945 56945 56945 56945 56945 56945 56945 56945
 56945 56945]
2 [ 5224 12687  7952  7088  4472  7415 33152 10621  1240  7104 10611  4151
   420 10621  4151 14378  4472 11120  8818 56931 56945 56945 56945 56945
 56945 56945 56945 56945 56945 56945 56945 56945 56945 56945 56945 56945
 56945 56945 56945 56945 56945 56945 56945 56945 56945 56945 56945 56945
 56945 56945]
12 [56940 13478  5804 11360 11122  8619 56932 10621  1233 14099 12764 11122
  4365  9002  8606  4161  4550  5240 13396 12898  4472  4151  7764 56940
 56932  1040 10067  5928 56931 56945 56945 56945 56945 56945 56945 56945
 56945 56945 56945 56945 56945 56945 56945 56945 56945 56945 56945 56945
 56945 56945]
17 [56940 13478  5804 11360 11122  8619 56932 10621  1233 14099 12764 11122
  4365  9002  8606  4161  4550  5240 13396 12898  4472  4151  7764 56940
 56932  1040 10067  5928 56931 56945 56945 56945 56945 56945 56945 56945
 56945 56945 56945 56945 56945 56945 56945 56945 56945 56945 56945 56945
 56945 56945]
2 [ 5224 15250  5247 12135  4472 11120  9245  8086 10067 27155  1633  5224
  3612 43726 56932  9000    85  2853 13396  5224 33974  6621 56946 56946
  5226 11120  8290 12135 56932 13396 11122 11211  7780  8192 15156  4562
  2890  9541  4472  5157 56931 56945 56945 56945 56945 56945 56945 56945
 56945 56945]
3 [ 5804 13021  3212     6 11120   226  5769 10067  2880  4472 14299 10621
 11120 12111  4472 11120 11602  3196 12391 56931 56945 56945 56945 56945
 56945 56945 56945 56945 56945 56945 56945 56945 56945 56945 56945 56945
 56945 56945 56945 56945 56945 56945 56945 56945 56945 56945 56945 56945
 56945 56945]
20 [ 5226  6098  4472 15075 56946 56932  5488 29591  4472 11120  3671 12031
  8619 11211  5224  5778  8984  4472 11611  9500  4769 13407 56931 56945
 56945 56945 56945 56945 56945 56945 56945 56945 56945 56945 56945 56945
 56945 56945 56945 56945 56945 56945 56945 56945 56945 56945 56945 56945
 56945 56945]
8 [ 8171 13952 13542  7930 12948 11211  1231  4154  5162  6151   782 11120
    29  5804 56946 56932  5226  4466 56932  3828  4962  5224  2710 13790
 56932 10291  2529 11297  1925 11988  1095  4472   797 56931 56945 56945
 56945 56945 56945 56945 56945 56945 56945 56945 56945 56945 56945 56945
 56945 56945]
6 [ 5224  2792  7466  6299 11211  1240  5917  6151  9687 10680   465 10291
  3544 11211 11418  8493 15583  4472 15541 10611 11120 11635 56932 11211
  5226 11120  5411  7494 56942  5137 56932 10621  5224  6407 15548 56931
 56945 56945 56945 56945 56945 56945 56945 56945 56945 56945 56945 56945
 56945 56945]
15 [ 5224 13576  3384  6118   730  2861 56940 12937  4151  2171   865 56946
 10621 56932  1233   753 14923 12489 56932  6241  5226 11120  7811  9707
 10291  8606  5804 10314 10971 56940 56931 56945 56945 56945 56945 56945
 56945 56945 56945 56945 56945 56945 56945 56945 56945 56945 56945 56945
 56945 56945]
2 [ 5224  7247  1503 10067 22231 56931 56945 56945 56945 56945 56945 56945
 56945 56945 56945 56945 56945 56945 56945 56945 56945 56945 56945 56945
 56945 56945 56945 56945 56945 56945 56945 56945 56945 56945 56945 56945
 56945 56945 56945 56945 56945 56945 56945 56945 56945 56945 56945 56945
 56945 56945]
5 [56936  1240  7709 12002 11149 17375 56937 56931 56945 56945 56945 56945
 56945 56945 56945 56945 56945 56945 56945 56945 56945 56945 56945 56945
 56945 56945 56945 56945 56945 56945 56945 56945 56945 56945 56945 56945
 56945 56945 56945 56945 56945 56945 56945 56945 56945 56945 56945 56945
 56945 56945]
13 [ 5224 12500  5226 12031 12506 10067  9541  7535 56934  5120 56935 56946
 56946  1694 56940 56946 56940 11120 11311  4472 56946 10621  1793 11117
  6005  4472 12208 56946  4151 22310  4472 11120  1391  3469  1925 14233
 56931 56945 56945 56945 56945 56945 56945 56945 56945 56945 56945 56945
 56945 56945]
18 [ 1240 10566 11211  1233  4151 32558 13835  4472  9540 12764  2182 34335
  2890 14399 12297 12297 10621  1240  5083  3058 11211  6205 15145 12297
 12297 56932  5804  5286 10067 27049   209 10378  5224  5823  4472  5804
  8373  9979 22495  1233  5240  5224 10386 27200  6151 15255 13386 56946
 13822 13835]
1 [  424    85  7218  4472  1231  5003  5226  5224  3719  5226 11211  9241
 13424  4472  6488 10611  3434  4472  6619 10621 11344 13712 10067   447
 56931 56945 56945 56945 56945 56945 56945 56945 56945 56945 56945 56945
 56945 56945 56945 56945 56945 56945 56945 56945 56945 56945 56945 56945
 56945 56945]
8 [56940  4550 56946 11120  5956 10621 15083 11122 10145  2551 56940 56932
  1096  5224  5234 13584  5887  4472   690 56931 56945 56945 56945 56945
 56945 56945 56945 56945 56945 56945 56945 56945 56945 56945 56945 56945
 56945 56945 56945 56945 56945 56945 56945 56945 56945 56945 56945 56945
 56945 56945]
9 [11120  6805  3196 11211  4868  6151  9687  5224 15719   373    41 13396
 12061 10621 10624  4472  5804  8561  4472  2496 56931 56945 56945 56945
 56945 56945 56945 56945 56945 56945 56945 56945 56945 56945 56945 56945
 56945 56945 56945 56945 56945 56945 56945 56945 56945 56945 56945 56945
 56945 56945]
23 [40277 56946 56932  1231  4851 56932 29247  5226  5272 13280  8493 12921
  6151 28395 11498 56932 14944  4472 45431 56932 11211 12764  1240  2144
  4726 10067  7306 56931 56945 56945 56945 56945 56945 56945 56945 56945
 56945 56945 56945 56945 56945 56945 56945 56945 56945 56945 56945 56945
 56945 56945]
9 [ 5224 12944 10067 15367  5226  5224 11211  7616 14201  3276 10291 13853
  5224  2191 56932  3719  5226  5224 11211  5172  2890 13469  4636 10067
  9518 12649  4472 11120 10572 12348 56931 56945 56945 56945 56945 56945
 56945 56945 56945 56945 56945 56945 56945 56945 56945 56945 56945 56945
 56945 56945]
12 [10621  5240 56946 56946 11120  7626  6436 56932  6205 11211 11122  7811
  5240  5407  1996  7626 10621 12350 11122  7811  1958 56931 56945 56945
 56945 56945 56945 56945 56945 56945 56945 56945 56945 56945 56945 56945
 56945 56945 56945 56945 56945 56945 56945 56945 56945 56945 56945 56945
 56945 56945]
7 [ 5224  9230 11230   730 11211 15520 12764 12677 10621 11211  6950  9779
 10067 10778  5226  1787 10067 56942 56932  5534 12883    40  1231 11150
 10291  5224 11211    85  4204  5226  4151 11003 10621 11211  1240 10651
  5224 56942  4472  8949  4472 56942 56931 56945 56945 56945 56945 56945
 56945 56945]
17 [15520  6667   424   273  4472 12921  8493  6314  4472  5804 10606 15404
 10621  4472 11120  7384 11211   746 14480 11211 56946 13822   153 10621
  2062  6151 15254  4472 11120 11259 12921 56931 56945 56945 56945 56945
 56945 56945 56945 56945 56945 56945 56945 56945 56945 56945 56945 56945
 56945 56945]
35 [ 5224  5373 10067   653  5226  3162 15201 12948 11211  6197  1240   746
 32547 13171  4472 56942 35899  4472 11120 14774 10621 11211  5224  5493
 10291 11120 12815 16987 10291 11120  4916  4472  1231 11140 56940   373
 30387 56940 56931 56945 56945 56945 56945 56945 56945 56945 56945 56945
 56945 56945]
1 [12764 14939    20  2890 12675  4814  5226 13732 11211  5226 11877   848
  5226 11986 56931 56945 56945 56945 56945 56945 56945 56945 56945 56945
 56945 56945 56945 56945 56945 56945 56945 56945 56945 56945 56945 56945
 56945 56945 56945 56945 56945 56945 56945 56945 56945 56945 56945 56945
 56945 56945]
6 [11120 11602 10621 11120  4816  3733  5445 13171  9958  1633  5224 15175
  4472  8808 56931 56945 56945 56945 56945 56945 56945 56945 56945 56945
 56945 56945 56945 56945 56945 56945 56945 56945 56945 56945 56945 56945
 56945 56945 56945 56945 56945 56945 56945 56945 56945 56945 56945 56945
 56945 56945]
11 [11120    19 10177 56932 13171  3682 56932  5240 11211 10267 10146 37611
  4472  2890  8436 11211 18915  4151 14162 10621 11211  2890  4816   322
  1240 56946  4472 56946 10267 12921 56931 56945 56945 56945 56945 56945
 56945 56945 56945 56945 56945 56945 56945 56945 56945 56945 56945 56945
 56945 56945]
17 [ 3336  5528  4472  2441 56932 13371  5224 13857  4472 11120  2872  4472
  4151  2474 56932 56940 12764  1340  2890 12284  6512 10291 14122  4273
 56940 56932  6299 56931 56945 56945 56945 56945 56945 56945 56945 56945
 56945 56945 56945 56945 56945 56945 56945 56945 56945 56945 56945 56945
 56945 56945]
26 [ 3336  5528  4472  2441 56932 13371  5224 13857  4472 11120  2872  4472
  4151  2474 56932 56940 12764  1340  2890 12284  6512 10291 14122  4273
 56940 56932  6299 56931 56945 56945 56945 56945 56945 56945 56945 56945
 56945 56945 56945 56945 56945 56945 56945 56945 56945 56945 56945 56945
 56945 56945]
35 [ 1233  5224  6260  8949    85  5224  8876  9230  3842 56946 13386 14576
 11120  3778  4472 11211  5804  2133  7711 10621  8984 56946 56940 10807
  7956  2890 14555   667 10291  8859 10621  3162 56940 56932 12948    85
  5224  9230  4472  8281 56932  4690 56946 56932  5224 11211 14828  1925
  2631  4472]
6 [ 8493  6805  8393 10067  1950 15288  1694 14341 11120  9342  3285 13396
    52 12078 13360 10067  1651  6151 11120  1391  4472 13030  2820 11515
 56931 56945 56945 56945 56945 56945 56945 56945 56945 56945 56945 56945
 56945 56945 56945 56945 56945 56945 56945 56945 56945 56945 56945 56945
 56945 56945]
5 [11120  3211  4472 12049  9906  3566  5137  5226  2529 56946 56932  9000
 12764   865  5804  1145 11211 14343 21824 11120 16412  4472 11211  5804
  6042  4472 11631 13512 13280 56942  5137 13396 17322 56932  6197 11211
  1240   746 13837  4102  4472  4161 56942  5137  4472 15945  5226   658
 56932 19643]
6 [ 4151  6505  2844  9048 11211  3572 56946 10621 30733 11555  1925  4669
 10621  6151 10025  8521  1427 13144 56932  6151 12328 10067 15038 10493
 10291 11211  5804  7496 20622 13396 11120  5319   635 56946  5226   424
  6319  6151  2707  4472 11120 11602 13346 56931 56945 56945 56945 56945
 56945 56945]
21 [ 5224 10242  9823  4472 11120  1752 15512 13991 56932 15256 56946 10621
  1231  5042  4472  8567 56932  5355  1402 56932  1240 13414 10291 11263
   217  5224  8033  6151 11120  1976  8973 56931 56945 56945 56945 56945
 56945 56945 56945 56945 56945 56945 56945 56945 56945 56945 56945 56945
 56945 56945]
15 [11120  2440  6278 11211 11120  7132  4472 56946 56946 56932  4472 56942
  5137 56932 11120  5760  5226  8949  4472 56942  6151 13439 10067  6444
 10621  4472  1231  4836  5226  5224 14004  4472 12820 10291 11211 56940
  4031  4472  8596 56940 56932 11122 11211 12764    95 56932  7868 11120
  4476 56931]
1 [56946 37845  1925  5328  6151  2923 56940  6151 13822 18748  4472  3572
 56940 13396 11120  3852  4472  7668 56931 56945 56945 56945 56945 56945
 56945 56945 56945 56945 56945 56945 56945 56945 56945 56945 56945 56945
 56945 56945 56945 56945 56945 56945 56945 56945 56945 56945 56945 56945
 56945 56945]
11 [13280   683  5137  1240  4117  8493  8889  5217  5199  6391 11211 13074
 14662  4472  2890  3179  1139 56931 56945 56945 56945 56945 56945 56945
 56945 56945 56945 56945 56945 56945 56945 56945 56945 56945 56945 56945
 56945 56945 56945 56945 56945 56945 56945 56945 56945 56945 56945 56945
 56945 56945]
29 [14931 11744 56932 11120  9028  7709  2529  2038 56932 11664 11120  6098
 20793 10611  5804 19426 10621 13996  5226   177  7312  5240 11211  6950
 11120  3852  4472  3433   671 56946  4151 12336 11295 10611 15232 10621
 12379  5452 56931 56945 56945 56945 56945 56945 56945 56945 56945 56945
 56945 56945]
1 [ 4049  5165 13192 13396  4151  6852  4472 11120   545  5226 56942  8509
 11120  6855 10067 13487  8876  9230 10102  1925 13804 11096 56931 56945
 56945 56945 56945 56945 56945 56945 56945 56945 56945 56945 56945 56945
 56945 56945 56945 56945 56945 56945 56945 56945 56945 56945 56945 56945
 56945 56945]
2 [ 5224  5887 31107 11211  1231  6319 12764  1240  1841 13396  1811  4161
 11211  1240 56946  6151  5804  4908 10621  1240 51712  5224 13365  2820
 56946 56931 56945 56945 56945 56945 56945 56945 56945 56945 56945 56945
 56945 56945 56945 56945 56945 56945 56945 56945 56945 56945 56945 56945
 56945 56945]
28 [15428  1362 15083  4472 11358  6224  1925  6319  4562  2890  8876   695
  5226  5224 11211  9956  2890  5285  1537  4472 11120 13450  3682 10067
  7581 56932 11437  1240 13851 13396 12341 10621  8945  1925  6319  6151
  4151 56942  1362 11511 56934 56942 11613 56935 10291  9965 11120  7276
  4472  3336]
3 [ 8630 11211  2640  6006  4472 11120  6544  4472  2890 56940  2444 56940
 56932  5226  2913  1925 10386   201 56932 56946 56946  1240  8944  6151
  2890 56940  1852 13139 56940 11211  1240   582 56946 56931 56945 56945
 56945 56945 56945 56945 56945 56945 56945 56945 56945 56945 56945 56945
 56945 56945]
2 [ 5224  9230 13393 56932 11674  1168 56932  4472 11211  2890 14399  1437
 12764  6667 12691 56946 56931 56945 56945 56945 56945 56945 56945 56945
 56945 56945 56945 56945 56945 56945 56945 56945 56945 56945 56945 56945
 56945 56945 56945 56945 56945 56945 56945 56945 56945 56945 56945 56945
 56945 56945]
15 [56946 15394 15604 11211 10722  4472  4151   223 11211  1831 13822  8561
  5226  5804 13608  4833 56931 56945 56945 56945 56945 56945 56945 56945
 56945 56945 56945 56945 56945 56945 56945 56945 56945 56945 56945 56945
 56945 56945 56945 56945 56945 56945 56945 56945 56945 56945 56945 56945
 56945 56945]
9 [ 7868  3131 56932 11372  5224  2625 11372 11120  5784  8371  1610 56931
 56945 56945 56945 56945 56945 56945 56945 56945 56945 56945 56945 56945
 56945 56945 56945 56945 56945 56945 56945 56945 56945 56945 56945 56945
 56945 56945 56945 56945 56945 56945 56945 56945 56945 56945 56945 56945
 56945 56945]
7 [ 5804  8011 56946 11120 11311 14260 56932  3416 56932   373 56946 13396
  7919 10067  4942 56932  9000 56946 11211  1231  8033  4562  5224 14358
 11117  6533  1942 10314  5226  5224 56946 10621 11120 15582 56931 56945
 56945 56945 56945 56945 56945 56945 56945 56945 56945 56945 56945 56945
 56945 56945]
21 [ 5804 14378 10700 56940 14821 56940  4472 11120  2894 12297  5754 56932
  1906 56932 13804 11096 56932  1884 10621  1723 12297  8396 56940  9607
 56940  1231  9283  4472  2322 12297 56942  5226  5224 13440  4472  5804
  3421 14117 56932 56942  5226  5224 13440  8984 12297 56932  9000  5804
  5410 10700]
2 [ 5804 11770 26348 10291  9703  5224 15316  4472  1131  4472  1877  4472
 13732 56932 13300 56932  5226  1231  6098 56932  4472 11211  5224  2623
  5240 56946 56931 56945 56945 56945 56945 56945 56945 56945 56945 56945
 56945 56945 56945 56945 56945 56945 56945 56945 56945 56945 56945 56945
 56945 56945]
25 [11120  1620 18142 56932  5226  3983  4472  8354 10621  4562  5224 14746
  7956  4151 14130 56932 15201  1925  1782 13154  2861 56940 12024 18349
  8993  6236 11211  8946  1557  4472  3433 56940 56932  5280 56932 13482
  6151 13822  3010 56932 42348  1925  5689 10067  2792   671 10291 11434
  8493  8230]
13 [ 5224  7238 56932 11211  5088  8753 10621  5165 11981  4562  1231 10163
 56932   607  4392  6151 56942  4472  5804  7691  4472  8493 15012 11973
 56931 56945 56945 56945 56945 56945 56945 56945 56945 56945 56945 56945
 56945 56945 56945 56945 56945 56945 56945 56945 56945 56945 56945 56945
 56945 56945]
7 [56946  6950 11828 11211  1231 11163  1240  6963 56940  5534   418  8493
  2440  3052 56940 56932  6197 11211 13822 11699   746 15576  5224 13247
 56931 56945 56945 56945 56945 56945 56945 56945 56945 56945 56945 56945
 56945 56945 56945 56945 56945 56945 56945 56945 56945 56945 56945 56945
 56945 56945]
20 [56946  6950 11828 11211  1231 11163  1240  6963 56940  5534   418  8493
  2440  3052 56940 56932  6197 11211 13822 11699   746 15576  5224 13247
 56931 56945 56945 56945 56945 56945 56945 56945 56945 56945 56945 56945
 56945 56945 56945 56945 56945 56945 56945 56945 56945 56945 56945 56945
 56945 56945]
7 [ 4151  4160  4472  4900  5226  7898  4391  5317  6197  1925 56946 56932
  7868 28363 12948  5224   413   848  7172 56931 56945 56945 56945 56945
 56945 56945 56945 56945 56945 56945 56945 56945 56945 56945 56945 56945
 56945 56945 56945 56945 56945 56945 56945 56945 56945 56945 56945 56945
 56945 56945]
2 [42385 56946 14039  4472  2529  5224 17371 19418  5534 56932  6151 13011
  4472 13330 56932  5224  9120 56946  8037 11211  5240    27 13396 12135
  4472  7132 10067  6340 56932 11211  7952  5226  5224 10292  9394  5137
 10621 11211 14717 56942  5699  2102  1925  7977 13396  9916 25873 56931
 56945 56945]
18 [42385 56946 14039  4472  2529  5224 17371 19418  5534 56932  6151 13011
  4472 13330 56932  5224  9120 56946  8037 11211  5240    27 13396 12135
  4472  7132 10067  6340 56932 11211  7952  5226  5224 10292  9394  5137
 10621 11211 14717 56942  5699  2102  1925  7977 13396  9916 25873 56931
 56945 56945]
2 [ 5781  8993  4033  8865  4472 12479 10291 15513 13822  3170 56931 56945
 56945 56945 56945 56945 56945 56945 56945 56945 56945 56945 56945 56945
 56945 56945 56945 56945 56945 56945 56945 56945 56945 56945 56945 56945
 56945 56945 56945 56945 56945 56945 56945 56945 56945 56945 56945 56945
 56945 56945]
7 [ 2522  1015  5226  8876 15168 11211  1723  3546  6151 56946 11120 14602
  4472   692 15244 11211  5224  2610  4472 11120  2894 56932  2890 56946
 10067 11763  4472 56942 13344  6151  2890 56946 56932 10621  1379  8871
 11211  4049 56934 56946 56935 56932 10442 56934 56946 56935 10621  5754
 56934 56946]
21 [ 5804   465 11211 11120   746  6091  5654 11211 11120  6670 56932 11211
  9490  8192 56946 56932  9490 14043 11211  5224 17908 28836 15600 12889
  6151  8596 11117 42359 11122  2030 56931 56945 56945 56945 56945 56945
 56945 56945 56945 56945 56945 56945 56945 56945 56945 56945 56945 56945
 56945 56945]
13 [ 5224 15682  4472  3780 13006  5224 56946 10621  5224  6117  4472  4072
 11122  8057  5226  2890 56946 56931 56945 56945 56945 56945 56945 56945
 56945 56945 56945 56945 56945 56945 56945 56945 56945 56945 56945 56945
 56945 56945 56945 56945 56945 56945 56945 56945 56945 56945 56945 56945
 56945 56945]
2 [ 4151 15264 15188  2890 13857   222 10067  9283  4472  9487 11211 14442
   656 12552   848 11211  1240 10781  8004 10291 14040 11120 14693 56931
 56945 56945 56945 56945 56945 56945 56945 56945 56945 56945 56945 56945
 56945 56945 56945 56945 56945 56945 56945 56945 56945 56945 56945 56945
 56945 56945]
1 [11122 13300  4472 13030 56946  5224 11155 10067  7147 56946  5226  6950
  2890  2689 56931 56945 56945 56945 56945 56945 56945 56945 56945 56945
 56945 56945 56945 56945 56945 56945 56945 56945 56945 56945 56945 56945
 56945 56945 56945 56945 56945 56945 56945 56945 56945 56945 56945 56945
 56945 56945]
20 [ 8630  1240 55981  5224 12761  6151  5407 12734  4472  5804  5023   721
 11211 12764  9658  9997  1231  3832 56932 12764  3686    52 56946 10291
  6330  5224 12761  6151  5790  4472  4938  9658 56946  4472  5187  6750
 56931 56945 56945 56945 56945 56945 56945 56945 56945 56945 56945 56945
 56945 56945]
15 [56940 11325 27166  5597 10067  2908  4472 16980  8268 56931  6997 11211
 15083  4151  3765 18430 10621  3919 11211  8503 12764  7494 13171 10587
 11211  9483  6151  8606  4472  6226 56940 56932   668   424   948 56932
  8334 13280 56942  5137  5226 14564 14557 56931 56945 56945 56945 56945
 56945 56945]
2 [ 2890 19160 56946  6151    13  5226 11120 18920  4472 11120  1795  4472
 15538 56931 56945 56945 56945 56945 56945 56945 56945 56945 56945 56945
 56945 56945 56945 56945 56945 56945 56945 56945 56945 56945 56945 56945
 56945 56945 56945 56945 56945 56945 56945 56945 56945 56945 56945 56945
 56945 56945]
10 [13396  4550 56932 11122 11211  7780 15328  1925   468  5206  8761  5804
  2283  4472 56946 56931 56945 56945 56945 56945 56945 56945 56945 56945
 56945 56945 56945 56945 56945 56945 56945 56945 56945 56945 56945 56945
 56945 56945 56945 56945 56945 56945 56945 56945 56945 56945 56945 56945
 56945 56945]
7 [56940 11120  8544 11697  4472 15243 11120  8540 11454  5804  7821 10569
 56932  9000 12764  5240 12407 25977 10291  5804 28519 56940 56931 56945
 56945 56945 56945 56945 56945 56945 56945 56945 56945 56945 56945 56945
 56945 56945 56945 56945 56945 56945 56945 56945 56945 56945 56945 56945
 56945 56945]
2 [ 5224  2270 15484  5226 11120 11093 10241  4562 14915  6950  2890   821
 10067 14705 13936 11211  6197  9490 42375 11120  6255   445  5226 11120
  5723 14443 10067  5138  3733 56931 56945 56945 56945 56945 56945 56945
 56945 56945 56945 56945 56945 56945 56945 56945 56945 56945 56945 56945
 56945 56945]
17 [ 6151 15099 10067  6260 14724 56932 11120  8108 56946 56932 11211  5226
  1884  7494  3073 11350 56932  8882  6151 14777  8589 47273  8493 11518
  4472   683 56942 11804  4472  5699 13396 11120 12673 14251  2861  4563
  3301  5224 11955  1925 16688  4472  4151 11388 56931 56945 56945 56945
 56945 56945]
6 [ 2890 14643  4472 12821  4472 15538  4856  5224 15387  6687  1095  4472
 11120 16679  4472 56946  8509  5224 11100  4472  5804  5544  6192  4472
 12921  5226  5804 11211 11120 56946 11095  5224 15168  1925 14802 56931
 56945 56945 56945 56945 56945 56945 56945 56945 56945 56945 56945 56945
 56945 56945]
32 [12543  6205 56932  6470 56946 56932 13386 14576 11120   681  4472  4151
  8373  5839  2185  4472  8200 12297  6197 11211  5224  9102   582  5231
  1925  5806 10621  9901  1925   468  5206 12297  8159 11211  5224  3612
  4794 13261 13980  4472 11400  9379  8373  3204 56931 56945 56945 56945
 56945 56945]
8 [11120 14299  6299 11211  4151  3455 56946 56940 14219  5226 11211  5224
  8870   987  8493 24415 56946 56932 13396 11122 11211 12764  7709  2529
  4463 13921  4332  4472 13822   949 56940 56931 56945 56945 56945 56945
 56945 56945 56945 56945 56945 56945 56945 56945 56945 56945 56945 56945
 56945 56945]
8 [ 3828 10262   981 13337  4472  6143 56932  3761  8701    64 11211  9606
  6151 11955  4472  9214 56931 56945 56945 56945 56945 56945 56945 56945
 56945 56945 56945 56945 56945 56945 56945 56945 56945 56945 56945 56945
 56945 56945 56945 56945 56945 56945 56945 56945 56945 56945 56945 56945
 56945 56945]
21 [11120  6686  4472  1163  4472  3108  5648   217 56932  8788 56932  8493
   967  6151 11120  5332 10621  1231 13343  9823 56946 29482  6151  4151
 56946 11613 56942 13349 10621  1240 22583  5226 56946 56931 56945 56945
 56945 56945 56945 56945 56945 56945 56945 56945 56945 56945 56945 56945
 56945 56945]
1 [12015  4653  8493 15100  2824  4562 56942   713  3381 56931 56945 56945
 56945 56945 56945 56945 56945 56945 56945 56945 56945 56945 56945 56945
 56945 56945 56945 56945 56945 56945 56945 56945 56945 56945 56945 56945
 56945 56945 56945 56945 56945 56945 56945 56945 56945 56945 56945 56945
 56945 56945]
2 [13441 13478  8908   253  4472  8493  3287 22172 56931 56945 56945 56945
 56945 56945 56945 56945 56945 56945 56945 56945 56945 56945 56945 56945
 56945 56945 56945 56945 56945 56945 56945 56945 56945 56945 56945 56945
 56945 56945 56945 56945 56945 56945 56945 56945 56945 56945 56945 56945
 56945 56945]
17 [56940 11120 12283 10291 15951 10067  7770  6950   582 56946  6151  9168
  4472 11211  1231  3542 12764 31708  5226  4756 10916 56940 56932  1015
 15795 56932 12133 10067  7415  9541  3733 56931 56945 56945 56945 56945
 56945 56945 56945 56945 56945 56945 56945 56945 56945 56945 56945 56945
 56945 56945]
9 [ 6151   661 11211  2417  5804  3861 56932 11120   445  5061 10621  4151
 13864 31867 10267  1004 13171  9158 56931 56945 56945 56945 56945 56945
 56945 56945 56945 56945 56945 56945 56945 56945 56945 56945 56945 56945
 56945 56945 56945 56945 56945 56945 56945 56945 56945 56945 56945 56945
 56945 56945]
3 [12889  5224   864  1373  6111 56932  3245  5466  6151 54399 10646  5804
 17678 56932 56940 12672 11211 15394  2986 13171 12562  6151  5804 10585
 10067  7770  6151 11120  4000  4472 10731 17678  4472  5804 56946 11211
 11597 56940 56932 14504 10215 56931 56945 56945 56945 56945 56945 56945
 56945 56945]
10 [ 5804  2208  4472  1723 10621  4151 14226  2025 10621 10830  5129  1296
  6151  5804 13236 13396  8571  4472  5462 56932 11211  4026 15168  5226
  8406 56934   140 56935 56932  3828  4151  3491 12722  4472  5462 56932
  1884 10621  1723  4730  5137  4472  6710 56931 56945 56945 56945 56945
 56945 56945]
11 [ 5224 12616  4472 13185 10621  8561 15201 12948 11211  5224  2445  1358
  7868 11122  1076 56931 56945 56945 56945 56945 56945 56945 56945 56945
 56945 56945 56945 56945 56945 56945 56945 56945 56945 56945 56945 56945
 56945 56945 56945 56945 56945 56945 56945 56945 56945 56945 56945 56945
 56945 56945]
2 [11120 12545  2127 10753  4693  4472 30602 10621   420 11970 15083 11120
 13450 10067 10386 56932 11211  5848  1298 11149 13021   746  8192 19096
 26970 10621  2436   209 13516  5224  8749 56932 12764  7780  5663 12543
  8493 11851 56931 56945 56945 56945 56945 56945 56945 56945 56945 56945
 56945 56945]
6 [56940 11120  4670 10067 14358 12764  1146  6151  5804  7025 10067  6319
 56940 14260 56940  6905  3861  1859  4213  5534  5207 56946  6151 10333
  4472  6284 10621 56946  5226 14653  4562  1618  4472 14088  1379 13171
  4336  4472  3931   848 11870 56940 56931 56945 56945 56945 56945 56945
 56945 56945]
4 [ 2890 13723  4472 12770 14662  5226 15445 11211  5224 10242  4472  7581
  4472  6467 56932 11966  2128  4472 14393 56932  7780 15328  6151  3969
 11211 56940  1233  5226 11120  3174   635  5224 14358  7494  5224 56946
  4472  5804  2322 56932  3245 11117  4346  5224 56946  4472  5804 12770
 56940 56932]
28 [ 5224 15186  5240 13977 10291 14781 56932  6197 11211  8443 17244 11120
 13172  6555 13371  1408 10067  1056  6232 13280  8871  4472  2890  7977
 56932  8630 12640  1240 20566  5226 11120  8086 10067  2523 11211  5224
   972  6260  1240  1243 11203 10067  6171 14012 56931 56945 56945 56945
 56945 56945]
4 [   19 13721  4472  2062 15803  4472  5804  1069 56932  7956  6226  5804
 10067 13267  4472 11120 16210 56932  5804  3034 17218  4472  4151  9566
  5324 56931 56945 56945 56945 56945 56945 56945 56945 56945 56945 56945
 56945 56945 56945 56945 56945 56945 56945 56945 56945 56945 56945 56945
 56945 56945]
15 [ 8630 11211 11120 15302  5942 56934  4212 10611  2789  6862 10994 56935
 10067  8876 13610   595  5226 56942 11804 15058  1925 12675 11762  4472
 56942 56932  5804  8732 13688 13396  3054  6950   746 15566  5226 56942
 11804 56931 56945 56945 56945 56945 56945 56945 56945 56945 56945 56945
 56945 56945]
10 [ 7868  9535 56932  4151 10633  1925   315  4472  4151  5581 14241 16385
  5804 56942 11804 10621  5226  2890  2689 10621  5609  1240   746  8806
 10555  4472  4803 13396 56942 11804 56931 56945 56945 56945 56945 56945
 56945 56945 56945 56945 56945 56945 56945 56945 56945 56945 56945 56945
 56945 56945]
3 [ 5224 56946  6950 17665 15003  2160 13396  5224  4556 10621  4472  9359
 13387 56931 56945 56945 56945 56945 56945 56945 56945 56945 56945 56945
 56945 56945 56945 56945 56945 56945 56945 56945 56945 56945 56945 56945
 56945 56945 56945 56945 56945 56945 56945 56945 56945 56945 56945 56945
 56945 56945]
4 [10621 12937  4151 28321 28075  5226 11120 56946  4472 11120  1724 14260
  4472  2317 17681 11120 11169 14564 10621  4151  2123  3039 56931 56945
 56945 56945 56945 56945 56945 56945 56945 56945 56945 56945 56945 56945
 56945 56945 56945 56945 56945 56945 56945 56945 56945 56945 56945 56945
 56945 56945]
1 [12015  7844  2890  9750 11211  9490 12355 11120  3841  4472 32047 10067
  5765 56933  1231 14623  3936 14297  2317 56932  9000 12342  9490 13848
  2890 13893 10621  8493 16919  5226 11120  5918 56931 56945 56945 56945
 56945 56945 56945 56945 56945 56945 56945 56945 56945 56945 56945 56945
 56945 56945]
22 [12015  7844  2890  9750 11211  9490 12355 11120  3841  4472 32047 10067
  5765 56933  1231 14623  3936 14297  2317 56932  9000 12342  9490 13848
  2890 13893 10621  8493 16919  5226 11120  5918 56931 56945 56945 56945
 56945 56945 56945 56945 56945 56945 56945 56945 56945 56945 56945 56945
 56945 56945]
10 [14260  5804 19211  4472 18789 23171 12764  8540  6289 11211   418  9662
  4607 56931 56945 56945 56945 56945 56945 56945 56945 56945 56945 56945
 56945 56945 56945 56945 56945 56945 56945 56945 56945 56945 56945 56945
 56945 56945 56945 56945 56945 56945 56945 56945 56945 56945 56945 56945
 56945 56945]
3 [12297 13933 11122 12013 56937 56945 56945 56945 56945 56945 56945 56945
 56945 56945 56945 56945 56945 56945 56945 56945 56945 56945 56945 56945
 56945 56945 56945 56945 56945 56945 56945 56945 56945 56945 56945 56945
 56945 56945 56945 56945 56945 56945 56945 56945 56945 56945 56945 56945
 56945 56945]
3 [12297  5224  8198 16207 56937 56945 56945 56945 56945 56945 56945 56945
 56945 56945 56945 56945 56945 56945 56945 56945 56945 56945 56945 56945
 56945 56945 56945 56945 56945 56945 56945 56945 56945 56945 56945 56945
 56945 56945 56945 56945 56945 56945 56945 56945 56945 56945 56945 56945
 56945 56945]
4 [14260 11122 10067 28578 56946 56931 56945 56945 56945 56945 56945 56945
 56945 56945 56945 56945 56945 56945 56945 56945 56945 56945 56945 56945
 56945 56945 56945 56945 56945 56945 56945 56945 56945 56945 56945 56945
 56945 56945 56945 56945 56945 56945 56945 56945 56945 56945 56945 56945
 56945 56945]
2 [ 5224 56946  7198 10703 56932  9000 17589  1148 14802 56933  5224  5738
 56932 53746 10621 56946 13371 14914 13396  5804 22334 11211 11236  4472
  1231 56946 56946 56932  6950  1240 18541  6151  1168 12675 10621 12764
 37879    13 12479 11211  5224  4472  1231 12759  8284 56932 11372 14102
    19 13277]
1 [13478  8396 12672 10067 25675 56932  9000   788 11122 16998 56931 56945
 56945 56945 56945 56945 56945 56945 56945 56945 56945 56945 56945 56945
 56945 56945 56945 56945 56945 56945 56945 56945 56945 56945 56945 56945
 56945 56945 56945 56945 56945 56945 56945 56945 56945 56945 56945 56945
 56945 56945]
9 [13478  8396 12672 10067 25675 56932  9000   788 11122 16998 56931 56945
 56945 56945 56945 56945 56945 56945 56945 56945 56945 56945 56945 56945
 56945 56945 56945 56945 56945 56945 56945 56945 56945 56945 56945 56945
 56945 56945 56945 56945 56945 56945 56945 56945 56945 56945 56945 56945
 56945 56945]
2 [ 5534  9625 15201 10291 11120  7645  2091 15944  2735  4472  2865 11117
 40187 10067  5138 56932 12764  1240  4125 50529  5529  6151  2890 11640
  4562   893 11211  1240 56946 10067  2052 10067 11554 10291  3142  2890
 15168  7785 56932 10954  6151   577 12407  4643  6151 12342 12675 56931
 56945 56945]
6 [10621   229  1139 11211 21258 11122 56946  4562  5224  4476  3612 11697
 10621 12764  4562  5224  5901  2610  4472 13280  8373  9348 56931 56945
 56945 56945 56945 56945 56945 56945 56945 56945 56945 56945 56945 56945
 56945 56945 56945 56945 56945 56945 56945 56945 56945 56945 56945 56945
 56945 56945]
15 [13487  5224  6256 15795 56946 56932  5224 56946  6223 15952 10621  5224
   473  5546 16711 56946  6151  3125 56931 56945 56945 56945 56945 56945
 56945 56945 56945 56945 56945 56945 56945 56945 56945 56945 56945 56945
 56945 56945 56945 56945 56945 56945 56945 56945 56945 56945 56945 56945
 56945 56945]
5 [ 4472 12752 11211 23960 56946 56946 32364 17193 56931 56945 56945 56945
 56945 56945 56945 56945 56945 56945 56945 56945 56945 56945 56945 56945
 56945 56945 56945 56945 56945 56945 56945 56945 56945 56945 56945 56945
 56945 56945 56945 56945 56945 56945 56945 56945 56945 56945 56945 56945
 56945 56945]
5 [12297 13396 11149 12764 11120  5783 56946  5226 13579 56932  3828 12764
  4125 56946 10621 11813 10341  4036 56932 10621  1168  5226 13732 56937
 56945 56945 56945 56945 56945 56945 56945 56945 56945 56945 56945 56945
 56945 56945 56945 56945 56945 56945 56945 56945 56945 56945 56945 56945
 56945 56945]
10 [ 6197  5226  1787  1240  7780  1504  6226 56932 10621  6226  7578  6151
  9496 56932  5226 11669 10933  1591  4472 11120 12297  8946 12711 12297
 56931 56945 56945 56945 56945 56945 56945 56945 56945 56945 56945 56945
 56945 56945 56945 56945 56945 56945 56945 56945 56945 56945 56945 56945
 56945 56945]
33 [15083 10067 12679  7759  4472 11120  2809 56946  1132  5224  7347  1540
  4472 56946 56932 10621 13371  9379  8373 56932   473 10621  6256 56932
 14811 12758   425  1578 56932  5240  8931 11211  1240 31241  4562  8025
  1925  7261 56931 56945 56945 56945 56945 56945 56945 56945 56945 56945
 56945 56945]
5 [ 9000  5534  6151  2814  1240 14273  3641 14213 10621 15564  5534 13831
  6151 11932  4472  3612 56932  5207 56946  3104   683  6151 10025 56931
 56945 56945 56945 56945 56945 56945 56945 56945 56945 56945 56945 56945
 56945 56945 56945 56945 56945 56945 56945 56945 56945 56945 56945 56945
 56945 56945]
3 [ 5224 13171  9158 11121  6151 11120 13171  8581 56931 56945 56945 56945
 56945 56945 56945 56945 56945 56945 56945 56945 56945 56945 56945 56945
 56945 56945 56945 56945 56945 56945 56945 56945 56945 56945 56945 56945
 56945 56945 56945 56945 56945 56945 56945 56945 56945 56945 56945 56945
 56945 56945]
3 [56940  9931 56940  1213  5224 12837  4472   545 10291 12653  1925  9699
  4472 11120 14705 10621   676  1231  8288  2729 56931 56945 56945 56945
 56945 56945 56945 56945 56945 56945 56945 56945 56945 56945 56945 56945
 56945 56945 56945 56945 56945 56945 56945 56945 56945 56945 56945 56945
 56945 56945]
14 [ 4770 11120 13675   441 10621  5240 13171 13466 11211  4151 14745 10067
 46968  1240 53444 56932  5226 11120 13675 12921 56932 13171  4231 11211
 11120  8008 10067  9699 56931 56945 56945 56945 56945 56945 56945 56945
 56945 56945 56945 56945 56945 56945 56945 56945 56945 56945 56945 56945
 56945 56945]
18 [ 4472 10142 56932  5240  6477 11211 15145 13171 13466 11211 11120  8290
 12220  8972  1240  5588  5534 11122 13280 11120 11093 56931 56945 56945
 56945 56945 56945 56945 56945 56945 56945 56945 56945 56945 56945 56945
 56945 56945 56945 56945 56945 56945 56945 56945 56945 56945 56945 56945
 56945 56945]
7 [ 5224  4667  2092  4472  5488 21263  1240 12441  4472 22519  5226  9844
  4151  6857 11622 11211  2752  5224  5960 56931 56945 56945 56945 56945
 56945 56945 56945 56945 56945 56945 56945 56945 56945 56945 56945 56945
 56945 56945 56945 56945 56945 56945 56945 56945 56945 56945 56945 56945
 56945 56945]
19 [14260 56932 13171 11211  1812 10621  9786 56932 13171 11211 11120 12759
  7626 56932  5224 10977 10621 11120 24223 56946 11120  4903  4472  1163
 10067  7238  4161 13280  9198  8871  4472  2890  1702 56931 56945 56945
 56945 56945 56945 56945 56945 56945 56945 56945 56945 56945 56945 56945
 56945 56945]
2 [14914 12691 11108  5804 15297 10611  3333 10621  1201 56932 14655 10621
   882 56943 56945 56945 56945 56945 56945 56945 56945 56945 56945 56945
 56945 56945 56945 56945 56945 56945 56945 56945 56945 56945 56945 56945
 56945 56945 56945 56945 56945 56945 56945 56945 56945 56945 56945 56945
 56945 56945]
34 [ 9000  1233 11120 12596  6636 13171  8973   373  4604 11617 56932 12703
 12379  6252 25317 34777  4185  1925 14198  4472 39278 56934  1925  7581
 16130 13171  8965 56935 56932  4472  7171 11211    68  5523  8540  2738
 12135  5226 11120  7038  2358  5226   425 12596  4472 11419 56931 56945
 56945 56945]
1 [12764 15345 56932 14931  8998 56932 19292 11211   365  5226   425  5404
 56931 56945 56945 56945 56945 56945 56945 56945 56945 56945 56945 56945
 56945 56945 56945 56945 56945 56945 56945 56945 56945 56945 56945 56945
 56945 56945 56945 56945 56945 56945 56945 56945 56945 56945 56945 56945
 56945 56945]
8 [ 5240 13171 56932 11120 12297 11732  2106 12297 10014  6151  2529  8493
 12297 11732 12149 12297  4561  6151  6221 11120  3935 56931 56945 56945
 56945 56945 56945 56945 56945 56945 56945 56945 56945 56945 56945 56945
 56945 56945 56945 56945 56945 56945 56945 56945 56945 56945 56945 56945
 56945 56945]
8 [14352 10213  3389 10067 13893 13371  3077 16294 34224   494  5226  4151
 13728 25818  4472  7821 11211 56932 53426  2370 53426 56932 16761 15023
  5224   273  4472 12921 56931 56945 56945 56945 56945 56945 56945 56945
 56945 56945 56945 56945 56945 56945 56945 56945 56945 56945 56945 56945
 56945 56945]
1 [12764  4413  2529 28759  6151 11120 13877 11938 11211 56946  5237  6151
  8596 38785  4151 33920 56946  4472 11120 11093   207 56932  4562 13822
 10219 56932 13371   746  2729  4472 16212 17478 36495 10067 56946 56932
  5217 29951  4161  3721 56946 56932 10621 13371  1240  5787  5226  5224
 56946  4562]
2 [ 5224  4154  6201  5224   515  4472  9728 11211  1776  4472  4864  5217
  2890 14293   763 56931 56945 56945 56945 56945 56945 56945 56945 56945
 56945 56945 56945 56945 56945 56945 56945 56945 56945 56945 56945 56945
 56945 56945 56945 56945 56945 56945 56945 56945 56945 56945 56945 56945
 56945 56945]
9 [12297 11122  7249 11211 10501  5240 11211  8493  1976  1373 11646 11871
  2861 11120  4472  5140  3017  6151  4151  4472 11120  8945 56932 10621
  3694  6151  4151  4472  5804 24959 12297 56932 18451  8503  4472  5804
 32670 10067  4667  4472  5997 12297  1268  4472  9751 56931 56945 56945
 56945 56945]
16 [12297 11122  7249 11211 10501  5240 11211  8493  1976  1373 11646 11871
  2861 11120  4472  5140  3017  6151  4151  4472 11120  8945 56932 10621
  3694  6151  4151  4472  5804 24959 12297 56932 18451  8503  4472  5804
 32670 10067  4667  4472  5997 12297  1268  4472  9751 56931 56945 56945
 56945 56945]
7 [ 4550 13261 11120 56946  4969  3993 13386 11707  4151 11488  4472 11120
  1019 10621  1240  6472  5226 11120 56946  4472 13529 18588 11623 56931
 56945 56945 56945 56945 56945 56945 56945 56945 56945 56945 56945 56945
 56945 56945 56945 56945 56945 56945 56945 56945 56945 56945 56945 56945
 56945 56945]
15 [ 4550 13261 11120 56946  4969  3993 13386 11707  4151 11488  4472 11120
  1019 10621  1240  6472  5226 11120 56946  4472 13529 18588 11623 56931
 56945 56945 56945 56945 56945 56945 56945 56945 56945 56945 56945 56945
 56945 56945 56945 56945 56945 56945 56945 56945 56945 56945 56945 56945
 56945 56945]
1 [ 5314 56946 11211 12297  5224  8907  4472 11673   445  4472  8070  5240
  9064 56932 10621  5224 16058 11211  5293 56932 56946 56933 12764  1240
 14190  6151 11122 11211  7780  9228  1452 11120 26775  9823  4472  4151
 12831  4472  3572 12297 56931 56945 56945 56945 56945 56945 56945 56945
 56945 56945]
11 [ 5314 56946 11211 12297  5224  8907  4472 11673   445  4472  8070  5240
  9064 56932 10621  5224 16058 11211  5293 56932 56946 56933 12764  1240
 14190  6151 11122 11211  7780  9228  1452 11120 26775  9823  4472  4151
 12831  4472  3572 12297 56931 56945 56945 56945 56945 56945 56945 56945
 56945 56945]
21 [10291 12082 12342  7780  8192  5224  7811  9230  4472  9322 11211  7780
 14502 10621  5240  8493 10168 11211 13822  6161  1240  3513  1925 44165
 13396  5224 56946  4472  8127 56931 56945 56945 56945 56945 56945 56945
 56945 56945 56945 56945 56945 56945 56945 56945 56945 56945 56945 56945
 56945 56945]
18 [ 8630  2048 11120 15330 56932  2606  7780  3609 14496  1925  9682 56932
 12889  5804 11211 14423 13822  5747 12013 11211  5224  7247 12764  3645
  6151  2529 13371  5224  8098  4472  5278  2128  1925  7538  4472 11120
  8319 56931 56945 56945 56945 56945 56945 56945 56945 56945 56945 56945
 56945 56945]
23 [ 8630  2048 11120 15330 56932  2606  7780  3609 14496  1925  9682 56932
 12889  5804 11211 14423 13822  5747 12013 11211  5224  7247 12764  3645
  6151  2529 13371  5224  8098  4472  5278  2128  1925  7538  4472 11120
  8319 56931 56945 56945 56945 56945 56945 56945 56945 56945 56945 56945
 56945 56945]
1 [ 5207 13126 11120   207 21244 56932  9000 14914  1004 56946 11267  5240
 11120 12191 10067 11555 10621  1233   428  7709 17339  1925  9843  1233
  1240 56946  4472 11120 20858 56931 56945 56945 56945 56945 56945 56945
 56945 56945 56945 56945 56945 56945 56945 56945 56945 56945 56945 56945
 56945 56945]
3 [11120 56946 11120  9490 56946  4161  5224  1601  4472 12764 56946 11211
   375 11120 12673 56932 10621 11120  9490  7039 56946 10621 44600 56932
 10621 19567 10067  1926 56931 56945 56945 56945 56945 56945 56945 56945
 56945 56945 56945 56945 56945 56945 56945 56945 56945 56945 56945 56945
 56945 56945]
6 [13554 11120  7132 13371 11120 12467  8396 12297  9761 12297 13396   683
  5895 56931 56945 56945 56945 56945 56945 56945 56945 56945 56945 56945
 56945 56945 56945 56945 56945 56945 56945 56945 56945 56945 56945 56945
 56945 56945 56945 56945 56945 56945 56945 56945 56945 56945 56945 56945
 56945 56945]
19 [13487  5804  6101  7394  6862 56946 56946  8493 14251  4472  5487 56932
  2890 33279 22329  4472  8958  4472 13276 17975 10611  5804 12063 36356
 10621  5804 56946  1240 56946  7956  5224 56946 10067  9084 10291   594
  1925 28211 56931 56945 56945 56945 56945 56945 56945 56945 56945 56945
 56945 56945]
5 [11120  1748  5240 11211 13290  5762 12889 12764  1240  7709 23910 11211
  5534  1200  5224  4981 13478 19456 11673  3852 13137 11211 12171  8156
  1532 11372 42108 56934  4195  5804 28362 56935  9000 11211 13478 56932
  8355  5804 28362 56932 11292  6151  9687  4562 11120  4188  1502 56931
 56945 56945]
9 [11120  1748  5240 11211 13290  5762 12889 12764  1240  7709 23910 11211
  5534  1200  5224  4981 13478 19456 11673  3852 13137 11211 12171  8156
  1532 11372 42108 56934  4195  5804 28362 56935  9000 11211 13478 56932
  8355  5804 28362 56932 11292  6151  9687  4562 11120  4188  1502 56931
 56945 56945]
13 [11120  1748  5240 11211 13290  5762 12889 12764  1240  7709 23910 11211
  5534  1200  5224  4981 13478 19456 11673  3852 13137 11211 12171  8156
  1532 11372 42108 56934  4195  5804 28362 56935  9000 11211 13478 56932
  8355  5804 28362 56932 11292  6151  9687  4562 11120  4188  1502 56931
 56945 56945]
17 [11120  1748  5240 11211 13290  5762 12889 12764  1240  7709 23910 11211
  5534  1200  5224  4981 13478 19456 11673  3852 13137 11211 12171  8156
  1532 11372 42108 56934  4195  5804 28362 56935  9000 11211 13478 56932
  8355  5804 28362 56932 11292  6151  9687  4562 11120  4188  1502 56931
 56945 56945]
3 [ 5804 32272 11122 39556  7811 11211 14099 56931 56945 56945 56945 56945
 56945 56945 56945 56945 56945 56945 56945 56945 56945 56945 56945 56945
 56945 56945 56945 56945 56945 56945 56945 56945 56945 56945 56945 56945
 56945 56945 56945 56945 56945 56945 56945 56945 56945 56945 56945 56945
 56945 56945]
8 [ 5224 11131  7780  9002 12002 11211  8361 11581  5088  6151 11755  1883
  5226  9888  4562  8493  8581 10621  8682  4476 56932  6151 11120 11211
  5207  7780  8192 15526  6647 56931 56945 56945 56945 56945 56945 56945
 56945 56945 56945 56945 56945 56945 56945 56945 56945 56945 56945 56945
 56945 56945]
8 [ 2890  2455   897 10621  6151 12937  1850 10870 56946 14279  5226 11120
  3489 56931 56945 56945 56945 56945 56945 56945 56945 56945 56945 56945
 56945 56945 56945 56945 56945 56945 56945 56945 56945 56945 56945 56945
 56945 56945 56945 56945 56945 56945 56945 56945 56945 56945 56945 56945
 56945 56945]
7 [  428 12764 11117 42346  2861  1231    27 16794 31539  6205 56931 56945
 56945 56945 56945 56945 56945 56945 56945 56945 56945 56945 56945 56945
 56945 56945 56945 56945 56945 56945 56945 56945 56945 56945 56945 56945
 56945 56945 56945 56945 56945 56945 56945 56945 56945 56945 56945 56945
 56945 56945]
3 [12297  5224 45321 34395 56932  4125 56946 10621 56946 56932 13371  1233
   375  4472 13305 56931 56945 56945 56945 56945 56945 56945 56945 56945
 56945 56945 56945 56945 56945 56945 56945 56945 56945 56945 56945 56945
 56945 56945 56945 56945 56945 56945 56945 56945 56945 56945 56945 56945
 56945 56945]
