25 [ 2091   455 11117  1043 56932 12764  2451 56932 10291 11400 15225  4562
 14764  6151  5804  4679  4055 56932  7868 15201  5224 12754  9287 56932
 11211 15083  6950  7780 15328  6151 14244 56942  5056 56931 56945 56945
 56945 56945 56945 56945 56945 56945 56945 56945 56945 56945 56945 56945
 56945 56945]
25 [ 9000  5226 11120 14693 16605  5217 13280 11554 13396  5224   653 10621
 11120  8755  1912  1633  5224  1958 10988  4472 11120  4687 56932 56946
  9127   217 11211 56940 12764  7703 13018  5224  9338  1925  5045 13396
  5045 56940 56931 56945 56945 56945 56945 56945 56945 56945 56945 56945
 56945 56945]
16 [ 6226 11122  5545  2861  6151  5804  4509 10067 56946 56932 13396  7932
  1925  5683 13579 56932  6197 15394 13126  3549 56932 10621  4161  3582
 56931 56945 56945 56945 56945 56945 56945 56945 56945 56945 56945 56945
 56945 56945 56945 56945 56945 56945 56945 56945 56945 56945 56945 56945
 56945 56945]
2 [ 4472 18899  6151  9687 56932 11120   990 39795  8493  3174  4562  8732
 22857  4472 56942 11804  4472  5895  8630 11211  5804 13767  7329  8407
 56946  1925  8871  2890  4052  4472 56942 11804  4472  5895 56931 56945
 56945 56945 56945 56945 56945 56945 56945 56945 56945 56945 56945 56945
 56945 56945]
17 [ 2890  4065  4472 56946  4461 56932 56946   713 10621 56946  6381 56932
  1240 11936   217 10291 15390  1296  6151  4151 11003  5226 11120 12165
  1562 10471  5217  5224 13019 10067  4817 12909  5955  5735 56932  5226
 56942 56931 56945 56945 56945 56945 56945 56945 56945 56945 56945 56945
 56945 56945]
13 [ 6151   424 15058 56932  5224  9230  4472 14299 56932  3261  2435 56932
 15005 12948  4472 11211  5224 11211 12764  1240 56946 56940  6667  4151
  3336 56946 11211  5224  7581  7780  1076 56940 56931 56945 56945 56945
 56945 56945 56945 56945 56945 56945 56945 56945 56945 56945 56945 56945
 56945 56945]
33 [13396  1231 12135 56932 11120  1035 15161  4472  5430 56932 15066  4472
  8598 56932 14039  6997 11211 11120  4687  5240 14653  4472  4151  6505
  2844 56932 56940  8993 11211 11120   990  1240 27171 13974 10067  4842
  8984 56940 56932  6151 11122 11211  6299 11211 11120  6805  2551  5676
 56946  1233]
6 [ 1233  6151 11120  8328 11117  9680  8993  7291  6151 14923  6909 56932
  5226 13478  5804  3204  4472 11120 12767 56932 12889  1240 56946  1925
 15175 56932  7780  4472    52  2890 13638 56932  2890 56946 10621 56932
  6151 10778  2529 56932  2890 11279 56931 56945 56945 56945 56945 56945
 56945 56945]
25 [11120  3806  5972   582  9514  2890  4322 10291 11211  5804 13767  4472
 11120 13902 10621  5224 14679  9658  5307  6151 13478  5804 10700 56932
  1040   217  5224  1034  4472 14679  4472 11120 12613 15161 56934  2894
 56935 56932  4181 11062 56931 56945 56945 56945 56945 56945 56945 56945
 56945 56945]
15 [ 5804 13171 15612 47576 56934 21018  4472 23855 56935 10067  1926  1240
 11138  1404  5217 12948  5226  5806 10291  5418 16584  6151  5804  9964
  4472  2576 56931 56945 56945 56945 56945 56945 56945 56945 56945 56945
 56945 56945 56945 56945 56945 56945 56945 56945 56945 56945 56945 56945
 56945 56945]
12 [11120 41753  9823 10067  2880  4472 13893  1240  7780 13381  5226  4492
  5545  6151  8850 10793 56932  1233  4518 12764  7780  9591 11932  5224
 12939  4472  2091 56932 11211  8783 11120  5807  4472 56946 16027 15505
   211 11120 23290  4472  2890  8512  4472  6927   848  2890  2445  4472
  2677 56931]
30 [14931 11744 56932 10291 11211  1240 11117 12452 11120  5157 13396  8373
  5137 11211  1240 11117 41295 13280  5544  9939   582  7099 12543 11120
  5311 10621  1231  4670  9840 56946 12543 12424 11970 56931 56945 56945
 56945 56945 56945 56945 56945 56945 56945 56945 56945 56945 56945 56945
 56945 56945]
26 [12889 11120 12267  4472 12753 14190 11349 56932  5226  6523 10067  9541
 10718 56932 11211 13684  5224  8876  9230 10502  5264 10621  4890  7346
  5769 10331   217  1231  8069 56932  1240 15622 11120  4670 11211  9614
 13554 56946 13371  5804  7568  3204 56946 56931 56945 56945 56945 56945
 56945 56945]
16 [ 5224 14479  2203  6151 38033 13396  2890 10119 56944  5226  5224 11211
 11120 11093  8998 14190  6197 54812 56932 13396 11122 11211  6226 19329
  6151 11211  5513  9775 18533 13261  5224 13057  8086 56931 56945 56945
 56945 56945 56945 56945 56945 56945 56945 56945 56945 56945 56945 56945
 56945 56945]
9 [ 5226  8857 12687 56932  5224  3835  8320 23718 56932  3245  6151  6662
  4472 13811 56932 11211 12764  1240  4563 13837  4004 56946   848 14931
  6849 10067  8086  5226  5224 10119  1107  8984 56932  3874  5666  7909
 13396 11120  3077 56931 56945 56945 56945 56945 56945 56945 56945 56945
 56945 56945]
6 [13482  4562  5224  3612 37764 56932  3245  1240 12680  5226  5224  6812
  5224 12835 10067  6260  7415  5798  4472  1723 56932 35377 56946 56932
 11211  1668 13482  4562  5224  9923 21105 56946 56932 56946  4472 11120
 24028 56946 56931 56945 56945 56945 56945 56945 56945 56945 56945 56945
 56945 56945]
2 [ 5226  3646 56932 12948  1240  8978  5224 14399 10611  4942 56932  8567
 10621  9541 12776 56934 14363 56935 11211  1670  2890   653   763  4472
  6462 56932 11211 10475  3030 13396  5224 15512  4758  6777 56931 56945
 56945 56945 56945 56945 56945 56945 56945 56945 56945 56945 56945 56945
 56945 56945]
12 [56940 11372  2890 11998  4472  6244  6151 11120 13806 56940 56932  1243
 12948 11958  4170 56932  1971  4472 11120  6805  4472  6503 10621   772
   326 10067  7966  4472 13732 56931 56945 56945 56945 56945 56945 56945
 56945 56945 56945 56945 56945 56945 56945 56945 56945 56945 56945 56945
 56945 56945]
13 [ 4562  8493 12101  7035 13396 56942  8330 56932 11120  9745  1240  7780
 13771  3245  6151  5606  3084 24292  4472  3464 13387 10291   775  1231
 11199  4472  5869  2861 14180  9140 10358  4472  6226  5224  1926 10621
  5804  5643  5226  1723 56931 56945 56945 56945 56945 56945 56945 56945
 56945 56945]
12 [ 1925  6117  4472 11120  1016  4472  4284 56932 11120 11840  7780  5159
  3245 13396 10021 13822 13817  4472  5869  6151 11120  4194  5822 56932
 10621  7780  2729  5226 14390  8493  3723 10291 14342  3245  6151  7608
  4472  1335 56931 56945 56945 56945 56945 56945 56945 56945 56945 56945
 56945 56945]
4 [ 5226  5224 10103  4966  3245  2430  3662 56932  5224  4569  4263  6151
  7423 56932 13386 56932  7868  7898 15646  4293  4461 56932  9840  5506
  5226  5224  2792  4472 11120  5956 56940  4472  9591 56940  5226 13440
  4472 11211  5224  2189 12000  5226 11120  8290  7037 56932  6418  6151
 11120 13205]
16 [ 5224 30057  5240  8493 50195  5226 11120 21362  4472 11120  5272 10621
  1925 56946 11117 10501  3245 11122 11211  6151 11120   520 56946  2861
 11211  1233 11117 56946 11120 50195 12764  1240  6469  5226  8493 27590
 56932 10954 11211  1240  4770 10291  6221 11120  7626 13371  8493 56946
 56946 10621]
6 [10621 13396  6226   428  7780  8192  4550  8530 56931 56945 56945 56945
 56945 56945 56945 56945 56945 56945 56945 56945 56945 56945 56945 56945
 56945 56945 56945 56945 56945 56945 56945 56945 56945 56945 56945 56945
 56945 56945 56945 56945 56945 56945 56945 56945 56945 56945 56945 56945
 56945 56945]
22 [ 5224  5778  5436 11705  1231  4136  4472 11673  3111   635 56932 16786
 11211 12764  5240  5226   195 17005  1925  1926 22746  2861  6197  8821
  5226  6542  9239  5226 56942 56931 56945 56945 56945 56945 56945 56945
 56945 56945 56945 56945 56945 56945 56945 56945 56945 56945 56945 56945
 56945 56945]
16 [10621  5240 11211  5224 17569 56932  5226 12342 10621  5226  1231 12297
 12238 12297 56932  5240   217  1969  2890  9463 13171 11211  8493 55748
 56933  2890 10103  4472 12191 13171 11211  4472  8157 56931 56945 56945
 56945 56945 56945 56945 56945 56945 56945 56945 56945 56945 56945 56945
 56945 56945]
17 [10621  5240 11211  5224 17569 56932  5226 12342 10621  5226  1231 12297
 12238 12297 56932  5240   217  1969  2890  9463 13171 11211  8493 55748
 56933  2890 10103  4472 12191 13171 11211  4472  8157 56931 56945 56945
 56945 56945 56945 56945 56945 56945 56945 56945 56945 56945 56945 56945
 56945 56945]
11 [13396 11120 12673  1569  4314 13396  4151 14633  4472 30827 56932  3245
  5226  1906 56932  2890 15367   284  4472   420   260   935 13396 16190
 16387  3166 56934 56942 12297 56942 56935  5226  5224 11211 12297  5224
 10169 10621  5224 14847  4563  8192 42868 13371  2890  6226 10813 12297
 56933  5240]
6 [10621   428 14190 14347 56932 12764  6950 10291  5804  2444 56932 10954
 10291 11646 13083 14494 56931 56945 56945 56945 56945 56945 56945 56945
 56945 56945 56945 56945 56945 56945 56945 56945 56945 56945 56945 56945
 56945 56945 56945 56945 56945 56945 56945 56945 56945 56945 56945 56945
 56945 56945]
5 [ 4472 11673  7384 10960 56946  7397  8493 10823 56931 56945 56945 56945
 56945 56945 56945 56945 56945 56945 56945 56945 56945 56945 56945 56945
 56945 56945 56945 56945 56945 56945 56945 56945 56945 56945 56945 56945
 56945 56945 56945 56945 56945 56945 56945 56945 56945 56945 56945 56945
 56945 56945]
