15 [ 5224 11366  9230  1040 11211 56940   784  4472  4151   420  8719  5240
 13171 44858 11211 11120    19 56940 56932 12889  6205  9371  1933  4161
  8834 15117 13171 56946 13396 11120  6805 56932 10611 11904  5224 17033
  4472  2890 23289 13396  2642  4472  2890 15912  1909 10621  2890 30994
 56931 56945]
14 [ 6151 14849 10067  3443 11085 56932   784 33722  2801  7780  8192 15111
  4472 21383  5224  2222  4472  2890  5589 48071 56932  4472  2890 56946
   848  4472  2890 56946  4472 56946 56931 56945 56945 56945 56945 56945
 56945 56945 56945 56945 56945 56945 56945 56945 56945 56945 56945 56945
 56945 56945]
16 [11120  5404    36 10067  3071  9541    85 12543 13171  1975  1925  3772
  4562  7678 10067 10803  8493 14564 14988  4472  4391  6011  4562  5224
 12213 56940  5774  1137 56946 56940 56932 11211 11292 13371  7621  8493
  8784  4472   993 56931 56945 56945 56945 56945 56945 56945 56945 56945
 56945 56945]
