14 [ 5224  5322  4472 11120  8755  1912 56932 16037 14783 56946 56932  1240
  3623  5545  6151 11120  4687  4472  6952  4472  5804  3859 10621  7620
 13171  4518 13396  5224  5858  4472 46789  5224 56940 39584 56940 16352
 56931 56945 56945 56945 56945 56945 56945 56945 56945 56945 56945 56945
 56945 56945]
4 [ 5224 56946   373  7376  4472  2868 56931 56945 56945 56945 56945 56945
 56945 56945 56945 56945 56945 56945 56945 56945 56945 56945 56945 56945
 56945 56945 56945 56945 56945 56945 56945 56945 56945 56945 56945 56945
 56945 56945 56945 56945 56945 56945 56945 56945 56945 56945 56945 56945
 56945 56945]
7 [ 5224  6251  4472 13223 12387  2986 11515 56932  4562  5615  4472 11616
 10621 10025 56946 13396  1231  5632  1329 10621 14869 56931 56945 56945
 56945 56945 56945 56945 56945 56945 56945 56945 56945 56945 56945 56945
 56945 56945 56945 56945 56945 56945 56945 56945 56945 56945 56945 56945
 56945 56945]
8 [ 5224  6251  4472 13223 12387  2986 11515 56932  4562  5615  4472 11616
 10621 10025 56946 13396  1231  5632  1329 10621 14869 56931 56945 56945
 56945 56945 56945 56945 56945 56945 56945 56945 56945 56945 56945 56945
 56945 56945 56945 56945 56945 56945 56945 56945 56945 56945 56945 56945
 56945 56945]
15 [ 5224 13488 10067  1248 15648  6151 14196 11211  5804 15989 10067  1437
 12669 12407 15611  6151  5804 10067  6260 56932 11664  5240 12407  6477
 11211  5224  1387 12764 14856  7409 56932 11372  1240  5207  7871  4562
 14007 14164 56946 56931 56945 56945 56945 56945 56945 56945 56945 56945
 56945 56945]
26 [ 5224  9230  4472  9786 56932 16018 42373 56932 14576 11211 56940  5224
   653 10377 11211  1490 14659 11211  1240  5824  5226  5224 10386  2355
 15145 37634 10291  5804 15544 56932  5283  3434 10621 14729 56940 56931
 56945 56945 56945 56945 56945 56945 56945 56945 56945 56945 56945 56945
 56945 56945]
4 [ 9992  1240  3623  5545  6151 11211  5226 11120  6805  4472 13272   881
  4472 11120  1391  1240 56946  6151  1490  6319 13396 11120 13450  5226
 11211  1240 12680 56932 14260 56940 11122 11211   753 11211  8606 12297
  6299 12297  5240  9678  5224 11426 10621 11120 12283 56940 56931 56945
 56945 56945]
10 [ 4151 11487  4472 11120 10157  8311   746  7581   264  8020  5226  4151
   420  2185  4472 10185  4472  4151  3455  4472   743 56931 56945 56945
 56945 56945 56945 56945 56945 56945 56945 56945 56945 56945 56945 56945
 56945 56945 56945 56945 56945 56945 56945 56945 56945 56945 56945 56945
 56945 56945]
10 [11120  5404    36 10067  3071  9541    85 12543 13171  1975  1925  3772
  4562  7678 10067 10803  8493 14564 14988  4472  4391  6011  4562  5224
 12213 56940  5774  1137 56946 56940 56932 11211 11292 13371  7621  8493
  8784  4472   993 56931 56945 56945 56945 56945 56945 56945 56945 56945
 56945 56945]
12 [11120  5404    36 10067  3071  9541    85 12543 13171  1975  1925  3772
  4562  7678 10067 10803  8493 14564 14988  4472  4391  6011  4562  5224
 12213 56940  5774  1137 56946 56940 56932 11211 11292 13371  7621  8493
  8784  4472   993 56931 56945 56945 56945 56945 56945 56945 56945 56945
 56945 56945]
14 [ 5226  2702 56932  1240  4319 11211  5534 11120  4127 12764  7706 11434
   675  5617 13396 11646  6118 56932  5224  7581  5676 13176  6151  6191
  6151  4151  8155 11211  8185  5492  7764 10877   848  1610  5226  1231
 10423 13371 11575  3233  4472  2890   837  4472  8728 56932  6205 13371
  6151  4151]
7 [ 5224  1782  4472 15610    85 12407   201  4562  5224   653  5769 13396
 56940  8606 11122 15526 10291 13853  5224 11627 10067  3172  4472  9584
 56940 56931 56945 56945 56945 56945 56945 56945 56945 56945 56945 56945
 56945 56945 56945 56945 56945 56945 56945 56945 56945 56945 56945 56945
 56945 56945]
7 [56940 13822 17140  4472 14747   865 24222  4472 16875 56931 12764   753
  3260  5226 47979 11211 12764  2273  5226 56946 56940 56932  8964  5825
 56931 56945 56945 56945 56945 56945 56945 56945 56945 56945 56945 56945
 56945 56945 56945 56945 56945 56945 56945 56945 56945 56945 56945 56945
 56945 56945]
13 [ 7868  6118 56946 56932 11120  9453  8657  5226  4151   721    85 12407
  6816  6151 11120  4472  2890 11950  9329 10621 12764  1240 10557 13447
 11372  3177    61 56931 56945 56945 56945 56945 56945 56945 56945 56945
 56945 56945 56945 56945 56945 56945 56945 56945 56945 56945 56945 56945
 56945 56945]
13 [ 5224  2792 10067   653 56932  4758 13529  9222 56932  1240  3623 12948
  5545  6151  8493  2031 10067  1079  3196  7956  4171 10291  6697 11120
 15568 10067 11955 10067   968 10621  4472  5804 13545 56931 56945 56945
 56945 56945 56945 56945 56945 56945 56945 56945 56945 56945 56945 56945
 56945 56945]
14 [ 7868 49800 56932  5804  7345 12764 28504 11211  5804  3204  4293 12764
  9444 12195  4472 14001  4472 14399  5226 12672 56940 14915 10506 13371
  2478  5224 12761  6151 11120  7626 10621  6151 11120  4109 56940 56931
 56945 56945 56945 56945 56945 56945 56945 56945 56945 56945 56945 56945
 56945 56945]
18 [ 7868 49800 56932  5804  7345 12764 28504 11211  5804  3204  4293 12764
  9444 12195  4472 14001  4472 14399  5226 12672 56940 14915 10506 13371
  2478  5224 12761  6151 11120  7626 10621  6151 11120  4109 56940 56931
 56945 56945 56945 56945 56945 56945 56945 56945 56945 56945 56945 56945
 56945 56945]
10 [ 5804 15202  4472 11120  7444  4472 12474   865 16347 16367  6151  5804
 11211 38139  4693  4472 56946 11122  4472 56946 11799  2244 56931 56945
 56945 56945 56945 56945 56945 56945 56945 56945 56945 56945 56945 56945
 56945 56945 56945 56945 56945 56945 56945 56945 56945 56945 56945 56945
 56945 56945]
10 [10621 11122 18983 10067  3612 56932  5240 14503 30346 56932  4562  2890
   804  4472  6480 12297 56946 12297 56932  6260  4472  7167 56932 33177
 56932 14931 13171 56946 10291  5224 11995 11211 14923 56946 19006  4472
  5095  4472 31118 10621  5224  2932  6151 11211 56932  4472  5000 56932
 11117  6502]
13 [ 7898  4472  8025   865 12195 56932   494 56932  4472 14375 14104 56932
  2857  4472   425  5187  5224  2972  3233  4472  5804  2541  4599 10291
   710  8493   437   848  2890 13547  2824 56931 56945 56945 56945 56945
 56945 56945 56945 56945 56945 56945 56945 56945 56945 56945 56945 56945
 56945 56945]
23 [ 7898  4472  8025   865 12195 56932   494 56932  4472 14375 14104 56932
  2857  4472   425  5187  5224  2972  3233  4472  5804  2541  4599 10291
   710  8493   437   848  2890 13547  2824 56931 56945 56945 56945 56945
 56945 56945 56945 56945 56945 56945 56945 56945 56945 56945 56945 56945
 56945 56945]
