17 [ 5224  9211  4472  5319 15201 15058  6151 11120 13675  3820  4472 11120
 11840 11211  5666 12764  7494  5226 14662  5224  9591  4472 11211  1240
  7780 13016 56940 11211  2464  7780  2299 22669 10877  2771  2772 10621
 11211  5240  9369  2003 19886  6741 10291 22548 11120 14653  6862  2637
  2771  2848]
18 [ 5224  9211  4472  5319 15201 15058  6151 11120 13675  3820  4472 11120
 11840 11211  5666 12764  7494  5226 14662  5224  9591  4472 11211  1240
  7780 13016 56940 11211  2464  7780  2299 22669 10877  2771  2772 10621
 11211  5240  9369  2003 19886  6741 10291 22548 11120 14653  6862  2637
  2771  2848]
46 [ 5366  1040 11211  7119 12683 56940   373 12214 12151  6151  4151   243
 12707 56940  1633  4151  4088  6630  4472  5804  9271 56932 12555  4472
 11248 56932 13396  5224   222 11172  4472  8280 56932  5157  6003  4472
 13462   848  2036  4472 15660 56932 12889  5224  1499   418  9836  1231
 14519 56931]
8 [13396  1231 12135 56932 11120 12815  5432  7780  3860  5217  5224  1242
 11120  2725  4660 11211 15331 56946 10621 10700 13371  2740 10621 14564
 14557 56932 10611 10025 56932  1396  6151 11120  9028  4472 11211  5804
   508  9444  9475 10291  6188 12453  2370 11835 13396   782 11120 20732
  4472 11120]
11 [ 6418  6151 11120 14564 14294 56932 11120  4333 10067  2008  9840 56946
   494  4161 11120 11259 12921 56931 56945 56945 56945 56945 56945 56945
 56945 56945 56945 56945 56945 56945 56945 56945 56945 56945 56945 56945
 56945 56945 56945 56945 56945 56945 56945 56945 56945 56945 56945 56945
 56945 56945]
9 [ 1925  6117  4472 11211 56932 13371 13478 56932   746 40762  4472   683
  3861  4472 12413 56932 15567   861 10621 56946  7053   752  5226 27852
  4562 11122 11211 11673 12267  2986 13171 11211 43667 56931 56945 56945
 56945 56945 56945 56945 56945 56945 56945 56945 56945 56945 56945 56945
 56945 56945]
14 [ 5226 11120  9639  4472  1758  8810 14011 56932  5804  3097  6644 10621
  5483  7187  6985  1231  2975  5226 11120  6255 13844  4472  5804  9468
  4472  1723  4472  5049 56932  1925 12081 11120  1147  4472  5804  3147
 56931 56945 56945 56945 56945 56945 56945 56945 56945 56945 56945 56945
 56945 56945]
19 [ 5224 13437  4472 56946 14691  4472 11211 13171 10067 56942 13396 14108
 10067 10511  2598  6151  4025 12764 22585  6862 38664 56932 11122 11211
  6913 56932  7868 13822 12314 56932  2890 18777  4638  4472  5609 52140
  4472  5699 56932 10621 11020 11211  1723 12764 56946 13171 11120  5430
 12725 56932]
8 [ 5226  5224 12675 10103 10471 56932 13707  7780  5664 11120 13908  4472
  1231  9541 13396 11120 56940 24919 56940  4472  9453  3682 11211  1240
 11158  5217  2668  6151 13579 10621  7780 14043  6151 13578 11211 56932
  1233  5240  2792 10067   653 39266 56940 56946  5488 17755 14260  7053
  5226   428]
7 [10291 11211  5224  4885   375  7894 14204 11211 56946  6151 13649  9339
 28394  2861 12171  4413    52  2890  1566  4472 13171  4472 56942  5263
  8630 45396 10621 10267  3421  1362  2967  2890 12413  4472 14378 10013
 56933 10267 14777 56932  8503  4472  8834 56931 56945 56945 56945 56945
 56945 56945]
8 [10291 11211  5224  4885   375  7894 14204 11211 56946  6151 13649  9339
 28394  2861 12171  4413    52  2890  1566  4472 13171  4472 56942  5263
  8630 45396 10621 10267  3421  1362  2967  2890 12413  4472 14378 10013
 56933 10267 14777 56932  8503  4472  8834 56931 56945 56945 56945 56945
 56945 56945]
16 [10291 11211  5224  4885   375  7894 14204 11211 56946  6151 13649  9339
 28394  2861 12171  4413    52  2890  1566  4472 13171  4472 56942  5263
  8630 45396 10621 10267  3421  1362  2967  2890 12413  4472 14378 10013
 56933 10267 14777 56932  8503  4472  8834 56931 56945 56945 56945 56945
 56945 56945]
13 [ 2890 13723  4472  5804 13171 13035  9135 10067 13344 11452 11117  6005
  4472  2529  5224  3474  4332 10067 12362 10621 11117 56946  4562  1781
  1807 12764  2545 17969  4562 11120 13077 10291 38210 13822 21879 56931
 56945 56945 56945 56945 56945 56945 56945 56945 56945 56945 56945 56945
 56945 56945]
5 [ 3844  1240  7402  6151  5527 22792 15789  1925 11203 10067  1926  5226
 15422  9821 56931 56945 56945 56945 56945 56945 56945 56945 56945 56945
 56945 56945 56945 56945 56945 56945 56945 56945 56945 56945 56945 56945
 56945 56945 56945 56945 56945 56945 56945 56945 56945 56945 56945 56945
 56945 56945]
15 [56940  4151 32364 56946 11526 56946  5226 56942  1362 56932  1233 12764
 56932  1240  7709 56946 11120 10185  8509  5137 56931 11120   611  4472
  9379 12733  4550  5240 14052 56931 17579  8606  9504 10291   715 12672
  9000 56932  1925  6117  4472  4151 12453 11211  5224  7346  4472 10185
 56946 13396]
33 [ 5224 23805  4472 19879 56946 56932  6621 56946 56932 15648  6151 14196
 11211 56940  5226 56942  5804  2704  3882  4585  5226  4756  1128 56932
 10621 15023 11120 12925  5226  3222  5804 29063 18883 13441  5224 56942
 13396 14108  4472  5804 10003 11211  9490  5226 11120 14016 56932 10621
  5224  6319]
16 [15072 45166  6151  5804  5634  6151 11211 30999  8493  7635  4472  6613
 56932 11211 56946   582 11293 16785 11120  1650  4472  2890  4569 10635
 56931 56945 56945 56945 56945 56945 56945 56945 56945 56945 56945 56945
 56945 56945 56945 56945 56945 56945 56945 56945 56945 56945 56945 56945
 56945 56945]
11 [14931  5224   473 10621 10426 10067  3612 56932  5804  5037   746  3521
  8373  4472 13822   420  4393  3204 10621  1396  2199  4472  2529  5224
  3612 11211 11714 11120  6255  1578  5226 11120 13812 56931 56945 56945
 56945 56945 56945 56945 56945 56945 56945 56945 56945 56945 56945 56945
 56945 56945]
34 [ 6205 12675 56932  1240 15590  6151  9292  4151 14477  4562  7741 56932
  5199  6391 56932 11120 15489 56932  1324 56932 10621 16149 56932 10621
  5226  5224 13440  4472 11120 14792  5066 56932 56940 13831  6151  1879
  8509  5804  7381 14117  9939  4472 56942  8493   445 10526  4472  4900
  4472 14914]
35 [ 6205 12675 56932  1240 15590  6151  9292  4151 14477  4562  7741 56932
  5199  6391 56932 11120 15489 56932  1324 56932 10621 16149 56932 10621
  5226  5224 13440  4472 11120 14792  5066 56932 56940 13831  6151  1879
  8509  5804  7381 14117  9939  4472 56942  8493   445 10526  4472  4900
  4472 14914]
9 [11062  3655  1793 11211 10291 11211 11120 13902  5856  9338  5240 10493
 11211  5804  2133  5855  8493  4212 10611 11120 12031 10621 11120  3806
 56932  6197 11211  4151  2786 14820 10291  2890  6319 12764  8540 14865
  4472  2826 11448 56931 56945 56945 56945 56945 56945 56945 56945 56945
 56945 56945]
7 [ 5804  8373 15261  1240   746 13771  6151 56946  1925 56942 13396 14108
  4472  5804  8424 56946 56932 11211 56932  5226  2890  1242 56932  8540
  4888  1925  6519  9666 56931 56945 56945 56945 56945 56945 56945 56945
 56945 56945 56945 56945 56945 56945 56945 56945 56945 56945 56945 56945
 56945 56945]
16 [13371 13300  4472 11211  5804 23855 56932  4151 50175 10621  5804 56946
 11211  1240 21716   746 10748  4562  5224 11554 56932  5804 20082  4472
 11120  3757  4472  5806    47  2890  1611  4562  4151  8731  6108 10611
 13822  4756 56932  5224 11255 11950 56942 56931 56945 56945 56945 56945
 56945 56945]
35 [56940   753 11211  1176 13396 15243 26055 13371  5224  4472 56941 12015
 11122 15590  6151 13703  4472  4151  4756 56941   848 56941 12015  2662
  6151  8606 23082 56941 56932 14260  4562  5804  1421  1240  7709  8606
 13365 56932  9000 12764  2529 23082 56940 56931 56945 56945 56945 56945
 56945 56945]
5 [ 5224  8491  5233  4125  4472   557  5226  7557  5534 14435  2890 21238
 11814  5226  8493  6855  6151  4151 22456  4472 11120 13476  4472 17457
 56946 56931 56945 56945 56945 56945 56945 56945 56945 56945 56945 56945
 56945 56945 56945 56945 56945 56945 56945 56945 56945 56945 56945 56945
 56945 56945]
8 [13371  5224  1778 56932 11120  6685 17627  7780  8192 56946 13396  7898
 56931 56945 56945 56945 56945 56945 56945 56945 56945 56945 56945 56945
 56945 56945 56945 56945 56945 56945 56945 56945 56945 56945 56945 56945
 56945 56945 56945 56945 56945 56945 56945 56945 56945 56945 56945 56945
 56945 56945]
9 [13371  5224  1778 56932 11120  6685 17627  7780  8192 56946 13396  7898
 56931 56945 56945 56945 56945 56945 56945 56945 56945 56945 56945 56945
 56945 56945 56945 56945 56945 56945 56945 56945 56945 56945 56945 56945
 56945 56945 56945 56945 56945 56945 56945 56945 56945 56945 56945 56945
 56945 56945]
8 [ 4161 11120 11374 56932  5804  1169  3882  8540  3956  2890  5715  4472
 56942   916  5709 56934   683 56942  5669 56932  8448  4472 56942  5699
 56935  4472  5804  2704  5226  5804 11211  1775 13822  5422   848 10734
 13822 12474 56931 56945 56945 56945 56945 56945 56945 56945 56945 56945
 56945 56945]
31 [56940  4550 56932 13171 11211 56946 10621 56946 56932 11304  7494 11211
 11148    13  2052 10291  9496  6151 11358 11120  8069 10067 56942 56940
 15201 14105 13386  1015 11211 56940  2044 11211  1000 11149   464   953
   753 11211 12735 10621 12819  4562 11120 12673  5013 10621 10703 11211
 10291  5224]
37 [56940  4550 56932 13171 11211 56946 10621 56946 56932 11304  7494 11211
 11148    13  2052 10291  9496  6151 11358 11120  8069 10067 56942 56940
 15201 14105 13386  1015 11211 56940  2044 11211  1000 11149   464   953
   753 11211 12735 10621 12819  4562 11120 12673  5013 10621 10703 11211
 10291  5224]
22 [15256 10341  1040  5226  1668  4472  2858 11211  4562 11120 12267  4472
  5456 13371 14555 10242  9823 10067  4942 56940  1240  7780 11898  5226
  5224  9541  2890 14408  4472  1961  5226  5224 11211  1240 11526 13401
  4151  9552  4472 14623 56940 56932 11122 11211  6151  1231  5995 56932
 13482  4562]
13 [15256 10341 15648 11211  4562 11120 56940  7037 10621  5611 56940 11117
  7780 12559  2890 56940   982 14175 56940 14260  1630 11211 56932 56940
  5226   919   661 56940 56932  4562  5224  1381 10124  7780 56940 12559
 56946   184  9502 56940 56932  8637 13396 11120 11211  2132  1240  9490
  7723  5224]
29 [14931 11744 56932 10291 11211  1240 11117 12452 11120  5157 13396  8373
  5137 11211  1240 11117 41295 13280  5544  9939   582  7099 12543 11120
  5311 10621  1231  4670  9840 56946 12543 12424 11970 56931 56945 56945
 56945 56945 56945 56945 56945 56945 56945 56945 56945 56945 56945 56945
 56945 56945]
17 [11120 14774 10347 47555  6151 11120 15948 13396  5224  4467 56946  4472
  2551 10621 14378  8155   746 27790 15350  4472 11211 12672  1450    44
 56931 56945 56945 56945 56945 56945 56945 56945 56945 56945 56945 56945
 56945 56945 56945 56945 56945 56945 56945 56945 56945 56945 56945 56945
 56945 56945]
9 [ 5226  5224  1702  5296 56932 11120  3304 17768    85 56946  1925 12844
 10621  1925  8306 56946 10067 28194 56931 56945 56945 56945 56945 56945
 56945 56945 56945 56945 56945 56945 56945 56945 56945 56945 56945 56945
 56945 56945 56945 56945 56945 56945 56945 56945 56945 56945 56945 56945
 56945 56945]
10 [13396    19 12135 56932 11120 13675  4722  4472  8200  9840 56946  1925
  3786 10621  7898  3204  1925  4522 56932 10291 11211  6205  5224  7580
   848 10624  3947  5226 11120  7261  4472 11120  8200  4472  8263 10315
  6416 13171 11554 10291 11358 11120  7261 15161 56931 56945 56945 56945
 56945 56945]
18 [ 5217 11211 11120 12596 14889 10376 11120  6314 56932  5224  6260 11950
 56942  4472  5385 56932  6197   746  8192 56946  8373  2814 56932 11120
 11093  5224  6260 56942  4472  1787 56931 56945 56945 56945 56945 56945
 56945 56945 56945 56945 56945 56945 56945 56945 56945 56945 56945 56945
 56945 56945]
19 [ 5217 11211 11120 12596 14889 10376 11120  6314 56932  5224  6260 11950
 56942  4472  5385 56932  6197   746  8192 56946  8373  2814 56932 11120
 11093  5224  6260 56942  4472  1787 56931 56945 56945 56945 56945 56945
 56945 56945 56945 56945 56945 56945 56945 56945 56945 56945 56945 56945
 56945 56945]
16 [10621 11120 13300  4472 11211  5224  4842 12764  5240  7376  5240 11211
  1233 13691  3645  6151 12342 14931  2890 11757 12764 11117  3992  3260
 56931 56945 56945 56945 56945 56945 56945 56945 56945 56945 56945 56945
 56945 56945 56945 56945 56945 56945 56945 56945 56945 56945 56945 56945
 56945 56945]
14 [13396  1231 12135 56932  5224 14479 10067  9080 56932 14979  8240 56932
 12764  7780  2729 11813   257  6151 11120   455  1185 56932 12889  8159
 11211   373 15289 56932 14260  9817 11211  5224 56946 56940 12764  5240
 11120  4212 10611  5804  8373 11360 56940 56931 56945 56945 56945 56945
 56945 56945]
26 [ 9827  5848 12436  6205  1231 56940  3527 56940  1633 11120  6098 10468
 10621 13703 10634  1925  5085  4562  5224  1926  8759 56932  3828 13822
 13864   746 14391  8493   791  4472  9609 56932  4693  4472 11537  5418
  4004  5224 13348  6151  4294 56932 13386 11117 11875 10621  3064  1925
  4152 56931]
46 [15058  6151 11120  8494  3548  4472 19063 10621 15853  5226 11120  7693
  5226  4151   514 11970  4472  1231 11150 56932  5224 56946  1759 11211
 56940 12764  1240  8057  3260 56121 56940 10621 11211  4125 15009  6151
  7325 56940 13974  4472  2890 13152  7410 56940 12627  9840 10809 10267
  4992 56931]
32 [  788  4472  5804  4908  7329  4472 11120 56946  8321 38922  7956  1233
 11120  4670 10478  6667   739  5631  5226  9161 10621  5224 13804 11096
 56932 11211  4472  7397  6151  8373  5137 11526 11872  1233  1240 20311
  6151 11120  9893  7253 56931 56945 56945 56945 56945 56945 56945 56945
 56945 56945]
21 [ 5224  9230 12624  4472 14299 56932 15082 56946 56932 11499 56932  6151
  1231  1004 56932 11211  5224 14399  4472 46989 11562  1452  2890  5589
  1601  4472  9540 56932 12889 13382 11211 56932  6151 11120  7440  4472
  5804  5470 56932 11120 12135 11211  4807  1925   667  4472 14233  7709
    52  8109]
11 [ 5226  4451  4472  4151 12541 10067 13440 56932  4151 13910  8540  2529
 24684 56931 56945 56945 56945 56945 56945 56945 56945 56945 56945 56945
 56945 56945 56945 56945 56945 56945 56945 56945 56945 56945 56945 56945
 56945 56945 56945 56945 56945 56945 56945 56945 56945 56945 56945 56945
 56945 56945]
9 [ 5534   577  8964  4472 14923  7738 56940  6196  9840 12350 13371 12342
 56940 56932  5240  8493  7525 56573  4472 11211  5224  7738  7780 13848
  5224  9338 13171  3058  4472 13478  2861  5224  9527  4472 11120 21710
 56931 56945 56945 56945 56945 56945 56945 56945 56945 56945 56945 56945
 56945 56945]
12 [13371 14022  4472 11673  5039 56932  7146  7148 10067 16882 11430 11211
  2529 56946  5226  2890 15175 13326 10621  5226  5224 11988 15332  4472
 11120 56946 56932  6197 11211 21104 13043 49275 56931 56945 56945 56945
 56945 56945 56945 56945 56945 56945 56945 56945 56945 56945 56945 56945
 56945 56945]
22 [ 5224  2595  4472 12031 12506 10067 13723 10208 56946 56932 16190 56946
 56932 15201 11211 10611  5804  3034 11211 16884 14233  9490  8971 14914
 16957 11211 10463 10495  1231 12659 56931 56945 56945 56945 56945 56945
 56945 56945 56945 56945 56945 56945 56945 56945 56945 56945 56945 56945
 56945 56945]
29 [ 5224  9120 14749  4676  7225 10621  4151   708 14642 15499 10621  6778
 56946  1288  4472  5804 16406 56932 12889 12764 11117 21201   224 14408
 10621  5224 14278 12764    85 53794 56931 56945 56945 56945 56945 56945
 56945 56945 56945 56945 56945 56945 56945 56945 56945 56945 56945 56945
 56945 56945]
25 [ 2240 56932 12015  7780  4643  4472  8493  3196 22502 11211  5224  7238
 11211 14817  5224 28302 18217  4472 56940 26071 11120  3363 56940 56932
 15145 11906  5226  8445 14915 35698 19714 10291 11120 17292 10621 11120
  3363 56931 56945 56945 56945 56945 56945 56945 56945 56945 56945 56945
 56945 56945]
16 [ 4758 13529  9222 53601 12948  4562  3667  4758 15072  5226 11211  5224
   653  5692 56940   582 11216 13822   405 56940 10291 12208 11211  3572
 12764 43331  5224  8965  5224 12479 56932  7868  1288  6118  7873 56931
 56945 56945 56945 56945 56945 56945 56945 56945 56945 56945 56945 56945
 56945 56945]
7 [10291 11120  1500 56932 11120  2280  4413  6416 13371 12684 13853 13554
 56940  4151 10219  4472  1961 10621  5708 56940 11211  4595 11120 14623
 56932 56940  6205 13371 11120  7037  6151 10215 56932  3828   231  1231
  7132 56940 56931 56945 56945 56945 56945 56945 56945 56945 56945 56945
 56945 56945]
14 [ 9000 14735 56932 56946   683 13007 56942 10013  4472  5181 56932  1240
 52058  5226  2288  6151 11765 13396 11120 15615  4161 11120 14571  4472
  8689 56932   907  6151 11211 11120 13455  5530  8946  5723 56932 10621
  5224  5309  4472 12895 56932  9918 56931 56945 56945 56945 56945 56945
 56945 56945]
16 [ 9000 14735 56932 56946   683 13007 56942 10013  4472  5181 56932  1240
 52058  5226  2288  6151 11765 13396 11120 15615  4161 11120 14571  4472
  8689 56932   907  6151 11211 11120 13455  5530  8946  5723 56932 10621
  5224  5309  4472 12895 56932  9918 56931 56945 56945 56945 56945 56945
 56945 56945]
5 [ 5226  8493 11093 16790    85 16736 10291 24103  5804 13424  1293  4562
  5224   940 13974  4472 11120 13812 56932  5591 12262 10621 11627 56932
  6205 13371  5804  7962 13901 56931 56945 56945 56945 56945 56945 56945
 56945 56945 56945 56945 56945 56945 56945 56945 56945 56945 56945 56945
 56945 56945]
12 [ 1793  4472  4151  3102  4472 13579 10621 21660 56932  5224  1107  7494
  8373 16806  3823  5226 13732 10621  8503  4472 12691 12683  5226  3108
 56931 56945 56945 56945 56945 56945 56945 56945 56945 56945 56945 56945
 56945 56945 56945 56945 56945 56945 56945 56945 56945 56945 56945 56945
 56945 56945]
14 [ 1793  4472  4151  3102  4472 13579 10621 21660 56932  5224  1107  7494
  8373 16806  3823  5226 13732 10621  8503  4472 12691 12683  5226  3108
 56931 56945 56945 56945 56945 56945 56945 56945 56945 56945 56945 56945
 56945 56945 56945 56945 56945 56945 56945 56945 56945 56945 56945 56945
 56945 56945]
17 [11120  2595  4472 11120 11556  4472 15544 14431 56934 12204 56935 56932
  5602 13566 56932  3655  6151 14196 11211 56940  1178 13396 11120 13704
  4472  5804  4679  9757 11211 12676  2890  8716  4472  4900 13371    95
  5226  3627 56934 10442 56935 10621 13732 56934  1723 56935 56932 14931
 11744 56932]
4 [13211 12954  1132  6151 56946  5226  5224 15367 10054  4472 21470 56932
  4472 56942  5137 10621  1225  4472   425  5346 56946 56932 11211  8946
  5224 12127  4472  9222  5534 14435  5224 10639  4472  3572  5224 56942
  4472  8289  4472 56942 56931 56945 56945 56945 56945 56945 56945 56945
 56945 56945]
26 [ 5224 12232  2729  7780  8192 10291  5224  2775  4800 35568 56934  8429
 56942  3197 56935 56932  3497  4472  8493  2994 13269 56932  9000  6197
 12764  4091  8606  3260  2370  5804 56946 27998 10621 17899 56932 10621
  5224  7615    85 10291  5224  4978 35377 56946 56934 51185 56946 56946
 56935 56931]
4 [ 4562  5224 10169   746 12249  2890  7415  2052  5179 15600 10621 11120
 23362 10067  2610  7709 56459  5226   919   792  8244  5226  5804 13349
 56931 56945 56945 56945 56945 56945 56945 56945 56945 56945 56945 56945
 56945 56945 56945 56945 56945 56945 56945 56945 56945 56945 56945 56945
 56945 56945]
16 [ 4562  5224 10169   746 12249  2890  7415  2052  5179 15600 10621 11120
 23362 10067  2610  7709 56459  5226   919   792  8244  5226  5804 13349
 56931 56945 56945 56945 56945 56945 56945 56945 56945 56945 56945 56945
 56945 56945 56945 56945 56945 56945 56945 56945 56945 56945 56945 56945
 56945 56945]
10 [ 5224 32078 12828  4472 13822 12363 11211  5224 10227  9490  8192 56946
 10291  2529 21134 56932 12889  4472  8493 13030  3711 56931 56945 56945
 56945 56945 56945 56945 56945 56945 56945 56945 56945 56945 56945 56945
 56945 56945 56945 56945 56945 56945 56945 56945 56945 56945 56945 56945
 56945 56945]
11 [ 5224 32078 12828  4472 13822 12363 11211  5224 10227  9490  8192 56946
 10291  2529 21134 56932 12889  4472  8493 13030  3711 56931 56945 56945
 56945 56945 56945 56945 56945 56945 56945 56945 56945 56945 56945 56945
 56945 56945 56945 56945 56945 56945 56945 56945 56945 56945 56945 56945
 56945 56945]
35 [ 5804 10585 47731  1396  4472 14399  5226 12486  5804   620  4472 17678
 56932 11211 13396    19 12135 12171   746 12249  1170  5226 11120 13107
 56946  4472 11120  4932 56932  9000 14343 11211 11673  5474   582  2529
 32694 10621 56946  4562 11554  4693  4472 11120  7361  7638  4472  5804
  4284 56931]
11 [56940  1925 56946  9394  7290  5226  2890 12675  7174 56932  8902 15168
  6151 11211  2144  2890  1381 10300 11211  4091  2529 15920 13371  5224
 15038  1925  3849 56940 56932 15201  7856 56931 56945 56945 56945 56945
 56945 56945 56945 56945 56945 56945 56945 56945 56945 56945 56945 56945
 56945 56945]
40 [12476 56946 56932 13488  9823  4472 11120 11840 56932 15604 11211  9140
 10621   194 56940  5240  8493 16244  9745  3492  4549 11211  5226  5804
  4393  5137  7780  4380  2861 13290  4472 11120 14623  1801  5226  5804
 13098 15370 56932  7780  1679  6361  3922 10291  5224  3104  4472 13870
 10621   373]
12 [ 4562  8493 12101  7035 13396 56942  8330 56932 11120  9745  1240  7780
 13771  3245  6151  5606  3084 24292  4472  3464 13387 10291   775  1231
 11199  4472  5869  2861 14180  9140 10358  4472  6226  5224  1926 10621
  5804  5643  5226  1723 56931 56945 56945 56945 56945 56945 56945 56945
 56945 56945]
11 [ 1925  6117  4472 11120  1016  4472  4284 56932 11120 11840  7780  5159
  3245 13396 10021 13822 13817  4472  5869  6151 11120  4194  5822 56932
 10621  7780  2729  5226 14390  8493  3723 10291 14342  3245  6151  7608
  4472  1335 56931 56945 56945 56945 56945 56945 56945 56945 56945 56945
 56945 56945]
6 [14184  6683  5226  5224 13893  5240 56946  6079  2861  4938  5207 56946
  6151  9379 56946 12764  4299  9761 14931 10703 56931 56945 56945 56945
 56945 56945 56945 56945 56945 56945 56945 56945 56945 56945 56945 56945
 56945 56945 56945 56945 56945 56945 56945 56945 56945 56945 56945 56945
 56945 56945]
5 [10621 13396  6226   428  7780  8192  4550  8530 56931 56945 56945 56945
 56945 56945 56945 56945 56945 56945 56945 56945 56945 56945 56945 56945
 56945 56945 56945 56945 56945 56945 56945 56945 56945 56945 56945 56945
 56945 56945 56945 56945 56945 56945 56945 56945 56945 56945 56945 56945
 56945 56945]
25 [11120  7833  3727 56932  9914  4472  4565 56946 10621 13219  4472  4151
  1228 56932  5466  1925 12297 56946 12297 56946 10621 56946  8204 11211
  7780  2729  5226 14390 11120 12767 11211  5207 56946  4562  1231  5933
  4472 56946 10621 56946 56932  4472 13388 10621  2295 56932  4472 10127
  3395  6151]
9 [12297 13396 11149  3671  4472 20039 31678  1240 11562 38840  5226  5224
  5138 56946 10067 14914 56946 56932   848 11122 11211 15145 56932 11211
  7494 11211  6744  5544  2814 11120 16400  4693  4472 56946 56932   443
  9096 56937 56945 56945 56945 56945 56945 56945 56945 56945 56945 56945
 56945 56945]
10 [ 6151  6226   428 56932  5224 10119  5607 10067 11925  7780  8192  6197
 44123  4472 11120  7300 10067  4352 10621  4472  1231 18165  9453 40592
 56931 56945 56945 56945 56945 56945 56945 56945 56945 56945 56945 56945
 56945 56945 56945 56945 56945 56945 56945 56945 56945 56945 56945 56945
 56945 56945]
19 [ 5226  6098  4472  5804 19765   366 56932 12297   428   551 13300  4472
  8493  9453  4037  2824 56932 12889  3645  6151  2529  3058 51690  6221
   425  7645 20957 12297 56931 56945 56945 56945 56945 56945 56945 56945
 56945 56945 56945 56945 56945 56945 56945 56945 56945 56945 56945 56945
 56945 56945]
20 [ 5226  6098  4472  5804 19765   366 56932 12297   428   551 13300  4472
  8493  9453  4037  2824 56932 12889  3645  6151  2529  3058 51690  6221
   425  7645 20957 12297 56931 56945 56945 56945 56945 56945 56945 56945
 56945 56945 56945 56945 56945 56945 56945 56945 56945 56945 56945 56945
 56945 56945]
21 [ 5226  6098  4472  5804 19765   366 56932 12297   428   551 13300  4472
  8493  9453  4037  2824 56932 12889  3645  6151  2529  3058 51690  6221
   425  7645 20957 12297 56931 56945 56945 56945 56945 56945 56945 56945
 56945 56945 56945 56945 56945 56945 56945 56945 56945 56945 56945 56945
 56945 56945]
19 [ 9000  5224 14687 13171  3269 11861  5226 13933  9916  4151  9566 12167
  8493  1004 11211  4151  8865 14933 10381  9458  1231  3933 56931 56945
 56945 56945 56945 56945 56945 56945 56945 56945 56945 56945 56945 56945
 56945 56945 56945 56945 56945 56945 56945 56945 56945 56945 56945 56945
 56945 56945]
14 [ 5217 11211 11120  2142 12739 14184  6151 13588 11120 15426 56932  5804
  9140   746  8192 56932  4562 13822  9105  4472  1728 56932   911   848
 11937 56932  5804  9251  6902  2427 56931 56945 56945 56945 56945 56945
 56945 56945 56945 56945 56945 56945 56945 56945 56945 56945 56945 56945
 56945 56945]
41 [14931 11744 56932  5224  9591 13171  3269  4550  5240  5224 10729  4766
 10611 15686  4472 47233 56932  4884  5532  5240  8870 11211 11120  1781
  4472  5804  2237  4472 15590 10064 56946 56932  4562 11122 11211  5226
   424 13440  9379 14619  8540  2529  9251 28414   848 34922 56931 56945
 56945 56945]
18 [13396 11122 11211 11848  1925 14687  4472 11120  5332   750 56932 11211
  7328  5224  3172 56932 10183  7780 12355  5307  6151 56946  7564   211
  2890 11533  8022 13090  2861 11120   702  4562 10043  4472 10933  4472
 56946 11715 56931 56945 56945 56945 56945 56945 56945 56945 56945 56945
 56945 56945]
14 [ 5286  2848  1240  1425 13171  2308  4562  5224 56946  2861 11211  5804
  4573  8540  2529  1915 56946  4472  7171 32178 56932  4562 11122 11211
  8493  1855  4472   210 56932  4562  2890 56946 15134 56932  7709  7099
 13371  4039  5226  8493 13543 56931 56945 56945 56945 56945 56945 56945
 56945 56945]
7 [ 1925  3976  4472  5804 15721  1240  9490 13381  2890  5935 10611  8373
 12690 56932  4472  5804 11211  4852 14137 24766  5804 21655  6862   494
 11120  8150  4561  2861  5224  4472 11120 12088 10621  5224 10067  7049
 56933  5668 13676   229 56932 10291 56946 56932  5224  4472 11120  6471
 11211  1240]
26 [13498 56932  6151 11120  8819  4472 11120 14364  4472 24866 10621  4472
 11120 16276 10067  7425  9696 13396 11120  6471  5226 10644  1702 56932
  1240  9840  5307  4562 54264  6151 11120 14850  4472 11211  2087 11211
  4212 10611  1168  6151  4151  9209 13229  4472  6471  5240 12297 11120
 17082 10067]
6 [ 9000  5226  6786  3861  1240  7780   660  6226 56931 56945 56945 56945
 56945 56945 56945 56945 56945 56945 56945 56945 56945 56945 56945 56945
 56945 56945 56945 56945 56945 56945 56945 56945 56945 56945 56945 56945
 56945 56945 56945 56945 56945 56945 56945 56945 56945 56945 56945 56945
 56945 56945]
