1 [ 3421  9939 15083 10067 24973 56932  1240 14970  2890  9716  9283  4472
  4931 34760  5226 11817 14625 10067  8351 11211 48826  4472  4151  4931
 56946 56931 56945 56945 56945 56945 56945 56945 56945 56945 56945 56945
 56945 56945 56945 56945 56945 56945 56945 56945 56945 56945 56945 56945
 56945 56945]
21 [ 4472 18899  6151  9687 56932 11120   990 39795  8493  3174  4562  8732
 22857  4472 56942 11804  4472  5895  8630 11211  5804 13767  7329  8407
 56946  1925  8871  2890  4052  4472 56942 11804  4472  5895 56931 56945
 56945 56945 56945 56945 56945 56945 56945 56945 56945 56945 56945 56945
 56945 56945]
22 [ 4472 18899  6151  9687 56932 11120   990 39795  8493  3174  4562  8732
 22857  4472 56942 11804  4472  5895  8630 11211  5804 13767  7329  8407
 56946  1925  8871  2890  4052  4472 56942 11804  4472  5895 56931 56945
 56945 56945 56945 56945 56945 56945 56945 56945 56945 56945 56945 56945
 56945 56945]
23 [ 4472 18899  6151  9687 56932 11120   990 39795  8493  3174  4562  8732
 22857  4472 56942 11804  4472  5895  8630 11211  5804 13767  7329  8407
 56946  1925  8871  2890  4052  4472 56942 11804  4472  5895 56931 56945
 56945 56945 56945 56945 56945 56945 56945 56945 56945 56945 56945 56945
 56945 56945]
24 [ 4472 18899  6151  9687 56932 11120   990 39795  8493  3174  4562  8732
 22857  4472 56942 11804  4472  5895  8630 11211  5804 13767  7329  8407
 56946  1925  8871  2890  4052  4472 56942 11804  4472  5895 56931 56945
 56945 56945 56945 56945 56945 56945 56945 56945 56945 56945 56945 56945
 56945 56945]
25 [ 4472 18899  6151  9687 56932 11120   990 39795  8493  3174  4562  8732
 22857  4472 56942 11804  4472  5895  8630 11211  5804 13767  7329  8407
 56946  1925  8871  2890  4052  4472 56942 11804  4472  5895 56931 56945
 56945 56945 56945 56945 56945 56945 56945 56945 56945 56945 56945 56945
 56945 56945]
26 [ 4472 18899  6151  9687 56932 11120   990 39795  8493  3174  4562  8732
 22857  4472 56942 11804  4472  5895  8630 11211  5804 13767  7329  8407
 56946  1925  8871  2890  4052  4472 56942 11804  4472  5895 56931 56945
 56945 56945 56945 56945 56945 56945 56945 56945 56945 56945 56945 56945
 56945 56945]
27 [ 4472 18899  6151  9687 56932 11120   990 39795  8493  3174  4562  8732
 22857  4472 56942 11804  4472  5895  8630 11211  5804 13767  7329  8407
 56946  1925  8871  2890  4052  4472 56942 11804  4472  5895 56931 56945
 56945 56945 56945 56945 56945 56945 56945 56945 56945 56945 56945 56945
 56945 56945]
28 [ 4472 18899  6151  9687 56932 11120   990 39795  8493  3174  4562  8732
 22857  4472 56942 11804  4472  5895  8630 11211  5804 13767  7329  8407
 56946  1925  8871  2890  4052  4472 56942 11804  4472  5895 56931 56945
 56945 56945 56945 56945 56945 56945 56945 56945 56945 56945 56945 56945
 56945 56945]
29 [ 4472 18899  6151  9687 56932 11120   990 39795  8493  3174  4562  8732
 22857  4472 56942 11804  4472  5895  8630 11211  5804 13767  7329  8407
 56946  1925  8871  2890  4052  4472 56942 11804  4472  5895 56931 56945
 56945 56945 56945 56945 56945 56945 56945 56945 56945 56945 56945 56945
 56945 56945]
30 [ 4472 18899  6151  9687 56932 11120   990 39795  8493  3174  4562  8732
 22857  4472 56942 11804  4472  5895  8630 11211  5804 13767  7329  8407
 56946  1925  8871  2890  4052  4472 56942 11804  4472  5895 56931 56945
 56945 56945 56945 56945 56945 56945 56945 56945 56945 56945 56945 56945
 56945 56945]
31 [ 4472 18899  6151  9687 56932 11120   990 39795  8493  3174  4562  8732
 22857  4472 56942 11804  4472  5895  8630 11211  5804 13767  7329  8407
 56946  1925  8871  2890  4052  4472 56942 11804  4472  5895 56931 56945
 56945 56945 56945 56945 56945 56945 56945 56945 56945 56945 56945 56945
 56945 56945]
32 [ 4472 18899  6151  9687 56932 11120   990 39795  8493  3174  4562  8732
 22857  4472 56942 11804  4472  5895  8630 11211  5804 13767  7329  8407
 56946  1925  8871  2890  4052  4472 56942 11804  4472  5895 56931 56945
 56945 56945 56945 56945 56945 56945 56945 56945 56945 56945 56945 56945
 56945 56945]
33 [ 4472 18899  6151  9687 56932 11120   990 39795  8493  3174  4562  8732
 22857  4472 56942 11804  4472  5895  8630 11211  5804 13767  7329  8407
 56946  1925  8871  2890  4052  4472 56942 11804  4472  5895 56931 56945
 56945 56945 56945 56945 56945 56945 56945 56945 56945 56945 56945 56945
 56945 56945]
10 [56940 11120 15107 12031  5240 11120 11211  5240 10621  1925  7261  5666
  5240 56946 10621  1240 15683 56940 56932  7780  4845 56932 15083  4472
 13966  5226 12424  4649 11211  5224 13959 12033  8984  7780  8109  4562
 11120  1147   197 10067 14358 10621 11211  8593  4807  3245  6151  2668
 56931 56945]
10 [ 5224 11255  8590 11120 13524  3747  1231  6614  5954 56932  8373  3861
 15083 10067  9541  5226 11120 14493 56931 56945 56945 56945 56945 56945
 56945 56945 56945 56945 56945 56945 56945 56945 56945 56945 56945 56945
 56945 56945 56945 56945 56945 56945 56945 56945 56945 56945 56945 56945
 56945 56945]
11 [ 5224 11255  8590 11120 13524  3747  1231  6614  5954 56932  8373  3861
 15083 10067  9541  5226 11120 14493 56931 56945 56945 56945 56945 56945
 56945 56945 56945 56945 56945 56945 56945 56945 56945 56945 56945 56945
 56945 56945 56945 56945 56945 56945 56945 56945 56945 56945 56945 56945
 56945 56945]
2 [13396 11122 13554 13897 11606 56946 12031   848 18511 10291  1920  8493
 13450 33595 56931 56945 56945 56945 56945 56945 56945 56945 56945 56945
 56945 56945 56945 56945 56945 56945 56945 56945 56945 56945 56945 56945
 56945 56945 56945 56945 56945 56945 56945 56945 56945 56945 56945 56945
 56945 56945]
7 [13396 11122 13554 13897 11606 56946 12031   848 18511 10291  1920  8493
 13450 33595 56931 56945 56945 56945 56945 56945 56945 56945 56945 56945
 56945 56945 56945 56945 56945 56945 56945 56945 56945 56945 56945 56945
 56945 56945 56945 56945 56945 56945 56945 56945 56945 56945 56945 56945
 56945 56945]
8 [13396 11122 13554 13897 11606 56946 12031   848 18511 10291  1920  8493
 13450 33595 56931 56945 56945 56945 56945 56945 56945 56945 56945 56945
 56945 56945 56945 56945 56945 56945 56945 56945 56945 56945 56945 56945
 56945 56945 56945 56945 56945 56945 56945 56945 56945 56945 56945 56945
 56945 56945]
8 [56940  6950 12015  2582  5224  1242 56932 13487 56932 38770 11120 12341
 10621 56946  6151  4758 13529 14781 16129 56941 15992 11122 11211  1240
 56946 56932  6151 11120  7037  4472 11120 16348 56941 56932 10621 12015
  8057  1368  6711 11120 25464 56940 56932 11152 56931 56945 56945 56945
 56945 56945]
9 [ 5804 13628 56934 12767 56935  6348 11120 12209 13974  4472 11120  1500
  4472  2190 56931 56945 56945 56945 56945 56945 56945 56945 56945 56945
 56945 56945 56945 56945 56945 56945 56945 56945 56945 56945 56945 56945
 56945 56945 56945 56945 56945 56945 56945 56945 56945 56945 56945 56945
 56945 56945]
10 [ 5804 13628 56934 12767 56935  6348 11120 12209 13974  4472 11120  1500
  4472  2190 56931 56945 56945 56945 56945 56945 56945 56945 56945 56945
 56945 56945 56945 56945 56945 56945 56945 56945 56945 56945 56945 56945
 56945 56945 56945 56945 56945 56945 56945 56945 56945 56945 56945 56945
 56945 56945]
11 [ 5804 13628 56934 12767 56935  6348 11120 12209 13974  4472 11120  1500
  4472  2190 56931 56945 56945 56945 56945 56945 56945 56945 56945 56945
 56945 56945 56945 56945 56945 56945 56945 56945 56945 56945 56945 56945
 56945 56945 56945 56945 56945 56945 56945 56945 56945 56945 56945 56945
 56945 56945]
12 [ 5804 13628 56934 12767 56935  6348 11120 12209 13974  4472 11120  1500
  4472  2190 56931 56945 56945 56945 56945 56945 56945 56945 56945 56945
 56945 56945 56945 56945 56945 56945 56945 56945 56945 56945 56945 56945
 56945 56945 56945 56945 56945 56945 56945 56945 56945 56945 56945 56945
 56945 56945]
13 [ 5804 13628 56934 12767 56935  6348 11120 12209 13974  4472 11120  1500
  4472  2190 56931 56945 56945 56945 56945 56945 56945 56945 56945 56945
 56945 56945 56945 56945 56945 56945 56945 56945 56945 56945 56945 56945
 56945 56945 56945 56945 56945 56945 56945 56945 56945 56945 56945 56945
 56945 56945]
8 [ 4151 14862  4472  2496  7187 11211 56946  6151 13822 23117  8493  4472
  4151 10384 13171 17762 11211  1240 10875  5331  4151  1493  4472  2890
  5076  4472  5138 56931 56945 56945 56945 56945 56945 56945 56945 56945
 56945 56945 56945 56945 56945 56945 56945 56945 56945 56945 56945 56945
 56945 56945]
9 [ 4151 14862  4472  2496  7187 11211 56946  6151 13822 23117  8493  4472
  4151 10384 13171 17762 11211  1240 10875  5331  4151  1493  4472  2890
  5076  4472  5138 56931 56945 56945 56945 56945 56945 56945 56945 56945
 56945 56945 56945 56945 56945 56945 56945 56945 56945 56945 56945 56945
 56945 56945]
1 [14931 11744 56932 23247  8159 11211 56940  5804   453 16747  4472  3432
 56932  8216 13371  5224 56946 56932  4151  3713 21267   848  4151  3713
 21426  5989 56946  5226  5224  1702 12482  5224 10107  3432  4472 11120
  6670 56932   907  6151 11211  1240 12015  2488 11211  5240  8493 24058
 56940 56931]
2 [14931 11744 56932 23247  8159 11211 56940  5804   453 16747  4472  3432
 56932  8216 13371  5224 56946 56932  4151  3713 21267   848  4151  3713
 21426  5989 56946  5226  5224  1702 12482  5224 10107  3432  4472 11120
  6670 56932   907  6151 11211  1240 12015  2488 11211  5240  8493 24058
 56940 56931]
5 [ 6205 13396  7932 56932 15556  1004  5804 56946 13901  1776  4562  5804
 15400 56946 10621 11120  3671 12133  5226    68 15400 12764 12650 14375
  4151   739  4472  5804 56946 56931 56945 56945 56945 56945 56945 56945
 56945 56945 56945 56945 56945 56945 56945 56945 56945 56945 56945 56945
 56945 56945]
5 [56940 31867 14694   177  6151 11120  1004 56932  4562 11120 12673 12220
  4472 13681  9000 13092 18599 56940 56931 56945 56945 56945 56945 56945
 56945 56945 56945 56945 56945 56945 56945 56945 56945 56945 56945 56945
 56945 56945 56945 56945 56945 56945 56945 56945 56945 56945 56945 56945
 56945 56945]
6 [56940 31867 14694   177  6151 11120  1004 56932  4562 11120 12673 12220
  4472 13681  9000 13092 18599 56940 56931 56945 56945 56945 56945 56945
 56945 56945 56945 56945 56945 56945 56945 56945 56945 56945 56945 56945
 56945 56945 56945 56945 56945 56945 56945 56945 56945 56945 56945 56945
 56945 56945]
9 [14113  5240  5224  8288  4285  5972  4472 10766 15083  4472  1352 56931
 56945 56945 56945 56945 56945 56945 56945 56945 56945 56945 56945 56945
 56945 56945 56945 56945 56945 56945 56945 56945 56945 56945 56945 56945
 56945 56945 56945 56945 56945 56945 56945 56945 56945 56945 56945 56945
 56945 56945]
10 [14113  5240  5224  8288  4285  5972  4472 10766 15083  4472  1352 56931
 56945 56945 56945 56945 56945 56945 56945 56945 56945 56945 56945 56945
 56945 56945 56945 56945 56945 56945 56945 56945 56945 56945 56945 56945
 56945 56945 56945 56945 56945 56945 56945 56945 56945 56945 56945 56945
 56945 56945]
6 [15083  4472 13728 14373 10621  8493  7415 14329 12031 10067  6319 56932
  2530  4562 11120  5844 10067  6171 56932 11120 56946  1240 39009 13396
 11120  5157 10067  6171 10621  5224 13185  4472 11120   226 56931 56945
 56945 56945 56945 56945 56945 56945 56945 56945 56945 56945 56945 56945
 56945 56945]
7 [15083  4472 13728 14373 10621  8493  7415 14329 12031 10067  6319 56932
  2530  4562 11120  5844 10067  6171 56932 11120 56946  1240 39009 13396
 11120  5157 10067  6171 10621  5224 13185  4472 11120   226 56931 56945
 56945 56945 56945 56945 56945 56945 56945 56945 56945 56945 56945 56945
 56945 56945]
8 [15083  4472 13728 14373 10621  8493  7415 14329 12031 10067  6319 56932
  2530  4562 11120  5844 10067  6171 56932 11120 56946  1240 39009 13396
 11120  5157 10067  6171 10621  5224 13185  4472 11120   226 56931 56945
 56945 56945 56945 56945 56945 56945 56945 56945 56945 56945 56945 56945
 56945 56945]
13 [15083  4472 13728 14373 10621  8493  7415 14329 12031 10067  6319 56932
  2530  4562 11120  5844 10067  6171 56932 11120 56946  1240 39009 13396
 11120  5157 10067  6171 10621  5224 13185  4472 11120   226 56931 56945
 56945 56945 56945 56945 56945 56945 56945 56945 56945 56945 56945 56945
 56945 56945]
8 [ 5224  8979  4472  5804  4826  4271 11211 14914  1004 56946 16160 10534
 14329  6862  5848  5606 11211 10267   623 15145  5224 12547 56931 56945
 56945 56945 56945 56945 56945 56945 56945 56945 56945 56945 56945 56945
 56945 56945 56945 56945 56945 56945 56945 56945 56945 56945 56945 56945
 56945 56945]
5 [11120 14774 10347 47555  6151 11120 15948 13396  5224  4467 56946  4472
  2551 10621 14378  8155   746 27790 15350  4472 11211 12672  1450    44
 56931 56945 56945 56945 56945 56945 56945 56945 56945 56945 56945 56945
 56945 56945 56945 56945 56945 56945 56945 56945 56945 56945 56945 56945
 56945 56945]
6 [11120 14774 10347 47555  6151 11120 15948 13396  5224  4467 56946  4472
  2551 10621 14378  8155   746 27790 15350  4472 11211 12672  1450    44
 56931 56945 56945 56945 56945 56945 56945 56945 56945 56945 56945 56945
 56945 56945 56945 56945 56945 56945 56945 56945 56945 56945 56945 56945
 56945 56945]
10 [ 5804  8752 10621  5804  1169 11959   746 14480 11211   217  9544 56932
  8290  4722  4472  2062 56932 56946  2193  5226  6226  5224  6319 56932
  4562  5224 14906  4472  6157 10621 19124  5226  4151  1088    21 56931
 56945 56945 56945 56945 56945 56945 56945 56945 56945 56945 56945 56945
 56945 56945]
11 [ 5804  8752 10621  5804  1169 11959   746 14480 11211   217  9544 56932
  8290  4722  4472  2062 56932 56946  2193  5226  6226  5224  6319 56932
  4562  5224 14906  4472  6157 10621 19124  5226  4151  1088    21 56931
 56945 56945 56945 56945 56945 56945 56945 56945 56945 56945 56945 56945
 56945 56945]
12 [ 5804  8752 10621  5804  1169 11959   746 14480 11211   217  9544 56932
  8290  4722  4472  2062 56932 56946  2193  5226  6226  5224  6319 56932
  4562  5224 14906  4472  6157 10621 19124  5226  4151  1088    21 56931
 56945 56945 56945 56945 56945 56945 56945 56945 56945 56945 56945 56945
 56945 56945]
13 [ 5804  8752 10621  5804  1169 11959   746 14480 11211   217  9544 56932
  8290  4722  4472  2062 56932 56946  2193  5226  6226  5224  6319 56932
  4562  5224 14906  4472  6157 10621 19124  5226  4151  1088    21 56931
 56945 56945 56945 56945 56945 56945 56945 56945 56945 56945 56945 56945
 56945 56945]
14 [ 5804  8752 10621  5804  1169 11959   746 14480 11211   217  9544 56932
  8290  4722  4472  2062 56932 56946  2193  5226  6226  5224  6319 56932
  4562  5224 14906  4472  6157 10621 19124  5226  4151  1088    21 56931
 56945 56945 56945 56945 56945 56945 56945 56945 56945 56945 56945 56945
 56945 56945]
15 [ 5804  8752 10621  5804  1169 11959   746 14480 11211   217  9544 56932
  8290  4722  4472  2062 56932 56946  2193  5226  6226  5224  6319 56932
  4562  5224 14906  4472  6157 10621 19124  5226  4151  1088    21 56931
 56945 56945 56945 56945 56945 56945 56945 56945 56945 56945 56945 56945
 56945 56945]
9 [15394 17005  3245 11211 11120  9868 34727 56946 10067  3472 56934  4472
  5272  6151 11120 10773 56935 56932 11122 11211 13334  4151  9056  8550
 56931 56945 56945 56945 56945 56945 56945 56945 56945 56945 56945 56945
 56945 56945 56945 56945 56945 56945 56945 56945 56945 56945 56945 56945
 56945 56945]
10 [15394 17005  3245 11211 11120  9868 34727 56946 10067  3472 56934  4472
  5272  6151 11120 10773 56935 56932 11122 11211 13334  4151  9056  8550
 56931 56945 56945 56945 56945 56945 56945 56945 56945 56945 56945 56945
 56945 56945 56945 56945 56945 56945 56945 56945 56945 56945 56945 56945
 56945 56945]
11 [15394 17005  3245 11211 11120  9868 34727 56946 10067  3472 56934  4472
  5272  6151 11120 10773 56935 56932 11122 11211 13334  4151  9056  8550
 56931 56945 56945 56945 56945 56945 56945 56945 56945 56945 56945 56945
 56945 56945 56945 56945 56945 56945 56945 56945 56945 56945 56945 56945
 56945 56945]
12 [15394 17005  3245 11211 11120  9868 34727 56946 10067  3472 56934  4472
  5272  6151 11120 10773 56935 56932 11122 11211 13334  4151  9056  8550
 56931 56945 56945 56945 56945 56945 56945 56945 56945 56945 56945 56945
 56945 56945 56945 56945 56945 56945 56945 56945 56945 56945 56945 56945
 56945 56945]
13 [15394 17005  3245 11211 11120  9868 34727 56946 10067  3472 56934  4472
  5272  6151 11120 10773 56935 56932 11122 11211 13334  4151  9056  8550
 56931 56945 56945 56945 56945 56945 56945 56945 56945 56945 56945 56945
 56945 56945 56945 56945 56945 56945 56945 56945 56945 56945 56945 56945
 56945 56945]
28 [11120 14476  6393  4472 56946 56932  4472 56942  5137 56932  1240  2313
 15083  4472 11211 11120 14611  9823 10067  7581  3855  4562  1807  5224
  9591  4472 11211  5224  2792  6309  5892  4472  9424  4472  5895  4472
  5121  4472  9220 56932  8630  5016 13098 15244 56932 11211 12764 10376
 56931 56945]
29 [11120 14476  6393  4472 56946 56932  4472 56942  5137 56932  1240  2313
 15083  4472 11211 11120 14611  9823 10067  7581  3855  4562  1807  5224
  9591  4472 11211  5224  2792  6309  5892  4472  9424  4472  5895  4472
  5121  4472  9220 56932  8630  5016 13098 15244 56932 11211 12764 10376
 56931 56945]
32 [11120 14476  6393  4472 56946 56932  4472 56942  5137 56932  1240  2313
 15083  4472 11211 11120 14611  9823 10067  7581  3855  4562  1807  5224
  9591  4472 11211  5224  2792  6309  5892  4472  9424  4472  5895  4472
  5121  4472  9220 56932  8630  5016 13098 15244 56932 11211 12764 10376
 56931 56945]
33 [11120 14476  6393  4472 56946 56932  4472 56942  5137 56932  1240  2313
 15083  4472 11211 11120 14611  9823 10067  7581  3855  4562  1807  5224
  9591  4472 11211  5224  2792  6309  5892  4472  9424  4472  5895  4472
  5121  4472  9220 56932  8630  5016 13098 15244 56932 11211 12764 10376
 56931 56945]
34 [11120 14476  6393  4472 56946 56932  4472 56942  5137 56932  1240  2313
 15083  4472 11211 11120 14611  9823 10067  7581  3855  4562  1807  5224
  9591  4472 11211  5224  2792  6309  5892  4472  9424  4472  5895  4472
  5121  4472  9220 56932  8630  5016 13098 15244 56932 11211 12764 10376
 56931 56945]
36 [11120 14476  6393  4472 56946 56932  4472 56942  5137 56932  1240  2313
 15083  4472 11211 11120 14611  9823 10067  7581  3855  4562  1807  5224
  9591  4472 11211  5224  2792  6309  5892  4472  9424  4472  5895  4472
  5121  4472  9220 56932  8630  5016 13098 15244 56932 11211 12764 10376
 56931 56945]
38 [ 5224 10242  4472  7581 56946 11211 11120  1274  5226 11120  2894  4472
  9394 10700 10067   424  6913 10291  1723  8493 10177 56940  7253 56940
  4472 10147 56940  4173 56940 56932 15083  4472 11211 13396 56940 14324
  7606  5226  5224  6260 10621  8165  5226  5137  4979 56940 56932   418
  7581 56940]
2 [10621 56932  6997 56932  1659 11211  5850 13441  5224 11537  4472 12764
 56946 56931 56945 56945 56945 56945 56945 56945 56945 56945 56945 56945
 56945 56945 56945 56945 56945 56945 56945 56945 56945 56945 56945 56945
 56945 56945 56945 56945 56945 56945 56945 56945 56945 56945 56945 56945
 56945 56945]
3 [10621 56932  6997 56932  1659 11211  5850 13441  5224 11537  4472 12764
 56946 56931 56945 56945 56945 56945 56945 56945 56945 56945 56945 56945
 56945 56945 56945 56945 56945 56945 56945 56945 56945 56945 56945 56945
 56945 56945 56945 56945 56945 56945 56945 56945 56945 56945 56945 56945
 56945 56945]
12 [16286 56932  6196 12015 45690  1233 14496  6151 10105  2890 17943   217
  5226 11950 13396  5224 15175  4472 11120  5918 13261 11930 56931 56945
 56945 56945 56945 56945 56945 56945 56945 56945 56945 56945 56945 56945
 56945 56945 56945 56945 56945 56945 56945 56945 56945 56945 56945 56945
 56945 56945]
13 [16286 56932  6196 12015 45690  1233 14496  6151 10105  2890 17943   217
  5226 11950 13396  5224 15175  4472 11120  5918 13261 11930 56931 56945
 56945 56945 56945 56945 56945 56945 56945 56945 56945 56945 56945 56945
 56945 56945 56945 56945 56945 56945 56945 56945 56945 56945 56945 56945
 56945 56945]
6 [56940 15083  4472    52  3521  5804 15888  4472 11120  5187 11211 56946
  5804  8373 56932 11211  5207 56946 56946 56940 56932 15772 56932 56940
 56946 10621 11400  8493  5265  5240  2890   974 25929 56940 56931 56945
 56945 56945 56945 56945 56945 56945 56945 56945 56945 56945 56945 56945
 56945 56945]
7 [56940 15083  4472    52  3521  5804 15888  4472 11120  5187 11211 56946
  5804  8373 56932 11211  5207 56946 56946 56940 56932 15772 56932 56940
 56946 10621 11400  8493  5265  5240  2890   974 25929 56940 56931 56945
 56945 56945 56945 56945 56945 56945 56945 56945 56945 56945 56945 56945
 56945 56945]
8 [56940 15083  4472    52  3521  5804 15888  4472 11120  5187 11211 56946
  5804  8373 56932 11211  5207 56946 56946 56940 56932 15772 56932 56940
 56946 10621 11400  8493  5265  5240  2890   974 25929 56940 56931 56945
 56945 56945 56945 56945 56945 56945 56945 56945 56945 56945 56945 56945
 56945 56945]
9 [56940 15083  4472    52  3521  5804 15888  4472 11120  5187 11211 56946
  5804  8373 56932 11211  5207 56946 56946 56940 56932 15772 56932 56940
 56946 10621 11400  8493  5265  5240  2890   974 25929 56940 56931 56945
 56945 56945 56945 56945 56945 56945 56945 56945 56945 56945 56945 56945
 56945 56945]
10 [56940 15083  4472    52  3521  5804 15888  4472 11120  5187 11211 56946
  5804  8373 56932 11211  5207 56946 56946 56940 56932 15772 56932 56940
 56946 10621 11400  8493  5265  5240  2890   974 25929 56940 56931 56945
 56945 56945 56945 56945 56945 56945 56945 56945 56945 56945 56945 56945
 56945 56945]
11 [56940 15083  4472    52  3521  5804 15888  4472 11120  5187 11211 56946
  5804  8373 56932 11211  5207 56946 56946 56940 56932 15772 56932 56940
 56946 10621 11400  8493  5265  5240  2890   974 25929 56940 56931 56945
 56945 56945 56945 56945 56945 56945 56945 56945 56945 56945 56945 56945
 56945 56945]
12 [56940 15083  4472    52  3521  5804 15888  4472 11120  5187 11211 56946
  5804  8373 56932 11211  5207 56946 56946 56940 56932 15772 56932 56940
 56946 10621 11400  8493  5265  5240  2890   974 25929 56940 56931 56945
 56945 56945 56945 56945 56945 56945 56945 56945 56945 56945 56945 56945
 56945 56945]
13 [56940 15083  4472    52  3521  5804 15888  4472 11120  5187 11211 56946
  5804  8373 56932 11211  5207 56946 56946 56940 56932 15772 56932 56940
 56946 10621 11400  8493  5265  5240  2890   974 25929 56940 56931 56945
 56945 56945 56945 56945 56945 56945 56945 56945 56945 56945 56945 56945
 56945 56945]
14 [56940 15083  4472    52  3521  5804 15888  4472 11120  5187 11211 56946
  5804  8373 56932 11211  5207 56946 56946 56940 56932 15772 56932 56940
 56946 10621 11400  8493  5265  5240  2890   974 25929 56940 56931 56945
 56945 56945 56945 56945 56945 56945 56945 56945 56945 56945 56945 56945
 56945 56945]
15 [56940 15083  4472    52  3521  5804 15888  4472 11120  5187 11211 56946
  5804  8373 56932 11211  5207 56946 56946 56940 56932 15772 56932 56940
 56946 10621 11400  8493  5265  5240  2890   974 25929 56940 56931 56945
 56945 56945 56945 56945 56945 56945 56945 56945 56945 56945 56945 56945
 56945 56945]
16 [56940 15083  4472    52  3521  5804 15888  4472 11120  5187 11211 56946
  5804  8373 56932 11211  5207 56946 56946 56940 56932 15772 56932 56940
 56946 10621 11400  8493  5265  5240  2890   974 25929 56940 56931 56945
 56945 56945 56945 56945 56945 56945 56945 56945 56945 56945 56945 56945
 56945 56945]
17 [56940 15083  4472    52  3521  5804 15888  4472 11120  5187 11211 56946
  5804  8373 56932 11211  5207 56946 56946 56940 56932 15772 56932 56940
 56946 10621 11400  8493  5265  5240  2890   974 25929 56940 56931 56945
 56945 56945 56945 56945 56945 56945 56945 56945 56945 56945 56945 56945
 56945 56945]
18 [56940 15083  4472    52  3521  5804 15888  4472 11120  5187 11211 56946
  5804  8373 56932 11211  5207 56946 56946 56940 56932 15772 56932 56940
 56946 10621 11400  8493  5265  5240  2890   974 25929 56940 56931 56945
 56945 56945 56945 56945 56945 56945 56945 56945 56945 56945 56945 56945
 56945 56945]
19 [56940 15083  4472    52  3521  5804 15888  4472 11120  5187 11211 56946
  5804  8373 56932 11211  5207 56946 56946 56940 56932 15772 56932 56940
 56946 10621 11400  8493  5265  5240  2890   974 25929 56940 56931 56945
 56945 56945 56945 56945 56945 56945 56945 56945 56945 56945 56945 56945
 56945 56945]
24 [ 5224  5798 10997  4472  3806  4472 56942 56932  6235  7304  5165   217
 11211  5224  3835  5769 15164 56934  7843 56935 15031  5224  2693 13171
 11211  4550 10291 13853 11211  8754 10540  5534  1240 10332 11120  4771
 10067  5566  9243 10621  1240  6248 11120   967 56931 56945 56945 56945
 56945 56945]
25 [ 5224  5798 10997  4472  3806  4472 56942 56932  6235  7304  5165   217
 11211  5224  3835  5769 15164 56934  7843 56935 15031  5224  2693 13171
 11211  4550 10291 13853 11211  8754 10540  5534  1240 10332 11120  4771
 10067  5566  9243 10621  1240  6248 11120   967 56931 56945 56945 56945
 56945 56945]
5 [ 5224  5085 14204 15168  8448  4472 41615 56932  5226 11120  4932  4472
 14208  8657  6331  5226  5224  7770 10067  6319 56932 13002 10165 56931
 56945 56945 56945 56945 56945 56945 56945 56945 56945 56945 56945 56945
 56945 56945 56945 56945 56945 56945 56945 56945 56945 56945 56945 56945
 56945 56945]
6 [ 5224  5085 14204 15168  8448  4472 41615 56932  5226 11120  4932  4472
 14208  8657  6331  5226  5224  7770 10067  6319 56932 13002 10165 56931
 56945 56945 56945 56945 56945 56945 56945 56945 56945 56945 56945 56945
 56945 56945 56945 56945 56945 56945 56945 56945 56945 56945 56945 56945
 56945 56945]
7 [ 5224  5085 14204 15168  8448  4472 41615 56932  5226 11120  4932  4472
 14208  8657  6331  5226  5224  7770 10067  6319 56932 13002 10165 56931
 56945 56945 56945 56945 56945 56945 56945 56945 56945 56945 56945 56945
 56945 56945 56945 56945 56945 56945 56945 56945 56945 56945 56945 56945
 56945 56945]
4 [56940  2199  4472  2349  6151 11075  6894  4472 13822 13272  4472 12702
 56932  4365 12301  4472  8826 13822  7025  4472  3825  8493 13408  5226
 11120  2125  4472 10880 56940 56932 15285 56931 56945 56945 56945 56945
 56945 56945 56945 56945 56945 56945 56945 56945 56945 56945 56945 56945
 56945 56945]
5 [56940  2199  4472  2349  6151 11075  6894  4472 13822 13272  4472 12702
 56932  4365 12301  4472  8826 13822  7025  4472  3825  8493 13408  5226
 11120  2125  4472 10880 56940 56932 15285 56931 56945 56945 56945 56945
 56945 56945 56945 56945 56945 56945 56945 56945 56945 56945 56945 56945
 56945 56945]
6 [56940  2199  4472  2349  6151 11075  6894  4472 13822 13272  4472 12702
 56932  4365 12301  4472  8826 13822  7025  4472  3825  8493 13408  5226
 11120  2125  4472 10880 56940 56932 15285 56931 56945 56945 56945 56945
 56945 56945 56945 56945 56945 56945 56945 56945 56945 56945 56945 56945
 56945 56945]
7 [56940  2199  4472  2349  6151 11075  6894  4472 13822 13272  4472 12702
 56932  4365 12301  4472  8826 13822  7025  4472  3825  8493 13408  5226
 11120  2125  4472 10880 56940 56932 15285 56931 56945 56945 56945 56945
 56945 56945 56945 56945 56945 56945 56945 56945 56945 56945 56945 56945
 56945 56945]
8 [56940  2199  4472  2349  6151 11075  6894  4472 13822 13272  4472 12702
 56932  4365 12301  4472  8826 13822  7025  4472  3825  8493 13408  5226
 11120  2125  4472 10880 56940 56932 15285 56931 56945 56945 56945 56945
 56945 56945 56945 56945 56945 56945 56945 56945 56945 56945 56945 56945
 56945 56945]
9 [56940  2199  4472  2349  6151 11075  6894  4472 13822 13272  4472 12702
 56932  4365 12301  4472  8826 13822  7025  4472  3825  8493 13408  5226
 11120  2125  4472 10880 56940 56932 15285 56931 56945 56945 56945 56945
 56945 56945 56945 56945 56945 56945 56945 56945 56945 56945 56945 56945
 56945 56945]
10 [56940  2199  4472  2349  6151 11075  6894  4472 13822 13272  4472 12702
 56932  4365 12301  4472  8826 13822  7025  4472  3825  8493 13408  5226
 11120  2125  4472 10880 56940 56932 15285 56931 56945 56945 56945 56945
 56945 56945 56945 56945 56945 56945 56945 56945 56945 56945 56945 56945
 56945 56945]
11 [56940  2199  4472  2349  6151 11075  6894  4472 13822 13272  4472 12702
 56932  4365 12301  4472  8826 13822  7025  4472  3825  8493 13408  5226
 11120  2125  4472 10880 56940 56932 15285 56931 56945 56945 56945 56945
 56945 56945 56945 56945 56945 56945 56945 56945 56945 56945 56945 56945
 56945 56945]
12 [56940  2199  4472  2349  6151 11075  6894  4472 13822 13272  4472 12702
 56932  4365 12301  4472  8826 13822  7025  4472  3825  8493 13408  5226
 11120  2125  4472 10880 56940 56932 15285 56931 56945 56945 56945 56945
 56945 56945 56945 56945 56945 56945 56945 56945 56945 56945 56945 56945
 56945 56945]
4 [10621  4938   752  8448  4472 12342  4801 11211 56946  2861 56940  8993
  5240  2890 10977  5231  2890  5798 56940 56931 56945 56945 56945 56945
 56945 56945 56945 56945 56945 56945 56945 56945 56945 56945 56945 56945
 56945 56945 56945 56945 56945 56945 56945 56945 56945 56945 56945 56945
 56945 56945]
5 [10621  4938   752  8448  4472 12342  4801 11211 56946  2861 56940  8993
  5240  2890 10977  5231  2890  5798 56940 56931 56945 56945 56945 56945
 56945 56945 56945 56945 56945 56945 56945 56945 56945 56945 56945 56945
 56945 56945 56945 56945 56945 56945 56945 56945 56945 56945 56945 56945
 56945 56945]
20 [ 5224  7011 10067  9322 56932  4179 12528 56932  5147 12948 11211  1490
  8888  4472 15460 10621  4109  5153 56940   375  4472 11120  3077 56940
 10621   229  4128  4472 56940 12937  4151  4694  2772 56940 56931 56945
 56945 56945 56945 56945 56945 56945 56945 56945 56945 56945 56945 56945
 56945 56945]
21 [ 5224  7011 10067  9322 56932  4179 12528 56932  5147 12948 11211  1490
  8888  4472 15460 10621  4109  5153 56940   375  4472 11120  3077 56940
 10621   229  4128  4472 56940 12937  4151  4694  2772 56940 56931 56945
 56945 56945 56945 56945 56945 56945 56945 56945 56945 56945 56945 56945
 56945 56945]
22 [ 5224  7011 10067  9322 56932  4179 12528 56932  5147 12948 11211  1490
  8888  4472 15460 10621  4109  5153 56940   375  4472 11120  3077 56940
 10621   229  4128  4472 56940 12937  4151  4694  2772 56940 56931 56945
 56945 56945 56945 56945 56945 56945 56945 56945 56945 56945 56945 56945
 56945 56945]
1 [13554 11211  6151  5804  6786 10013 56946  1240 15649  5226  5224  5482
  4562  2890 35707 13554  4472 56946 56932 10291  2628  5226 11120 56946
 56931 56945 56945 56945 56945 56945 56945 56945 56945 56945 56945 56945
 56945 56945 56945 56945 56945 56945 56945 56945 56945 56945 56945 56945
 56945 56945]
2 [13554 11211  6151  5804  6786 10013 56946  1240 15649  5226  5224  5482
  4562  2890 35707 13554  4472 56946 56932 10291  2628  5226 11120 56946
 56931 56945 56945 56945 56945 56945 56945 56945 56945 56945 56945 56945
 56945 56945 56945 56945 56945 56945 56945 56945 56945 56945 56945 56945
 56945 56945]
15 [ 5224   870 10067  5683 13579 56932 13662 10067  5928 56932 11117 14039
   375  4472 11120  1562 11211  1240 12765  1296  3786  1925  9102 27155
  6151 13686  6894 10621 14524 15105 56932  6151  5804 11211  4473 12413
  5226 13072 10067  9541  4472 16932 10067 11255  8788 56931 56945 56945
 56945 56945]
18 [ 5224   870 10067  5683 13579 56932 13662 10067  5928 56932 11117 14039
   375  4472 11120  1562 11211  1240 12765  1296  3786  1925  9102 27155
  6151 13686  6894 10621 14524 15105 56932  6151  5804 11211  4473 12413
  5226 13072 10067  9541  4472 16932 10067 11255  8788 56931 56945 56945
 56945 56945]
20 [ 5224   870 10067  5683 13579 56932 13662 10067  5928 56932 11117 14039
   375  4472 11120  1562 11211  1240 12765  1296  3786  1925  9102 27155
  6151 13686  6894 10621 14524 15105 56932  6151  5804 11211  4473 12413
  5226 13072 10067  9541  4472 16932 10067 11255  8788 56931 56945 56945
 56945 56945]
3 [56940  5240 13171 56932  1233 14099 12764 29733  6151 56920  1633  5224
 13829 56946  4550  5263 17300 13396 11120  8200 56940 56931 56945 56945
 56945 56945 56945 56945 56945 56945 56945 56945 56945 56945 56945 56945
 56945 56945 56945 56945 56945 56945 56945 56945 56945 56945 56945 56945
 56945 56945]
7 [12511   730 11211  5224 15548 14012 13396   273 56940  7780  9002  8555
  6151 11120 13480 56932 11211  8159  4562  6221  2496 11211  5240  1231
  3012 56940 56931 56945 56945 56945 56945 56945 56945 56945 56945 56945
 56945 56945 56945 56945 56945 56945 56945 56945 56945 56945 56945 56945
 56945 56945]
25 [ 5804  1416   992  5724 12948 11211 11120 11093  7037  4472 11120 12267
 12348  6667 15168  5224 56942  4472 14724 10621 11120  8290  7037 56932
   420 11970 13171  8818 56931 56945 56945 56945 56945 56945 56945 56945
 56945 56945 56945 56945 56945 56945 56945 56945 56945 56945 56945 56945
 56945 56945]
10 [14724  7780  8192  5224  8288  7977 56932 15083  4472 11120   657 10067
 56942 13396 14108  4472  5198 56932  5226  5224 11211  1240  5877  8493
 14964  4073  5226  4262  5709   424  2689 56931 56945 56945 56945 56945
 56945 56945 56945 56945 56945 56945 56945 56945 56945 56945 56945 56945
 56945 56945]
11 [14724  7780  8192  5224  8288  7977 56932 15083  4472 11120   657 10067
 56942 13396 14108  4472  5198 56932  5226  5224 11211  1240  5877  8493
 14964  4073  5226  4262  5709   424  2689 56931 56945 56945 56945 56945
 56945 56945 56945 56945 56945 56945 56945 56945 56945 56945 56945 56945
 56945 56945]
12 [14724  7780  8192  5224  8288  7977 56932 15083  4472 11120   657 10067
 56942 13396 14108  4472  5198 56932  5226  5224 11211  1240  5877  8493
 14964  4073  5226  4262  5709   424  2689 56931 56945 56945 56945 56945
 56945 56945 56945 56945 56945 56945 56945 56945 56945 56945 56945 56945
 56945 56945]
13 [14724  7780  8192  5224  8288  7977 56932 15083  4472 11120   657 10067
 56942 13396 14108  4472  5198 56932  5226  5224 11211  1240  5877  8493
 14964  4073  5226  4262  5709   424  2689 56931 56945 56945 56945 56945
 56945 56945 56945 56945 56945 56945 56945 56945 56945 56945 56945 56945
 56945 56945]
14 [14724  7780  8192  5224  8288  7977 56932 15083  4472 11120   657 10067
 56942 13396 14108  4472  5198 56932  5226  5224 11211  1240  5877  8493
 14964  4073  5226  4262  5709   424  2689 56931 56945 56945 56945 56945
 56945 56945 56945 56945 56945 56945 56945 56945 56945 56945 56945 56945
 56945 56945]
15 [14724  7780  8192  5224  8288  7977 56932 15083  4472 11120   657 10067
 56942 13396 14108  4472  5198 56932  5226  5224 11211  1240  5877  8493
 14964  4073  5226  4262  5709   424  2689 56931 56945 56945 56945 56945
 56945 56945 56945 56945 56945 56945 56945 56945 56945 56945 56945 56945
 56945 56945]
16 [14724  7780  8192  5224  8288  7977 56932 15083  4472 11120   657 10067
 56942 13396 14108  4472  5198 56932  5226  5224 11211  1240  5877  8493
 14964  4073  5226  4262  5709   424  2689 56931 56945 56945 56945 56945
 56945 56945 56945 56945 56945 56945 56945 56945 56945 56945 56945 56945
 56945 56945]
5 [ 9000  6196 12764 17392 13396  3260 10067  1926 56931 56945 56945 56945
 56945 56945 56945 56945 56945 56945 56945 56945 56945 56945 56945 56945
 56945 56945 56945 56945 56945 56945 56945 56945 56945 56945 56945 56945
 56945 56945 56945 56945 56945 56945 56945 56945 56945 56945 56945 56945
 56945 56945]
6 [ 9000  6196 12764 17392 13396  3260 10067  1926 56931 56945 56945 56945
 56945 56945 56945 56945 56945 56945 56945 56945 56945 56945 56945 56945
 56945 56945 56945 56945 56945 56945 56945 56945 56945 56945 56945 56945
 56945 56945 56945 56945 56945 56945 56945 56945 56945 56945 56945 56945
 56945 56945]
7 [ 9000  6196 12764 17392 13396  3260 10067  1926 56931 56945 56945 56945
 56945 56945 56945 56945 56945 56945 56945 56945 56945 56945 56945 56945
 56945 56945 56945 56945 56945 56945 56945 56945 56945 56945 56945 56945
 56945 56945 56945 56945 56945 56945 56945 56945 56945 56945 56945 56945
 56945 56945]
1 [ 2240 56932 12015  7780  4643  4472  8493  3196 22502 11211  5224  7238
 11211 14817  5224 28302 18217  4472 56940 26071 11120  3363 56940 56932
 15145 11906  5226  8445 14915 35698 19714 10291 11120 17292 10621 11120
  3363 56931 56945 56945 56945 56945 56945 56945 56945 56945 56945 56945
 56945 56945]
22 [ 5224 56946  8016 12140  9019 56932 11211 14204  4472 56946  4562 21747
 10621  8373 32119 56932  3245  9490 19026 11120 16400   375 10067  3538
  5226  5224 12232 12270  4562 56946 11648 56932  1231 22784  3079  4472
 11120  1578 10621 56946 56934 56942 56935  1947  5224  9518 15144  4472
 11120  4722]
23 [ 5224 56946  8016 12140  9019 56932 11211 14204  4472 56946  4562 21747
 10621  8373 32119 56932  3245  9490 19026 11120 16400   375 10067  3538
  5226  5224 12232 12270  4562 56946 11648 56932  1231 22784  3079  4472
 11120  1578 10621 56946 56934 56942 56935  1947  5224  9518 15144  4472
 11120  4722]
8 [ 4693  4472 11211  9775  4788 56946 11211  5804  5634 15143  5224  8033
  5226  5224 10778  6151 15254 10067 56942 56932 10581 56946 11120 56940
  7508  4472  5071 56940 10067   653 10067 14358 56931 56945 56945 56945
 56945 56945 56945 56945 56945 56945 56945 56945 56945 56945 56945 56945
 56945 56945]
11 [ 4693  4472 11211  9775  4788 56946 11211  5804  5634 15143  5224  8033
  5226  5224 10778  6151 15254 10067 56942 56932 10581 56946 11120 56940
  7508  4472  5071 56940 10067   653 10067 14358 56931 56945 56945 56945
 56945 56945 56945 56945 56945 56945 56945 56945 56945 56945 56945 56945
 56945 56945]
12 [ 4693  4472 11211  9775  4788 56946 11211  5804  5634 15143  5224  8033
  5226  5224 10778  6151 15254 10067 56942 56932 10581 56946 11120 56940
  7508  4472  5071 56940 10067   653 10067 14358 56931 56945 56945 56945
 56945 56945 56945 56945 56945 56945 56945 56945 56945 56945 56945 56945
 56945 56945]
22 [ 5224 27155 11984   425  8818  5224  8876  5551  4472  1231  7645  5226
  5224   468  5206  5226  5544 10201 56934 56946 56935 56932  2890  2689
 15083  4472 11211  5224  6145 13732 11117 56946 13396 56946 56932 56946
  6151 12347 13396 12238  1004 14314 10621  1240 22809  5226 11120  4932
  8973  4472]
23 [ 5224 27155 11984   425  8818  5224  8876  5551  4472  1231  7645  5226
  5224   468  5206  5226  5544 10201 56934 56946 56935 56932  2890  2689
 15083  4472 11211  5224  6145 13732 11117 56946 13396 56946 56932 56946
  6151 12347 13396 12238  1004 14314 10621  1240 22809  5226 11120  4932
  8973  4472]
24 [ 5224 27155 11984   425  8818  5224  8876  5551  4472  1231  7645  5226
  5224   468  5206  5226  5544 10201 56934 56946 56935 56932  2890  2689
 15083  4472 11211  5224  6145 13732 11117 56946 13396 56946 56932 56946
  6151 12347 13396 12238  1004 14314 10621  1240 22809  5226 11120  4932
  8973  4472]
11 [15428  1362 15083  4472 11358  6224  1925  6319  4562  2890  8876   695
  5226  5224 11211  9956  2890  5285  1537  4472 11120 13450  3682 10067
  7581 56932 11437  1240 13851 13396 12341 10621  8945  1925  6319  6151
  4151 56942  1362 11511 56934 56942 11613 56935 10291  9965 11120  7276
  4472  3336]
16 [15428  1362 15083  4472 11358  6224  1925  6319  4562  2890  8876   695
  5226  5224 11211  9956  2890  5285  1537  4472 11120 13450  3682 10067
  7581 56932 11437  1240 13851 13396 12341 10621  8945  1925  6319  6151
  4151 56942  1362 11511 56934 56942 11613 56935 10291  9965 11120  7276
  4472  3336]
17 [15428  1362 15083  4472 11358  6224  1925  6319  4562  2890  8876   695
  5226  5224 11211  9956  2890  5285  1537  4472 11120 13450  3682 10067
  7581 56932 11437  1240 13851 13396 12341 10621  8945  1925  6319  6151
  4151 56942  1362 11511 56934 56942 11613 56935 10291  9965 11120  7276
  4472  3336]
18 [15428  1362 15083  4472 11358  6224  1925  6319  4562  2890  8876   695
  5226  5224 11211  9956  2890  5285  1537  4472 11120 13450  3682 10067
  7581 56932 11437  1240 13851 13396 12341 10621  8945  1925  6319  6151
  4151 56942  1362 11511 56934 56942 11613 56935 10291  9965 11120  7276
  4472  3336]
19 [15428  1362 15083  4472 11358  6224  1925  6319  4562  2890  8876   695
  5226  5224 11211  9956  2890  5285  1537  4472 11120 13450  3682 10067
  7581 56932 11437  1240 13851 13396 12341 10621  8945  1925  6319  6151
  4151 56942  1362 11511 56934 56942 11613 56935 10291  9965 11120  7276
  4472  3336]
20 [15428  1362 15083  4472 11358  6224  1925  6319  4562  2890  8876   695
  5226  5224 11211  9956  2890  5285  1537  4472 11120 13450  3682 10067
  7581 56932 11437  1240 13851 13396 12341 10621  8945  1925  6319  6151
  4151 56942  1362 11511 56934 56942 11613 56935 10291  9965 11120  7276
  4472  3336]
21 [15428  1362 15083  4472 11358  6224  1925  6319  4562  2890  8876   695
  5226  5224 11211  9956  2890  5285  1537  4472 11120 13450  3682 10067
  7581 56932 11437  1240 13851 13396 12341 10621  8945  1925  6319  6151
  4151 56942  1362 11511 56934 56942 11613 56935 10291  9965 11120  7276
  4472  3336]
22 [15428  1362 15083  4472 11358  6224  1925  6319  4562  2890  8876   695
  5226  5224 11211  9956  2890  5285  1537  4472 11120 13450  3682 10067
  7581 56932 11437  1240 13851 13396 12341 10621  8945  1925  6319  6151
  4151 56942  1362 11511 56934 56942 11613 56935 10291  9965 11120  7276
  4472  3336]
23 [15428  1362 15083  4472 11358  6224  1925  6319  4562  2890  8876   695
  5226  5224 11211  9956  2890  5285  1537  4472 11120 13450  3682 10067
  7581 56932 11437  1240 13851 13396 12341 10621  8945  1925  6319  6151
  4151 56942  1362 11511 56934 56942 11613 56935 10291  9965 11120  7276
  4472  3336]
24 [15428  1362 15083  4472 11358  6224  1925  6319  4562  2890  8876   695
  5226  5224 11211  9956  2890  5285  1537  4472 11120 13450  3682 10067
  7581 56932 11437  1240 13851 13396 12341 10621  8945  1925  6319  6151
  4151 56942  1362 11511 56934 56942 11613 56935 10291  9965 11120  7276
  4472  3336]
25 [15428  1362 15083  4472 11358  6224  1925  6319  4562  2890  8876   695
  5226  5224 11211  9956  2890  5285  1537  4472 11120 13450  3682 10067
  7581 56932 11437  1240 13851 13396 12341 10621  8945  1925  6319  6151
  4151 56942  1362 11511 56934 56942 11613 56935 10291  9965 11120  7276
  4472  3336]
4 [10621  5280 56932  6997 56932 56946 19589  4472  2416 13396 11120 22047
 24929  5534  5224  6171 13495 13822 15271 56931 56945 56945 56945 56945
 56945 56945 56945 56945 56945 56945 56945 56945 56945 56945 56945 56945
 56945 56945 56945 56945 56945 56945 56945 56945 56945 56945 56945 56945
 56945 56945]
1 [ 2052  6151  2052 56932  1240 10756  1006  6151 11120 12901 56932 14931
  2923 13396  2865  7494 10363 56931 56945 56945 56945 56945 56945 56945
 56945 56945 56945 56945 56945 56945 56945 56945 56945 56945 56945 56945
 56945 56945 56945 56945 56945 56945 56945 56945 56945 56945 56945 56945
 56945 56945]
2 [ 2052  6151  2052 56932  1240 10756  1006  6151 11120 12901 56932 14931
  2923 13396  2865  7494 10363 56931 56945 56945 56945 56945 56945 56945
 56945 56945 56945 56945 56945 56945 56945 56945 56945 56945 56945 56945
 56945 56945 56945 56945 56945 56945 56945 56945 56945 56945 56945 56945
 56945 56945]
12 [56940 11120 13476 11562  1452    20  4472  8273 10621  8581  6151 14849
  4472  6226 56940 56932  6792 56931 56945 56945 56945 56945 56945 56945
 56945 56945 56945 56945 56945 56945 56945 56945 56945 56945 56945 56945
 56945 56945 56945 56945 56945 56945 56945 56945 56945 56945 56945 56945
 56945 56945]
13 [56940 11120 13476 11562  1452    20  4472  8273 10621  8581  6151 14849
  4472  6226 56940 56932  6792 56931 56945 56945 56945 56945 56945 56945
 56945 56945 56945 56945 56945 56945 56945 56945 56945 56945 56945 56945
 56945 56945 56945 56945 56945 56945 56945 56945 56945 56945 56945 56945
 56945 56945]
17 [10621  5240 13396 12752 13396  3828 11285  4530  2861 13171  6523 10291
 56946 10621 56932  7956  6226 56932 13171  8561 10291  9724  6151   424
  7944  4472  5023 10621 13822  3491 56931 56945 56945 56945 56945 56945
 56945 56945 56945 56945 56945 56945 56945 56945 56945 56945 56945 56945
 56945 56945]
5 [ 5224  9750    85  4869  8373  3861 15083  5226 11120  9639  4472 12929
  4472  1041 15023   535  2890 14519  4562  3542  6151 13732 56931 56945
 56945 56945 56945 56945 56945 56945 56945 56945 56945 56945 56945 56945
 56945 56945 56945 56945 56945 56945 56945 56945 56945 56945 56945 56945
 56945 56945]
10 [ 4937  4472 11120  6264  4472 12756 11430 11211 13460  6151  7538 10291
  2188 11120 10794  4472  5804   420 10617 56932 11211  1340  1231 12347
  5226  5224 12754 15166  4472 11888 56931 56945 56945 56945 56945 56945
 56945 56945 56945 56945 56945 56945 56945 56945 56945 56945 56945 56945
 56945 56945]
19 [ 5224 11183  6667   792  4472 19130  6151  5804 14884  5696 15083  4472
    52  3437  5224   695 11211 56946  5224  2792  4472   425   314 56931
 56945 56945 56945 56945 56945 56945 56945 56945 56945 56945 56945 56945
 56945 56945 56945 56945 56945 56945 56945 56945 56945 56945 56945 56945
 56945 56945]
6 [ 4693  4472 11211  9666 56946  1231   445 12348 56932   505  8946  2890
  6997  1848  5226 16110 56932 17128 10621  5930 56932  3828   217  1240
 56946 11916 56932 15428 10621 30315  5454 56932  8170 56931 56945 56945
 56945 56945 56945 56945 56945 56945 56945 56945 56945 56945 56945 56945
 56945 56945]
7 [ 4693  4472 11211  9666 56946  1231   445 12348 56932   505  8946  2890
  6997  1848  5226 16110 56932 17128 10621  5930 56932  3828   217  1240
 56946 11916 56932 15428 10621 30315  5454 56932  8170 56931 56945 56945
 56945 56945 56945 56945 56945 56945 56945 56945 56945 56945 56945 56945
 56945 56945]
8 [ 4693  4472 11211  9666 56946  1231   445 12348 56932   505  8946  2890
  6997  1848  5226 16110 56932 17128 10621  5930 56932  3828   217  1240
 56946 11916 56932 15428 10621 30315  5454 56932  8170 56931 56945 56945
 56945 56945 56945 56945 56945 56945 56945 56945 56945 56945 56945 56945
 56945 56945]
6 [ 2890 13723  4472 12770 14662  5226 15445 11211  5224 10242  4472  7581
  4472  6467 56932 11966  2128  4472 14393 56932  7780 15328  6151  3969
 11211 56940  1233  5226 11120  3174   635  5224 14358  7494  5224 56946
  4472  5804  2322 56932  3245 11117  4346  5224 56946  4472  5804 12770
 56940 56932]
3 [ 5224  5097 56932 13396 13676 56932  1240 10823  5226  2370  4472  1836
 14162  4472 13236   848  4472  3641  2848 14931  5224  1803  4472  5804
  3434 56932 10621 11211  5534  1240  3968 12472  2632  1240 56946  6151
  5804  6134  4562  6272  2965 56931 56945 56945 56945 56945 56945 56945
 56945 56945]
15 [ 5224  5097 56932 13396 13676 56932  1240 10823  5226  2370  4472  1836
 14162  4472 13236   848  4472  3641  2848 14931  5224  1803  4472  5804
  3434 56932 10621 11211  5534  1240  3968 12472  2632  1240 56946  6151
  5804  6134  4562  6272  2965 56931 56945 56945 56945 56945 56945 56945
 56945 56945]
16 [ 5224  5097 56932 13396 13676 56932  1240 10823  5226  2370  4472  1836
 14162  4472 13236   848  4472  3641  2848 14931  5224  1803  4472  5804
  3434 56932 10621 11211  5534  1240  3968 12472  2632  1240 56946  6151
  5804  6134  4562  6272  2965 56931 56945 56945 56945 56945 56945 56945
 56945 56945]
17 [ 5224  5097 56932 13396 13676 56932  1240 10823  5226  2370  4472  1836
 14162  4472 13236   848  4472  3641  2848 14931  5224  1803  4472  5804
  3434 56932 10621 11211  5534  1240  3968 12472  2632  1240 56946  6151
  5804  6134  4562  6272  2965 56931 56945 56945 56945 56945 56945 56945
 56945 56945]
18 [ 5224  5097 56932 13396 13676 56932  1240 10823  5226  2370  4472  1836
 14162  4472 13236   848  4472  3641  2848 14931  5224  1803  4472  5804
  3434 56932 10621 11211  5534  1240  3968 12472  2632  1240 56946  6151
  5804  6134  4562  6272  2965 56931 56945 56945 56945 56945 56945 56945
 56945 56945]
19 [ 5224  5097 56932 13396 13676 56932  1240 10823  5226  2370  4472  1836
 14162  4472 13236   848  4472  3641  2848 14931  5224  1803  4472  5804
  3434 56932 10621 11211  5534  1240  3968 12472  2632  1240 56946  6151
  5804  6134  4562  6272  2965 56931 56945 56945 56945 56945 56945 56945
 56945 56945]
20 [ 5224  5097 56932 13396 13676 56932  1240 10823  5226  2370  4472  1836
 14162  4472 13236   848  4472  3641  2848 14931  5224  1803  4472  5804
  3434 56932 10621 11211  5534  1240  3968 12472  2632  1240 56946  6151
  5804  6134  4562  6272  2965 56931 56945 56945 56945 56945 56945 56945
 56945 56945]
21 [ 5224  5097 56932 13396 13676 56932  1240 10823  5226  2370  4472  1836
 14162  4472 13236   848  4472  3641  2848 14931  5224  1803  4472  5804
  3434 56932 10621 11211  5534  1240  3968 12472  2632  1240 56946  6151
  5804  6134  4562  6272  2965 56931 56945 56945 56945 56945 56945 56945
 56945 56945]
22 [ 5224  5097 56932 13396 13676 56932  1240 10823  5226  2370  4472  1836
 14162  4472 13236   848  4472  3641  2848 14931  5224  1803  4472  5804
  3434 56932 10621 11211  5534  1240  3968 12472  2632  1240 56946  6151
  5804  6134  4562  6272  2965 56931 56945 56945 56945 56945 56945 56945
 56945 56945]
23 [ 5224  5097 56932 13396 13676 56932  1240 10823  5226  2370  4472  1836
 14162  4472 13236   848  4472  3641  2848 14931  5224  1803  4472  5804
  3434 56932 10621 11211  5534  1240  3968 12472  2632  1240 56946  6151
  5804  6134  4562  6272  2965 56931 56945 56945 56945 56945 56945 56945
 56945 56945]
24 [ 5224  5097 56932 13396 13676 56932  1240 10823  5226  2370  4472  1836
 14162  4472 13236   848  4472  3641  2848 14931  5224  1803  4472  5804
  3434 56932 10621 11211  5534  1240  3968 12472  2632  1240 56946  6151
  5804  6134  4562  6272  2965 56931 56945 56945 56945 56945 56945 56945
 56945 56945]
8 [ 9000 11674  8946  4693  4472 11211 56946  5226  5224 13804  4472 11120
  8973 11786 10621  6196  1659 11211  4550  5804 24221  4472 11120 14137
  5804  2623 13396 56946   848 13396  4120 56931 56945 56945 56945 56945
 56945 56945 56945 56945 56945 56945 56945 56945 56945 56945 56945 56945
 56945 56945]
9 [ 9000 11674  8946  4693  4472 11211 56946  5226  5224 13804  4472 11120
  8973 11786 10621  6196  1659 11211  4550  5804 24221  4472 11120 14137
  5804  2623 13396 56946   848 13396  4120 56931 56945 56945 56945 56945
 56945 56945 56945 56945 56945 56945 56945 56945 56945 56945 56945 56945
 56945 56945]
10 [ 9000 11674  8946  4693  4472 11211 56946  5226  5224 13804  4472 11120
  8973 11786 10621  6196  1659 11211  4550  5804 24221  4472 11120 14137
  5804  2623 13396 56946   848 13396  4120 56931 56945 56945 56945 56945
 56945 56945 56945 56945 56945 56945 56945 56945 56945 56945 56945 56945
 56945 56945]
11 [ 9000 11674  8946  4693  4472 11211 56946  5226  5224 13804  4472 11120
  8973 11786 10621  6196  1659 11211  4550  5804 24221  4472 11120 14137
  5804  2623 13396 56946   848 13396  4120 56931 56945 56945 56945 56945
 56945 56945 56945 56945 56945 56945 56945 56945 56945 56945 56945 56945
 56945 56945]
13 [ 9000 11674  8946  4693  4472 11211 56946  5226  5224 13804  4472 11120
  8973 11786 10621  6196  1659 11211  4550  5804 24221  4472 11120 14137
  5804  2623 13396 56946   848 13396  4120 56931 56945 56945 56945 56945
 56945 56945 56945 56945 56945 56945 56945 56945 56945 56945 56945 56945
 56945 56945]
13 [ 2890 16931  4884 21425 12764  5240    19 11211 10644 12754 42520  2861
  6151 11122  7811  5240 13396 11674 13396 11122 11211  4151 46083  4472
  4151    21  1240  5207  4982 13371  8493 10236  4303 10067 42520  8722
 56932 14915 25602 12342 10621 14915 15864 56943 56945 56945 56945 56945
 56945 56945]
14 [ 2890 16931  4884 21425 12764  5240    19 11211 10644 12754 42520  2861
  6151 11122  7811  5240 13396 11674 13396 11122 11211  4151 46083  4472
  4151    21  1240  5207  4982 13371  8493 10236  4303 10067 42520  8722
 56932 14915 25602 12342 10621 14915 15864 56943 56945 56945 56945 56945
 56945 56945]
3 [ 2890 56946  4472 13554  5226 13554  5240 11165 10291  5224 10855 56931
 56945 56945 56945 56945 56945 56945 56945 56945 56945 56945 56945 56945
 56945 56945 56945 56945 56945 56945 56945 56945 56945 56945 56945 56945
 56945 56945 56945 56945 56945 56945 56945 56945 56945 56945 56945 56945
 56945 56945]
28 [13396 10711 56932  5224  5683 13579  7709  8606    19  1004  5224 30738
  5224   972 11211 10111 56932 14260   424  5683 13579 12764  5240  4472
 56946 56932  9000  1925  8871  4392    85 15111  4472  7291  5224 46871
 56946 10621 11120 11529 56946  4472  5804 19287 56931 56945 56945 56945
 56945 56945]
29 [13396 10711 56932  5224  5683 13579  7709  8606    19  1004  5224 30738
  5224   972 11211 10111 56932 14260   424  5683 13579 12764  5240  4472
 56946 56932  9000  1925  8871  4392    85 15111  4472  7291  5224 46871
 56946 10621 11120 11529 56946  4472  5804 19287 56931 56945 56945 56945
 56945 56945]
1 [56946 56932  8838 11211 11122  5850 13171 15319 11211 12948 56932 12889
 14831  8871 15319 11211  1296 56931 56945 56945 56945 56945 56945 56945
 56945 56945 56945 56945 56945 56945 56945 56945 56945 56945 56945 56945
 56945 56945 56945 56945 56945 56945 56945 56945 56945 56945 56945 56945
 56945 56945]
2 [ 6862 56946 56932 25104 56932 14931 14855  4472  2529 19710 56932  4113
  6151  5678 12549 56931 56945 56945 56945 56945 56945 56945 56945 56945
 56945 56945 56945 56945 56945 56945 56945 56945 56945 56945 56945 56945
 56945 56945 56945 56945 56945 56945 56945 56945 56945 56945 56945 56945
 56945 56945]
3 [ 6862 56946 56932 25104 56932 14931 14855  4472  2529 19710 56932  4113
  6151  5678 12549 56931 56945 56945 56945 56945 56945 56945 56945 56945
 56945 56945 56945 56945 56945 56945 56945 56945 56945 56945 56945 56945
 56945 56945 56945 56945 56945 56945 56945 56945 56945 56945 56945 56945
 56945 56945]
2 [15083 10067 12679  7759  4472 11120  2809 56946  1132  5224  7347  1540
  4472 56946 56932 10621 13371  9379  8373 56932   473 10621  6256 56932
 14811 12758   425  1578 56932  5240  8931 11211  1240 31241  4562  8025
  1925  7261 56931 56945 56945 56945 56945 56945 56945 56945 56945 56945
 56945 56945]
3 [15083 10067 12679  7759  4472 11120  2809 56946  1132  5224  7347  1540
  4472 56946 56932 10621 13371  9379  8373 56932   473 10621  6256 56932
 14811 12758   425  1578 56932  5240  8931 11211  1240 31241  4562  8025
  1925  7261 56931 56945 56945 56945 56945 56945 56945 56945 56945 56945
 56945 56945]
4 [15083 10067 12679  7759  4472 11120  2809 56946  1132  5224  7347  1540
  4472 56946 56932 10621 13371  9379  8373 56932   473 10621  6256 56932
 14811 12758   425  1578 56932  5240  8931 11211  1240 31241  4562  8025
  1925  7261 56931 56945 56945 56945 56945 56945 56945 56945 56945 56945
 56945 56945]
5 [15083 10067 12679  7759  4472 11120  2809 56946  1132  5224  7347  1540
  4472 56946 56932 10621 13371  9379  8373 56932   473 10621  6256 56932
 14811 12758   425  1578 56932  5240  8931 11211  1240 31241  4562  8025
  1925  7261 56931 56945 56945 56945 56945 56945 56945 56945 56945 56945
 56945 56945]
6 [15083 10067 12679  7759  4472 11120  2809 56946  1132  5224  7347  1540
  4472 56946 56932 10621 13371  9379  8373 56932   473 10621  6256 56932
 14811 12758   425  1578 56932  5240  8931 11211  1240 31241  4562  8025
  1925  7261 56931 56945 56945 56945 56945 56945 56945 56945 56945 56945
 56945 56945]
2 [ 4550 11211  4299  1009 56932  6197 11211 12342  5240  5224  2471 10341
 11211  1240  4338  6151 11120 13300 16294  4472  8493  4415 12874 56932
  5207  5317  3245  4151 14596  3039  4472 13916  5217 14564 15067  2861
  1925  8871 56932  8493  9398  4472  4906 11211 13280  8834  3861  4603
 12764 13765]
3 [ 4550 11211  4299  1009 56932  6197 11211 12342  5240  5224  2471 10341
 11211  1240  4338  6151 11120 13300 16294  4472  8493  4415 12874 56932
  5207  5317  3245  4151 14596  3039  4472 13916  5217 14564 15067  2861
  1925  8871 56932  8493  9398  4472  4906 11211 13280  8834  3861  4603
 12764 13765]
4 [ 4550 11211  4299  1009 56932  6197 11211 12342  5240  5224  2471 10341
 11211  1240  4338  6151 11120 13300 16294  4472  8493  4415 12874 56932
  5207  5317  3245  4151 14596  3039  4472 13916  5217 14564 15067  2861
  1925  8871 56932  8493  9398  4472  4906 11211 13280  8834  3861  4603
 12764 13765]
10 [ 4550 11211  4299  1009 56932  6197 11211 12342  5240  5224  2471 10341
 11211  1240  4338  6151 11120 13300 16294  4472  8493  4415 12874 56932
  5207  5317  3245  4151 14596  3039  4472 13916  5217 14564 15067  2861
  1925  8871 56932  8493  9398  4472  4906 11211 13280  8834  3861  4603
 12764 13765]
11 [ 4550 11211  4299  1009 56932  6197 11211 12342  5240  5224  2471 10341
 11211  1240  4338  6151 11120 13300 16294  4472  8493  4415 12874 56932
  5207  5317  3245  4151 14596  3039  4472 13916  5217 14564 15067  2861
  1925  8871 56932  8493  9398  4472  4906 11211 13280  8834  3861  4603
 12764 13765]
12 [ 4550 11211  4299  1009 56932  6197 11211 12342  5240  5224  2471 10341
 11211  1240  4338  6151 11120 13300 16294  4472  8493  4415 12874 56932
  5207  5317  3245  4151 14596  3039  4472 13916  5217 14564 15067  2861
  1925  8871 56932  8493  9398  4472  4906 11211 13280  8834  3861  4603
 12764 13765]
13 [ 4550 11211  4299  1009 56932  6197 11211 12342  5240  5224  2471 10341
 11211  1240  4338  6151 11120 13300 16294  4472  8493  4415 12874 56932
  5207  5317  3245  4151 14596  3039  4472 13916  5217 14564 15067  2861
  1925  8871 56932  8493  9398  4472  4906 11211 13280  8834  3861  4603
 12764 13765]
14 [ 4550 11211  4299  1009 56932  6197 11211 12342  5240  5224  2471 10341
 11211  1240  4338  6151 11120 13300 16294  4472  8493  4415 12874 56932
  5207  5317  3245  4151 14596  3039  4472 13916  5217 14564 15067  2861
  1925  8871 56932  8493  9398  4472  4906 11211 13280  8834  3861  4603
 12764 13765]
15 [ 4550 11211  4299  1009 56932  6197 11211 12342  5240  5224  2471 10341
 11211  1240  4338  6151 11120 13300 16294  4472  8493  4415 12874 56932
  5207  5317  3245  4151 14596  3039  4472 13916  5217 14564 15067  2861
  1925  8871 56932  8493  9398  4472  4906 11211 13280  8834  3861  4603
 12764 13765]
16 [ 4550 11211  4299  1009 56932  6197 11211 12342  5240  5224  2471 10341
 11211  1240  4338  6151 11120 13300 16294  4472  8493  4415 12874 56932
  5207  5317  3245  4151 14596  3039  4472 13916  5217 14564 15067  2861
  1925  8871 56932  8493  9398  4472  4906 11211 13280  8834  3861  4603
 12764 13765]
17 [ 4550 11211  4299  1009 56932  6197 11211 12342  5240  5224  2471 10341
 11211  1240  4338  6151 11120 13300 16294  4472  8493  4415 12874 56932
  5207  5317  3245  4151 14596  3039  4472 13916  5217 14564 15067  2861
  1925  8871 56932  8493  9398  4472  4906 11211 13280  8834  3861  4603
 12764 13765]
18 [ 4550 11211  4299  1009 56932  6197 11211 12342  5240  5224  2471 10341
 11211  1240  4338  6151 11120 13300 16294  4472  8493  4415 12874 56932
  5207  5317  3245  4151 14596  3039  4472 13916  5217 14564 15067  2861
  1925  8871 56932  8493  9398  4472  4906 11211 13280  8834  3861  4603
 12764 13765]
19 [ 4550 11211  4299  1009 56932  6197 11211 12342  5240  5224  2471 10341
 11211  1240  4338  6151 11120 13300 16294  4472  8493  4415 12874 56932
  5207  5317  3245  4151 14596  3039  4472 13916  5217 14564 15067  2861
  1925  8871 56932  8493  9398  4472  4906 11211 13280  8834  3861  4603
 12764 13765]
20 [ 4550 11211  4299  1009 56932  6197 11211 12342  5240  5224  2471 10341
 11211  1240  4338  6151 11120 13300 16294  4472  8493  4415 12874 56932
  5207  5317  3245  4151 14596  3039  4472 13916  5217 14564 15067  2861
  1925  8871 56932  8493  9398  4472  4906 11211 13280  8834  3861  4603
 12764 13765]
21 [ 4550 11211  4299  1009 56932  6197 11211 12342  5240  5224  2471 10341
 11211  1240  4338  6151 11120 13300 16294  4472  8493  4415 12874 56932
  5207  5317  3245  4151 14596  3039  4472 13916  5217 14564 15067  2861
  1925  8871 56932  8493  9398  4472  4906 11211 13280  8834  3861  4603
 12764 13765]
22 [ 4550 11211  4299  1009 56932  6197 11211 12342  5240  5224  2471 10341
 11211  1240  4338  6151 11120 13300 16294  4472  8493  4415 12874 56932
  5207  5317  3245  4151 14596  3039  4472 13916  5217 14564 15067  2861
  1925  8871 56932  8493  9398  4472  4906 11211 13280  8834  3861  4603
 12764 13765]
23 [ 4550 11211  4299  1009 56932  6197 11211 12342  5240  5224  2471 10341
 11211  1240  4338  6151 11120 13300 16294  4472  8493  4415 12874 56932
  5207  5317  3245  4151 14596  3039  4472 13916  5217 14564 15067  2861
  1925  8871 56932  8493  9398  4472  4906 11211 13280  8834  3861  4603
 12764 13765]
37 [ 4550 11211  4299  1009 56932  6197 11211 12342  5240  5224  2471 10341
 11211  1240  4338  6151 11120 13300 16294  4472  8493  4415 12874 56932
  5207  5317  3245  4151 14596  3039  4472 13916  5217 14564 15067  2861
  1925  8871 56932  8493  9398  4472  4906 11211 13280  8834  3861  4603
 12764 13765]
38 [ 4550 11211  4299  1009 56932  6197 11211 12342  5240  5224  2471 10341
 11211  1240  4338  6151 11120 13300 16294  4472  8493  4415 12874 56932
  5207  5317  3245  4151 14596  3039  4472 13916  5217 14564 15067  2861
  1925  8871 56932  8493  9398  4472  4906 11211 13280  8834  3861  4603
 12764 13765]
9 [ 9000  1231   681  3645  1379 13171  2315  4472 11120 11211 10192 56946
 13371 12705 10370  4472 13075 56931 56945 56945 56945 56945 56945 56945
 56945 56945 56945 56945 56945 56945 56945 56945 56945 56945 56945 56945
 56945 56945 56945 56945 56945 56945 56945 56945 56945 56945 56945 56945
 56945 56945]
10 [ 9000  1231   681  3645  1379 13171  2315  4472 11120 11211 10192 56946
 13371 12705 10370  4472 13075 56931 56945 56945 56945 56945 56945 56945
 56945 56945 56945 56945 56945 56945 56945 56945 56945 56945 56945 56945
 56945 56945 56945 56945 56945 56945 56945 56945 56945 56945 56945 56945
 56945 56945]
11 [ 9000  1231   681  3645  1379 13171  2315  4472 11120 11211 10192 56946
 13371 12705 10370  4472 13075 56931 56945 56945 56945 56945 56945 56945
 56945 56945 56945 56945 56945 56945 56945 56945 56945 56945 56945 56945
 56945 56945 56945 56945 56945 56945 56945 56945 56945 56945 56945 56945
 56945 56945]
12 [ 9000  1231   681  3645  1379 13171  2315  4472 11120 11211 10192 56946
 13371 12705 10370  4472 13075 56931 56945 56945 56945 56945 56945 56945
 56945 56945 56945 56945 56945 56945 56945 56945 56945 56945 56945 56945
 56945 56945 56945 56945 56945 56945 56945 56945 56945 56945 56945 56945
 56945 56945]
13 [ 9000  1231   681  3645  1379 13171  2315  4472 11120 11211 10192 56946
 13371 12705 10370  4472 13075 56931 56945 56945 56945 56945 56945 56945
 56945 56945 56945 56945 56945 56945 56945 56945 56945 56945 56945 56945
 56945 56945 56945 56945 56945 56945 56945 56945 56945 56945 56945 56945
 56945 56945]
14 [ 9000  1231   681  3645  1379 13171  2315  4472 11120 11211 10192 56946
 13371 12705 10370  4472 13075 56931 56945 56945 56945 56945 56945 56945
 56945 56945 56945 56945 56945 56945 56945 56945 56945 56945 56945 56945
 56945 56945 56945 56945 56945 56945 56945 56945 56945 56945 56945 56945
 56945 56945]
15 [ 9000  1231   681  3645  1379 13171  2315  4472 11120 11211 10192 56946
 13371 12705 10370  4472 13075 56931 56945 56945 56945 56945 56945 56945
 56945 56945 56945 56945 56945 56945 56945 56945 56945 56945 56945 56945
 56945 56945 56945 56945 56945 56945 56945 56945 56945 56945 56945 56945
 56945 56945]
16 [ 9000  1231   681  3645  1379 13171  2315  4472 11120 11211 10192 56946
 13371 12705 10370  4472 13075 56931 56945 56945 56945 56945 56945 56945
 56945 56945 56945 56945 56945 56945 56945 56945 56945 56945 56945 56945
 56945 56945 56945 56945 56945 56945 56945 56945 56945 56945 56945 56945
 56945 56945]
3 [14260 56932 13171 11211  1812 10621  9786 56932 13171 11211 11120 12759
  7626 56932  5224 10977 10621 11120 24223 56946 11120  4903  4472  1163
 10067  7238  4161 13280  9198  8871  4472  2890  1702 56931 56945 56945
 56945 56945 56945 56945 56945 56945 56945 56945 56945 56945 56945 56945
 56945 56945]
4 [14260 56932 13171 11211  1812 10621  9786 56932 13171 11211 11120 12759
  7626 56932  5224 10977 10621 11120 24223 56946 11120  4903  4472  1163
 10067  7238  4161 13280  9198  8871  4472  2890  1702 56931 56945 56945
 56945 56945 56945 56945 56945 56945 56945 56945 56945 56945 56945 56945
 56945 56945]
5 [14260 56932 13171 11211  1812 10621  9786 56932 13171 11211 11120 12759
  7626 56932  5224 10977 10621 11120 24223 56946 11120  4903  4472  1163
 10067  7238  4161 13280  9198  8871  4472  2890  1702 56931 56945 56945
 56945 56945 56945 56945 56945 56945 56945 56945 56945 56945 56945 56945
 56945 56945]
6 [14260 56932 13171 11211  1812 10621  9786 56932 13171 11211 11120 12759
  7626 56932  5224 10977 10621 11120 24223 56946 11120  4903  4472  1163
 10067  7238  4161 13280  9198  8871  4472  2890  1702 56931 56945 56945
 56945 56945 56945 56945 56945 56945 56945 56945 56945 56945 56945 56945
 56945 56945]
7 [14260 56932 13171 11211  1812 10621  9786 56932 13171 11211 11120 12759
  7626 56932  5224 10977 10621 11120 24223 56946 11120  4903  4472  1163
 10067  7238  4161 13280  9198  8871  4472  2890  1702 56931 56945 56945
 56945 56945 56945 56945 56945 56945 56945 56945 56945 56945 56945 56945
 56945 56945]
8 [14260 56932 13171 11211  1812 10621  9786 56932 13171 11211 11120 12759
  7626 56932  5224 10977 10621 11120 24223 56946 11120  4903  4472  1163
 10067  7238  4161 13280  9198  8871  4472  2890  1702 56931 56945 56945
 56945 56945 56945 56945 56945 56945 56945 56945 56945 56945 56945 56945
 56945 56945]
9 [14260 56932 13171 11211  1812 10621  9786 56932 13171 11211 11120 12759
  7626 56932  5224 10977 10621 11120 24223 56946 11120  4903  4472  1163
 10067  7238  4161 13280  9198  8871  4472  2890  1702 56931 56945 56945
 56945 56945 56945 56945 56945 56945 56945 56945 56945 56945 56945 56945
 56945 56945]
10 [14260 56932 13171 11211  1812 10621  9786 56932 13171 11211 11120 12759
  7626 56932  5224 10977 10621 11120 24223 56946 11120  4903  4472  1163
 10067  7238  4161 13280  9198  8871  4472  2890  1702 56931 56945 56945
 56945 56945 56945 56945 56945 56945 56945 56945 56945 56945 56945 56945
 56945 56945]
11 [14260 56932 13171 11211  1812 10621  9786 56932 13171 11211 11120 12759
  7626 56932  5224 10977 10621 11120 24223 56946 11120  4903  4472  1163
 10067  7238  4161 13280  9198  8871  4472  2890  1702 56931 56945 56945
 56945 56945 56945 56945 56945 56945 56945 56945 56945 56945 56945 56945
 56945 56945]
12 [14260 56932 13171 11211  1812 10621  9786 56932 13171 11211 11120 12759
  7626 56932  5224 10977 10621 11120 24223 56946 11120  4903  4472  1163
 10067  7238  4161 13280  9198  8871  4472  2890  1702 56931 56945 56945
 56945 56945 56945 56945 56945 56945 56945 56945 56945 56945 56945 56945
 56945 56945]
13 [14260 56932 13171 11211  1812 10621  9786 56932 13171 11211 11120 12759
  7626 56932  5224 10977 10621 11120 24223 56946 11120  4903  4472  1163
 10067  7238  4161 13280  9198  8871  4472  2890  1702 56931 56945 56945
 56945 56945 56945 56945 56945 56945 56945 56945 56945 56945 56945 56945
 56945 56945]
1 [ 5240 13171 56932 11120 12297 11732  2106 12297 10014  6151  2529  8493
 12297 11732 12149 12297  4561  6151  6221 11120  3935 56931 56945 56945
 56945 56945 56945 56945 56945 56945 56945 56945 56945 56945 56945 56945
 56945 56945 56945 56945 56945 56945 56945 56945 56945 56945 56945 56945
 56945 56945]
2 [ 5240 13171 56932 11120 12297 11732  2106 12297 10014  6151  2529  8493
 12297 11732 12149 12297  4561  6151  6221 11120  3935 56931 56945 56945
 56945 56945 56945 56945 56945 56945 56945 56945 56945 56945 56945 56945
 56945 56945 56945 56945 56945 56945 56945 56945 56945 56945 56945 56945
 56945 56945]
2 [ 4472 12937   682 56932  1233  5804  8162  4472  2606  1240 19466 56932
  1231  7037  6497  5226   420  5137 56931 56945 56945 56945 56945 56945
 56945 56945 56945 56945 56945 56945 56945 56945 56945 56945 56945 56945
 56945 56945 56945 56945 56945 56945 56945 56945 56945 56945 56945 56945
 56945 56945]
8 [ 5207 13126 11120   207 21244 56932  9000 14914  1004 56946 11267  5240
 11120 12191 10067 11555 10621  1233   428  7709 17339  1925  9843  1233
  1240 56946  4472 11120 20858 56931 56945 56945 56945 56945 56945 56945
 56945 56945 56945 56945 56945 56945 56945 56945 56945 56945 56945 56945
 56945 56945]
5 [ 5804 32272 11122 39556  7811 11211 14099 56931 56945 56945 56945 56945
 56945 56945 56945 56945 56945 56945 56945 56945 56945 56945 56945 56945
 56945 56945 56945 56945 56945 56945 56945 56945 56945 56945 56945 56945
 56945 56945 56945 56945 56945 56945 56945 56945 56945 56945 56945 56945
 56945 56945]
6 [ 5804 32272 11122 39556  7811 11211 14099 56931 56945 56945 56945 56945
 56945 56945 56945 56945 56945 56945 56945 56945 56945 56945 56945 56945
 56945 56945 56945 56945 56945 56945 56945 56945 56945 56945 56945 56945
 56945 56945 56945 56945 56945 56945 56945 56945 56945 56945 56945 56945
 56945 56945]
