12 [ 1233  4151 24911  5708   865 10877 56932 11120 14208 10067  2693   373
 56932  1793 56932 56946  1925 13804 11096 13974  4472 11120 12613 15161
 56931 56945 56945 56945 56945 56945 56945 56945 56945 56945 56945 56945
 56945 56945 56945 56945 56945 56945 56945 56945 56945 56945 56945 56945
 56945 56945]
13 [ 1233  4151 24911  5708   865 10877 56932 11120 14208 10067  2693   373
 56932  1793 56932 56946  1925 13804 11096 13974  4472 11120 12613 15161
 56931 56945 56945 56945 56945 56945 56945 56945 56945 56945 56945 56945
 56945 56945 56945 56945 56945 56945 56945 56945 56945 56945 56945 56945
 56945 56945]
14 [ 1233  4151 24911  5708   865 10877 56932 11120 14208 10067  2693   373
 56932  1793 56932 56946  1925 13804 11096 13974  4472 11120 12613 15161
 56931 56945 56945 56945 56945 56945 56945 56945 56945 56945 56945 56945
 56945 56945 56945 56945 56945 56945 56945 56945 56945 56945 56945 56945
 56945 56945]
15 [ 1233  4151 24911  5708   865 10877 56932 11120 14208 10067  2693   373
 56932  1793 56932 56946  1925 13804 11096 13974  4472 11120 12613 15161
 56931 56945 56945 56945 56945 56945 56945 56945 56945 56945 56945 56945
 56945 56945 56945 56945 56945 56945 56945 56945 56945 56945 56945 56945
 56945 56945]
