9 [ 5804 10025 56932  5804 11211 14423 56932  6197   865 16287 56931 56945
 56945 56945 56945 56945 56945 56945 56945 56945 56945 56945 56945 56945
 56945 56945 56945 56945 56945 56945 56945 56945 56945 56945 56945 56945
 56945 56945 56945 56945 56945 56945 56945 56945 56945 56945 56945 56945
 56945 56945]
7 [11120 13269  4472 56946 10067  6550    85 13171  8493   661  4472 26748
 11211    19  4992 10621  1240 14662  4562  1231 14115  5224  3786  5226
  5224 12908   797  6212 56931 56945 56945 56945 56945 56945 56945 56945
 56945 56945 56945 56945 56945 56945 56945 56945 56945 56945 56945 56945
 56945 56945]
7 [ 1793 56932  4151  3336  5708 56932   865  2258 10067  1403 10291 56946
 56942 11804  4472  5895  5226  5804  4185  3740  9939 56932  4890   273
 20445 56946  4151  5712 11458 10621  9812 11120 24490 56931 56945 56945
 56945 56945 56945 56945 56945 56945 56945 56945 56945 56945 56945 56945
 56945 56945]
2 [ 6226  5240  8884  4472  7626 55368 10621 34838 56946  5226   424  7238
 17894 56932  7973 10621  8041 56932 11211 12764 14190 11372  8262 11372
 16185 56932 11673 14754 14915 24105  4472 30659 56931 56945 56945 56945
 56945 56945 56945 56945 56945 56945 56945 56945 56945 56945 56945 56945
 56945 56945]
12 [16924  9190 56932   870  4472  5804  5037 56932 10272 11211 56946  5240
  1806  2230 13974 10067   804 56946 56931 56945 56945 56945 56945 56945
 56945 56945 56945 56945 56945 56945 56945 56945 56945 56945 56945 56945
 56945 56945 56945 56945 56945 56945 56945 56945 56945 56945 56945 56945
 56945 56945]
7 [12889  5804  4908  8286  3947 12764 12665  3762 56932 13371  4325  5226
 10442 56932  2740 10621  7898 10700  8620 56932  3828  4151  2778  1240
 11398  3260 13171 14001  6151 11120  4194 56932  1361  7780 14043  6151
   465 10621 13940 11211 56946  4151    66 56931 56945 56945 56945 56945
 56945 56945]
8 [ 9000 10722  1746   365 11211 11674 12764  5240  1748 56932  7868 13002
 14642 15499 56931 56945 56945 56945 56945 56945 56945 56945 56945 56945
 56945 56945 56945 56945 56945 56945 56945 56945 56945 56945 56945 56945
 56945 56945 56945 56945 56945 56945 56945 56945 56945 56945 56945 56945
 56945 56945]
4 [11120 13171  4415  5240 44477  9202  8208 56932  4472 56942  5137 10621
  4472  7313   583 56932 11211    85 25403  4472 13822 10685  5226  5224
  8435 56932  1618 10621  1216 56932  7868 15648 11120 13724 10067 15175
  4472 45127 56931 56945 56945 56945 56945 56945 56945 56945 56945 56945
 56945 56945]
3 [ 5224 30057  5240 12672 12407  1529 10621 12764  7709  9406  6151 11120
   128 56932 10621  5804 56946 12013  4472 11120 13715  4472  1231 10177
  2861  5224 30057  5240 10291  6221 11120  7626 56931 56945 56945 56945
 56945 56945 56945 56945 56945 56945 56945 56945 56945 56945 56945 56945
 56945 56945]
2 [12764  5240  1748 11211 12764  1240 22029 14260 13822  1414  6892 29331
  2199 56931 56945 56945 56945 56945 56945 56945 56945 56945 56945 56945
 56945 56945 56945 56945 56945 56945 56945 56945 56945 56945 56945 56945
 56945 56945 56945 56945 56945 56945 56945 56945 56945 56945 56945 56945
 56945 56945]
11 [ 1925   273 10621  1925  9687 56932 13371  5224  7330 12764  5240 13171
 11211  5224  3297 15445  4472 11120  5319  5226  5224 11211  5804 13604
  1240 11120  2751 13396  1231  1618 56932  5224 14938  4472  5804 56946
    85 19384  4562 11120 11213 12544  7436  4472 31305  7162 11211 56946
  1231 13893]
4 [ 4472  8593  3245  5240  7932 11120 56946 56946 56932  3047 14260 56946
 12764  4125 10540 40339  4472 56946 56931 56945 56945 56945 56945 56945
 56945 56945 56945 56945 56945 56945 56945 56945 56945 56945 56945 56945
 56945 56945 56945 56945 56945 56945 56945 56945 56945 56945 56945 56945
 56945 56945]
3 [ 8655 56946  5240  9278  4472 11120  5332  9963 56931 56945 56945 56945
 56945 56945 56945 56945 56945 56945 56945 56945 56945 56945 56945 56945
 56945 56945 56945 56945 56945 56945 56945 56945 56945 56945 56945 56945
 56945 56945 56945 56945 56945 56945 56945 56945 56945 56945 56945 56945
 56945 56945]
6 [ 5224  9003  4472  5487 12764  8946 13171 11211  2890 17200 15864 56932
 12299 10621  3492 13371  5224 51548  4472  8493  7132 56931 56945 56945
 56945 56945 56945 56945 56945 56945 56945 56945 56945 56945 56945 56945
 56945 56945 56945 56945 56945 56945 56945 56945 56945 56945 56945 56945
 56945 56945]
