6 [ 5224  9328  8642  6347 13171 10621 22806  2890  6480  3233 13802   775
  1231  3304  5226  5224  6480  8658  5226 13554 11211  5224  3612 15169
  8642 34194  5224  6480  5226 13662 56932 12407 19298  8509 11120 11093
 12135 56931 56945 56945 56945 56945 56945 56945 56945 56945 56945 56945
 56945 56945]
21 [ 5543  9445 56932 15058  6151 23309 56932 11211 11122 11211  4026 11211
  8606  6905  7396  5240  5487 56940 15647 56940 10621  1603 11211 12342
 12171 17182 56940 56946  1925  7238 56940 56931 56945 56945 56945 56945
 56945 56945 56945 56945 56945 56945 56945 56945 56945 56945 56945 56945
 56945 56945]
7 [ 1233  4151 24911  5708   865 10877 56932 11120 14208 10067  2693   373
 56932  1793 56932 56946  1925 13804 11096 13974  4472 11120 12613 15161
 56931 56945 56945 56945 56945 56945 56945 56945 56945 56945 56945 56945
 56945 56945 56945 56945 56945 56945 56945 56945 56945 56945 56945 56945
 56945 56945]
9 [ 5224  7379  5240 11101 56932 12407 11101 56932 10621  1231  2908  2890
  3728  5121 56931 56945 56945 56945 56945 56945 56945 56945 56945 56945
 56945 56945 56945 56945 56945 56945 56945 56945 56945 56945 56945 56945
 56945 56945 56945 56945 56945 56945 56945 56945 56945 56945 56945 56945
 56945 56945]
7 [ 5224 11100  8321 32047 10540  2254 10621  1231  8284 11117  4810 56932
  5226  8493   792 56932  6151 14663  2370  8493 26743 56931 56945 56945
 56945 56945 56945 56945 56945 56945 56945 56945 56945 56945 56945 56945
 56945 56945 56945 56945 56945 56945 56945 56945 56945 56945 56945 56945
 56945 56945]
9 [ 5224 11100  8321 32047 10540  2254 10621  1231  8284 11117  4810 56932
  5226  8493   792 56932  6151 14663  2370  8493 26743 56931 56945 56945
 56945 56945 56945 56945 56945 56945 56945 56945 56945 56945 56945 56945
 56945 56945 56945 56945 56945 56945 56945 56945 56945 56945 56945 56945
 56945 56945]
10 [ 5224 16446 12764 10577  2529 27825 56932 10954 17654 56933  5224 56946
   848  8835  5240    19  3269  3933 11211  4962 11120  3745  5226  2983
  4273  4472 10374 11211 56932 13396   919 14251 56932  5246  2426 54010
 56931 56945 56945 56945 56945 56945 56945 56945 56945 56945 56945 56945
 56945 56945]
15 [ 5224 16446 12764 10577  2529 27825 56932 10954 17654 56933  5224 56946
   848  8835  5240    19  3269  3933 11211  4962 11120  3745  5226  2983
  4273  4472 10374 11211 56932 13396   919 14251 56932  5246  2426 54010
 56931 56945 56945 56945 56945 56945 56945 56945 56945 56945 56945 56945
 56945 56945]
18 [11120 16276  4472 11120  7525 19951  5240   479  5226 10267  8503  4472
  5804 56942 56946 56932  9000 12764 11120  3907   848  5224 10843  1925
 11211 56946 56931 56945 56945 56945 56945 56945 56945 56945 56945 56945
 56945 56945 56945 56945 56945 56945 56945 56945 56945 56945 56945 56945
 56945 56945]
4 [ 5226  6226 13440 56932 14917  7325 56946 11120 14964 10067   175  4472
  6471  6151   273  4472 10667 12764 13554  4151 13993 13939  9254 13371
  5224  7532 10067  2597  5226 11211  1240   746  7683 10621  1231 11977
 11697 56931 56945 56945 56945 56945 56945 56945 56945 56945 56945 56945
 56945 56945]
