5 [ 6205 56932 11120  8129 10923  1933 13396 11120 10767 41184  4472  5804
  5574 10621 51188 11120 36731 36212 10291  1607  5224 12168 56932  9000
  1925  7261 10067  9541 12764  8068  5804 22046  4472  1306 11211  1776
  5226  2911  2848 56931 56945 56945 56945 56945 56945 56945 56945 56945
 56945 56945]
2 [56940  6196 12543  9373  5321 10291 12735 56940 56931 56945 56945 56945
 56945 56945 56945 56945 56945 56945 56945 56945 56945 56945 56945 56945
 56945 56945 56945 56945 56945 56945 56945 56945 56945 56945 56945 56945
 56945 56945 56945 56945 56945 56945 56945 56945 56945 56945 56945 56945
 56945 56945]
1 [ 4716  6997 11211  5224 56942 13396 14108 10067  9925  4125  6151 15276
  4472 56946 10621  6950  5224 56942 13396 14108  6558  6151 13815  6151
 14198 13346 56932 10621 11211 11120  8373  9490  7934  5226  4151 11197
 12605 56931 56945 56945 56945 56945 56945 56945 56945 56945 56945 56945
 56945 56945]
11 [ 2890  1926 16383 14483 56932  2890  3343 12624  8823 56946 56932  7782
 12752 11120  1476 11211 56946 56934 51198 11120  7645  3733  4562  5224
 10565 56932 56946 11120  3058  1906 11098  4562  5240 14657  2041 56935
 11120 13107  4472 12345 13689 56931 56945 56945 56945 56945 56945 56945
 56945 56945]
4 [12297 12297 56946  1522 56946 56931 56945 56945 56945 56945 56945 56945
 56945 56945 56945 56945 56945 56945 56945 56945 56945 56945 56945 56945
 56945 56945 56945 56945 56945 56945 56945 56945 56945 56945 56945 56945
 56945 56945 56945 56945 56945 56945 56945 56945 56945 56945 56945 56945
 56945 56945]
