22 [ 4151  6505 13700   939  6151 14505 13817 56932 15287 56932 15083  4472
  8493 14559 11791 56932 14260 11120  2976  5240   985  4332  4472 11120
  1274  4472  9424  4472  5259  6151 12379  5452 56932    20 11211 15417
 56932  3585 11120   226  9243 56931 56945 56945 56945 56945 56945 56945
 56945 56945]
23 [ 4151  6505 13700   939  6151 14505 13817 56932 15287 56932 15083  4472
  8493 14559 11791 56932 14260 11120  2976  5240   985  4332  4472 11120
  1274  4472  9424  4472  5259  6151 12379  5452 56932    20 11211 15417
 56932  3585 11120   226  9243 56931 56945 56945 56945 56945 56945 56945
 56945 56945]
24 [ 4151  6505 13700   939  6151 14505 13817 56932 15287 56932 15083  4472
  8493 14559 11791 56932 14260 11120  2976  5240   985  4332  4472 11120
  1274  4472  9424  4472  5259  6151 12379  5452 56932    20 11211 15417
 56932  3585 11120   226  9243 56931 56945 56945 56945 56945 56945 56945
 56945 56945]
25 [ 4151  6505 13700   939  6151 14505 13817 56932 15287 56932 15083  4472
  8493 14559 11791 56932 14260 11120  2976  5240   985  4332  4472 11120
  1274  4472  9424  4472  5259  6151 12379  5452 56932    20 11211 15417
 56932  3585 11120   226  9243 56931 56945 56945 56945 56945 56945 56945
 56945 56945]
32 [ 4151  6505 13700   939  6151 14505 13817 56932 15287 56932 15083  4472
  8493 14559 11791 56932 14260 11120  2976  5240   985  4332  4472 11120
  1274  4472  9424  4472  5259  6151 12379  5452 56932    20 11211 15417
 56932  3585 11120   226  9243 56931 56945 56945 56945 56945 56945 56945
 56945 56945]
33 [ 4151  6505 13700   939  6151 14505 13817 56932 15287 56932 15083  4472
  8493 14559 11791 56932 14260 11120  2976  5240   985  4332  4472 11120
  1274  4472  9424  4472  5259  6151 12379  5452 56932    20 11211 15417
 56932  3585 11120   226  9243 56931 56945 56945 56945 56945 56945 56945
 56945 56945]
34 [ 4151  6505 13700   939  6151 14505 13817 56932 15287 56932 15083  4472
  8493 14559 11791 56932 14260 11120  2976  5240   985  4332  4472 11120
  1274  4472  9424  4472  5259  6151 12379  5452 56932    20 11211 15417
 56932  3585 11120   226  9243 56931 56945 56945 56945 56945 56945 56945
 56945 56945]
36 [ 4151  6505 13700   939  6151 14505 13817 56932 15287 56932 15083  4472
  8493 14559 11791 56932 14260 11120  2976  5240   985  4332  4472 11120
  1274  4472  9424  4472  5259  6151 12379  5452 56932    20 11211 15417
 56932  3585 11120   226  9243 56931 56945 56945 56945 56945 56945 56945
 56945 56945]
14 [ 5224  1782  4472  5804  5634  5483 56932 12760 15105  5501 56932  1694
 12948 56940  5274 56940 11211  5224 14124 15600  4151  4290  5226 11482
 12546 11120 13450  4472 12867  4472  1231  2631 56931 56945 56945 56945
 56945 56945 56945 56945 56945 56945 56945 56945 56945 56945 56945 56945
 56945 56945]
