0 [ 2488 11122 11211  2488 56931 56945 56945 56945 56945 56945 56945 56945
 56945 56945 56945 56945 56945 56945 56945 56945 56945 56945 56945 56945
 56945 56945 56945 56945 56945 56945 56945 56945 56945 56945 56945 56945
 56945 56945 56945 56945 56945 56945 56945 56945 56945 56945 56945 56945
 56945 56945]
6 [ 5224 12133  4472  4984  6351 11211 13280 11066  2890 10563 11085 11211
  6965  4151 14030  5226 11791 10621 11627 10621  1872  6151 11120 11840
  6151  8877  6151   453  9315 56931 56945 56945 56945 56945 56945 56945
 56945 56945 56945 56945 56945 56945 56945 56945 56945 56945 56945 56945
 56945 56945]
1 [ 2200 43862 11120 23351  4472 11120  4687 56932 11211  5582  2890  2445
  4472 14030  4472 56942 11804  4472  5699 56932 10621 15201 11211  5224
 56940 56946 56940  4562  5224 11211  1240  7780   254 26156  6151 15223
  5226 56940 11211  6115 12764 15145 14915 11169 11120  4194 13371  8396
  8606  1000]
6 [10621 11122 12675  1240  1096 11211 10501  5226  8295 56931 56945 56945
 56945 56945 56945 56945 56945 56945 56945 56945 56945 56945 56945 56945
 56945 56945 56945 56945 56945 56945 56945 56945 56945 56945 56945 56945
 56945 56945 56945 56945 56945 56945 56945 56945 56945 56945 56945 56945
 56945 56945]
1 [ 9000  9490 12672 11211 11117 56946 12543 13171  2861 11120 12935  5706
  7898 16320  4472  4151  7203 20482 56931 56945 56945 56945 56945 56945
 56945 56945 56945 56945 56945 56945 56945 56945 56945 56945 56945 56945
 56945 56945 56945 56945 56945 56945 56945 56945 56945 56945 56945 56945
 56945 56945]
2 [56936  9000  5240 11101  5226 11120  7626  5683 56937 12297 12297 56931
 56945 56945 56945 56945 56945 56945 56945 56945 56945 56945 56945 56945
 56945 56945 56945 56945 56945 56945 56945 56945 56945 56945 56945 56945
 56945 56945 56945 56945 56945 56945 56945 56945 56945 56945 56945 56945
 56945 56945]
1 [ 5280  1132 27281 22615 56931 56945 56945 56945 56945 56945 56945 56945
 56945 56945 56945 56945 56945 56945 56945 56945 56945 56945 56945 56945
 56945 56945 56945 56945 56945 56945 56945 56945 56945 56945 56945 56945
 56945 56945 56945 56945 56945 56945 56945 56945 56945 56945 56945 56945
 56945 56945]
0 [ 5240  1130 11211 13698 56932  5822 56932  8468   848 56946 12730 13767
  1711 10291  5407  4955  5226  5224  1926 56931 56945 56945 56945 56945
 56945 56945 56945 56945 56945 56945 56945 56945 56945 56945 56945 56945
 56945 56945 56945 56945 56945 56945 56945 56945 56945 56945 56945 56945
 56945 56945]
7 [11120 19942 14504  5226 11093 11211  5822 16102  2890 56942 13396 14108
  5226 11122 11211  1630  2890 56940 11757 16780 56940  4472 11120  6686
 15023  4151  1746  4472  2890   413 13987 11211 51438  5224 14860  4472
   853 12628 13396  1231  2792  3667  6291 56931 56945 56945 56945 56945
 56945 56945]
6 [ 4151 14862  4472  2496  7187 11211 56946  6151 13822 23117  8493  4472
  4151 10384 13171 17762 11211  1240 10875  5331  4151  1493  4472  2890
  5076  4472  5138 56931 56945 56945 56945 56945 56945 56945 56945 56945
 56945 56945 56945 56945 56945 56945 56945 56945 56945 56945 56945 56945
 56945 56945]
16 [56940 11120 10244   848 11120 56946 22540  2890  2642 10621 13290  1240
  8902 14662 56940 56932  1040 56946 12297  5234   870 10067 24475  7143
 10621  5224 32128 18725 12297 13386 56932  1793 56932   668 11211  5226
  1936  1396 48794  4562 11120 14754 10067  7143 56931 56945 56945 56945
 56945 56945]
3 [  848 15145 56932 56946  5224  5982 56931 56945 56945 56945 56945 56945
 56945 56945 56945 56945 56945 56945 56945 56945 56945 56945 56945 56945
 56945 56945 56945 56945 56945 56945 56945 56945 56945 56945 56945 56945
 56945 56945 56945 56945 56945 56945 56945 56945 56945 56945 56945 56945
 56945 56945]
1 [ 1233  9490  2890  9541 11211 16359 11120  8134  5226  5224  8614  4472
   217  5668  8946  5224 11211  8535  1925  9243  7859   138 10621  1925
 12796 15884 56946 56931 56945 56945 56945 56945 56945 56945 56945 56945
 56945 56945 56945 56945 56945 56945 56945 56945 56945 56945 56945 56945
 56945 56945]
13 [ 6927 11211  5224  3597 13811  1240  8210  4472 11401  4472 56946 56932
  1233  5240 11211 12764 11122  7780  9591  6197 56931 56945 56945 56945
 56945 56945 56945 56945 56945 56945 56945 56945 56945 56945 56945 56945
 56945 56945 56945 56945 56945 56945 56945 56945 56945 56945 56945 56945
 56945 56945]
4 [ 8493  1476  1933 56946 13280 13171 38692  4550  5224  1094  1925 15175
 56931 56945 56945 56945 56945 56945 56945 56945 56945 56945 56945 56945
 56945 56945 56945 56945 56945 56945 56945 56945 56945 56945 56945 56945
 56945 56945 56945 56945 56945 56945 56945 56945 56945 56945 56945 56945
 56945 56945]
1 [56940  5240 12246  2738  3336  6151 11120  7440 10067 10620  4472  8373
   848   420  3861  4472  4842 56940 56932 15201 14418 56932 13386 11499
 11211   753 11211 12676  6151 11211  1240  4635  4151  1746  7956  5804
  1610  5226 11120 11259 10366  1217 56934 56942 56935 10621 11120 14277
 10067  4842]
1 [56936  9274  4161  2551 11120 22494  4472   425   791 56937 56931 56945
 56945 56945 56945 56945 56945 56945 56945 56945 56945 56945 56945 56945
 56945 56945 56945 56945 56945 56945 56945 56945 56945 56945 56945 56945
 56945 56945 56945 56945 56945 56945 56945 56945 56945 56945 56945 56945
 56945 56945]
1 [56946 14641 11211 56940  5240 13406 11148 16718  6151  3572  1233 12764
   865 12195  4472  1000 11211 11120  8728  1870  1925  1387 56940 10621
  1603 11211 56940  1233  4801 11211  4562 15581   848  3136 15590  6151
 11293  1925  5328  6151  1231  7057 56932  1944  5224 11554 56932 11674
 12764  3645]
0 [ 3018 14694  4472 12937  4151  2723 12764 11458 56934  4734 56932  6571
 56932  5224  7415  5930 56932  9810  6118 56932 14114 27093 56932  5715
  1384 56932  9586  7411 56935 56932  9000 11349  1240  7780 56946 10025
  8867 56931 56945 56945 56945 56945 56945 56945 56945 56945 56945 56945
 56945 56945]
0 [14190 11122 13171  9329 11211  5224  1782  4472 11120  3474 10643  4472
   653 56932 11211   373  1925 13344  4472  2890 13723  4472 56942  1416
 56946 10621  4562 11401  4472  9761 56932  5856 10785  5226 11120 12759
  1976 56932 11211  5240  3828  1240  1340 11211 11872  4151 11159 12230
 56931 56945]
6 [10621 12764  1240  7709 14857 11211  4563  3380 11120  1147  4472  5804
  7345  4472 13732 56932  5534  6950  9490 56942  8155 56943 56945 56945
 56945 56945 56945 56945 56945 56945 56945 56945 56945 56945 56945 56945
 56945 56945 56945 56945 56945 56945 56945 56945 56945 56945 56945 56945
 56945 56945]
24 [ 5767 56946 56932 10242  9823  4472 11120  2893  9823  4472  8330 56934
  1489 56932 22718 56935 56932  9490 19623 12948 12675 11211  5224   653
 15542 23428   217  5224 14246 10291  4151  4004  8274 56931 56945 56945
 56945 56945 56945 56945 56945 56945 56945 56945 56945 56945 56945 56945
 56945 56945]
4 [ 5226  4065 56932  1240  5145 56942  7823 56934 56942  1925 11950 56935
 56931 56945 56945 56945 56945 56945 56945 56945 56945 56945 56945 56945
 56945 56945 56945 56945 56945 56945 56945 56945 56945 56945 56945 56945
 56945 56945 56945 56945 56945 56945 56945 56945 56945 56945 56945 56945
 56945 56945]
1 [56940   373  6997 11211 56946  7494 11211 45854  6151  1168 12675 10291
 14234 11120 13450 56932  9000  3245   582 12002 11211 10097 11120 13734
  4472  1879  5226  4151 14928 56940 56932  8212 10041 56931 56945 56945
 56945 56945 56945 56945 56945 56945 56945 56945 56945 56945 56945 56945
 56945 56945]
0 [ 2256  8148  5224 56946  4472  4151 14729  4472 15877 56932  5224 56946
  4472  5712 10621  5224 56946  4472 11120  9734 56931 56945 56945 56945
 56945 56945 56945 56945 56945 56945 56945 56945 56945 56945 56945 56945
 56945 56945 56945 56945 56945 56945 56945 56945 56945 56945 56945 56945
 56945 56945]
0 [ 5240  9918 11211  4938  1240 11936 10291  2426  8493 13300  4472 16751
  4472 14776 56934  7903 11326 56935 10621  1925 56946 14811  8493 11668
 56946  4472  9394  5137 56934 10611   420 10621 14378 56932  7868 11120
  3590 56935  1340  3243 13910 10291 56946 13371   366 42062 11211  4938
 16167 10025]
0 [14190 13371  8485  3904 11211 11120  2894 15137  6151  6416  2890  1673
  6151 13478  5804 11211  7439 13371 14883 56932  9000 11211 12764  1240
  7176 11224 10291 56946  4472  5187 11531 56932 41670  6862 44495  5226
 13478  5804 10700 56931 56945 56945 56945 56945 56945 56945 56945 56945
 56945 56945]
4 [10621  5224 11575 56932  1659 56932  7780  8192  4472  8493 14352  8300
  7416 13396 12135  4472 11120  2858 56931 56945 56945 56945 56945 56945
 56945 56945 56945 56945 56945 56945 56945 56945 56945 56945 56945 56945
 56945 56945 56945 56945 56945 56945 56945 56945 56945 56945 56945 56945
 56945 56945]
0 [ 5240  9918 11211  5224 10454  4868 14066 56932  9000 56936  5217  3286
  6226 11122 11211  5207  7731  1240  7709  9997  4562  8219 17666 56937
 56931 56945 56945 56945 56945 56945 56945 56945 56945 56945 56945 56945
 56945 56945 56945 56945 56945 56945 56945 56945 56945 56945 56945 56945
 56945 56945]
5 [ 6151 15254  4472  4550 56932  1096 56946 56932 56946 11120 16551  4472
  4151 15090  4472  5804  8011 56932 10621  8509  4151   514 11970  5224
  4569 10621  5804  3618  4472 11120  6462   746  9641  9209 15117  7956
  1231  1436  5229  5226  5224  1950 56931 56945 56945 56945 56945 56945
 56945 56945]
19 [ 5224  3104  4472   653 10067  3835  5769 15164 56934  7843 56935 11949
   217 56932  9544 56932 14040 13371  1240  8824  5804  5657 16209  4472
  7425  5226 11120 56946  5226  5224 56942 13396 14108 56932 14691 11120
  8108 11342 56931 56945 56945 56945 56945 56945 56945 56945 56945 56945
 56945 56945]
19 [ 5804  5508  4472 11120 12516  4562 11120  3050  4472  2139 10621  5224
 13212 10067  3074 56946  1240  9028 11211  9444 13920  1925  2792  4472
 11120  8847  1976 10067  3360 56932 56946 31671 56932 13396  5224  9230
  2595 10067   653 56946 52889 56932  6151 11093  4000  4472 11120  8818
 56931 56945]
0 [  373  1076 11211  5226  5224 13499 10067 11950  5224 10379  4472  2139
  5947 10197  5224 56942  4472 14724 13371 11120 11374 10291  5804 13283
 56932 11211 12669  4151 14596  4290  3496  5217 13330  4472 56942 56931
 56945 56945 56945 56945 56945 56945 56945 56945 56945 56945 56945 56945
 56945 56945]
26 [ 9220  4472 11120 15243  1346 11211 11120 15422 22643 13396 11120  2198
  4472 11120  2894  5226 11120  8001  8458  4472  4822  9330  7956 12328
 20375 56940  7952  5226  2370 10067  3432  4472 11120  5430  3537 56940
 56931 56945 56945 56945 56945 56945 56945 56945 56945 56945 56945 56945
 56945 56945]
1 [12752  7494  8503 56931 15938 56945 56945 56945 56945 56945 56945 56945
 56945 56945 56945 56945 56945 56945 56945 56945 56945 56945 56945 56945
 56945 56945 56945 56945 56945 56945 56945 56945 56945 56945 56945 56945
 56945 56945 56945 56945 56945 56945 56945 56945 56945 56945 56945 56945
 56945 56945]
0 [14939  5476 56931 15938 15938 56945 56945 56945 56945 56945 56945 56945
 56945 56945 56945 56945 56945 56945 56945 56945 56945 56945 56945 56945
 56945 56945 56945 56945 56945 56945 56945 56945 56945 56945 56945 56945
 56945 56945 56945 56945 56945 56945 56945 56945 56945 56945 56945 56945
 56945 56945]
13 [56940  1240  3159 11122 11211   753 11211  8606 56931  5224 14687  5240
 11211  1200  5224  3719  4472  2738  2786 56932 10621 11669  3719  5240
 12407 11757 56932 10621  6151  2814 12764  8518  2738  2786 56940 56932
 15201 56931 56945 56945 56945 56945 56945 56945 56945 56945 56945 56945
 56945 56945]
0 [13903 56932 12764  1240  6760  4472  8606  2890 27087  4472 11120   545
 56932  9000  5224  7249 12133 11211 15201 11211  1793  4472  5804   352
  1240    65 11211 11768  7430    85  4575  7799 56931 56945 56945 56945
 56945 56945 56945 56945 56945 56945 56945 56945 56945 56945 56945 56945
 56945 56945]
9 [56940 13815   373  8922  3741  4472  3496 56940 56932 11499  7669 56932
 13386 11499 11211  5226 11120  5411   753 14560 56946  6876  5226 13450
  4472  2710 13790   848  5331  7057  4472 10606 56931 56945 56945 56945
 56945 56945 56945 56945 56945 56945 56945 56945 56945 56945 56945 56945
 56945 56945]
0 [  752  4979  5224 14944 11120  5918 56932  5224  6695 15149  4343 56932
 10621  5224  5373 10067   653  5226 11482 56932 11046 11324 56931 56945
 56945 56945 56945 56945 56945 56945 56945 56945 56945 56945 56945 56945
 56945 56945 56945 56945 56945 56945 56945 56945 56945 56945 56945 56945
 56945 56945]
0 [ 7393  6151 56946  1925  3070 56932 11122 11100  5240 12764  6708 11211
 56946 13822 31455 56932 56946  5226 11904 56931 56945 56945 56945 56945
 56945 56945 56945 56945 56945 56945 56945 56945 56945 56945 56945 56945
 56945 56945 56945 56945 56945 56945 56945 56945 56945 56945 56945 56945
 56945 56945]
12 [ 7393  6151 56946  1925  3070 56932 11122 11100  5240 12764  6708 11211
 56946 13822 31455 56932 56946  5226 11904 56931 56945 56945 56945 56945
 56945 56945 56945 56945 56945 56945 56945 56945 56945 56945 56945 56945
 56945 56945 56945 56945 56945 56945 56945 56945 56945 56945 56945 56945
 56945 56945]
1 [10621  5240 56946 56946 11120  7626  6436 56932  6205 11211 11122  7811
  5240  5407  1996  7626 10621 12350 11122  7811  1958 56931 56945 56945
 56945 56945 56945 56945 56945 56945 56945 56945 56945 56945 56945 56945
 56945 56945 56945 56945 56945 56945 56945 56945 56945 56945 56945 56945
 56945 56945]
1 [10621  5240 13487  5534 56932  5226 14923 10103  4791 56932  2890  9823
   848  2890  7343  9823   848  3446 56932  8993  5217  5224  8598  4472
  7222  4472 11120  4431 56932 11236  2175 56932 13903  1925 12051  3633
 10067  2274 10621 56932  5226 15422  4472   767 56932 12455 11120   108
  4472  2396]
13 [10634 11122  7494 15277 13344  6151 17488  4472  1761 10067 13913 56932
  9000  5240  4472  6762 11211  1808  5856  8493 10177  8791 10291  9537
  6151  5804 11211 12764 15394 12384 56946  1685 15404  4472 11120 14443
  4472 56946 10621 34516 56931 56945 56945 56945 56945 56945 56945 56945
 56945 56945]
0 [   85  5226 31775  3828 20183 10273 11120 19709 18891 11211 11117 56946
 56931 56945 56945 56945 56945 56945 56945 56945 56945 56945 56945 56945
 56945 56945 56945 56945 56945 56945 56945 56945 56945 56945 56945 56945
 56945 56945 56945 56945 56945 56945 56945 56945 56945 56945 56945 56945
 56945 56945]
0 [ 5240  3058  2586 11673 13732 15386  4562  8493  7253 13733 56946 56931
 56945 56945 56945 56945 56945 56945 56945 56945 56945 56945 56945 56945
 56945 56945 56945 56945 56945 56945 56945 56945 56945 56945 56945 56945
 56945 56945 56945 56945 56945 56945 56945 56945 56945 56945 56945 56945
 56945 56945]
0 [51303  4151  4004  2861 56936 14915  4415 10621 56946  5240 11669 52189
  5179  5224 11426 11211  5804 12821  4472 56946 35470 56937 56931 56945
 56945 56945 56945 56945 56945 56945 56945 56945 56945 56945 56945 56945
 56945 56945 56945 56945 56945 56945 56945 56945 56945 56945 56945 56945
 56945 56945]
4 [ 5224   413 56946 56946 10627  5224  6260 56942  4472 14842 13649  7809
 10067  5887  5226  4151 11211 27603  2861 56940 21660  5061 11120  3374
  4472  5804 53587 56932 11211  1240  9567  5226  5224 11034 56932  4562
  5224   273  4472 56946 10621 10189 11120 11791  4562  5224 31747  4472
  5804  5684]
16 [11120  8709  4472  4151  4822  9330 10621  5804 18685  4472 11120  5844
   865  1969  2699 56932 10545 13905 56932 13386  5835 11120  3778  4472
  7642 10621  8676 13822 11001  5226  5224  1926 56931 56945 56945 56945
 56945 56945 56945 56945 56945 56945 56945 56945 56945 56945 56945 56945
 56945 56945]
1 [15471 14840 11211 12764  8159 13256  6151 56946   505  4472  6226 11122
 11211  7780  6260  5226  7224 56932  9000 11211  5804 11545 56946  6151
  2865 56946 13396 11120  9032 12031 10621 13595  4472  5488  4256 56931
 56945 56945 56945 56945 56945 56945 56945 56945 56945 56945 56945 56945
 56945 56945]
10 [56946  6950 11828 11211  1231 11163  1240  6963 56940  5534   418  8493
  2440  3052 56940 56932  6197 11211 13822 11699   746 15576  5224 13247
 56931 56945 56945 56945 56945 56945 56945 56945 56945 56945 56945 56945
 56945 56945 56945 56945 56945 56945 56945 56945 56945 56945 56945 56945
 56945 56945]
12 [56940 56946 56940 56932 13371  1240 11117  9142  5226 56946 56932  6197
 16738  1925  1883  9222  6151  1231  9925 13280   683  5137 10621   217
  9127 11211 56932  1925 20871  4472 11211 13211 12954 17069  4472 14555
  6151   425  5346 56932  8321  2529 12342 12675 13386 11120 56946  5217
 11120  9639]
1 [10621   151 11120  7891  2815  4472  4151  2677 56932  4562 11120 10241
 12764  6950  4472  4151  8373 14821  7396 56932 10954  4562 11120  5299
  4037  5226  2480 56931 56945 56945 56945 56945 56945 56945 56945 56945
 56945 56945 56945 56945 56945 56945 56945 56945 56945 56945 56945 56945
 56945 56945]
0 [14811  5226  5224  4152 56932 20860 56932 56946 56932 56946 56932 56946
 56932 16070 56932 44907 20064 56932 56946 56932 36443 56946 56932 56946
 56946 56932  7498 56932 56946 56932 36714 56932 36443 56946 56932 17782
 56946 56932 56946 56932 41735 56932  5043 56932 56946 56932 56946 56932
 56744 56932]
2 [56940 14099 14542 34315 23117 56932 10621  5217  5224  7966  8993  5207
  4563 14396  4472 56946 56940 56932  7087 26347 56932 11211 36051 13396
 11211  6151 13742  1362  1240  4106 11120  4953 23895  5804 50879 56931
 56945 56945 56945 56945 56945 56945 56945 56945 56945 56945 56945 56945
 56945 56945]
3 [ 6151   661 11211  2417  5804  3861 56932 11120   445  5061 10621  4151
 13864 31867 10267  1004 13171  9158 56931 56945 56945 56945 56945 56945
 56945 56945 56945 56945 56945 56945 56945 56945 56945 56945 56945 56945
 56945 56945 56945 56945 56945 56945 56945 56945 56945 56945 56945 56945
 56945 56945]
10 [ 5224 15186  5240 13977 10291 14781 56932  6197 11211  8443 17244 11120
 13172  6555 13371  1408 10067  1056  6232 13280  8871  4472  2890  7977
 56932  8630 12640  1240 20566  5226 11120  8086 10067  2523 11211  5224
   972  6260  1240  1243 11203 10067  6171 14012 56931 56945 56945 56945
 56945 56945]
1 [12752  1469 56931 15938 15938 56945 56945 56945 56945 56945 56945 56945
 56945 56945 56945 56945 56945 56945 56945 56945 56945 56945 56945 56945
 56945 56945 56945 56945 56945 56945 56945 56945 56945 56945 56945 56945
 56945 56945 56945 56945 56945 56945 56945 56945 56945 56945 56945 56945
 56945 56945]
0 [ 5240 25347 26113 12937  4151 26193  6151  2369  2370 11120  5054 10621
 11120 56946 56931 56945 56945 56945 56945 56945 56945 56945 56945 56945
 56945 56945 56945 56945 56945 56945 56945 56945 56945 56945 56945 56945
 56945 56945 56945 56945 56945 56945 56945 56945 56945 56945 56945 56945
 56945 56945]
0 [ 5240 13171 11751  9761  5226 14299 13802 14793  5224 11629 14931 11066
 11211 11830  4472 13853  8493  8364  4472  5804  9094 12889 15145  4562
 11066 56931 56945 56945 56945 56945 56945 56945 56945 56945 56945 56945
 56945 56945 56945 56945 56945 56945 56945 56945 56945 56945 56945 56945
 56945 56945]
6 [56946 14781 56946 10621 23960 56946 21074  4472    68 10314  4472  2890
 11950  6151    13 56931 56945 56945 56945 56945 56945 56945 56945 56945
 56945 56945 56945 56945 56945 56945 56945 56945 56945 56945 56945 56945
 56945 56945 56945 56945 56945 56945 56945 56945 56945 56945 56945 56945
 56945 56945]
0 [11514  2890 13723 11211 56946   683 13014 13763  4472  8493  8368  5226
  4534  4472  4163 56932  7450 56940 14573 56940 13396  7898 12495 11211
  5207 18988  8993  7012  5226  5804 13349  4472 12687  6165  6151 11120
 13269  4472  4151   420 14821  4494 56931 56945 56945 56945 56945 56945
 56945 56945]
0 [ 4770 11120 13675   441 10621  5240 13171 13466 11211  4151 14745 10067
 46968  1240 53444 56932  5226 11120 13675 12921 56932 13171  4231 11211
 11120  8008 10067  9699 56931 56945 56945 56945 56945 56945 56945 56945
 56945 56945 56945 56945 56945 56945 56945 56945 56945 56945 56945 56945
 56945 56945]
5 [ 4770 11120 13675   441 10621  5240 13171 13466 11211  4151 14745 10067
 46968  1240 53444 56932  5226 11120 13675 12921 56932 13171  4231 11211
 11120  8008 10067  9699 56931 56945 56945 56945 56945 56945 56945 56945
 56945 56945 56945 56945 56945 56945 56945 56945 56945 56945 56945 56945
 56945 56945]
6 [ 4472 10142 56932  5240  6477 11211 15145 13171 13466 11211 11120  8290
 12220  8972  1240  5588  5534 11122 13280 11120 11093 56931 56945 56945
 56945 56945 56945 56945 56945 56945 56945 56945 56945 56945 56945 56945
 56945 56945 56945 56945 56945 56945 56945 56945 56945 56945 56945 56945
 56945 56945]
0 [10263  6205  8493 14564  3578  9384 44255 56946  2861 11120  2142  4472
  4521 56931 56945 56945 56945 56945 56945 56945 56945 56945 56945 56945
 56945 56945 56945 56945 56945 56945 56945 56945 56945 56945 56945 56945
 56945 56945 56945 56945 56945 56945 56945 56945 56945 56945 56945 56945
 56945 56945]
0 [ 6955  5804 14117 56934  6151 56935  5224  3432  4472  4573   194  4472
  3889   848 56946  6151  5804 11211  1240 10469  6151 12297 10008 12297
 56931 56945 56945 56945 56945 56945 56945 56945 56945 56945 56945 56945
 56945 56945 56945 56945 56945 56945 56945 56945 56945 56945 56945 56945
 56945 56945]
6 [ 4472  9591 56932  5804 17651  1240 17407 56946  4562 56946  5226 56942
 56932 56942 12297 56946 10621  5224 56946  1240 56946  5226  5224 13602
 56946  4562 11122 11211 50677 11120 15910 56946 56931 56945 56945 56945
 56945 56945 56945 56945 56945 56945 56945 56945 56945 56945 56945 56945
 56945 56945]
0 [ 7709  3440 12672 13171   483 11211  2890 56946  7032 56937 56945 56945
 56945 56945 56945 56945 56945 56945 56945 56945 56945 56945 56945 56945
 56945 56945 56945 56945 56945 56945 56945 56945 56945 56945 56945 56945
 56945 56945 56945 56945 56945 56945 56945 56945 56945 56945 56945 56945
 56945 56945]
1 [10621 56946 56932 13178 12764 12015 15345 12297 56932  8964  4562 13434
  4472  5551 56931 56945 56945 56945 56945 56945 56945 56945 56945 56945
 56945 56945 56945 56945 56945 56945 56945 56945 56945 56945 56945 56945
 56945 56945 56945 56945 56945 56945 56945 56945 56945 56945 56945 56945
 56945 56945]
14 [10291 12082 12342  7780  8192  5224  7811  9230  4472  9322 11211  7780
 14502 10621  5240  8493 10168 11211 13822  6161  1240  3513  1925 44165
 13396  5224 56946  4472  8127 56931 56945 56945 56945 56945 56945 56945
 56945 56945 56945 56945 56945 56945 56945 56945 56945 56945 56945 56945
 56945 56945]
2 [12297 12297 56946 16206 10621 21869 56932  1396 14349 56931 56945 56945
 56945 56945 56945 56945 56945 56945 56945 56945 56945 56945 56945 56945
 56945 56945 56945 56945 56945 56945 56945 56945 56945 56945 56945 56945
 56945 56945 56945 56945 56945 56945 56945 56945 56945 56945 56945 56945
 56945 56945]
0 [56946  5224 18785 56946 56946 13371 11120 22183 56946 10067 15790 56931
 56945 56945 56945 56945 56945 56945 56945 56945 56945 56945 56945 56945
 56945 56945 56945 56945 56945 56945 56945 56945 56945 56945 56945 56945
 56945 56945 56945 56945 56945 56945 56945 56945 56945 56945 56945 56945
 56945 56945]
0 [ 4868 11554 56946 56931 15938 56945 56945 56945 56945 56945 56945 56945
 56945 56945 56945 56945 56945 56945 56945 56945 56945 56945 56945 56945
 56945 56945 56945 56945 56945 56945 56945 56945 56945 56945 56945 56945
 56945 56945 56945 56945 56945 56945 56945 56945 56945 56945 56945 56945
 56945 56945]
2 [ 6196 11122  3291 56932  9000  5240 13741 56946 56931 56945 56945 56945
 56945 56945 56945 56945 56945 56945 56945 56945 56945 56945 56945 56945
 56945 56945 56945 56945 56945 56945 56945 56945 56945 56945 56945 56945
 56945 56945 56945 56945 56945 56945 56945 56945 56945 56945 56945 56945
 56945 56945]
5 [ 6196 11122  3291 56932  9000  5240 13741 56946 56931 56945 56945 56945
 56945 56945 56945 56945 56945 56945 56945 56945 56945 56945 56945 56945
 56945 56945 56945 56945 56945 56945 56945 56945 56945 56945 56945 56945
 56945 56945 56945 56945 56945 56945 56945 56945 56945 56945 56945 56945
 56945 56945]
0 [ 8946  8493  8818 56946 10621 56946 56932 11120 13439  4125  5226  4152
 10621  1522 12764 13859 11149  8606  4562  1231 13480 56931 56945 56945
 56945 56945 56945 56945 56945 56945 56945 56945 56945 56945 56945 56945
 56945 56945 56945 56945 56945 56945 56945 56945 56945 56945 56945 56945
 56945 56945]
2 [12297 12297 56946  1522 56946 56931 56945 56945 56945 56945 56945 56945
 56945 56945 56945 56945 56945 56945 56945 56945 56945 56945 56945 56945
 56945 56945 56945 56945 56945 56945 56945 56945 56945 56945 56945 56945
 56945 56945 56945 56945 56945 56945 56945 56945 56945 56945 56945 56945
 56945 56945]
