9 [11120  6805 15161  5147   217 56932  8788 56932 11211  7780  3924 11120
 12742  4472  2890 15316  4472  5997 13396  5224  7082 56946  8943 12139
 56934 14931 56935 56932  8468  6641 56934  5236 56935 10621 12613  6615
 14030 56934 56946 56935   805  5224  7057  4561  4472 12424 14729  2844
  4472 12381]
2 [ 1925  8871 56932 13280  2890  2689 56932  5804 12357  9246  5226 11120
 12673  5404 56931 56945 56945 56945 56945 56945 56945 56945 56945 56945
 56945 56945 56945 56945 56945 56945 56945 56945 56945 56945 56945 56945
 56945 56945 56945 56945 56945 56945 56945 56945 56945 56945 56945 56945
 56945 56945]
6 [ 9939  4693  4472  1231 39617 56932 14016  2332  5224 14399 56932 11211
 23162    65 13371 12684 14875 11120  7465 21259 56931 56945 56945 56945
 56945 56945 56945 56945 56945 56945 56945 56945 56945 56945 56945 56945
 56945 56945 56945 56945 56945 56945 56945 56945 56945 56945 56945 56945
 56945 56945]
4 [ 5045  5137 15083 56932 10110 11562 18120  1925  1926  8493 13314 10767
  2861  5224  8105  1611  4472  2689 14555 56932  5040 13396  8493  4472
  4151  3243 18754  5331 11120  5404  4472  2890 39509  2393 53940 56932
 10621 11120  2006  4472  2890  1702 11211  4113  4562  5804  5684  2868
  6862 33064]
9 [ 5045  5137 15083 56932 10110 11562 18120  1925  1926  8493 13314 10767
  2861  5224  8105  1611  4472  2689 14555 56932  5040 13396  8493  4472
  4151  3243 18754  5331 11120  5404  4472  2890 39509  2393 53940 56932
 10621 11120  2006  4472  2890  1702 11211  4113  4562  5804  5684  2868
  6862 33064]
4 [11349  7780 13848  4550 13171 13365 56932 13171  6523 56932 13171  7258
 10291 45306 56932  3243  6312  3878 10621  5224 13273  4472 12619  5226
 15127 56932  4562 11122 11211 11120  1855  2986 13171  1918 56931 56945
 56945 56945 56945 56945 56945 56945 56945 56945 56945 56945 56945 56945
 56945 56945]
7 [56940 11120 56946  1987 13396 12645 10621 38850  1110 21777 56940 56932
  6792  5224   413 56931 56945 56945 56945 56945 56945 56945 56945 56945
 56945 56945 56945 56945 56945 56945 56945 56945 56945 56945 56945 56945
 56945 56945 56945 56945 56945 56945 56945 56945 56945 56945 56945 56945
 56945 56945]
3 [12543  6205 56932 10267  1004   865 13171  5804  1046  4472  9917 11211
  4801 11211 11122  2030 10291 11120 13292 15161  6197  7780  6260 10621
 11211  1231 29934  7709  4087 56932 12889  4562  7898  8603  7681 56931
 56945 56945 56945 56945 56945 56945 56945 56945 56945 56945 56945 56945
 56945 56945]
1 [ 4693  6197 50037  2890 14657  1157 13396  2890  3411  4562 14957  4472
  5208 56931 56945 56945 56945 56945 56945 56945 56945 56945 56945 56945
 56945 56945 56945 56945 56945 56945 56945 56945 56945 56945 56945 56945
 56945 56945 56945 56945 56945 56945 56945 56945 56945 56945 56945 56945
 56945 56945]
25 [ 5224  3612  3676 10067  2792  1218 56932 14524 15043 14751 56932 10621
  8493  3933 10067  7538 11343  5432 56934  1403 56935  7829 12948  5226
 11517  8493  6614  8572 12682 10291 12208  2259 13251  6151 11120  4415
 12925  1106 11211  4807  6151 11120  3806 10067  6319  4566 56931 56945
 56945 56945]
6 [  217 56932 56942  5137 15083 56932 13684   579 56946 56932  8493  9745
  8104  4562  8493 15446 11211 13046  5804 56942 11804  4472  5699 10621
  2890 14384 12691  5432  2861   373  7871  5226 56942 10700 56931 56945
 56945 56945 56945 56945 56945 56945 56945 56945 56945 56945 56945 56945
 56945 56945]
17 [56940 12889  1490  7944  4472 14399 10611  4151  8373   373  1969 12407
  2199 10621  5240 14844 11211 10499  4693  4472  4151  5839  4290  3496
  5226  1723 56932  4151 14373 13526  5224 13826 10843 11211   753  5226
   424 10386  5226  2551  5226   424  4492 56940 56932  8964  5224   413
 56931 56945]
3 [56940  9000 15083 56932  9068  3597 17811 56932  4562 31964  4472  2890
 11215  4154 56932 12015 11121 56932 13371  8057  4562 13083  8155 56940
 56932  7780 14236 56931 56945 56945 56945 56945 56945 56945 56945 56945
 56945 56945 56945 56945 56945 56945 56945 56945 56945 56945 56945 56945
 56945 56945]
11 [11120 12545  2127 10753  4693  4472 30602 10621   420 11970 15083 11120
 13450 10067 10386 56932 11211  5848  1298 11149 13021   746  8192 19096
 26970 10621  2436   209 13516  5224  8749 56932 12764  7780  5663 12543
  8493 11851 56931 56945 56945 56945 56945 56945 56945 56945 56945 56945
 56945 56945]
1 [ 6205 11122  5376   217  5804  9135 10067  7450 56940  7346  1095 56940
 56932 15023  8493  6614  4562  5224  2792 10067 14084 56932  2930 48914
 56932 13386 15550 11120  6805 40459 11211 56946  4151 10531 18959 12043
 13396 14009  6051 56931 56945 56945 56945 56945 56945 56945 56945 56945
 56945 56945]
2 [10621  4550 56932 13529 23691 56932 56384  1925 15234  4472 11120 13806
  8503  4472  5804  8373 56946 10621 56946  6151  7922  5224  2220 56931
 56945 56945 56945 56945 56945 56945 56945 56945 56945 56945 56945 56945
 56945 56945 56945 56945 56945 56945 56945 56945 56945 56945 56945 56945
 56945 56945]
5 [56938 10621 13933 56932  5534  1396  6205 46325 56932  7105 13171  9023
 10621 24269 56939 56945 56945 56945 56945 56945 56945 56945 56945 56945
 56945 56945 56945 56945 56945 56945 56945 56945 56945 56945 56945 56945
 56945 56945 56945 56945 56945 56945 56945 56945 56945 56945 56945 56945
 56945 56945]
3 [ 5217  5280 56932  9198   848  3260  1340 11211  1000  1996 22502  1661
 10621  1996 25215 12033  4562  5804  4472  5513  1384   848 14524 56946
 56932 13371 12764 15145  5224  4339  4561  4562 11120  7182 10621 11673
 12360  5226  5224 10620 14802  4472 11211 56946  6574 10621 11211 10267
 11950  2986]
4 [ 5123 15083 11211 12645 55285 11120  7037   229  9388  5123 10540 56931
 56945 56945 56945 56945 56945 56945 56945 56945 56945 56945 56945 56945
 56945 56945 56945 56945 56945 56945 56945 56945 56945 56945 56945 56945
 56945 56945 56945 56945 56945 56945 56945 56945 56945 56945 56945 56945
 56945 56945]
1 [ 4550 56932 56942  5137 15083 56932 24442  4472  2529 12297 56946 12297
 10621  7333  4562 15556 15883  5224  6542 10067 23307 10621  5224  8984
 14931 56946 56943 56945 56945 56945 56945 56945 56945 56945 56945 56945
 56945 56945 56945 56945 56945 56945 56945 56945 56945 56945 56945 56945
 56945 56945]
6 [ 4550 56932 56942  5137 15083 56932 24442  4472  2529 12297 56946 12297
 10621  7333  4562 15556 15883  5224  6542 10067 23307 10621  5224  8984
 14931 56946 56943 56945 56945 56945 56945 56945 56945 56945 56945 56945
 56945 56945 56945 56945 56945 56945 56945 56945 56945 56945 56945 56945
 56945 56945]
