24 [ 5804  6312  9529  5226  2218  4035 14423  5224  6576 10621 11120 23715
  4472  5892  4472  9424  4472 10330  5226  4151  6505 10067  7581 56932
  8630  5226  5224  7217 12506 56932  5224  7538 11343  5432 11367 56932
 12948 56932 13348 56932 11120 14259 10067 14399  4562 15014 56932  4472
   681 14792]
5 [ 1925 15168  3245  1240 37737 13716 11360  4472    97  4472 22828 56932
 56946 10621 56946 56931 56945 56945 56945 56945 56945 56945 56945 56945
 56945 56945 56945 56945 56945 56945 56945 56945 56945 56945 56945 56945
 56945 56945 56945 56945 56945 56945 56945 56945 56945 56945 56945 56945
 56945 56945]
14 [11211  5224  3053  4472  5804 13997  1003  4472 11120 14623 12348  1240
 14444 14802  4550 56932 12764  7494    19 14251  4472  2529 11211  4151
  5839  4290 12230 10621  4151  4256 10067  2689 11211 10111 56931 56945
 56945 56945 56945 56945 56945 56945 56945 56945 56945 56945 56945 56945
 56945 56945]
24 [13396 11674  5224  9691 11783  1925 11211  1240 10469  1925  9599  7412
  4562 11120 11946  5974  4472  9161 10621  3245  4562  1540  4472  8854
 12764  5240 13171 11211  8493 19890 25305 56932 26170  4472  6256 56932
  6151 14849  4472 11211 12569  7394  1396  1452 56946 13371  2481  7344
 56931 56945]
34 [56940 11120 10838 16630  4472  2890 56942 13396 14108  5226  5224  9283
  4472  5804 11621  7518  4472 56942 11070  5226 56942 15058  4472 56942
  5083  2890  8870  3242  4472 11621  6151 11120 56946 10621 56932 13396
 15398 56932  8493   657  4472  5804 11621  1608  8509  5224 56942 56940
 56932 56946]
19 [23030 41276 13396  5224  1926 56932 56946 56932  4745 56932 56946  6151
 13478  5804 50556  5861 10067 11477 56932 15676 14970  5224 25893 56931
 56945 56945 56945 56945 56945 56945 56945 56945 56945 56945 56945 56945
 56945 56945 56945 56945 56945 56945 56945 56945 56945 56945 56945 56945
 56945 56945]
22 [11120  5319  5066  6197  7780  8628 54004  3348  6151  2983 15090  4472
 14678  9391 13396  1723  2370 10867 14781 56932 12889  5666  6950  6021
  2529 56946  5534  4959  5226  5754  1231  9860  6151  5544  5137  4472
  4123 56931 56945 56945 56945 56945 56945 56945 56945 56945 56945 56945
 56945 56945]
9 [12297 12297  1368  8150  3645  6151  1000  8493  1855  6950 14260   373
 13691 56931 56945 56945 56945 56945 56945 56945 56945 56945 56945 56945
 56945 56945 56945 56945 56945 56945 56945 56945 56945 56945 56945 56945
 56945 56945 56945 56945 56945 56945 56945 56945 56945 56945 56945 56945
 56945 56945]
36 [16944 56932  5234 13488 10067  8967  4472 11791  4472  2535  4472 11120
   726   101  4472 14497 15404 56932  3655  1793 11211 13327  5676 56946
  4550 13822 10804 10291 56685 11120  8207 56932  6197 11211 11120  8110
  8993  1240  3533  4562  5224 33462  5226  5224 10778 56931 56945 56945
 56945 56945]
19 [ 5224 12500  3189 11211   101  9840  4448  8849 10916  5226  1004  4472
  8493   545  1085  4562 29944 56932   848  6115  5947  4087  4562  5804
  4679  4472   545 10291 14040  6151 11120 13476  5226 11120 10280 56931
 56945 56945 56945 56945 56945 56945 56945 56945 56945 56945 56945 56945
 56945 56945]
11 [11120 11199  5043  4472  1335  4716  5224  4522 13396 11120 14675 10899
  5171 13396 56942 11804  4472 14592 11211   574  8244  5226  5224 12533
  4472   246 56932 11211  6677 11120 11093  4277 10468  4472 11120 11457
  7062  8319 56932 15023 56942  5137  4472 14035 56931 56945 56945 56945
 56945 56945]
26 [11120  3933 11895  4472 11120 10742 56932 11211  3946  5224  5234  6340
   936  3617  6672 56932  1240  8462 10067  6319  8373  3861  4693  4472
  5804 13283 15083  4472 11211 11120  8108 10471  3406  1231  2371  4472
 14667  8509  8834  3861  4151  4290 10291  8986  5224 10119  4472 11463
  4472  2322]
11 [ 5804 11779 11211 56946  5226 11120  9374  4472  1879  2890  9252  3245
  2495  6204 10067  5276 56931 56945 56945 56945 56945 56945 56945 56945
 56945 56945 56945 56945 56945 56945 56945 56945 56945 56945 56945 56945
 56945 56945 56945 56945 56945 56945 56945 56945 56945 56945 56945 56945
 56945 56945]
42 [ 7444 10336  7780  2729  5226 14390  2890  2445  4472 10732 10291  7642
  1231 13450  1106 10621  9636 56932 15023    52  6154  5226 56942  2890
 12362  5226 13822 13767 14909 10067 56942 13396 14108 56932  4161  5804
 56942 11804  4472  5699 56932 14691   217  1231 13488  9823 56932  5513
 13788 56931]
29 [ 5224 10242  4472  7581 56946 11211 11120  1274  5226 11120  2894  4472
  9394 10700 10067   424  6913 10291  1723  8493 10177 56940  7253 56940
  4472 10147 56940  4173 56940 56932 15083  4472 11211 13396 56940 14324
  7606  5226  5224  6260 10621  8165  5226  5137  4979 56940 56932   418
  7581 56940]
10 [ 4151 12938  4779  3772 13822  8545  1925  3104  4472  2496  4693 10067
 56942  4472  8289 56931 56945 56945 56945 56945 56945 56945 56945 56945
 56945 56945 56945 56945 56945 56945 56945 56945 56945 56945 56945 56945
 56945 56945 56945 56945 56945 56945 56945 56945 56945 56945 56945 56945
 56945 56945]
30 [ 5611 10295 56932 11211  5151 13817  7060 13371  8362 56932 56946 56932
  2906  3089 56932 14601 56942 56932 14601  5076  8723 56942 56932   579
 10621  6471 56932  7494  5226 15316  3245  1920  2890 14601 10435 12520
  5226  5138 56932  1793  4472    13 13843  6151  5804 13379 10067 14847
 56931 56945]
39 [ 5804  8862 10067 13004  9433 11211 56940  5224 15230  8001  4472 11120
  9453  9322 56934  9243 56935 12764 14190  3916 10621 16061  6151  4296
 17453 56946 56932  8630  5224  9874  4472 11120 15302  4472 15461  9145
  1240  7780  1896 16183 10621 15274  5224  3421 13396 14108 56940 56931
 56945 56945]
15 [11120  6805 10212 11211   650  4151 10193 12947  8509  5224   653  4472
  9091   690 11785   217 56932  1362  4693  4472 11122  1076 56932 11120
  9234  4472  2922  1925  5234  6340 56932  1925  3452  2890  5935 10611
 13822  9135 56931 56945 56945 56945 56945 56945 56945 56945 56945 56945
 56945 56945]
16 [11120  6805 10212 11211   650  4151 10193 12947  8509  5224   653  4472
  9091   690 11785   217 56932  1362  4693  4472 11122  1076 56932 11120
  9234  4472  2922  1925  5234  6340 56932  1925  3452  2890  5935 10611
 13822  9135 56931 56945 56945 56945 56945 56945 56945 56945 56945 56945
 56945 56945]
29 [ 5224  2792  4472 11120 11556  4472  8892  4472 10766  4472  1313 56934
 56946 56935 56932  5513 22363 56932 15201 11211  4161 56942  9490 56942
 14729 56946 56932  9000  4550  6950  5011 56942 56931 56945 56945 56945
 56945 56945 56945 56945 56945 56945 56945 56945 56945 56945 56945 56945
 56945 56945]
24 [ 3951  4472 11120  2591 56934 37764 56946 56946 56935  7780  6140  5226
 56946 15422 10621  9521 56946 56934 56510 56946 56946 56935  5226  2589
 56932 15083    52  8192  4472  5804  5843 11211 13171   746  8765 10291
 14184 13822  7258  6151  1601 56931 56945 56945 56945 56945 56945 56945
 56945 56945]
25 [11120    19 10177 56932  4151   243  4472 56946 12297 12297  4562  2890
 56946 11211 13280  5224  1094  5226  3421  1362 12297 12297 56932 12764
  5240  8871 20387 56931 56945 56945 56945 56945 56945 56945 56945 56945
 56945 56945 56945 56945 56945 56945 56945 56945 56945 56945 56945 56945
 56945 56945]
21 [ 5224 12361  5427 12610 13630 56932 15204 10067 14600  4472  2890  7581
 11262  8704 56932  1630 11211  5804  2709 56940  3731  5226  6623  8373
  9552 56932  8493 13396  1231 10365 56932 11211  6221 13480  9395 12826
 56932 10621    19 10291   170 13897  5226  4136  4472  2890 14000  2604
 56940 56931]
25 [11120 14248 15535    85 15593  6151  9981 10393  4472   193 13280 13171
  4472  2890  2689 56932  5226 14724  4472 56942 56932 14260 11120 12449
   343  2317  8871 24174 56932  9000 13822  9684 14811  1452 13441 10326
 56931 56945 56945 56945 56945 56945 56945 56945 56945 56945 56945 56945
 56945 56945]
23 [ 5224 10988  4472 11120 10714  7035 10291 11434  4562  5224   653  4472
  4151   420   171  4934 10621  5224  7057  4472  4151 11876  8239  6197
  5773  5226  2890 14175  5935 10611  5224  2792  4472 15610 56932  4233
 15255 56932 10621  5224 10242  9823 56932  7631 12967 56932 11211  7951
  1231  6393]
29 [13336  9768 11120  5660  5427  4472  5804 11344 10067 56946 56932 12745
  5226 56942  8509 11120   545  4472  5804  7381  3861 56932  8630 11211
 13897 11204 10291 12350 11211 11100  1240 11117 10068  8493 14988  4472
 14026 10291  1231  2496 56931 56945 56945 56945 56945 56945 56945 56945
 56945 56945]
10 [  671 11211  1833 56942   340  5226 11120  1578 56932  9028 12010  6151
 11211 11718 11120  7261   583 56932  5226 11120 11211 13822 13171  8407
  9094  5224  1218 56946 10621  5224  5347 12606   971 56932 12049 10067
 14628 56932 14447 14915 14315 56942 10621 56942   340 56932  8170 56932
 10621  4938]
16 [11120  9011 14571 11562  5226 10778 10067  5576 56932  9000  5224  3612
  7682  5061  1231 14390 14939  6551 10621 56932 15023  2678    82  1633
  5224  9080 13012 56934 56946 56935 56932   373  6151 14777 13349 10067
  9102 56932 11120 12673  5532 11211 13008 10067 38963  6151 27155 10621
  4685  4472]
20 [ 8630 11211 56946 10463  5226 56942  4472  6128 56946 56932 13815 56946
  5804 10314 56946 56946 13396 16525 56932 12889  5137 15083 29151 11120
  1903  4472 14233 10621   645  5804 56946 11211 56946  7430 56931 56945
 56945 56945 56945 56945 56945 56945 56945 56945 56945 56945 56945 56945
 56945 56945]
3 [ 1925  9283 56942 56932 13396 11122 13554 56932 11117 56946  1925  8871
  9394  9939  5226 10341 56932  9000 56932  5226  1490 13440 56932  1240
  6760  4472  2890 28721  5226 10107 10855  4472 11120  5918 11211  6118
 11197  5092 11211   229 12407  5267  4472   535 56932 12889   375  4562
  5224 13803]
32 [15879  4472 11120 11066  4472 16634 56932 10621 13371 14022  4472 11965
 24079 56932  6950  5224 56942 13396 14108 10067 12646  1240  1630 41691
 56932  8630 11211  5224  7992   373 26520   848 10899 56946 10621 14931
 13010  4472  7897 56931 56945 56945 56945 56945 56945 56945 56945 56945
 56945 56945]
8 [ 4151  4160  4472  4900  5226  7898  4391  5317  6197  1925 56946 56932
  7868 28363 12948  5224   413   848  7172 56931 56945 56945 56945 56945
 56945 56945 56945 56945 56945 56945 56945 56945 56945 56945 56945 56945
 56945 56945 56945 56945 56945 56945 56945 56945 56945 56945 56945 56945
 56945 56945]
14 [ 4151  4160  4472  4900  5226  7898  4391  5317  6197  1925 56946 56932
  7868 28363 12948  5224   413   848  7172 56931 56945 56945 56945 56945
 56945 56945 56945 56945 56945 56945 56945 56945 56945 56945 56945 56945
 56945 56945 56945 56945 56945 56945 56945 56945 56945 56945 56945 56945
 56945 56945]
20 [ 7868 15201   217 10867 56946 56932  5992 56940  6070  4151  6557  4472
 36170 10621 56126 13371 16058  4472 29148  5534 13171 56946  4125 13396
 11120 11371  4472 15157  5691  6151  1231 13480 56932 11211 26528 18436
  5226  3396  1231  8108  8008 10291 27741  5226  5224  3104  4472 10050
  4472  1723]
13 [ 8911 56932  4472 56942  5137 56932  3980  5224 56942  4472 13330  4472
 56942  8448  4472  1231 13439 56931 56945 56945 56945 56945 56945 56945
 56945 56945 56945 56945 56945 56945 56945 56945 56945 56945 56945 56945
 56945 56945 56945 56945 56945 56945 56945 56945 56945 56945 56945 56945
 56945 56945]
7 [ 8493 21451  4472  1231 10855 12764 21015 17671 56932 11122 11211   930
 11117 25624  2890  2486  5813 56931 56945 56945 56945 56945 56945 56945
 56945 56945 56945 56945 56945 56945 56945 56945 56945 56945 56945 56945
 56945 56945 56945 56945 56945 56945 56945 56945 56945 56945 56945 56945
 56945 56945]
14 [10621  5240 13396 12752 13396  3828 11285  4530  2861 13171  6523 10291
 56946 10621 56932  7956  6226 56932 13171  8561 10291  9724  6151   424
  7944  4472  5023 10621 13822  3491 56931 56945 56945 56945 56945 56945
 56945 56945 56945 56945 56945 56945 56945 56945 56945 56945 56945 56945
 56945 56945]
14 [ 5804 12825  6151  4151 14414 56932 11120  1147 15261  5939  1925 20717
 56932 13196  5226  2370 14260 11120  3249 12477 11120  8494  4472 14400
 56931 56945 56945 56945 56945 56945 56945 56945 56945 56945 56945 56945
 56945 56945 56945 56945 56945 56945 56945 56945 56945 56945 56945 56945
 56945 56945]
10 [ 5224 11183  6667   792  4472 19130  6151  5804 14884  5696 15083  4472
    52  3437  5224   695 11211 56946  5224  2792  4472   425   314 56931
 56945 56945 56945 56945 56945 56945 56945 56945 56945 56945 56945 56945
 56945 56945 56945 56945 56945 56945 56945 56945 56945 56945 56945 56945
 56945 56945]
7 [ 5226 11120 11938 56932  5804  8330 13512 56946 10621 11120  4687  1240
 56946 56931 56945 56945 56945 56945 56945 56945 56945 56945 56945 56945
 56945 56945 56945 56945 56945 56945 56945 56945 56945 56945 56945 56945
 56945 56945 56945 56945 56945 56945 56945 56945 56945 56945 56945 56945
 56945 56945]
25 [ 5224  5234  2792  4472  1725  4472  2346 12020 15089 56946 56932  2482
  5224  6260 56942  4472   995 13396  2890 13469  4472  7581  1095 56932
 15625   217  5226  1324 11120  4916  4472  4290 56940  4607 10621 11382
 56940  5226  1231  6319  4693  4472 14724 11255 56931 56945 56945 56945
 56945 56945]
30 [ 8493 13745  5127 56932  8047  6151  4151 14971 10611 12569 10191 56932
 10272  1925  5609 11211  5224 14399  5240  3712 10621 11211  5224  5078
  3091  4472 11120   990  9840 11434  1296 56932 13348 56932 13396 11120
  1296 56931 56945 56945 56945 56945 56945 56945 56945 56945 56945 56945
 56945 56945]
15 [ 5804  8373  1240 28504 14931  3778  4472 13864 56932  2890 13434 56932
  8493  8786 10621 12752   373  5224  8503 56932  5226  5224  4667 10621
  5226 11120 13733 56932 10291  6001  1925    13 56931 56945 56945 56945
 56945 56945 56945 56945 56945 56945 56945 56945 56945 56945 56945 56945
 56945 56945]
20 [ 5224  8987 13803 11211  1240   373 13218  5226  6226  5224  1926  5226
  5224  5351  4472  9379   453  4521 56932 14662  3245  5226 10644  6319
  4562  1414  4472 11791 10038  5226 12424  6467 10621  5226  5224 13368
 56931 56945 56945 56945 56945 56945 56945 56945 56945 56945 56945 56945
 56945 56945]
26 [ 5534  5224 15063 16048 13396  5224 54665 11211  6151 13290  5107  7494
 15630 14802 10621 12684 56932 11120 13450  5240 11227 56933  9000  1233
  5224 56946  6950 16945 11120  2656  5217  8493  1914 10054 56932 27645
 56932 52789  5226  5224  4667  4472 11122 23531 56931 56945 56945 56945
 56945 56945]
