16 [ 1233  4151 24911  5708   865 10877 56932 11120 14208 10067  2693   373
 56932  1793 56932 56946  1925 13804 11096 13974  4472 11120 12613 15161
 56931 56945 56945 56945 56945 56945 56945 56945 56945 56945 56945 56945
 56945 56945 56945 56945 56945 56945 56945 56945 56945 56945 56945 56945
 56945 56945]
10 [ 5224  2610  6542    85 12407 14974  6151  7430 56932 12889  1925  1242
 10067  9541  6226 37370  6151  2890 56946 12407 14492 56932  6418  6151
 11120 16276  3688 13396 12049 11360 56931 56945 56945 56945 56945 56945
 56945 56945 56945 56945 56945 56945 56945 56945 56945 56945 56945 56945
 56945 56945]
22 [ 2890  5322 10067  1651 10067  4323 56932  4337 56946 56932 10376 11211
  8834 13021 13171 11211 56798  5226 17852   746  8192  2701  6151 14021
  5226 15243 10621  1240 15394  7780  3009  6151  2890  9763  7903 56932
  9000  4779 12676  6151 11211 11120  8108 10291 11120  2496  4472 11120
 12460 12683]
8 [ 2890 56946  4472 13554  5226 13554  5240 11165 10291  5224 10855 56931
 56945 56945 56945 56945 56945 56945 56945 56945 56945 56945 56945 56945
 56945 56945 56945 56945 56945 56945 56945 56945 56945 56945 56945 56945
 56945 56945 56945 56945 56945 56945 56945 56945 56945 56945 56945 56945
 56945 56945]
11 [ 5224 11100  8321 32047 10540  2254 10621  1231  8284 11117  4810 56932
  5226  8493   792 56932  6151 14663  2370  8493 26743 56931 56945 56945
 56945 56945 56945 56945 56945 56945 56945 56945 56945 56945 56945 56945
 56945 56945 56945 56945 56945 56945 56945 56945 56945 56945 56945 56945
 56945 56945]
