28 [ 9000  5224  4760 56932 11211  5224 56942  4472  8289 41295 11211  2464
 56946  5226  4224  4472 10022 56932  3120 11211  4151  3336  9895 13396
  5224   653 12764   865  1189 12512 10621  1240  9127  5226 15276  4472
    13 22485 11211 56946  6151 11120  9745  5226   420  8589 56931 56945
 56945 56945]
0 [15204  4472 11120 56940 49920 56940  4472 37936 26341  5226 11120 12613
  7725 56932  5226 56942 10561  5226 15063  4562 56946 56932  1782  8509
 56942  5137 10067  9541  9288 10621 10067  7581 20576 56932 10621 11117
  6005  5226  8493  8709  7945  4472 11454 12530  9198  3651  4472   653
 56931 56945]
3 [ 1231  1566  5240 10831 56931 56945 56945 56945 56945 56945 56945 56945
 56945 56945 56945 56945 56945 56945 56945 56945 56945 56945 56945 56945
 56945 56945 56945 56945 56945 56945 56945 56945 56945 56945 56945 56945
 56945 56945 56945 56945 56945 56945 56945 56945 56945 56945 56945 56945
 56945 56945]
4 [11120  9033  9004    85 18165 10621  1633  8493  1500  5609 21255 56932
 11122  4472 24291  1765  1379 11089 56931 56945 56945 56945 56945 56945
 56945 56945 56945 56945 56945 56945 56945 56945 56945 56945 56945 56945
 56945 56945 56945 56945 56945 56945 56945 56945 56945 56945 56945 56945
 56945 56945]
0 [ 6927 11211  5224  3597 13811  1240  8210  4472 11401  4472 56946 56932
  1233  5240 11211 12764 11122  7780  9591  6197 56931 56945 56945 56945
 56945 56945 56945 56945 56945 56945 56945 56945 56945 56945 56945 56945
 56945 56945 56945 56945 56945 56945 56945 56945 56945 56945 56945 56945
 56945 56945]
0 [34775  5226  5224  1229 47528 12297 12297 11120  7415 15106 30496 56942
 11804  4472  5699  6151  5804 14931 12771  5224  6260  2689 12297 12297
 56932 56946  4562  2890  6400 11211 56946  9209 11601 10291  1712 11120
 13916  6151  5804 11211  6197 12764  1340  3260 56931 56945 56945 56945
 56945 56945]
17 [ 5224  2595  4472 11120 10101  4472 56946  5226 56946 56932  5312 56946
 56932 15201 11211 56940  5240 15526 12002  3286  2214 13516  6373  9643
 14260   753  2890  8566 21843  2317 56940 56931 56945 56945 56945 56945
 56945 56945 56945 56945 56945 56945 56945 56945 56945 56945 56945 56945
 56945 56945]
1 [  752  4979  5224 14944 11120  5918 56932  5224  6695 15149  4343 56932
 10621  5224  5373 10067   653  5226 11482 56932 11046 11324 56931 56945
 56945 56945 56945 56945 56945 56945 56945 56945 56945 56945 56945 56945
 56945 56945 56945 56945 56945 56945 56945 56945 56945 56945 56945 56945
 56945 56945]
11 [ 5224 13576  3384  6118   730  2861 56940 12937  4151  2171   865 56946
 10621 56932  1233   753 14923 12489 56932  6241  5226 11120  7811  9707
 10291  8606  5804 10314 10971 56940 56931 56945 56945 56945 56945 56945
 56945 56945 56945 56945 56945 56945 56945 56945 56945 56945 56945 56945
 56945 56945]
6 [12764  2451 56932 56946  1240  8783  3052 10621  1240  7194  6151 14855
  5224  5003 56931 56945 56945 56945 56945 56945 56945 56945 56945 56945
 56945 56945 56945 56945 56945 56945 56945 56945 56945 56945 56945 56945
 56945 56945 56945 56945 56945 56945 56945 56945 56945 56945 56945 56945
 56945 56945]
4 [ 5224  7581  5207  4770 15916  6862 37707 10291  9379  5428 56931 56945
 56945 56945 56945 56945 56945 56945 56945 56945 56945 56945 56945 56945
 56945 56945 56945 56945 56945 56945 56945 56945 56945 56945 56945 56945
 56945 56945 56945 56945 56945 56945 56945 56945 56945 56945 56945 56945
 56945 56945]
6 [56940 13822 17140  4472 14747   865 24222  4472 16875 56931 12764   753
  3260  5226 47979 11211 12764  2273  5226 56946 56940 56932  8964  5825
 56931 56945 56945 56945 56945 56945 56945 56945 56945 56945 56945 56945
 56945 56945 56945 56945 56945 56945 56945 56945 56945 56945 56945 56945
 56945 56945]
9 [ 5804 11360 56946 10621 19162 56946  3245  1240  9567  4979  5226  8325
 56932 12889  5226   425 11093  4722 13822  5843 12764  1240 12813  6151
  7538 10621 30235  3361 12128  1925  6812 56931 56945 56945 56945 56945
 56945 56945 56945 56945 56945 56945 56945 56945 56945 56945 56945 56945
 56945 56945]
0 [ 2530 13396 11120  6675  4472  4151  2131   741  4472  8945 10621  9092
  1633  5224 10437  4472 11120  8467  1152 56932  9490  3609 11932  1231
  6879  5987 10621   354 56932  5226  5879 10621  9928 56932  1925  9003
  4472  5487 56931 56945 56945 56945 56945 56945 56945 56945 56945 56945
 56945 56945]
10 [56940 11120  1147  4472  5804 18619  4562 13331 14482  2529  1189  3540
  5226  5224  4492  4472 11211  8818   848  9277  1240 56946 56932 56931
   428  5240  6418  6151 11211  1776  4562  4151 17428 10621 56932 13396
 13554  1240 19456  4472 12402 56931 56932  8593 26156  6151 15223 11211
 56932  5226]
8 [ 5224 11627  4472 11120  5430  3537  8642  1452  1095 10621 56932  6585
 56932 13396 11669  7147 15772 56931 56945 56945 56945 56945 56945 56945
 56945 56945 56945 56945 56945 56945 56945 56945 56945 56945 56945 56945
 56945 56945 56945 56945 56945 56945 56945 56945 56945 56945 56945 56945
 56945 56945]
