6 [ 4693 10067 56946  7261 56932 10621  4562 11120  7261 28577 56932  6197
 11122  8057  4562 11120  7195  5226  8493 16348 10067  4667 56931 56945
 56945 56945 56945 56945 56945 56945 56945 56945 56945 56945 56945 56945
 56945 56945 56945 56945 56945 56945 56945 56945 56945 56945 56945 56945
 56945 56945]
15 [ 5224 11255  8590 11120 13524  3747  1231  6614  5954 56932  8373  3861
 15083 10067  9541  5226 11120 14493 56931 56945 56945 56945 56945 56945
 56945 56945 56945 56945 56945 56945 56945 56945 56945 56945 56945 56945
 56945 56945 56945 56945 56945 56945 56945 56945 56945 56945 56945 56945
 56945 56945]
33 [11120  7790  4562  1164  4472 13456 56932  5224 13398 10635  4472  5804
  2611 10621 11120 12964  1323  4472  5224 11554  4472  5804  5359 56946
 13974  4472  2890 56946 11211  2002  1231  8467  4678  5226  9209  3224
  8860 10621 11211  4059  2890 14555 13959  4562  7508 10291 56942  8155
 56931 56945]
8 [ 5224  5085 14204 15168  8448  4472 41615 56932  5226 11120  4932  4472
 14208  8657  6331  5226  5224  7770 10067  6319 56932 13002 10165 56931
 56945 56945 56945 56945 56945 56945 56945 56945 56945 56945 56945 56945
 56945 56945 56945 56945 56945 56945 56945 56945 56945 56945 56945 56945
 56945 56945]
9 [13554 11211  6151  5804  6786 10013 56946  1240 15649  5226  5224  5482
  4562  2890 35707 13554  4472 56946 56932 10291  2628  5226 11120 56946
 56931 56945 56945 56945 56945 56945 56945 56945 56945 56945 56945 56945
 56945 56945 56945 56945 56945 56945 56945 56945 56945 56945 56945 56945
 56945 56945]
13 [ 5224   870 10067  5683 13579 56932 13662 10067  5928 56932 11117 14039
   375  4472 11120  1562 11211  1240 12765  1296  3786  1925  9102 27155
  6151 13686  6894 10621 14524 15105 56932  6151  5804 11211  4473 12413
  5226 13072 10067  9541  4472 16932 10067 11255  8788 56931 56945 56945
 56945 56945]
8 [15083  4472   420  7134  4472  8306 28081 34134 13396 11120  6488 10621
  5224 56946 56932 16762 14970  6151 56946 56946 56932  2890  6695 10621
  2411  1782 11427 11211  5217 13330  7494 11120 36753   627  4472 10530
 11120 12031 10621 11120  3806  4472   425  2204  5217  1231 12695 56931
 56945 56945]
8 [15428  1362 15083  4472 11358  6224  1925  6319  4562  2890  8876   695
  5226  5224 11211  9956  2890  5285  1537  4472 11120 13450  3682 10067
  7581 56932 11437  1240 13851 13396 12341 10621  8945  1925  6319  6151
  4151 56942  1362 11511 56934 56942 11613 56935 10291  9965 11120  7276
  4472  3336]
8 [ 4151 14862  3878  4472 11120 11602  8363 12948 13396 11120  8818  5224
 12189  6151 11120 15012 11973  4472 56946 56932  5226 17541 56932 10621
  9706   938 29788 10621 56946  6151  5804 56942  1312 10621  5804   420
 29131 11211 12543 26067 39703  5226  5224 12074 56931 56945 56945 56945
 56945 56945]
35 [ 5224  5097 56932 13396 13676 56932  1240 10823  5226  2370  4472  1836
 14162  4472 13236   848  4472  3641  2848 14931  5224  1803  4472  5804
  3434 56932 10621 11211  5534  1240  3968 12472  2632  1240 56946  6151
  5804  6134  4562  6272  2965 56931 56945 56945 56945 56945 56945 56945
 56945 56945]
4 [12764  1240  6689 56932 13396 56946 56932  4472  2890 23366  2355 13396
  5186   848 34675 13396  2101 56932 15337  5226   420  3545  4472 56946
 10621 56946 45382 56931 56945 56945 56945 56945 56945 56945 56945 56945
 56945 56945 56945 56945 56945 56945 56945 56945 56945 56945 56945 56945
 56945 56945]
2 [ 4472  1004  5226  5534 56932  2344  1240 42907 10291 56946  5224 15790
 13396  1233 20258  2317 11120 16348 54812 10067  2294 56931 56945 56945
 56945 56945 56945 56945 56945 56945 56945 56945 56945 56945 56945 56945
 56945 56945 56945 56945 56945 56945 56945 56945 56945 56945 56945 56945
 56945 56945]
