Cargando casos de entrenamiento...
[1 0 0 0 0 0 0 0 0 0 0 0 0 0 0 0 0 0 0 0 0 0 0 0 0 0 0 0 0 0 0 0 0 0 0 0 0
 0 0 0 0 0 0 0 0 0 0 0 0 0 0 0 0 0 0 0 0 0 0 0 0 0 0 0 0 0 0 0 0 0 0 0 0 0
 0 0 0 0 0 0 0 0 0 0 0 0 0 0 0 0 0 0 0 0 0 0 0 0 0 0 0 0 0 0 0 0 0 0 0 0 0
 0 0 0 0 0 0 0 0 0 0 0 0 0 0 0 0 0 0 0 0 0 0 0 0 0 0 0 0 0 0 0 0 0 0 0 0 0
 0 0 0 0 0 0 0 0 0 0 0 0 0 0 0 0 0 0 0 0 0 0 0 0 0 0 0 0 0 0 0 0 0 0 0 0 0
 0 0 0 0 0 0 0 0 0 0 0 0 0 0 0 0 0 0 0 0 0 0 0 0 0 0 0 0 0 0 0 0 0 0 0 0 0
 0 0 0 0 0 0 0 0 0 0 0 0 0 0 0 0 0 0 0 0 0 0 0 0 0 0 0 0 0 0 0 0 0 0 0 0 0
 0 0 0 0 0 0 0 0 0 0 0 0 0 0 0 0 0 0 0 0 0 0 0 0 0 0 0 0 0 0 0 0 0 0 0 0 0
 0 0 0]
Cargando casos de prueba...
[0 1 0 0 0 0 0 0 0 0 0 0 0 0 0 0 0 0 0 0 0 0 0 0 0 0 0 0 0 0 0 0 0 0 0 0 0
 0 0 0 0 0 0 0 0 0 0 0 0 0 0 0 0 0 0 0 0 0 0 0 0 0 0 0 0 0 0 0 0 0 0 0 0 0
 0 0 0 0 0 0 0 0 0 0 0 0 0 0 0 0 0 0 0 0 0 0 0 0 0 0 0 0 0 0 0 0 0 0 0 0 0
 0 0 0 0 0 0 0 0 0 0 0 0 0 0 0 0 0 0 0 0 0 0 0 0 0 0 0 0 0 0 0 0 0 0 0 0 0
 0 0 0 0 0 0 0 0 0 0 0 0 0 0 0 0 0 0 0 0 0 0 0 0 0 0 0 0 0 0 0 0 0 0 0 0 0
 0 0 0 0 0 0 0 0 0 0 0 0 0 0 0 0 0 0 0 0 0 0 0 0 0 0 0 0 0 0 0 0 0 0 0 0 0
 0 0 0 0 0 0 0 0 0 0 0 0 0 0 0 0 0 0 0 0 0 0 0 0 0 0 0 0 0 0 0 0 0 0 0 0 0
 0 0 0 0 0 0 0 0 0 0 0 0 0 0 0 0 0 0 0 0 0 0 0 0 0 0 0 0 0 0 0 0 0 0 0 0 0
 0 0 0]
Compilando red...
____________________________________________________________________________________________________
Layer (type)                     Output Shape          Param #     Connected to                     
====================================================================================================
main_input (InputLayer)          (None, 50)            0                                            
____________________________________________________________________________________________________
aux_input (InputLayer)           (None, 50)            0                                            
____________________________________________________________________________________________________
embedding_2 (Embedding)          (None, 50, 50)        2847350                                      
____________________________________________________________________________________________________
embedding_1 (Embedding)          (None, 50, 5)         500                                          
____________________________________________________________________________________________________
concatenate_1 (Concatenate)      (None, 50, 55)        0                                            
____________________________________________________________________________________________________
conv1d_1 (Conv1D)                (None, 46, 300)       82800                                        
____________________________________________________________________________________________________
global_max_pooling1d_1 (GlobalMa (None, 300)           0                                            
____________________________________________________________________________________________________
dense_1 (Dense)                  (None, 300)           90300                                        
____________________________________________________________________________________________________
activation_1 (Activation)        (None, 300)           0                                            
____________________________________________________________________________________________________
dense_2 (Dense)                  (None, 299)           89999                                        
____________________________________________________________________________________________________
softmax_layer (Activation)       (None, 299)           0                                            
====================================================================================================
Total params: 3,110,949.0
Trainable params: 3,110,949.0
Non-trainable params: 0.0
____________________________________________________________________________________________________
Entrenando...
Train on 365644 samples, validate on 78185 samples
Epoch 1/20
167s - loss: 0.6501 - acc: 0.8359 - val_loss: 0.4227 - val_acc: 0.8875
Epoch 2/20
166s - loss: 0.2977 - acc: 0.9165 - val_loss: 0.4069 - val_acc: 0.8941
Epoch 3/20
166s - loss: 0.1839 - acc: 0.9461 - val_loss: 0.4495 - val_acc: 0.8915
Epoch 4/20
166s - loss: 0.1153 - acc: 0.9655 - val_loss: 0.5149 - val_acc: 0.8832
Epoch 5/20
166s - loss: 0.0724 - acc: 0.9777 - val_loss: 0.6065 - val_acc: 0.8836
Epoch 6/20
166s - loss: 0.0494 - acc: 0.9843 - val_loss: 0.6514 - val_acc: 0.8867
Obteniendo metricas...
