16 [14931 11744 56932  5224  4154  4472  4345  9792 56932 10067 12675  4136
 56932  1132  6151  2529  6519 56931 56945 56945 56945 56945 56945 56945
 56945 56945 56945 56945 56945 56945 56945 56945 56945 56945 56945 56945
 56945 56945 56945 56945 56945 56945 56945 56945 56945 56945 56945 56945
 56945 56945]
37 [56940  7350 15379  8493 11566 12297 12297  8964 12297 12297 11211  7016
   943  6226  5224  1926 56932  5226 11120 11211 10261  4750 56932 12611
 56932  9023 56932  6471 10621  8493  4858   207  4472   424  1926 56932
  5226  5224 11211 13371  8964 12024  7220 11066  9928 56940 56931 56945
 56945 56945]
11 [ 9000  5240 56932  7956  6226 56932  2890  6173 56946 56932  5226  5224
 11211  5224  4152 10067  3407 13171  4518 14180  9198 56931 56945 56945
 56945 56945 56945 56945 56945 56945 56945 56945 56945 56945 56945 56945
 56945 56945 56945 56945 56945 56945 56945 56945 56945 56945 56945 56945
 56945 56945]
32 [56940 56946  5226   618  4562 11120 56946 56932 11120 12815 56946  5226
 14564 14557 10621  4562 11646 14218  2649 13901 10291  7303  8493 14329
 11211  5514  5224  4291  4472 11120  7182  6151 11835 56940 56932 15201
  5224  2792  4472 11120 56946 56932 16770 14183 56931 56945 56945 56945
 56945 56945]
19 [56940 13822 17140  4472 14747   865 24222  4472 16875 56931 12764   753
  3260  5226 47979 11211 12764  2273  5226 56946 56940 56932  8964  5825
 56931 56945 56945 56945 56945 56945 56945 56945 56945 56945 56945 56945
 56945 56945 56945 56945 56945 56945 56945 56945 56945 56945 56945 56945
 56945 56945]
2 [15615 14931 14215 56931 15938 56945 56945 56945 56945 56945 56945 56945
 56945 56945 56945 56945 56945 56945 56945 56945 56945 56945 56945 56945
 56945 56945 56945 56945 56945 56945 56945 56945 56945 56945 56945 56945
 56945 56945 56945 56945 56945 56945 56945 56945 56945 56945 56945 56945
 56945 56945]
15 [56940 14099 14542 34315 23117 56932 10621  5217  5224  7966  8993  5207
  4563 14396  4472 56946 56940 56932  7087 26347 56932 11211 36051 13396
 11211  6151 13742  1362  1240  4106 11120  4953 23895  5804 50879 56931
 56945 56945 56945 56945 56945 56945 56945 56945 56945 56945 56945 56945
 56945 56945]
