26 [ 5224 12687  4472 11120  4431 13346 11562  1925  5078  4472 11211 10442
  7780  1266  5226  1231 56942  7977  4472  5566  3676  1591 56932  5226
 11120 11369 13171  2748  4472  1231  7645 56932  5116  4472  5089 10621
   571 14956 10621 10703  5226  5804  9315  7254 56931 56945 56945 56945
 56945 56945]
6 [13396 11122 13554 13897 11606 56946 12031   848 18511 10291  1920  8493
 13450 33595 56931 56945 56945 56945 56945 56945 56945 56945 56945 56945
 56945 56945 56945 56945 56945 56945 56945 56945 56945 56945 56945 56945
 56945 56945 56945 56945 56945 56945 56945 56945 56945 56945 56945 56945
 56945 56945]
10 [13371 13441  8993 56932  5226  5224  3719 12429 10621  5534  2030 11122
  4595  1231  3612 56932  5224 13242 10341 16655  6151 56946 10621  8532
 11120  4622 10067 12168 14045 56932  4562 13478  5804 16904 11211 18243
  5224  5138 10621  5224 12691  4472  2890  7238 11211  6197  7780  9591
  7645  5226]
13 [  311 11211  5224 56946 56940 12764  5207 13126 56940 14260 56940   373
   440  7253 10621  7133  6151  4151  6731  5226 14088 21617 56932  7253
 10621  7133  5226  8493 11623  2700 56932 11120 10067   552 56940 56932
  5226 15168  4472  8606 56940  2890  8907 10067  2610 10067  7581 56940
 10621  4472]
23 [  311 11211  5224 56946 56940 12764  5207 13126 56940 14260 56940   373
   440  7253 10621  7133  6151  4151  6731  5226 14088 21617 56932  7253
 10621  7133  5226  8493 11623  2700 56932 11120 10067   552 56940 56932
  5226 15168  4472  8606 56940  2890  8907 10067  2610 10067  7581 56940
 10621  4472]
2 [ 4562 56946 12557 10949  5226 10554 12392 56932 14423  2917 56946 10621
 56946  5804  5574 11211 35683 11120 11752  5226  5224  3612  4472   719
 13529  8374 11211 56932  8552  6151   425   455 56932 12045  8493 13450
  7383  5226  5224 11284 56931 56945 56945 56945 56945 56945 56945 56945
 56945 56945]
18 [35704  5224 14687 15409 12297 12297  6151 14378  5699   848  6151 14378
 35103  5224 14819 34287 56932  4473    20 12297 12297 56946  2890  4315
 18787 56931 56945 56945 56945 56945 56945 56945 56945 56945 56945 56945
 56945 56945 56945 56945 56945 56945 56945 56945 56945 56945 56945 56945
 56945 56945]
22 [ 5804 11699  4472  4472 11120  2591   736  2861 56940 10644  6319  5240
  5224  7217 16537 10621  2106  3828 10644 16048   373 39329  8148 10621
 53970 10621  4472  3828 12171 56932  5226 11813  3719 10621 13450 56932
  7780  9591  5224  8870  5858  4472 56946 56940 56931 56945 56945 56945
 56945 56945]
2 [ 4151  2295 13171  9441   746  8192  5282  6151  4151  8589 25127 56934
 13723 56946 56935 56932 30806 56934 56946 56935 56932 56946 56932 56946
 56932 17782 23263 10621 50169 56932 11211  4779  2550  1925 51684 14802
 56942 11804  4472  5699 56932 56942 56932 56942 56932 56942 56932 56942
 10621 56942]
1 [ 6862 56946 56932 25104 56932 14931 14855  4472  2529 19710 56932  4113
  6151  5678 12549 56931 56945 56945 56945 56945 56945 56945 56945 56945
 56945 56945 56945 56945 56945 56945 56945 56945 56945 56945 56945 56945
 56945 56945 56945 56945 56945 56945 56945 56945 56945 56945 56945 56945
 56945 56945]
3 [ 8493  4472  4151 13171  9320 10621 10596  5240 11120  3915  7044  4472
 14961 56932 14789  5226 11120    70 10067 12675  4136 56931 56945 56945
 56945 56945 56945 56945 56945 56945 56945 56945 56945 56945 56945 56945
 56945 56945 56945 56945 56945 56945 56945 56945 56945 56945 56945 56945
 56945 56945]
27 [ 8373  4472  5488 21263 56932  1925  8871 56932   865 10067  7944  3910
 10621  1240  9567  2518  5226 11120 12135 11379 10621 12506 56932  8170
 56932 10067  5960 13171 13187 10621 11519 56932 15311  4562  5224  4136
  4472 44288 56931 56945 56945 56945 56945 56945 56945 56945 56945 56945
 56945 56945]
3 [11120 11864  5240 13171 56946 10621 10399 11211  5224  2275   848 11120
 24269 56933 11120  8067 11211 51479  4562 11122 17989  7780  4380 13171
 11211 11120 11211   987  1633 11122  1537 56931 56945 56945 56945 56945
 56945 56945 56945 56945 56945 56945 56945 56945 56945 56945 56945 56945
 56945 56945]
13 [13396  8593 56932  5804 12297 33163 12297  1240  8480  6151 10113 11372
  2890  6950 41099  4472 56946 56943  6151 12764  2529  4472  8493  5187
  6720 56931 56945 56945 56945 56945 56945 56945 56945 56945 56945 56945
 56945 56945 56945 56945 56945 56945 56945 56945 56945 56945 56945 56945
 56945 56945]
20 [13487  1240 56946 12937  4151 15564 56932 10621  4091  8606 14931 49607
 11122 11211 11120 14251 11117  3655 13371 11122 13171 34595  2861  1987
  8493 27627 14931 10768 13396 12645 10067 11155  4472  7362  3709 56932
 11122 56946 13396  1901 56932 10621  5226  5224 14408 11211 12342  5016
  5226  1231]
22 [14496  6151 11120  9231 56932 56946  5226  8493 16198 16092  6151 11120
  9028 10067  3343 10067   864 56932 56946 13396  8493  5918 10540  8819
 56932 14931    13 12684 11211  1720  5804  5286 10067  9472  4472 11273
  6862 18785 56932 18785 10621 13064 56932 13064 10621 11273 56932  8984
  6862 18785]
4 [ 5804 32272 11122 39556  7811 11211 14099 56931 56945 56945 56945 56945
 56945 56945 56945 56945 56945 56945 56945 56945 56945 56945 56945 56945
 56945 56945 56945 56945 56945 56945 56945 56945 56945 56945 56945 56945
 56945 56945 56945 56945 56945 56945 56945 56945 56945 56945 56945 56945
 56945 56945]
