12 [10621 56932  6997 56932  1659 11211  5850 13441  5224 11537  4472 12764
 56946 56931 56945 56945 56945 56945 56945 56945 56945 56945 56945 56945
 56945 56945 56945 56945 56945 56945 56945 56945 56945 56945 56945 56945
 56945 56945 56945 56945 56945 56945 56945 56945 56945 56945 56945 56945
 56945 56945]
26 [56940 56946  6151 35152  1233 12764  9490 56946  4151 11656  4472 13030
 11211 56946 11120  3277 56932  5224  3597 11349 12567 11211  4125 14347
  4472 12764 56946   497 56940 56932  9445  5224 12133 15275 56931 56945
 56945 56945 56945 56945 56945 56945 56945 56945 56945 56945 56945 56945
 56945 56945]
