15 [ 9079  7782  4147  6151 56946 56946 10621 55698  6151 12140 56946 56932
 20578 56932 36297 37413 56943 56931 56945 56945 56945 56945 56945 56945
 56945 56945 56945 56945 56945 56945 56945 56945 56945 56945 56945 56945
 56945 56945 56945 56945 56945 56945 56945 56945 56945 56945 56945 56945
 56945 56945]
14 [56940   753 11211  1176 13396 15243 26055 13371  5224  4472 56941 12015
 11122 15590  6151 13703  4472  4151  4756 56941   848 56941 12015  2662
  6151  8606 23082 56941 56932 14260  4562  5804  1421  1240  7709  8606
 13365 56932  9000 12764  2529 23082 56940 56931 56945 56945 56945 56945
 56945 56945]
15 [56940   753 11211  1176 13396 15243 26055 13371  5224  4472 56941 12015
 11122 15590  6151 13703  4472  4151  4756 56941   848 56941 12015  2662
  6151  8606 23082 56941 56932 14260  4562  5804  1421  1240  7709  8606
 13365 56932  9000 12764  2529 23082 56940 56931 56945 56945 56945 56945
 56945 56945]
24 [56940   753 11211  1176 13396 15243 26055 13371  5224  4472 56941 12015
 11122 15590  6151 13703  4472  4151  4756 56941   848 56941 12015  2662
  6151  8606 23082 56941 56932 14260  4562  5804  1421  1240  7709  8606
 13365 56932  9000 12764  2529 23082 56940 56931 56945 56945 56945 56945
 56945 56945]
25 [56940   753 11211  1176 13396 15243 26055 13371  5224  4472 56941 12015
 11122 15590  6151 13703  4472  4151  4756 56941   848 56941 12015  2662
  6151  8606 23082 56941 56932 14260  4562  5804  1421  1240  7709  8606
 13365 56932  9000 12764  2529 23082 56940 56931 56945 56945 56945 56945
 56945 56945]
34 [ 7868 11588 14900 56932  5224 11762  4472  5203 12305  6151  5471  5224
 13348 56932  9000  7868  5224  9230  5427  4472 13424  9121 56932 16181
 12753 56932  1231   653 56940   773 56940  3286  4113 11120 14662 14427
 56931 56945 56945 56945 56945 56945 56945 56945 56945 56945 56945 56945
 56945 56945]
4 [11673  3778 10067   753 11211  8606 12672  5207  4868  6151 13251 11211
 12171 11122   865 56932  9000 11211  5207 56946  4161  5224 11255 56946
  4472 11120 32827 56931 56945 56945 56945 56945 56945 56945 56945 56945
 56945 56945 56945 56945 56945 56945 56945 56945 56945 56945 56945 56945
 56945 56945]
5 [11673  3778 10067   753 11211  8606 12672  5207  4868  6151 13251 11211
 12171 11122   865 56932  9000 11211  5207 56946  4161  5224 11255 56946
  4472 11120 32827 56931 56945 56945 56945 56945 56945 56945 56945 56945
 56945 56945 56945 56945 56945 56945 56945 56945 56945 56945 56945 56945
 56945 56945]
18 [ 5224  7811 12213  2861  5224 10067  5078  4472 56946  4472 14545 56946
 56932 56940  6950  4151 17607 11526 56946 56940 11211  5224 56946 15884
 56946  1240  8057 15379  3245  5226  1231  2175 56931 56945 56945 56945
 56945 56945 56945 56945 56945 56945 56945 56945 56945 56945 56945 56945
 56945 56945]
