30 [13482  6151  4151  5581 10067 12980 10067 11455 56932 10025 56942 10440
  4472  5352  1024  5226 11120 14774  4472 56946 56932  3828  1240  9347
   420  9552 10611 14455  6133  6862 12990 56932  5226 56942 56932 56942
 56932 10621 56942 56932  4007  4562  5056 10621  5056   619  4472 15243
 56946 56931]
32 [ 1925  6117  4472 11211 56932 13371 13478 56932   746 40762  4472   683
  3861  4472 12413 56932 15567   861 10621 56946  7053   752  5226 27852
  4562 11122 11211 11673 12267  2986 13171 11211 43667 56931 56945 56945
 56945 56945 56945 56945 56945 56945 56945 56945 56945 56945 56945 56945
 56945 56945]
34 [13211 14781 56932 11211   987 11120  1860  4472 16010 56946 56932   915
 11120   513  5226 56942 15955 56932  8630 11211  5441 13781 56932  4562
  9248 15046  5226 56942  4607 56932  8358   486  5533 56932 56946 11211
   915  5226 56942  1231  8290  5265 56932 10621  4490  6953 56932 22303
  2815 10621]
12 [ 1424  3245  1040 11211  4125 56940 12407  1811 56940 15023  1231 56940
 56946 56940  6390  4562  1402  7427 56931 56945 56945 56945 56945 56945
 56945 56945 56945 56945 56945 56945 56945 56945 56945 56945 56945 56945
 56945 56945 56945 56945 56945 56945 56945 56945 56945 56945 56945 56945
 56945 56945]
18 [ 3245  5224  1782  4472  5804  5634  5483 56934 48111 56935 56932 12760
 15105  5501 56932 56946  4151 56940 56946 56940 12792  4472  5804  3618
 10067 12100  5254 56931 56945 56945 56945 56945 56945 56945 56945 56945
 56945 56945 56945 56945 56945 56945 56945 56945 56945 56945 56945 56945
 56945 56945]
7 [ 8630 11211 10291  5804 29899 16079 10621 16113 11120  6670  5240  2890
 29585 11211 11910  6151  6086 56931 56945 56945 56945 56945 56945 56945
 56945 56945 56945 56945 56945 56945 56945 56945 56945 56945 56945 56945
 56945 56945 56945 56945 56945 56945 56945 56945 56945 56945 56945 56945
 56945 56945]
10 [ 1240  7709 56946  2890  9591 13396 14324  9209 10621 16789 56946 56931
 56945 56945 56945 56945 56945 56945 56945 56945 56945 56945 56945 56945
 56945 56945 56945 56945 56945 56945 56945 56945 56945 56945 56945 56945
 56945 56945 56945 56945 56945 56945 56945 56945 56945 56945 56945 56945
 56945 56945]
26 [ 5224  3104  4472 39555 15986  5147 56932  5226  2890 13615 14243 12948
 56932  1231  4670  4472  1920  2890  7346 10291 56940 13018  2826 56946
 10621 12764 56946 56940 56931 56945 56945 56945 56945 56945 56945 56945
 56945 56945 56945 56945 56945 56945 56945 56945 56945 56945 56945 56945
 56945 56945]
9 [ 4550  7780  8192 41887  2890  7238 15011 10621  3245 56946 56931 56945
 56945 56945 56945 56945 56945 56945 56945 56945 56945 56945 56945 56945
 56945 56945 56945 56945 56945 56945 56945 56945 56945 56945 56945 56945
 56945 56945 56945 56945 56945 56945 56945 56945 56945 56945 56945 56945
 56945 56945]
16 [ 5488  1417 10621 13007  5834 10156 10067 56946  9567  1231 12226  5226
  8493 13450 11686 10621 14222 11211  4962  5804 10971  2258 56931 56945
 56945 56945 56945 56945 56945 56945 56945 56945 56945 56945 56945 56945
 56945 56945 56945 56945 56945 56945 56945 56945 56945 56945 56945 56945
 56945 56945]
11 [ 5226  6523  4472 11120 10509 56946  1240  1630  9198  8871 11211 15526
 11211  5804 10579  3605  5226 13910  4472 11293  6151  9687 13822  3136
 10621  1379  8871  4472 14182  5224  1079 13946  2861  1326  4472 10344
 10291  8593 13554  5226  1723 13371  5226  5224 13823  4472  5754 56931
 56945 56945]
5 [13487  5804  6101  7394  6862 56946 56946  8493 14251  4472  5487 56932
  2890 33279 22329  4472  8958  4472 13276 17975 10611  5804 12063 36356
 10621  5804 56946  1240 56946  7956  5224 56946 10067  9084 10291   594
  1925 28211 56931 56945 56945 56945 56945 56945 56945 56945 56945 56945
 56945 56945]
5 [ 8946  8493  8818 56946 10621 56946 56932 11120 13439  4125  5226  4152
 10621  1522 12764 13859 11149  8606  4562  1231 13480 56931 56945 56945
 56945 56945 56945 56945 56945 56945 56945 56945 56945 56945 56945 56945
 56945 56945 56945 56945 56945 56945 56945 56945 56945 56945 56945 56945
 56945 56945]
