20 [11120  6805 15161  5147   217 56932  8788 56932 11211  7780  3924 11120
 12742  4472  2890 15316  4472  5997 13396  5224  7082 56946  8943 12139
 56934 14931 56935 56932  8468  6641 56934  5236 56935 10621 12613  6615
 14030 56934 56946 56935   805  5224  7057  4561  4472 12424 14729  2844
  4472 12381]
29 [ 2200 43862 11120 23351  4472 11120  4687 56932 11211  5582  2890  2445
  4472 14030  4472 56942 11804  4472  5699 56932 10621 15201 11211  5224
 56940 56946 56940  4562  5224 11211  1240  7780   254 26156  6151 15223
  5226 56940 11211  6115 12764 15145 14915 11169 11120  4194 13371  8396
  8606  1000]
29 [56940  1659 11211  4299  3772  2890  8558  1130 56932 14260   424   653
  7780 13848 13190  5804  7025  8426  4472  1723 13974 10067  3172  4472
  9734 15164 56932  5226  5224 11211  7780  4629  2890 13305  4472  9310
 10067 12675 56940 56932  1759  5226  8493  8458  4472  2858 56931 56945
 56945 56945]
30 [11120 13524  5769 10471 56934  2927 56935 56932 14206  4472  7803  4151
  4290 56932   730   217 11211  5224   653  7780  6803  4151 11243  4472
  7345  7215 56932 14694  4472  5804  4705 56940  6492  8459 56940  7868
  5654  9986  4472 11243 56932  6151  5804 11211  8414 10067  3430  4472
 11593 56931]
11 [ 1925  4877   151 12672  4472 32170  4562 22061 27423  5226  4151 11211
 56946 10291  5224  2523   510 10621 16293 10291  5224  1056  6232  6151
  1601   752  4472 14184  5226  2415  6151 13822 11360 56931 56945 56945
 56945 56945 56945 56945 56945 56945 56945 56945 56945 56945 56945 56945
 56945 56945]
38 [ 5226  1156  6151 11120 11311  4472  3046  7956  5224  7057 14631  4472
  5804 10542 56932  4151  6118 56946  3245 11211  5224 14399  5240  1958
 56932 12889  1240  3731 12543 10722  4160  5226  6036  6151  5804  5126
 13396  5804 11211   582 39277  5224  9283  4472 14072 11211  4026 11211
  3669  6151]
19 [ 1352 52858 10291 56942  8493 10366  4472 13171  4472 56942 11804  4472
 56946  4472 56942  6468 56932  4472  4151 11211    65 21572 22519 56942
 11804 56931 56945 56945 56945 56945 56945 56945 56945 56945 56945 56945
 56945 56945 56945 56945 56945 56945 56945 56945 56945 56945 56945 56945
 56945 56945]
25 [ 9222  8159 11211 12764 23054  3260 56940  1528  7956   304   566 11211
 12764  1240 17537  1925  3754  4472  7538 11211  5240 10493 10621 13396
  5224 11211  5224   653 13885 56940 56931 56945 56945 56945 56945 56945
 56945 56945 56945 56945 56945 56945 56945 56945 56945 56945 56945 56945
 56945 56945]
30 [10420 56932 13625  2890 21862 13004  7956 11120 10794  4472  2390  8597
 10621 13822  3271 29484 56932  6205 13371  4472  4151  7359 12958  1633
  4151  6505 56946 56932  6151  4151 11211 15201    85   885 11120 14678
  4472  5804 56940  1427 56940 10291  2529  8231 13396 11120  5319 13149
 56931 56945]
21 [ 5226  5224 13499 10067 12675  8614  4426 56932  1231 12944 56932  5224
  6336 15151 30141 56932 23320  8493  1476  5226 11120 11211   730 11211
 11120 11602  8526  7780  5663 56942  6468  4472 10682 56932 10067  7944
 56940 56946 56940 56934  8083 56935 56932  4472 56940  8965 10778 11670
 56940 56932]
33 [ 6118 10067 10386   201  4472   641 56932 14473 11211  5224 56940 13469
  4472 12284 56940  4472 28395  7780 15076 34275 56932  6197 11211 56946
 11120 13450  4037  5179  2890 14555 13959  5226  5224 11211  1240  8540
 26702  7811  4151 11817 56946 10067  9541 56931 56945 56945 56945 56945
 56945 56945]
19 [ 5804  6523 11511  4331   217 56932  8788 56932 13649  7809 10067  5302
 11730  9243  9522 56946 56932  5226  4151 11211 11979 13371  2890 56940
 14687 11386 56940 11120  7361 10067 56946  7513  6151  5352 10246 56932
  4670 11211 56932   730 56932  7175 14843  2890 56940 14606 11279 56940
  5226 11120]
17 [56940  5224  1403 10621  5224  2797  2517 11293  5226 15154  2890 10732
  4472  8165  1317  5226  5224 11211  1240 12730  5226 14662  4151 13910
 10067 14679 15227 56940 56932    11  5224  7580  4472 11120  2894 56931
 56945 56945 56945 56945 56945 56945 56945 56945 56945 56945 56945 56945
 56945 56945]
17 [56940  7782 35649   683 13014 13021 56932 10621 12015 56946   683  5137
  5226  2890 14139  5226  5224 11211 12764 26528 30786  5226 11120 42485
 56932 13396 11674 13633  8294  4550 11211 13831  6151 11400  5226  7386
 56940 56932 15201  9666 56931 56945 56945 56945 56945 56945 56945 56945
 56945 56945]
15 [ 5224  1782  6128 11499 11211   424  4020 13527  1240 15456  5226  2890
  3719  5226  5224 11211  6846 56940 56946  1925 14124 56940 10621 56940
 10069  1925  5328  4472  4151 10191 56940 56932 11122  7082 56932  6299
 56932 56940  5240  6779  1233  4151  3765  1240  8619 13371  1240   582
 56932  9000]
12 [13529  1522  2004 14576 11120 56940  1970 10621  2334 56940  4562 11120
 11211  1240  7780  2302   424  3172 56932 11211  5224 56946  4473 13396
   254 56932 12889 48139 11120  6475  3091 10067  7346  3733  4794 56931
 56945 56945 56945 56945 56945 56945 56945 56945 56945 56945 56945 56945
 56945 56945]
47 [ 4758 14105 56932 14357  4472  3054 10621  9809  4472 11120 13524  4472
  9192 56932 10024 11120 11798  4472 11120  8069  4472 11304  6151  5804
 56946 10067 56942 56932  3610   217 13396  5224  4556  5226 14975 56934
  9694 56935 56932  4562  8493  2928  4472  7538 56940  5226 11120 11211
 12764  4365]
32 [15256 10341  1040  5226  1668  4472  2858 11211  4562 11120 12267  4472
  5456 13371 14555 10242  9823 10067  4942 56940  1240  7780 11898  5226
  5224  9541  2890 14408  4472  1961  5226  5224 11211  1240 11526 13401
  4151  9552  4472 14623 56940 56932 11122 11211  6151  1231  5995 56932
 13482  4562]
4 [ 5224  5799  5226  5224 11211 23429 13371 11061 56932 56940 56946 56940
 56932  4562  4361  4472 21902 56932  9490 56946  4472 16997 56934 14134
 56935  5224  6260 11950 56942  4562  8493  5012  4472 13043  4284  4562
  3542  6151 12379  5452 56932  6862  8057  5224  6260   273  4472 12921
  8493  4903]
12 [ 1346 11211  5226 14134   753 56942  2140 11779 56932  9453  4472 11120
 11211  3477 13649  7381 11804  4472  8155 56932 11397 11120 14602  4472
 11120 13553  4472   425  2204  5026 56931 56945 56945 56945 56945 56945
 56945 56945 56945 56945 56945 56945 56945 56945 56945 56945 56945 56945
 56945 56945]
38 [11120   635  4969  8554   915   217 56932  3786 56932 11120  5265  4472
 15241  5226 11120 13300  4472 56940 56946 56940   848  1150  6226 12433
 56934  2531 56935  4472  5804  4679  4472  2732 56932  5226  8493  4722
  5226 11120 11211 11120  5043  6810 56946 56932 15077  5226  3627 56932
  3730  1231]
20 [ 5224  8086 10067  2342  4472 11122 12743 56942  4472 13732 56932   797
  4220 56932  7780    37  8493  2440  5226 11120 11211  9095 11120  7563
 11697 56932 11211  4105 56940 11120 10506 10668  4472 11120 15167  4472
  2514 11211 11120  8108   202  4472 13276  1645  4472  5187 11926 10621
 14931 11813]
11 [10621  5226  4151  2786  4472  5908 56932 56946 10507 13396 56940 52886
 56932  9000  8993 22135  5804 56946 56940 56931 56945 56945 56945 56945
 56945 56945 56945 56945 56945 56945 56945 56945 56945 56945 56945 56945
 56945 56945 56945 56945 56945 56945 56945 56945 56945 56945 56945 56945
 56945 56945]
23 [ 4125  5226 15422 11590 56932  2085 56932  4562 10653  4472  6087 10621
  8616 56932 15023    52  6260  3421  3861  8757 14931  5527 11372  8395
 56931 56945 56945 56945 56945 56945 56945 56945 56945 56945 56945 56945
 56945 56945 56945 56945 56945 56945 56945 56945 56945 56945 56945 56945
 56945 56945]
