25 [13396  1231 12135 56932  5224  1408  1218 56932 14009 56946 56932  7780
  7039  6151 24506  5226 10746 10621 14524 56946 10291 13135  1925  3612
 56940 56946 56940 56931 56945 56945 56945 56945 56945 56945 56945 56945
 56945 56945 56945 56945 56945 56945 56945 56945 56945 56945 56945 56945
 56945 56945]
26 [13396  1231 12135 56932  5224  1408  1218 56932 14009 56946 56932  7780
  7039  6151 24506  5226 10746 10621 14524 56946 10291 13135  1925  3612
 56940 56946 56940 56931 56945 56945 56945 56945 56945 56945 56945 56945
 56945 56945 56945 56945 56945 56945 56945 56945 56945 56945 56945 56945
 56945 56945]
18 [ 9000  3260  4472   428  9073  4161 11211 56946 11211  6373 10355 12297
 12297  7453 56932 13849 56932 56946 12297 12297   865  6950 41684 56946
  4472 10630 11211  5224  7238  7180 10291 12936  5534  5224  9084  8946
  8503 10621 13074 10291 13478 56931 56945 56945 56945 56945 56945 56945
 56945 56945]
11 [ 5226 11120  9639  4472  1758  8810 14011 56932  5804  3097  6644 10621
  5483  7187  6985  1231  2975  5226 11120  6255 13844  4472  5804  9468
  4472  1723  4472  5049 56932  1925 12081 11120  1147  4472  5804  3147
 56931 56945 56945 56945 56945 56945 56945 56945 56945 56945 56945 56945
 56945 56945]
12 [ 5226 11120  9639  4472  1758  8810 14011 56932  5804  3097  6644 10621
  5483  7187  6985  1231  2975  5226 11120  6255 13844  4472  5804  9468
  4472  1723  4472  5049 56932  1925 12081 11120  1147  4472  5804  3147
 56931 56945 56945 56945 56945 56945 56945 56945 56945 56945 56945 56945
 56945 56945]
19 [ 5224 13437  4472 56946 14691  4472 11211 13171 10067 56942 13396 14108
 10067 10511  2598  6151  4025 12764 22585  6862 38664 56932 11122 11211
  6913 56932  7868 13822 12314 56932  2890 18777  4638  4472  5609 52140
  4472  5699 56932 10621 11020 11211  1723 12764 56946 13171 11120  5430
 12725 56932]
20 [ 5224 13437  4472 56946 14691  4472 11211 13171 10067 56942 13396 14108
 10067 10511  2598  6151  4025 12764 22585  6862 38664 56932 11122 11211
  6913 56932  7868 13822 12314 56932  2890 18777  4638  4472  5609 52140
  4472  5699 56932 10621 11020 11211  1723 12764 56946 13171 11120  5430
 12725 56932]
10 [56946 56932  6151 13386  5804  5133  2754  2890 10620 56940 56946 56940
 56932  9169  5226 11211   373 56940 11898  6151  1490  1019 56940  4562
 11120  7384  4562  5224   273  4472 56940  8555  8493 11851 11211 56946
  1925  6319 56940 56931 56945 56945 56945 56945 56945 56945 56945 56945
 56945 56945]
11 [56946 56932  6151 13386  5804  5133  2754  2890 10620 56940 56946 56940
 56932  9169  5226 11211   373 56940 11898  6151  1490  1019 56940  4562
 11120  7384  4562  5224   273  4472 56940  8555  8493 11851 11211 56946
  1925  6319 56940 56931 56945 56945 56945 56945 56945 56945 56945 56945
 56945 56945]
7 [ 5224 11575  5240  2890  1136  5226 10341 10621 11279  4562  5224 13212
 10067 15412  8704 11211 10507 13396  5224  5309 56931 56945 56945 56945
 56945 56945 56945 56945 56945 56945 56945 56945 56945 56945 56945 56945
 56945 56945 56945 56945 56945 56945 56945 56945 56945 56945 56945 56945
 56945 56945]
8 [ 5224 11575  5240  2890  1136  5226 10341 10621 11279  4562  5224 13212
 10067 15412  8704 11211 10507 13396  5224  5309 56931 56945 56945 56945
 56945 56945 56945 56945 56945 56945 56945 56945 56945 56945 56945 56945
 56945 56945 56945 56945 56945 56945 56945 56945 56945 56945 56945 56945
 56945 56945]
18 [ 8493 56946  7384   687 56932 11211  8034  6151  9827  4472 56946 10291
 12764 22115  1231 10767  4472 56940 56946 56940 56932  2332   217  4151
  9910  4472  4392 13371  8493 56940 56946 56940 56932 56940 56946 56940
 10621 12764  8493 12184 12031  4472 10531 56931 56945 56945 56945 56945
 56945 56945]
19 [ 8493 56946  7384   687 56932 11211  8034  6151  9827  4472 56946 10291
 12764 22115  1231 10767  4472 56940 56946 56940 56932  2332   217  4151
  9910  4472  4392 13371  8493 56940 56946 56940 56932 56940 56946 56940
 10621 12764  8493 12184 12031  4472 10531 56931 56945 56945 56945 56945
 56945 56945]
32 [ 8361  4758 13529  9222  8151 56946  6151 19722  5226  5804 24135 10067
  1950  8630  5226  8493  4472 13822  7048  1240 23700  1180 13578 10621
  6571   731 56932  4562 13822 11360  4472 56940 56946 56940 56932 10291
  5307  6151  2890  8033 56931 56945 56945 56945 56945 56945 56945 56945
 56945 56945]
33 [ 8361  4758 13529  9222  8151 56946  6151 19722  5226  5804 24135 10067
  1950  8630  5226  8493  4472 13822  7048  1240 23700  1180 13578 10621
  6571   731 56932  4562 13822 11360  4472 56940 56946 56940 56932 10291
  5307  6151  2890  8033 56931 56945 56945 56945 56945 56945 56945 56945
 56945 56945]
14 [ 5767 56946 56932 10242  9823  4472 11120  2893  9823  4472  8330 56934
  1489 56932 22718 56935 56932  9490 19623 12948 12675 11211  5224   653
 15542 23428   217  5224 14246 10291  4151  4004  8274 56931 56945 56945
 56945 56945 56945 56945 56945 56945 56945 56945 56945 56945 56945 56945
 56945 56945]
25 [ 1424  7053  1240  8944  8186  6151 11120  1922  4472 11120  8163 13149
 56932 12889 15285 11211 11120  3962 10621  9805 56934  4472  4151 12336
 11120 56946 56935 15353  6151  5804  7025  4472  2654 10621   730 11211
 56940  1240  3645  6151  4087  5226 11673  5404 56940 56931 56945 56945
 56945 56945]
23 [11120  8150 27452  3204 12297 12297 10621  5804 37256 12297 12297 13396
 56946 12407  9209 11211  6197 23952 13835 26652 56932 15404 56932  3434
 56931 56945 56945 56945 56945 56945 56945 56945 56945 56945 56945 56945
 56945 56945 56945 56945 56945 56945 56945 56945 56945 56945 56945 56945
 56945 56945]
28 [  424    85  5224  8876 11575  4472 11120 20387  4687 56932 17606  5224
  6260  3786  5226  5224  9084  4472 53252 13396  2890  3612  5432  4472
 56946   992 56932 26191 10621  9139 10291 14793  5804  4102  4472  5804
 56942  4724 10067 16831 56932  5181  4472 11120  8755  1912 56931 56945
 56945 56945]
29 [  424    85  5224  8876 11575  4472 11120 20387  4687 56932 17606  5224
  6260  3786  5226  5224  9084  4472 53252 13396  2890  3612  5432  4472
 56946   992 56932 26191 10621  9139 10291 14793  5804  4102  4472  5804
 56942  4724 10067 16831 56932  5181  4472 11120  8755  1912 56931 56945
 56945 56945]
15 [ 5226 11120 11093 16505  5226  5224  9322 10067 16831  1240  4563 34380
  5804 36970 14777 10621 14560 56932 12889  1240 20706  5226  8555  5804
 14117  4102 56931 56945 56945 56945 56945 56945 56945 56945 56945 56945
 56945 56945 56945 56945 56945 56945 56945 56945 56945 56945 56945 56945
 56945 56945]
16 [ 5226 11120 11093 16505  5226  5224  9322 10067 16831  1240  4563 34380
  5804 36970 14777 10621 14560 56932 12889  1240 20706  5226  8555  5804
 14117  4102 56931 56945 56945 56945 56945 56945 56945 56945 56945 56945
 56945 56945 56945 56945 56945 56945 56945 56945 56945 56945 56945 56945
 56945 56945]
15 [ 5804  8862 10067 13004  9433 11211 56940  5224 15230  8001  4472 11120
  9453  9322 56934  9243 56935 12764 14190  3916 10621 16061  6151  4296
 17453 56946 56932  8630  5224  9874  4472 11120 15302  4472 15461  9145
  1240  7780  1896 16183 10621 15274  5224  3421 13396 14108 56940 56931
 56945 56945]
12 [  425  4687 56932 26049 13396  5224  5373 10067   653  4472 56940  1090
 56940 56932    85 13339 13396  5224  8086 10067  2342  4472 15218  9283
 56942  4472  5806 56931 56945 56945 56945 56945 56945 56945 56945 56945
 56945 56945 56945 56945 56945 56945 56945 56945 56945 56945 56945 56945
 56945 56945]
11 [ 5804  6977  6862  7025  5440 11211  7067  5226  8493 56946 56932 56946
 10621 10382 13870 12297 12297 13371 12342 12675 11120 11979 12297 12297
 56946  1490   661 11211  7016  6188 56931 56945 56945 56945 56945 56945
 56945 56945 56945 56945 56945 56945 56945 56945 56945 56945 56945 56945
 56945 56945]
15 [ 5224 12500  5226 12031 12506 10067  9541  7535 56934  5120 56935 56946
 56946  1694 56940 56946 56940 11120 11311  4472 56946 10621  1793 11117
  6005  4472 12208 56946  4151 22310  4472 11120  1391  3469  1925 14233
 56931 56945 56945 56945 56945 56945 56945 56945 56945 56945 56945 56945
 56945 56945]
16 [ 5224 12500  5226 12031 12506 10067  9541  7535 56934  5120 56935 56946
 56946  1694 56940 56946 56940 11120 11311  4472 56946 10621  1793 11117
  6005  4472 12208 56946  4151 22310  4472 11120  1391  3469  1925 14233
 56931 56945 56945 56945 56945 56945 56945 56945 56945 56945 56945 56945
 56945 56945]
40 [ 5224  2880 11828  5226  8876 15168  6151  5804  4740 11211 56932  4693
  4472  9607 11120  4348 56932  4493  6151  5804   433  2831  5226 14662
 11211  8090 13371 11120 15315 56932 11120  9223 56932 11120 13491  5401
   848  7353  5647 10621  8612  1240  1784  4562 11120 10225  2246 56932
  1925    20]
17 [ 1906 56932 13396  1231 12135 56932  5224  6319  4562 13171  1062  4472
  5804 45621 56932  5240 13171  5272 10291  6226 56932  4195 10291  5224
  7174  4472 20826 56931 56945 56945 56945 56945 56945 56945 56945 56945
 56945 56945 56945 56945 56945 56945 56945 56945 56945 56945 56945 56945
 56945 56945]
5 [ 8503  4472  5804  8445 13171 56946  1240 10532  5534  2890  7238  8965
 10621 12407 56245  1240 21136 10540  6151 14735 56931 56945 56945 56945
 56945 56945 56945 56945 56945 56945 56945 56945 56945 56945 56945 56945
 56945 56945 56945 56945 56945 56945 56945 56945 56945 56945 56945 56945
 56945 56945]
16 [ 2188 44074  5226 11120 11436 10067    13 12015  4473 11120  7069  4472
 11211 12015 13280 13171 15340 56932   848 13171  6073 10067 15168 56931
 56945 56945 56945 56945 56945 56945 56945 56945 56945 56945 56945 56945
 56945 56945 56945 56945 56945 56945 56945 56945 56945 56945 56945 56945
 56945 56945]
45 [11120 12878 56946 56946  4472  2555 56934 56946 56935 10621  4984   746
 14043  1925  7966  4472 11120  5918 56934  5688 56935 11211 12830  4472
 13171   692  1925  3660 56946  7587  2106 56932  2890  3900  7577 10067
 11211  3245  2752 12135 10624 11197 56932 14218  7054 10621 15404 56931
 56945 56945]
5 [56940 11673   229  8493 14008  8755 56940 56932   730  5224  9230 56932
 13386 15201  6151 11120  2858 11211 12764  1240  7709 11148 15652  6151
  5804 14650  7030  5226  4151 10531  8165  4693  4472 11211  9379 56946
  4151  8865 56931 56945 56945 56945 56945 56945 56945 56945 56945 56945
 56945 56945]
19 [15058  1925 11255 10119  4472  7243  7483 56932 40325 11499 11211  5804
  1954  4472 13111   865 56940 28106 10621 56946 56940 56932 12889   749
 56940 13485 56940  5226  5804 11211  1240  7476  5534  1240 31615  6151
 15336 56932  5226  5224  4492  4472 56940 12764  5240 13554  5224 10778
  3825  4188]
3 [ 5224  3343  4784 10135  1240 10532  6950 13649  1362  4693 10067 56942
 56931 56945 56945 56945 56945 56945 56945 56945 56945 56945 56945 56945
 56945 56945 56945 56945 56945 56945 56945 56945 56945 56945 56945 56945
 56945 56945 56945 56945 56945 56945 56945 56945 56945 56945 56945 56945
 56945 56945]
11 [ 1233  1240  7350 12292 11120  9729  4472  4938  6691  2677 56946  3019
 56932 12764  1240  7780  9591   264  3260 56931 56945 56945 56945 56945
 56945 56945 56945 56945 56945 56945 56945 56945 56945 56945 56945 56945
 56945 56945 56945 56945 56945 56945 56945 56945 56945 56945 56945 56945
 56945 56945]
31 [ 9000 12889  9792 10621   505  9789 11120  1147  4472  5454 11120 12921
 11259 56932  5224  3172  2622  4161  5224 56942  4472 14724 56932 11664
 10608  5224  7425  4472  5804 14331  9996 10621 15261  5226  2529  8331
 13371  5454 10291  5002  5226 13822 14770 18191  4256 56931 56945 56945
 56945 56945]
32 [ 9000 12889  9792 10621   505  9789 11120  1147  4472  5454 11120 12921
 11259 56932  5224  3172  2622  4161  5224 56942  4472 14724 56932 11664
 10608  5224  7425  4472  5804 14331  9996 10621 15261  5226  2529  8331
 13371  5454 10291  5002  5226 13822 14770 18191  4256 56931 56945 56945
 56945 56945]
7 [ 5224 13171  9158 11121  6151 11120 13171  8581 56931 56945 56945 56945
 56945 56945 56945 56945 56945 56945 56945 56945 56945 56945 56945 56945
 56945 56945 56945 56945 56945 56945 56945 56945 56945 56945 56945 56945
 56945 56945 56945 56945 56945 56945 56945 56945 56945 56945 56945 56945
 56945 56945]
23 [ 5226 15107 56932  5534  1132  1925  1950  4472  5804  1416 15023  4151
   514 12230 56932  8946  5224  1581  4472  8493  4476  7269 12672 11967
 56931 56945 56945 56945 56945 56945 56945 56945 56945 56945 56945 56945
 56945 56945 56945 56945 56945 56945 56945 56945 56945 56945 56945 56945
 56945 56945]
