20 [ 4151  6505 13700   939  6151 14505 13817 56932 15287 56932 15083  4472
  8493 14559 11791 56932 14260 11120  2976  5240   985  4332  4472 11120
  1274  4472  9424  4472  5259  6151 12379  5452 56932    20 11211 15417
 56932  3585 11120   226  9243 56931 56945 56945 56945 56945 56945 56945
 56945 56945]
25 [ 5804 10136  1240 56946  4562  5224 12365 14260  3281  5226 11120 16047
  4472  3287 13396 11120  1274  3474 10067 12074 56932  5226  4890 13344
  4585  7837 56932 10621  5724 12676  1231 13269 10291 56946 14260 19991
  5224 10103  4472 56946 13371  8493 34455 56932  7868  7898 14101  4472
 11120  5793]
10 [ 5224 12754 38850 13382 11211  1231  3612 56940 11120 18083  4336 56940
 56931 56945 56945 56945 56945 56945 56945 56945 56945 56945 56945 56945
 56945 56945 56945 56945 56945 56945 56945 56945 56945 56945 56945 56945
 56945 56945 56945 56945 56945 56945 56945 56945 56945 56945 56945 56945
 56945 56945]
1 [ 7709  3440 12672 13171   483 11211  2890 56946  7032 56937 56945 56945
 56945 56945 56945 56945 56945 56945 56945 56945 56945 56945 56945 56945
 56945 56945 56945 56945 56945 56945 56945 56945 56945 56945 56945 56945
 56945 56945 56945 56945 56945 56945 56945 56945 56945 56945 56945 56945
 56945 56945]
