47 [ 2200 43862 11120 23351  4472 11120  4687 56932 11211  5582  2890  2445
  4472 14030  4472 56942 11804  4472  5699 56932 10621 15201 11211  5224
 56940 56946 56940  4562  5224 11211  1240  7780   254 26156  6151 15223
  5226 56940 11211  6115 12764 15145 14915 11169 11120  4194 13371  8396
  8606  1000]
49 [ 7418 10470 13981   217  5226 13649  2185  7956 56940 14578 12341  5226
  5224 26862 15227  4472 45366 56940 56932 18776 13396 56946 56934 11556
 10291  5224 11426  4472 11120  5404 56935 10621 15201 11211  4151 10067
  5778  9069  4472  9480  8984 56932 13396 14115 10621 12764 13396  1839
 56932 13280]
13 [  424  3430 56932 11211  7780  7575 13371  6425 11120 12815  4472 13579
 56932 13280  3238  5226 11211  5804 56946  7329  4472  4151 14030  5226
 11791 10861   865 56940 12407 11357 56940 56932 10621 11211 56940  5224
 13789 10865  5953  6151  2529 28595  5226 13142 11211  3240 12046 13767
  8509  2890]
45 [ 7868 11120  2858 15535 56932 11120  4687  9840  6416 10722 10219  1633
  4151  6505  4472 11120 14653 13554  5226  5046 12297 12297 14708  5240
  6197  5224  4188  4285 10621  9816 15164  4472 15426 12297 12297 13371
  5226  5224 13804 11096 56932  3828 11120  3050  5066 11679  5224 56946
  4472 11120]
4 [56940  4550 11122 11211 40292  5240 14496  6151  6416  8493  7415  1578
 56932  4562  2890  9198  4472 12090 10621  5280  6419  6151 15223  5226
  5224  7992  4472 11159 11211 12015 11449 11120  7626 56940 56931 56945
 56945 56945 56945 56945 56945 56945 56945 56945 56945 56945 56945 56945
 56945 56945]
32 [10611  5804  8834 13160 11211  8726  5224  9541  6950  9490  2890   821
  8334  5226  1723 56932 11486 56934  7444  1447 14524 56935 56932 10621
  5224 11203  5240  5224  3612 11211 13171  9541 11236  6151 11120  7316
  4472  9282  8906 56931 56945 56945 56945 56945 56945 56945 56945 56945
 56945 56945]
2 [ 5224 14802 56946 56931 15938 56945 56945 56945 56945 56945 56945 56945
 56945 56945 56945 56945 56945 56945 56945 56945 56945 56945 56945 56945
 56945 56945 56945 56945 56945 56945 56945 56945 56945 56945 56945 56945
 56945 56945 56945 56945 56945 56945 56945 56945 56945 56945 56945 56945
 56945 56945]
40 [ 5224  9307  4177  4472 12340 11449   425 14675  5226  2555  5224   270
  5226  8689  4472   381  3654 56934  3861 14131  4759  3144 56932 12578
  8183  9859 56939 56935 56932  4246  5226  5047 56932 11120  7253 14088
  4472  5441 12290 11211 13851  5904 15377 56931 56945 56945 56945 56945
 56945 56945]
4 [ 5224 13723 10208 15512 56946  1925   653 56932 11120 11259 12921  5226
  5224 10107 10067 14084 56932 11211  1037  7096 17698  4562  4151  8589
 11211 14340  5226  5224 10386  2355 56932  4562  4151 14218  4472 15544
 10621  4562  5804 12534  4693  4472  6607 11120   990  4472  8468  6862
 13593 56931]
1 [13386 15869   425 10213  9768 56946 11120  7198  5683 10067 14687 56931
 56945 56945 56945 56945 56945 56945 56945 56945 56945 56945 56945 56945
 56945 56945 56945 56945 56945 56945 56945 56945 56945 56945 56945 56945
 56945 56945 56945 56945 56945 56945 56945 56945 56945 56945 56945 56945
 56945 56945]
24 [ 1793 56932  4151  3336  5708 56932   865  2258 10067  1403 10291 56946
 56942 11804  4472  5895  5226  5804  4185  3740  9939 56932  4890   273
 20445 56946  4151  5712 11458 10621  9812 11120 24490 56931 56945 56945
 56945 56945 56945 56945 56945 56945 56945 56945 56945 56945 56945 56945
 56945 56945]
13 [ 5226   424  4492    11 11211 56940 12764 14190 56940 11211  5224  2631
  5692 56946 10621  6491 11211  1925 18319  4472  2890 14339  4415 56940
  7709 11293   494  6151  6416 11211 14338  4472 12183  4694 18959  5534
  2890   653 17565 12764  4962  4562 13822 17358 56940 56931 56945 56945
 56945 56945]
18 [ 3120 11211 56940 19973  2044 11211  9292 11120 13107 56940 12030 56932
  9000 11211 11120  5844 11211 13684 56946 56940 11120 15107  4472  5804
 39755 56940  5402 56932  5804  4705 56932   730 56932  5217 13280  9394
  9939 56940  1396  5226  9734 56940 56931 56945 56945 56945 56945 56945
 56945 56945]
2 [10722 14025 12443  5226  5224  9322 56932 12889 12764  9706 13882 11813
 10673 56931 56945 56945 56945 56945 56945 56945 56945 56945 56945 56945
 56945 56945 56945 56945 56945 56945 56945 56945 56945 56945 56945 56945
 56945 56945 56945 56945 56945 56945 56945 56945 56945 56945 56945 56945
 56945 56945]
28 [ 7868 11588 14900 56932  5224 11762  4472  5203 12305  6151  5471  5224
 13348 56932  9000  7868  5224  9230  5427  4472 13424  9121 56932 16181
 12753 56932  1231   653 56940   773 56940  3286  4113 11120 14662 14427
 56931 56945 56945 56945 56945 56945 56945 56945 56945 56945 56945 56945
 56945 56945]
27 [ 1240  9028 11211  1240 30999 13171  4472 56942 12535  6151  4151  4290
 56932 11211  1240  2033  5224 12675 11950 11211  5224  1428  5234  8876
  9230 56946 56946 56946 56942  5137 56931 56945 56945 56945 56945 56945
 56945 56945 56945 56945 56945 56945 56945 56945 56945 56945 56945 56945
 56945 56945]
18 [10621  8783 14373  4562  5224   653  5769 10291 10778  4122  6151 15359
 10621 56932  4472   424  7171 56932 56946  9550  7149 56932 56946 10621
 11120  5778 56931 56945 56945 56945 56945 56945 56945 56945 56945 56945
 56945 56945 56945 56945 56945 56945 56945 56945 56945 56945 56945 56945
 56945 56945]
6 [56940    19  4472  4151   304 11211 56946  7494 11211  1000  4562  5224
  5972 10067 56942  2861  1233  4518  9373 12407  4518  5226 11122 14203
 56932  5226 11122 14479 10621  5226 11122 56946 56932  9632 11211 10291
 13487  8317  6260  8373  5137 10621  6197 12764 33914  5224 12675 56940
 56932  4329]
49 [ 5226  1156  1925  4842  8984 56932  5224 56942  1240  9028  8147  4562
 56942  5283  5225 10611 28519 10621  7821 11295 56932  4562 11122 11211
  1240 56946  5226  2890  1601 55060 11120 11844  4472  4842 56932 13749
 10067 56942 13396 14108 56932 11122 11211  5240 56940 12672  7475 56940
 56932 15201]
27 [11120 56946  4472 56946  7587 56946  4472  8689 56934 56946 56935 14576
 11211  5804  8433  8540  2626  6151 11120 14779 12743 56932  1925 14338
 11211 11120  9745   393  8586   907  6151  2135  5804 20411 12491 10067
 56946 56931 56945 56945 56945 56945 56945 56945 56945 56945 56945 56945
 56945 56945]
22 [ 5804  5634 56932  7868  1240 20638  4472  4151 13864  4472  1231 10242
  9823 56932 56946 11211 11148 56946  1925  5328 56932 13371 13280  9222
 56932  7709 12764  2529  5224  7811  7171  4472 56946 11120  9344  9500
 56931 56945 56945 56945 56945 56945 56945 56945 56945 56945 56945 56945
 56945 56945]
0 [  749  3245  4562  1564  4151   621  3797  2370  5224  1428  2792  9923
 39425 56946 56932 15058  6151  8493 18018  1870 44951  4472  9068  6151
  4151 14546 11448  4472   690 11211  7920  1240 56946  6151  7608  4472
 11120 13760  4472  8493 27617  4472 11120  5234  3094 13396  5224 13723
  9923 38284]
4 [56940  1233  5224  9925 13280 11122 11211  1659 11211  3645  6151  8606
 56932 15360 12994  1925 11255  2792  4472 12379  5452 56940 56932  1243
   505  5226 11120  7442 56940 11140  4472  6976 56940 15023  5224  7261
  4472  8493  1300   445 56931 56945 56945 56945 56945 56945 56945 56945
 56945 56945]
13 [ 2930 56932 13482  6151 13822 18748  4472 10025 56942  9464 10067 33130
 56932  4050  1231  9925  6151  7608  4472 56946  4562 10025  4562  2848
  1170  4472 13194   848  4300 56932   848  4562  5046 56932 10621 13396
  5609  4472 11120 11199 56932 18535  7500 56946 56931 56945 56945 56945
 56945 56945]
19 [ 5224 10242  4472  4491 11458 10067  4942 56932  3667 14524  9775  4788
 56932 15005 12948  4472 11211  1231  9541 56940 56946 56940 11120 12183
 13396 12135 10067   653 10067  8033  4472  7581 10291 11120  7891  4472
 11120  5319 56931 56945 56945 56945 56945 56945 56945 56945 56945 56945
 56945 56945]
3 [11120  7002 11211 56946 10621 11120 11211   151  1925 56940 17172 15275
 56940 11211 11117  8057  4562  5224 11629  6151  1231 56946  8734 10067
 12168  8503  4472  5804 13171 56946 10067  6171  9239  4472   778 10621
 36510 11120  2928  4472  1018 56931 56945 56945 56945 56945 56945 56945
 56945 56945]
6 [11120  8548   215  7780 14480 11211 56946  2890 14687  5226  5224 13267
 10067  5778 56946 56931 56945 56945 56945 56945 56945 56945 56945 56945
 56945 56945 56945 56945 56945 56945 56945 56945 56945 56945 56945 56945
 56945 56945 56945 56945 56945 56945 56945 56945 56945 56945 56945 56945
 56945 56945]
9 [ 7868 56946 56932 56940  1240    58  4472 11211  2464 56946  4472 14847
  1925 13105 11085 11211 11606 10290 11120  9849 10621 11211   546  5217
  5224  7560  4472 11120  6275 12957  4472 13732 56934 56946 56935 56932
  6534 13396  5224  3538 11085 10067 25634 56932 11211   373  5226 14614
  4472  9805]
6 [56940 56936 13396 11149  8553 12764 13280  3260  5226  9379 15657 56937
 56940 56932  8955   468 56931 56945 56945 56945 56945 56945 56945 56945
 56945 56945 56945 56945 56945 56945 56945 56945 56945 56945 56945 56945
 56945 56945 56945 56945 56945 56945 56945 56945 56945 56945 56945 56945
 56945 56945]
3 [ 5224  2703  5347 56946 13396  8290  1004  1925 10119  4472  3421   357
 15023  5224 10988  4472 11120 14693  4472   420  5226  5224 12687  2370
 14016 10067  6260 56942  4472 14724 56932  3828  5224  3612  8536  1765
 13396 56946  5226  6880 56931 56945 56945 56945 56945 56945 56945 56945
 56945 56945]
3 [12297  5224  8198 16207 56937 56945 56945 56945 56945 56945 56945 56945
 56945 56945 56945 56945 56945 56945 56945 56945 56945 56945 56945 56945
 56945 56945 56945 56945 56945 56945 56945 56945 56945 56945 56945 56945
 56945 56945 56945 56945 56945 56945 56945 56945 56945 56945 56945 56945
 56945 56945]
4 [14260 11122 10067 28578 56946 56931 56945 56945 56945 56945 56945 56945
 56945 56945 56945 56945 56945 56945 56945 56945 56945 56945 56945 56945
 56945 56945 56945 56945 56945 56945 56945 56945 56945 56945 56945 56945
 56945 56945 56945 56945 56945 56945 56945 56945 56945 56945 56945 56945
 56945 56945]
15 [13487  5224  6256 15795 56946 56932  5224 56946  6223 15952 10621  5224
   473  5546 16711 56946  6151  3125 56931 56945 56945 56945 56945 56945
 56945 56945 56945 56945 56945 56945 56945 56945 56945 56945 56945 56945
 56945 56945 56945 56945 56945 56945 56945 56945 56945 56945 56945 56945
 56945 56945]
24 [ 5226 13554 11211    12 56932  6196 12913 32899 11211 11673  2809 56946
  5137 10621  5137  5226 11120  5404 10067  7249  3612  4472  5138 11211
 13280 44153 13821  1925 56946 56931 56945 56945 56945 56945 56945 56945
 56945 56945 56945 56945 56945 56945 56945 56945 56945 56945 56945 56945
 56945 56945]
22 [ 5804  5234  9491  3018  5226 13822 12517  4472  9424  4472  6041 10621
  5226  5224  8966 11211 12623  5224  7147  4472 15243 11211  4050 12322
 10067  5905  4562  5224  7992 10067  1926 56932  5224  1095  4472  4816
 18059  1925 15018 56932  8955 13396  5224  9283  4472  5234  9491 11211
  1240  9567]
5 [12297 12297  6942 12297 12297 56946 10621  1240 29247  6151 21381  8828
 56932 13371  1233 10261 15416  4472  5000  5487  3521  5226  8493  5918
 28890 56931 56945 56945 56945 56945 56945 56945 56945 56945 56945 56945
 56945 56945 56945 56945 56945 56945 56945 56945 56945 56945 56945 56945
 56945 56945]
