18 [12049 10050  3416 11211 11120  6390    85 56940 12407 19682 56940 56932
 10621  1402  7427  7520 11148  6151 10912  8493 11851  4472  1242  1925
  8826 11211 11120  6614    85 56940 10124 10291 15232 56940 56931 56945
 56945 56945 56945 56945 56945 56945 56945 56945 56945 56945 56945 56945
 56945 56945]
40 [56940 56946  1379  6151  4151   713 10621 13261  4472  4543  2910 10291
  5804  6381 56940 56932   730  5224 13488  4472  1414  4472 56946 56932
  5067 23839 56932  1362  4693  4472 11211  1240 12452  5224 14969 10621
  5804  6062 56946  6151 33288 56931 56945 56945 56945 56945 56945 56945
 56945 56945]
27 [ 5226 14923  3719  3306 56932 15201 56932 12889  5226 11120  4932   865
 30669 11071 26962 10611  1163 15226 10621  9529 56932 56940  6151  4151
 11211  4365  4472 56946 56940 56931 56945 56945 56945 56945 56945 56945
 56945 56945 56945 56945 56945 56945 56945 56945 56945 56945 56945 56945
 56945 56945]
