16 [56940 44300   424  1673  6151 10644  5076 56932  6151 10636   434 56932
 14260  5207  7780  9591  1379 13171 13466  5224 13803 56931  4562  2890
  4252  6205  8908  2890  3612 13171 13738 56940 56932 15648  5224 14479
 56931 56945 56945 56945 56945 56945 56945 56945 56945 56945 56945 56945
 56945 56945]
48 [ 9909  9502 56932 11211  7780  3030 11120 11093  6614 10067 13723 10067
 14358  5226  5224  9814 15023  4151  4290 56932  7780 56946  5224  9591
  4472 11211  2892   418  5664 13822  1945 13396  5307  6151 15488  4562
  4108  5226  2668 10621  7780 11906 11211 11120  6462  3245  5103  5226
  8876 15168]
19 [10621 12764  5240 11211  2273  5226  2370  4472  4938  9658  1653  6151
 11120  4932 56932 11664  9632 11211   865 14915 10936 13371  3125 56932
 13396 11122 11211 12015 56946  4562  8025 10291 11211  1240 10650  1231
  4022  4472 14021  5226 15394 56946 56931 56945 56945 56945 56945 56945
 56945 56945]
9 [56940 11120 56946   373 10621  3645  6151  5407 11012  7781  5224  2689
 11255 56940 56932  6299 56945 56945 56945 56945 56945 56945 56945 56945
 56945 56945 56945 56945 56945 56945 56945 56945 56945 56945 56945 56945
 56945 56945 56945 56945 56945 56945 56945 56945 56945 56945 56945 56945
 56945 56945]
30 [ 1925  6117  4472 11211 56932 13371 13478 56932   746 40762  4472   683
  3861  4472 12413 56932 15567   861 10621 56946  7053   752  5226 27852
  4562 11122 11211 11673 12267  2986 13171 11211 43667 56931 56945 56945
 56945 56945 56945 56945 56945 56945 56945 56945 56945 56945 56945 56945
 56945 56945]
13 [ 2034  8902 12543 13171  3073  6151  3667 12333 56932  6151 13386  4075
  7423 11100 56932  1793  4472  3676 56931 56945 56945 56945 56945 56945
 56945 56945 56945 56945 56945 56945 56945 56945 56945 56945 56945 56945
 56945 56945 56945 56945 56945 56945 56945 56945 56945 56945 56945 56945
 56945 56945]
0 [ 6927 11211  5224  3597 13811  1240  8210  4472 11401  4472 56946 56932
  1233  5240 11211 12764 11122  7780  9591  6197 56931 56945 56945 56945
 56945 56945 56945 56945 56945 56945 56945 56945 56945 56945 56945 56945
 56945 56945 56945 56945 56945 56945 56945 56945 56945 56945 56945 56945
 56945 56945]
10 [10291 11211 11120  8008 10067  6710 12764  1240 56946 56932  7811 13261
 14855  4472 11981  4472  1231  1437 10621 11211  1240  5162 10291 15232
 56931 56945 56945 56945 56945 56945 56945 56945 56945 56945 56945 56945
 56945 56945 56945 56945 56945 56945 56945 56945 56945 56945 56945 56945
 56945 56945]
13 [11120  8150 27452  3204 12297 12297 10621  5804 37256 12297 12297 13396
 56946 12407  9209 11211  6197 23952 13835 26652 56932 15404 56932  3434
 56931 56945 56945 56945 56945 56945 56945 56945 56945 56945 56945 56945
 56945 56945 56945 56945 56945 56945 56945 56945 56945 56945 56945 56945
 56945 56945]
20 [ 4472   425 13030 56932  5804 13042 11211 12199   535  5895 11117 11500
 10267 14519   897 56942  5699 56932  5224 14198 13171  8965  5217 56942
 56931 56945 56945 56945 56945 56945 56945 56945 56945 56945 56945 56945
 56945 56945 56945 56945 56945 56945 56945 56945 56945 56945 56945 56945
 56945 56945]
8 [   11 11211   425 12921 13675 56940  7782 13651  9481 56940 10621 56940
  5217 11211  5224 12956 11761 11949 14667  5804 13283 56932 56946 12024
  6287  4472   445 56940 56931 56945 56945 56945 56945 56945 56945 56945
 56945 56945 56945 56945 56945 56945 56945 56945 56945 56945 56945 56945
 56945 56945]
47 [10291  6380 11120 35255  4472 11120  3806  4472 56946 56932  5224  3835
  4472  4049 56946  5804  5657  4472  7425 11950  6151 11950  5226  5224
 56942 13396 14108  5226 14842  4472 56942 56932 10621  5010  1231  6240
  4562  5224  9583  4472 11211 11120 13156  4472 11120 56946  5240 12543
 25579 56931]
18 [ 5331 11120  6570  4472 13649 56946 56932 14085 16661  4472   425 14073
 10621 11211  6950 17725  5226  1789 12407 20890 56932  2890 13723  4472
 13984  7780 17078    13 13266 56931 56945 56945 56945 56945 56945 56945
 56945 56945 56945 56945 56945 56945 56945 56945 56945 56945 56945 56945
 56945 56945]
2 [ 5226  5847  7564   753  8373  5657 56932  8503  4532 13396 12461  4562
  6661 56932 11211  5240  5224  5987 56932 10621  5224 56946 56932 11211
  1240  5151 13396  4589  5715 10621  7494  2890 11955 14974 56932 11664
  1231  3172  5240 13171 12562 10291  3775  7811  4151  4618  4472  5879
 56932  2711]
8 [  928 56932 15648 56932 56940  7494  2890 14399 12407 15916  4562  5224
  2693 56933 11120  9893 10478 10621  5224  3835  5769  7364  1240 19220
   264  1925 41555  4562  5224  3835  5769 15164 56934  7843 56935 13371
 11122 11292  9784  4562  5224 56946  5217 13280 56942  5137 56932 13396
 11122 13554]
9 [ 1240  7709 56946  2890  9591 13396 14324  9209 10621 16789 56946 56931
 56945 56945 56945 56945 56945 56945 56945 56945 56945 56945 56945 56945
 56945 56945 56945 56945 56945 56945 56945 56945 56945 56945 56945 56945
 56945 56945 56945 56945 56945 56945 56945 56945 56945 56945 56945 56945
 56945 56945]
19 [ 5804    24 14343 11211  1233 11120  7384 41177 13396  3255  8493 14564
 10185 56932 11120  7838  4472 13815   229 12543 13171  1688 56932 10621
  5804  2133  3903  4439  1925  8373 11211 12764 56946 11673  7316 56931
 56945 56945 56945 56945 56945 56945 56945 56945 56945 56945 56945 56945
 56945 56945]
2 [15105    85  1379  8871 56946 56931 56945 56945 56945 56945 56945 56945
 56945 56945 56945 56945 56945 56945 56945 56945 56945 56945 56945 56945
 56945 56945 56945 56945 56945 56945 56945 56945 56945 56945 56945 56945
 56945 56945 56945 56945 56945 56945 56945 56945 56945 56945 56945 56945
 56945 56945]
1 [  752  4979  5224 14944 11120  5918 56932  5224  6695 15149  4343 56932
 10621  5224  5373 10067   653  5226 11482 56932 11046 11324 56931 56945
 56945 56945 56945 56945 56945 56945 56945 56945 56945 56945 56945 56945
 56945 56945 56945 56945 56945 56945 56945 56945 56945 56945 56945 56945
 56945 56945]
29 [56946   530  1920  2890 10119    36  4472  2496  5226  5804  3163 56932
 35924 13396 11120  1391 10621  5331 11120 11752  4472 11120 12613 15161
 56934  2894 56935 56932 13371  7811 11778 10291 13018 11120 10139  4472
  5804  2140 12379  4472 11120 14073 56931 56945 56945 56945 56945 56945
 56945 56945]
48 [ 5224  2792  4472  3162 56932 11211 12948  2313  5224  8033  4562  5224
 51563  4472 11046  3266 56932  4044  6151 11120 11752  4472  1305 10621
  5634 56932 10621 14576 11211 11120  2684  4472  5314  6151  1231   653
 28093  2890  9591 12152  5226 11120  7182   635 56940 14260   229 11120
 11093  1004]
11 [10621  5240 56946 56946 11120  7626  6436 56932  6205 11211 11122  7811
  5240  5407  1996  7626 10621 12350 11122  7811  1958 56931 56945 56945
 56945 56945 56945 56945 56945 56945 56945 56945 56945 56945 56945 56945
 56945 56945 56945 56945 56945 56945 56945 56945 56945 56945 56945 56945
 56945 56945]
16 [ 1906 56932 13396  1231 12135 56932  5224  6319  4562 13171  1062  4472
  5804 45621 56932  5240 13171  5272 10291  6226 56932  4195 10291  5224
  7174  4472 20826 56931 56945 56945 56945 56945 56945 56945 56945 56945
 56945 56945 56945 56945 56945 56945 56945 56945 56945 56945 56945 56945
 56945 56945]
3 [ 3245  8321 14855  6997 11211 56940   424   653 11372 11813   653 56940
 12677  6151 11120 55512 10100  4472  6305  6151 11120 10134   635 56940
  5226 14923  3719 56940 56931 56945 56945 56945 56945 56945 56945 56945
 56945 56945 56945 56945 56945 56945 56945 56945 56945 56945 56945 56945
 56945 56945]
33 [ 5804 22040 10067 13468  1288 11211 11120 16085 10067 56946  3387  6151
 56942 13931 56932  4562  8493  5611  4472 56942 13396 20272 56932 56942
  4472  8025  7518  4472 18271  5137 56932  1452 11120 13171  4476 11120
 14508 19179 10922 56932 11211  7494  2890  2689 10621 16490  5226  5224
  5799  6542]
28 [11120  7002 11211 56946 10621 11120 11211   151  1925 56940 17172 15275
 56940 11211 11117  8057  4562  5224 11629  6151  1231 56946  8734 10067
 12168  8503  4472  5804 13171 56946 10067  6171  9239  4472   778 10621
 36510 11120  2928  4472  1018 56931 56945 56945 56945 56945 56945 56945
 56945 56945]
0 [ 6927 56931 15938 15938 15938 56945 56945 56945 56945 56945 56945 56945
 56945 56945 56945 56945 56945 56945 56945 56945 56945 56945 56945 56945
 56945 56945 56945 56945 56945 56945 56945 56945 56945 56945 56945 56945
 56945 56945 56945 56945 56945 56945 56945 56945 56945 56945 56945 56945
 56945 56945]
25 [56940 12764  4365  7581 16935 56932 11372 56946 56932 11372 21334 56931
  5207 13180  6226 10621  3245 11120 14329 56931 13396 11674  5224 56946
    85  8993 14974  5226 12596  3828  4852  8373  5574 56932  8630 11211
 14099  6950 14394  8503 56940 56932  1015  5224  6184 56931 56945 56945
 56945 56945]
13 [11120  8709  4472  4151  4822  9330 10621  5804 18685  4472 11120  5844
   865  1969  2699 56932 10545 13905 56932 13386  5835 11120  3778  4472
  7642 10621  8676 13822 11001  5226  5224  1926 56931 56945 56945 56945
 56945 56945 56945 56945 56945 56945 56945 56945 56945 56945 56945 56945
 56945 56945]
0 [ 8152 13469  4472 12284  4562  4151  2677 56931 56945 56945 56945 56945
 56945 56945 56945 56945 56945 56945 56945 56945 56945 56945 56945 56945
 56945 56945 56945 56945 56945 56945 56945 56945 56945 56945 56945 56945
 56945 56945 56945 56945 56945 56945 56945 56945 56945 56945 56945 56945
 56945 56945]
19 [12889  5224   864  1373  6111 56932  3245  5466  6151 54399 10646  5804
 17678 56932 56940 12672 11211 15394  2986 13171 12562  6151  5804 10585
 10067  7770  6151 11120  4000  4472 10731 17678  4472  5804 56946 11211
 11597 56940 56932 14504 10215 56931 56945 56945 56945 56945 56945 56945
 56945 56945]
8 [14201  1240  9047  6151 22491  5617 56940 11122 13171 13716  1958 56940
 56932 10621 12889 12764  8321  5249 11120 11374  2700 56932  6118  4472
 11120  9849  5654 11211  1240 10145  4693 10067 11255 56942  4472 13330
 56932  5224 11950  4472  4151  4290  1791 56931 56945 56945 56945 56945
 56945 56945]
34 [14201  8902 12948 13396 56946  5224 14339  4472 11120 25159  4472  4151
  2677  1791 10621   981  5224 18373  5226  6990  5804  8021  7893  5226
   424  4667  5226  5606  8493  1126  4472 13478  5804  6717 13171 14956
 56931 56945 56945 56945 56945 56945 56945 56945 56945 56945 56945 56945
 56945 56945]
8 [ 4550  7780  8192 41887  2890  7238 15011 10621  3245 56946 56931 56945
 56945 56945 56945 56945 56945 56945 56945 56945 56945 56945 56945 56945
 56945 56945 56945 56945 56945 56945 56945 56945 56945 56945 56945 56945
 56945 56945 56945 56945 56945 56945 56945 56945 56945 56945 56945 56945
 56945 56945]
34 [56940 11120  4670 10067 14358 12764  1146  6151  5804  7025 10067  6319
 56940 14260 56940  6905  3861  1859  4213  5534  5207 56946  6151 10333
  4472  6284 10621 56946  5226 14653  4562  1618  4472 14088  1379 13171
  4336  4472  3931   848 11870 56940 56931 56945 56945 56945 56945 56945
 56945 56945]
13 [10291 13853 11211 46363  5226 11120   704 56932  5804  1046 12171  2495
  8244 17626  5226  2890 15227 56932  2738  8493  1563 56932 39492  1231
  4071 11372 37076 12424  2814  2890 12675 43886 56931 56945 56945 56945
 56945 56945 56945 56945 56945 56945 56945 56945 56945 56945 56945 56945
 56945 56945]
10 [56940 13478  5804  5286  5207   746  6398 56932  9000  9373 12555  4372
 14260 11120 10767 10067  3612  7780  8192 12407 11169 56940 56932 15201
 11940 56932 13386 12764  3270 11120  6098  4562 10800  9502  7956 11211
 11120  5243  4472 12146 15362  3510  5226 11120 12090 10067  9541 56931
 56945 56945]
14 [ 9000  4562 32617 18718  5804 35991 10621 13396 11674 14855  4472 24499
  7709  2529  3245 11603 56931 56945 56945 56945 56945 56945 56945 56945
 56945 56945 56945 56945 56945 56945 56945 56945 56945 56945 56945 56945
 56945 56945 56945 56945 56945 56945 56945 56945 56945 56945 56945 56945
 56945 56945]
18 [13607 11211  5534  9506  6151  8953  8782  5226 11149  6041 56946  5224
 12649  8782  5778  5716 12297  5224 11100 56932  5224 13946 12297 56932
  8782 12567 11211  5226  1490 13395  8630  8291 11279 56931 56945 56945
 56945 56945 56945 56945 56945 56945 56945 56945 56945 56945 56945 56945
 56945 56945]
7 [15394 56946 11211  5224 56946  6197   373  1379  7811 56932  1189  4147
  4472 11120 14614 56946  4472 11120 56946 56932 35591 56946 13396  5224
 10620  4472 14802 10621   207  4562  1231 13676 56946 56934  5804 24092
 25974 56932 13396  1233   577 12764  1240  7780 28117 56935 10621 56946
  4372  4562]
6 [56946 56932  8838 11211 11122  5850 13171 15319 11211 12948 56932 12889
 14831  8871 15319 11211  1296 56931 56945 56945 56945 56945 56945 56945
 56945 56945 56945 56945 56945 56945 56945 56945 56945 56945 56945 56945
 56945 56945 56945 56945 56945 56945 56945 56945 56945 56945 56945 56945
 56945 56945]
1 [ 6151    20  1673 56932 10621 19262 56932 44302 49084  5224 14687  4472
 11120  8728  5226  5804 56946 56931 56945 56945 56945 56945 56945 56945
 56945 56945 56945 56945 56945 56945 56945 56945 56945 56945 56945 56945
 56945 56945 56945 56945 56945 56945 56945 56945 56945 56945 56945 56945
 56945 56945]
48 [ 6997 11211  5534  7412  6894 56934 11211  6151 11122 11211 14190 12764
  7780  3521 10067  6226  5224  7473  9068 11211 14204 56935 14747 56946
  6151  9222 56932 10621 11117 47234  4562 40453 10621  2554 10621 11122
 26442  4472  7001 10643 56934 14686  3245  5226  5224 10235  4492  4472
  6997  4759]
1 [56416 12758  6151 11120 13812  5226 56942 56932 10621 12752  1240  7780
  9002  1000 11211  6151 15952 11117 14939  5506  5226  5224 14555  9444
 21512 56934  3645 43966  5226 13998 56932  9000 11562 14931 11107  1379
 13171 10067 56942 56943  4472 13822 10430 56935 56932 11211 56946  1240
  3648 16443]
1 [ 5224 11100  8321 32047 10540  2254 10621  1231  8284 11117  4810 56932
  5226  8493   792 56932  6151 14663  2370  8493 26743 56931 56945 56945
 56945 56945 56945 56945 56945 56945 56945 56945 56945 56945 56945 56945
 56945 56945 56945 56945 56945 56945 56945 56945 56945 56945 56945 56945
 56945 56945]
7 [ 1231 12353 10767 56932   907  6151 18400 13441 56946  4472  8448 56932
  1240  6469  5226   264 17654  4472  2199 56931 56945 56945 56945 56945
 56945 56945 56945 56945 56945 56945 56945 56945 56945 56945 56945 56945
 56945 56945 56945 56945 56945 56945 56945 56945 56945 56945 56945 56945
 56945 56945]
15 [ 1231 12353 10767 56932   907  6151 18400 13441 56946  4472  8448 56932
  1240  6469  5226   264 17654  4472  2199 56931 56945 56945 56945 56945
 56945 56945 56945 56945 56945 56945 56945 56945 56945 56945 56945 56945
 56945 56945 56945 56945 56945 56945 56945 56945 56945 56945 56945 56945
 56945 56945]
16 [12764   229  3058 10291  5804 33704 10916 18484  1046 56946   636 10291
 10267 13450  3186   848   494  3095 56931 56945 56945 56945 56945 56945
 56945 56945 56945 56945 56945 56945 56945 56945 56945 56945 56945 56945
 56945 56945 56945 56945 56945 56945 56945 56945 56945 56945 56945 56945
 56945 56945]
22 [13396 11122 11211 11848  1925 14687  4472 11120  5332   750 56932 11211
  7328  5224  3172 56932 10183  7780 12355  5307  6151 56946  7564   211
  2890 11533  8022 13090  2861 11120   702  4562 10043  4472 10933  4472
 56946 11715 56931 56945 56945 56945 56945 56945 56945 56945 56945 56945
 56945 56945]
1 [ 5286  2848  1240  1425 13171  2308  4562  5224 56946  2861 11211  5804
  4573  8540  2529  1915 56946  4472  7171 32178 56932  4562 11122 11211
  8493  1855  4472   210 56932  4562  2890 56946 15134 56932  7709  7099
 13371  4039  5226  8493 13543 56931 56945 56945 56945 56945 56945 56945
 56945 56945]
21 [ 3047  5224 17393  4472 56946 13841  6151  1231 14761 12297 12297  1925
  8871  5226  2890  1242 12297 12297 13371  8493 22383 13171 56946 11211
 13775 56933  9000 11122 14347  5240 11211  8666  5224  1926  4562    13
 12562 10621  9039  3082 56932  4562  5224 16090  4472  2890 29708 56931
 56945 56945]
9 [ 4562 11120 12673  4333 56932  9000  4562  2890  5309 19973  8870  5224
  7939 56946  8057  4151 45489 10621  5224  8503  4472  1787  4472 56942
  8356  8493 10101  5226 49130 56932 11120 14792  4472 26744 56931 56945
 56945 56945 56945 56945 56945 56945 56945 56945 56945 56945 56945 56945
 56945 56945]
8 [ 5226  6523  4472 11120 10509 56946  1240  1630  9198  8871 11211 15526
 11211  5804 10579  3605  5226 13910  4472 11293  6151  9687 13822  3136
 10621  1379  8871  4472 14182  5224  1079 13946  2861  1326  4472 10344
 10291  8593 13554  5226  1723 13371  5226  5224 13823  4472  5754 56931
 56945 56945]
4 [ 9000  5224 13247    85 10753 56932 10621 11120  2262 10067  2672    65
  8493   281  5226 11120 11079 10067 31278 56931 56945 56945 56945 56945
 56945 56945 56945 56945 56945 56945 56945 56945 56945 56945 56945 56945
 56945 56945 56945 56945 56945 56945 56945 56945 56945 56945 56945 56945
 56945 56945]
28 [ 5217 11211 11122 56946  5226 11120  3288 10067  6109 45856 11120 13733
 10621 42879  4472  5970  4562  6295 56946 10621 56946 56932  6295  4472
 45704 56932 11664  5224 14315  2426  8448  4472  2890  7238  4413 56946
 11120 24223 56931 56945 56945 56945 56945 56945 56945 56945 56945 56945
 56945 56945]
33 [11120  7253 12226  1958  4472  1231   516  8946  5224 13115  4472 11211
  5224  4834  1240 10261  6759  6151 14137 13396  8493 14926  4472  7215
 56932 13371  8596  6236 56932  5534  5224  7249  9785 10753 10261  8192
  5224  4472  5326 10291  8596 56931 56945 56945 56945 56945 56945 56945
 56945 56945]
2 [12297 12297 14315 56931 15938 56945 56945 56945 56945 56945 56945 56945
 56945 56945 56945 56945 56945 56945 56945 56945 56945 56945 56945 56945
 56945 56945 56945 56945 56945 56945 56945 56945 56945 56945 56945 56945
 56945 56945 56945 56945 56945 56945 56945 56945 56945 56945 56945 56945
 56945 56945]
33 [11120  7815  4472 15149  4876  6151 13386 13478  7630  1356 13396  5224
    87 12297 12297  4472  5804  3078  4755 12297 12297  1240  5911 13396
    77  7467  6151 11107  5226 11120  1795  6151  8155 14915  5936   272
 13371 14524  4472  5804 12408 56932 14915 56946 10297 13371 12959  9356
 10621 14915]
42 [11120  7815  4472 15149  4876  6151 13386 13478  7630  1356 13396  5224
    87 12297 12297  4472  5804  3078  4755 12297 12297  1240  5911 13396
    77  7467  6151 11107  5226 11120  1795  6151  8155 14915  5936   272
 13371 14524  4472  5804 12408 56932 14915 56946 10297 13371 12959  9356
 10621 14915]
6 [11211  8946  2890  7238 11165 56932 14315 10621 45038 56931 56945 56945
 56945 56945 56945 56945 56945 56945 56945 56945 56945 56945 56945 56945
 56945 56945 56945 56945 56945 56945 56945 56945 56945 56945 56945 56945
 56945 56945 56945 56945 56945 56945 56945 56945 56945 56945 56945 56945
 56945 56945]
10 [ 5226  5224  5009  4472  8493  9888  7626 56932 11120 15474 14442  6750
 11211 56946 13487  6151 13822 12063 56932 11633 11120 23354  4472 10766
  4562  8874  5226  8493  1618 36610 10621 11120  1759  4562  3330  8630
 34756  5224  3185 56931 56945 56945 56945 56945 56945 56945 56945 56945
 56945 56945]
