13 [ 1793 56932  1240 12397  8373  5057  4472 10601 10291 12899 10621  2890
  1268 13257 11211  7753  5226  8493  9476  5804  4102 15094  5226  5224
  9155  4472  2805  4597 56931 56945 56945 56945 56945 56945 56945 56945
 56945 56945 56945 56945 56945 56945 56945 56945 56945 56945 56945 56945
 56945 56945]
8 [ 5226  5804  4393  9939 56932  5804 11344 13098  9649 11211 26488  1925
 11034  1619  6151 11454  2269 13371  6256  4472 15461   375  4472  1231
  5352 56932  5226 15168  4472 56946 56932  8509  5137  1231  7253 13269
  1925 12506 56931 56945 56945 56945 56945 56945 56945 56945 56945 56945
 56945 56945]
21 [11120   661 13050  6151 56942 56932 13478  5804 11211 11122  4563   880
 10621 11211 12764  4585  4700 13396 10025  9138   848  9824 56931 56945
 56945 56945 56945 56945 56945 56945 56945 56945 56945 56945 56945 56945
 56945 56945 56945 56945 56945 56945 56945 56945 56945 56945 56945 56945
 56945 56945]
2 [56940 12672 10399 56940 56931 56945 56945 56945 56945 56945 56945 56945
 56945 56945 56945 56945 56945 56945 56945 56945 56945 56945 56945 56945
 56945 56945 56945 56945 56945 56945 56945 56945 56945 56945 56945 56945
 56945 56945 56945 56945 56945 56945 56945 56945 56945 56945 56945 56945
 56945 56945]
31 [ 5224  9102  4472 11120 14493    65 11120 13734  4472 56946   264 11120
  8200  6151  1231 15276  5226  5224 12908 10067  9080 13012 56932  9000
 10705    82 56934 56946 56935 10621  8783 12734  5804   541  4472  9338
  4472  5683 13579 56932 13732 10621  5189 56931 56945 56945 56945 56945
 56945 56945]
7 [11120  4687    85  4443 13396  2890 12500 11999 56931 56945 56945 56945
 56945 56945 56945 56945 56945 56945 56945 56945 56945 56945 56945 56945
 56945 56945 56945 56945 56945 56945 56945 56945 56945 56945 56945 56945
 56945 56945 56945 56945 56945 56945 56945 56945 56945 56945 56945 56945
 56945 56945]
26 [10420 56932 13625  2890 21862 13004  7956 11120 10794  4472  2390  8597
 10621 13822  3271 29484 56932  6205 13371  4472  4151  7359 12958  1633
  4151  6505 56946 56932  6151  4151 11211 15201    85   885 11120 14678
  4472  5804 56940  1427 56940 10291  2529  8231 13396 11120  5319 13149
 56931 56945]
24 [ 5226  1231  6855 56932  5224  9823 56946  7952  6116 13396  5224  9823
 47055  4472 26575 56932  6516 10067  7581  4188  4472  4151 14862 10937
 14037 56932 13386 11117  3623 56932 10611 11646  3765 56932 12135 10067
  2320  4305 16540 13396  5804 10916  6151 11120 15411 56931 56945 56945
 56945 56945]
14 [10621  5226  2890  8778  7956 11120 12695  4472 11120  2894 10454  6151
  1009 11211 13537 56932 11211  5226  4151 14862 10937  2844 10608 13637
  6644 10621  5483 56931 56945 56945 56945 56945 56945 56945 56945 56945
 56945 56945 56945 56945 56945 56945 56945 56945 56945 56945 56945 56945
 56945 56945]
10 [ 5224 56942  4472  5385 10067  6260  2689 56932 11120  3174 56946  3717
 10197 11120 15459  4472 11120 11840 56932 11120  3474  4472   658 10621
 11211 33899  4472 14746 12906  6151 56946  6175  4472   797 56931 56945
 56945 56945 56945 56945 56945 56945 56945 56945 56945 56945 56945 56945
 56945 56945]
10 [56940 56946  5226   618  4562 11120 56946 56932 11120 12815 56946  5226
 14564 14557 10621  4562 11646 14218  2649 13901 10291  7303  8493 14329
 11211  5514  5224  4291  4472 11120  7182  6151 11835 56940 56932 15201
  5224  2792  4472 11120 56946 56932 16770 14183 56931 56945 56945 56945
 56945 56945]
49 [10958  3076 56932 11211  4966 13371 10249  4841  4472 11120  5683  1752
   635  4472 10837 56932  5240  5224 11697  7828  4472  1723  4472  4141
 56932 10621 56946 11120 13300  4472  1231 13476  8664 13371 10249  3091
  4472 21798  4562  2890 56942 19205 21731 18736 56932  4562  5224 11211
    85  8288]
31 [56940    19  4472  4151   304 11211 56946  7494 11211  1000  4562  5224
  5972 10067 56942  2861  1233  4518  9373 12407  4518  5226 11122 14203
 56932  5226 11122 14479 10621  5226 11122 56946 56932  9632 11211 10291
 13487  8317  6260  8373  5137 10621  6197 12764 33914  5224 12675 56940
 56932  4329]
12 [ 5226  8493  7276  9742 26130  5224 11950 56942  7367  5804 56942  7691
 56946 56932  9000  8493 12921 15083 56932  5226 11120  7276  7638 56932
  6950  4585 56942 56931 56945 56945 56945 56945 56945 56945 56945 56945
 56945 56945 56945 56945 56945 56945 56945 56945 56945 56945 56945 56945
 56945 56945]
36 [13685 14504  5226  1231 10043 11211 56940  3572 14968 11120  6946  2370
  5224 14358 32747  6151  2890 13937  4472 18011 56940 56932 56940  1709
 14102 11120  3252  7945  6151  2890  1437  8033  4562 10442  7956 14299
 56946 56940 10621 56940  4151 14729 56946 11120 13269  6151  6686  6151
  7198  4472]
18 [ 5224  9823 56946 11499 11211  5226  5804  4185  3861  1240 56946  5804
  1825 56932 10621 13851  2890   475 56946  6151  4151 14455 12605  2861
 56940  5224 11554  1126 56940 56931 56945 56945 56945 56945 56945 56945
 56945 56945 56945 56945 56945 56945 56945 56945 56945 56945 56945 56945
 56945 56945]
9 [ 9000  4550  5850  8493 14564 14623 56932   420 16168 22159 56932 10621
  6226  2087  4770 12407 14427 56931 56945 56945 56945 56945 56945 56945
 56945 56945 56945 56945 56945 56945 56945 56945 56945 56945 56945 56945
 56945 56945 56945 56945 56945 56945 56945 56945 56945 56945 56945 56945
 56945 56945]
16 [ 9000  6196  9373  3860  6151 12764 10778  8606 13083  4472  4151  3765
 11211  8619  4151  8155   891 56931 56945 56945 56945 56945 56945 56945
 56945 56945 56945 56945 56945 56945 56945 56945 56945 56945 56945 56945
 56945 56945 56945 56945 56945 56945 56945 56945 56945 56945 56945 56945
 56945 56945]
9 [56946  6151 12592 56932 12015   474 16972  8769  6862 37586 56931 56945
 56945 56945 56945 56945 56945 56945 56945 56945 56945 56945 56945 56945
 56945 56945 56945 56945 56945 56945 56945 56945 56945 56945 56945 56945
 56945 56945 56945 56945 56945 56945 56945 56945 56945 56945 56945 56945
 56945 56945]
49 [11437 15005 56932  1793 56932  4472 11211 56940  5804 13171 52661 56932
  1233 56946 11120  4243 56932  6513  5804 10047 10621  5804 11211  8871
  3239 56940 56932 13396 11122 11211  4115  1925  6319  6151  4341  4151
 10531 11211  4275 10291  3825  5804  3639  4562  5804 11211 10677 11120
  8163 11523]
8 [  261 10434 15265  1231  5003  5226  5224  5688 15332 56931 56945 56945
 56945 56945 56945 56945 56945 56945 56945 56945 56945 56945 56945 56945
 56945 56945 56945 56945 56945 56945 56945 56945 56945 56945 56945 56945
 56945 56945 56945 56945 56945 56945 56945 56945 56945 56945 56945 56945
 56945 56945]
4 [ 4049 56946 56942  5581 56946 11211   766  1231  1651  4161  5224  2689
 56942 56932  5226  5408  4562  5224 12301 10291  9770  5224 14860 56932
 11120 13107 10621 11120 14327  4472    68  7162 56932  1240 14691   217
 56932 13348 56931 56945 56945 56945 56945 56945 56945 56945 56945 56945
 56945 56945]
4 [11122 13300  4472 13030 56946  5224 11155 10067  7147 56946  5226  6950
  2890  2689 56931 56945 56945 56945 56945 56945 56945 56945 56945 56945
 56945 56945 56945 56945 56945 56945 56945 56945 56945 56945 56945 56945
 56945 56945 56945 56945 56945 56945 56945 56945 56945 56945 56945 56945
 56945 56945]
2 [ 7868  6118 56946 56932 11120  9453  8657  5226  4151   721    85 12407
  6816  6151 11120  4472  2890 11950  9329 10621 12764  1240 10557 13447
 11372  3177    61 56931 56945 56945 56945 56945 56945 56945 56945 56945
 56945 56945 56945 56945 56945 56945 56945 56945 56945 56945 56945 56945
 56945 56945]
9 [ 5226  5804  4393  9939  1240   746 56946 56942 11511  9180  5226  5224
  6360  7406 56932 11211 12764  2495 15021  1233 12764 56946  4151 10918
 11283 56932  7868  5224 12616 10067 15166 56932 10827 14322 56931 56945
 56945 56945 56945 56945 56945 56945 56945 56945 56945 56945 56945 56945
 56945 56945]
39 [10621 14914 13371  1240  7780  5756  5217  2892 12297 12297 11211 13974
  4472  3361 11970  1873  5804   266 10067  7581 14931 56946  1231  1381
  6151  8493  1126  5683 10291  5804 56946 12297 12297  1240 56946  5226
  2890 14555 38230 56946  5226 10025 13349  4472  1723 56931 56945 56945
 56945 56945]
5 [ 4125  5226 15422 11590 56932  2085 56932  4562 10653  4472  6087 10621
  8616 56932 15023    52  6260  3421  3861  8757 14931  5527 11372  8395
 56931 56945 56945 56945 56945 56945 56945 56945 56945 56945 56945 56945
 56945 56945 56945 56945 56945 56945 56945 56945 56945 56945 56945 56945
 56945 56945]
22 [ 3245  8821 56932   425  1004  5226  6046 56932 11120  1005 12297 12297
  5226 56946 56946 12297 12297  7498 25501 56932 13386 10823 34955  6151
 13822 56946 10621 17499 56932  8373  1312 11211  1240  4810  6151 13439
 13280 56942 10621 56942  5137 56932  8170 56931 56945 56945 56945 56945
 56945 56945]
20 [   19 13721  4472  2062 15803  4472  5804  1069 56932  7956  6226  5804
 10067 13267  4472 11120 16210 56932  5804  3034 17218  4472  4151  9566
  5324 56931 56945 56945 56945 56945 56945 56945 56945 56945 56945 56945
 56945 56945 56945 56945 56945 56945 56945 56945 56945 56945 56945 56945
 56945 56945]
22 [11120  7833  3727 56932  9914  4472  4565 56946 10621 13219  4472  4151
  1228 56932  5466  1925 12297 56946 12297 56946 10621 56946  8204 11211
  7780  2729  5226 14390 11120 12767 11211  5207 56946  4562  1231  5933
  4472 56946 10621 56946 56932  4472 13388 10621  2295 56932  4472 10127
  3395  6151]
9 [11211 11122 51567 14914  1004   375 15563  9000 12764 56946 56931 56945
 56945 56945 56945 56945 56945 56945 56945 56945 56945 56945 56945 56945
 56945 56945 56945 56945 56945 56945 56945 56945 56945 56945 56945 56945
 56945 56945 56945 56945 56945 56945 56945 56945 56945 56945 56945 56945
 56945 56945]
25 [ 5534   865 45629 13396  4151  4931  1240  3240 56946 10621 56946 11211
  5317  6151   245  5804 15691  7750  4472  4151  1325 11211  1257 11120
  1713 16073 14750 15168  6151 56946 11211  8540  9825  4186 36642 56931
 56945 56945 56945 56945 56945 56945 56945 56945 56945 56945 56945 56945
 56945 56945]
19 [  428  7780  9591 11211  4151 14414  1240 56946  5226  5804 10428  8521
  4472  8965  5309  2861  5353 56934 15881 56946 13396  5609  4472 10456
 12167 56935 56932 16745 56934 15881 56946  6151  7608  4472  6857  8064
 56935 56932 17143  4472  7910  5226 14821   833 56932  7956  6226 56946
 56934 15881]
2 [ 5804  7795 56946 56932 10621  5226 14923 13440  5224 56946  4472  1134
  6460 56932  2883 11211  5488  1325 12764   865 10899  9565 10621  1240
  9567  1189 56946 56931 56945 56945 56945 56945 56945 56945 56945 56945
 56945 56945 56945 56945 56945 56945 56945 56945 56945 56945 56945 56945
 56945 56945]
43 [14931 11744 56932  5224  9591 13171  3269  4550  5240  5224 10729  4766
 10611 15686  4472 47233 56932  4884  5532  5240  8870 11211 11120  1781
  4472  5804  2237  4472 15590 10064 56946 56932  4562 11122 11211  5226
   424 13440  9379 14619  8540  2529  9251 28414   848 34922 56931 56945
 56945 56945]
20 [ 5314 56946 11211 12297  5224  8907  4472 11673   445  4472  8070  5240
  9064 56932 10621  5224 16058 11211  5293 56932 56946 56933 12764  1240
 14190  6151 11122 11211  7780  9228  1452 11120 26775  9823  4472  4151
 12831  4472  3572 12297 56931 56945 56945 56945 56945 56945 56945 56945
 56945 56945]
9 [11120  7815  4472 15149  4876  6151 13386 13478  7630  1356 13396  5224
    87 12297 12297  4472  5804  3078  4755 12297 12297  1240  5911 13396
    77  7467  6151 11107  5226 11120  1795  6151  8155 14915  5936   272
 13371 14524  4472  5804 12408 56932 14915 56946 10297 13371 12959  9356
 10621 14915]
38 [ 8596  3686 29511 56932 14260  9490 13651  5226  5224  7966 56932 10621
 14931 11744 12171  9490  6229 56946  1633 13822 10664 56932 13732 56932
  5806 56932   119 56932   494 18672  8493  1004 56932  1925  1242 56932
  8493 12921 16635 56932  5534 11120 14851  1240  8057 37077 56931 56945
 56945 56945]
