24 [10621 56946 56932 16478 10621 10618 56932 10611 10025 56932  1240 14377
  4472 11120 14329 56932  4472  4151 56946 10621 10067 56946 10621 42047
 56946  5226  5224  9541 11211 14817  6151 11120  1691  1925 13242 13171
  5863 12297  7780 14384 13171  4472 56942   340 12297 11211  7780  6260
 13396 11120]
14 [ 3022  6211  8650  5226 56942 14931  2135  1231  9555 11372  5224 13305
 11211 11370  6707  5226  1231 12874 56931 56945 56945 56945 56945 56945
 56945 56945 56945 56945 56945 56945 56945 56945 56945 56945 56945 56945
 56945 56945 56945 56945 56945 56945 56945 56945 56945 56945 56945 56945
 56945 56945]
14 [56946  1117 11211 13327 12764    65 13396 11149  2529 11120 18121 56932
 14260 13554 18725 13371  4151  7568  1340 10555    61 10621   865 14821
    21 56931 56945 56945 56945 56945 56945 56945 56945 56945 56945 56945
 56945 56945 56945 56945 56945 56945 56945 56945 56945 56945 56945 56945
 56945 56945]
27 [ 6118  8165 12990 14235 11211  5264  1240 56946  1633  2828  4472 11120
   611 11211  8783  5226  4151  1539  5224  1782 11262 56932 44851 14900
 56932  6151 13386 13897 12898 10067  5072 56932  5226 12135 13396  9292
 13822 13364 15023 11120  5660  5427 10067  6496 56931 56945 56945 56945
 56945 56945]
5 [ 5224 14399  1543  1793 11211  9486  2151 15145 11120  2796  3091 10067
  3612 56931 56945 56945 56945 56945 56945 56945 56945 56945 56945 56945
 56945 56945 56945 56945 56945 56945 56945 56945 56945 56945 56945 56945
 56945 56945 56945 56945 56945 56945 56945 56945 56945 56945 56945 56945
 56945 56945]
9 [13371 12650  2529  7485  5226 13478  5804  8263 56932 27780  3245  1240
  8640 56932 12889  4562 11120  1056 14082 56932  4472 11211  5224 14847
  4472  1231  8782   582 12735 10291  2529  4569  6151 11120   455  2861
 56940 12764  7703  8938  2890  5995 12407 28196 11664 22393  4472  5307
 56932  9000]
0 [56946  1749  5226 11120  5288 12689  4472 11120  6686 15268  4472  1163
 56934  9879 56935 56932 11211  1240  4868  6151  9687  5226 11120  5918
  4472  3222 56932  3828 11499 11211 56932  1925 10946 15017  4151 14729
 11959  5226  5224  4842  4472  8849 56932 56940  5240  8493  2415  5534
 12703 10130]
17 [11120  1853  3655  5226  2890 13615 11211  5804  1598 56946  8568 10621
 11294 13517 11120  1955 14526  2574  5179  5224  1229  4472  7252 12728
 56932  3828  1240  4301 10333  4472  1420 56932  5534 56932  1925  6495
 56932  5224 11100  4472  9379 56940 11633 14746 10621  1240  6093 56940
 56931 56945]
2 [11120 33218 24513 13885  5226  5224 56946  4472 11120  8199 56932  4687
 11211 12764  7780  5538  5224  5104  9329  4472 14072 13396 11120 14779
 23899 56932  7868 11120  1853 56932 11211  5224  6260 56942  4472   995
  3717 11120 13870 10621 13185  4472 11120 10595 56946 56932  5226   523
  4472 11120]
8 [56946  2861 46707 18675 56934 56946 56935 10621 26799 56946 56934 33951
 56935 56931 56945 56945 56945 56945 56945 56945 56945 56945 56945 56945
 56945 56945 56945 56945 56945 56945 56945 56945 56945 56945 56945 56945
 56945 56945 56945 56945 56945 56945 56945 56945 56945 56945 56945 56945
 56945 56945]
21 [  428  1240 18447  5226  5224  7249 13554  4472 11120 15084 46894 56946
 56932  1925 10282  2890 56946  4472 11120  4986 10930 25048 13530 56932
 15083  4472  2890   623  4472 56946 56946  5226  4622  4518 24563 13396
 11120 12596  8328 56931 56945 56945 56945 56945 56945 56945 56945 56945
 56945 56945]
2 [56946 56932 56946 14812 56931 56945 56945 56945 56945 56945 56945 56945
 56945 56945 56945 56945 56945 56945 56945 56945 56945 56945 56945 56945
 56945 56945 56945 56945 56945 56945 56945 56945 56945 56945 56945 56945
 56945 56945 56945 56945 56945 56945 56945 56945 56945 56945 56945 56945
 56945 56945]
20 [38526 13530 11984 56942 13349 10621 14560 16163 56932  5224   997 16899
  1706  5886  4562 56942   372 56932  8630 11211 25377 56946 20426 14560
  5681  2396  4472  5804 27613 10621 11581 23175  7623  1231  7811  8600
  4472 56942  1637 56931 56945 56945 56945 56945 56945 56945 56945 56945
 56945 56945]
14 [ 6205 56932  5224  8876 12168 12764  1240  8057 12676 10621  6151  5804
  5544 10013 56946 56932 15023  2890  7415  2045  4472 56946  1240  8701
 13396 10363  5226  5224  5482 56931 56945 56945 56945 56945 56945 56945
 56945 56945 56945 56945 56945 56945 56945 56945 56945 56945 56945 56945
 56945 56945]
0 [ 1719 10621  2722  1240 56946  1925 12675 10843 11211 13822  5747  8509
 11120  4000 10621  5611 11211 11717 11120  9234 11211 13851 13662 10067
  5928 56931 56945 56945 56945 56945 56945 56945 56945 56945 56945 56945
 56945 56945 56945 56945 56945 56945 56945 56945 56945 56945 56945 56945
 56945 56945]
4 [  848 56932 13371 15201  3393  9177  5226 11120  1650  4472 11120 14988
 56932 11120 56940 26864 11584 56940  4472   424 13723  6059 56932 11211
  4868 56942  5137 48336  5226  5804 14549 56931 56945 56945 56945 56945
 56945 56945 56945 56945 56945 56945 56945 56945 56945 56945 56945 56945
 56945 56945]
49 [ 5224  2792  4472 11120  5844  4472 10700  8892  4472   968 56934  1369
 56935  9528 11211  5224  6949  7780  1896 56940  5226 56942 11804 11120
 13107   424  2689 10621  5804  4900 14811  5226  8425 56940 56932  5226
  8493   989 13031 11211 10627   217  5224   413 56940  5224  3733 56940
  4472  2921]
37 [12889 11120 12267  4472 12753 14190 11349 56932  5226  6523 10067  9541
 10718 56932 11211 13684  5224  8876  9230 10502  5264 10621  4890  7346
  5769 10331   217  1231  8069 56932  1240 15622 11120  4670 11211  9614
 13554 56946 13371  5804  7568  3204 56946 56931 56945 56945 56945 56945
 56945 56945]
12 [ 5224 56946 15919 26690 14817  9541  4472  2890 17789 56932  5224 56946
 16474 56946 56932  5224 10246  2067 10621  5224 24168 56946 19592 30705
 29193 56932 13478 25713 56932 10291 11211  5804 15364  4472  3229 56946
 13396 56946  6151  5804 56946  4472 13998 56931 56945 56945 56945 56945
 56945 56945]
7 [ 5224  9230  1024 10067  9322 56932  9823 12388  1925 11167 56932  5010
 11120  9805 13396 10025   420  5137 10067  7581  4472 10942 56932  7781
  5226  5224  6319  5217 56942 56932  1925 14338 11211  5240 10493 10291
  2369  2370  5224  5340 56931 56945 56945 56945 56945 56945 56945 56945
 56945 56945]
3 [11673  3778 10067   753 11211  8606 12672  5207  4868  6151 13251 11211
 12171 11122   865 56932  9000 11211  5207 56946  4161  5224 11255 56946
  4472 11120 32827 56931 56945 56945 56945 56945 56945 56945 56945 56945
 56945 56945 56945 56945 56945 56945 56945 56945 56945 56945 56945 56945
 56945 56945]
24 [56940  7780  9228  1368  8150 56946 11211 15394 56946  5224 14181 10067
 14519 56932  9000  5240 56946 13386   582 14326  5224 14687 56932 12764
 14099 56940 56932  3655  8493  3273  4472 15689  8762 56931 56945 56945
 56945 56945 56945 56945 56945 56945 56945 56945 56945 56945 56945 56945
 56945 56945]
20 [ 5224   870 10067  5683 13579 56932 13662 10067  5928 56932 11117 14039
   375  4472 11120  1562 11211  1240 12765  1296  3786  1925  9102 27155
  6151 13686  6894 10621 14524 15105 56932  6151  5804 11211  4473 12413
  5226 13072 10067  9541  4472 16932 10067 11255  8788 56931 56945 56945
 56945 56945]
2 [ 5224  2792 56946 56932  4472 56942  5137 56932  4562 10423  2178 10621
 13441  9558 56932   373   983  2890  9075  4472 11120  3475 12031 10621
  2890 13356  1782 11427 11211  7002  4562 11120 12673 43527  4562 11120
 11211  5240 15111  4472 38365  1490 17406 10067 21845 56931 56945 56945
 56945 56945]
47 [ 7397 56932  5226  5224  7900  4472 12877 10067  7966 56932  8361  7412
  2118 13371  5804  9532  4472  5804 14378  3204 11211  2834 11120 16431
 45319  5226 11963 11211   425 15145 11120  7253  5918  4472 11120  1723
 19588 11211 12764  7494   724 12434  4562 13579 56932 10621 11211  6631
 15145 11120]
28 [56946 56932 11211  4161  4550  8946  5224 13488  9823 10067  5342  4217
 56932 14204 11211   134  1633 11120  6805  4472 11791 10212  4472 56946
 56932  3828  3971 11211  3910  5648  8493 16530 15583  7416 10621  8148
  4562  5224  9482  4472 11120  3465  4472  1163 56932 11581 19631 56931
 56945 56945]
2 [ 8630 11211 56946 10463  5226 56942  4472  6128 56946 56932 13815 56946
  5804 10314 56946 56946 13396 16525 56932 12889  5137 15083 29151 11120
  1903  4472 14233 10621   645  5804 56946 11211 56946  7430 56931 56945
 56945 56945 56945 56945 56945 56945 56945 56945 56945 56945 56945 56945
 56945 56945]
1 [56936 31611   848 56946 56932 11120  5918  3828  3241 56937 56945 56945
 56945 56945 56945 56945 56945 56945 56945 56945 56945 56945 56945 56945
 56945 56945 56945 56945 56945 56945 56945 56945 56945 56945 56945 56945
 56945 56945 56945 56945 56945 56945 56945 56945 56945 56945 56945 56945
 56945 56945]
0 [56946 56946  5224  3612  4472 12379  5452 56932 11211 10475  7040 13396
  6223 14552 56932  6925 24348 10621 16474 56946 56931 56945 56945 56945
 56945 56945 56945 56945 56945 56945 56945 56945 56945 56945 56945 56945
 56945 56945 56945 56945 56945 56945 56945 56945 56945 56945 56945 56945
 56945 56945]
23 [ 5224  7811 12213  2861  5224 10067  5078  4472 56946  4472 14545 56946
 56932 56940  6950  4151 17607 11526 56946 56940 11211  5224 56946 15884
 56946  1240  8057 15379  3245  5226  1231  2175 56931 56945 56945 56945
 56945 56945 56945 56945 56945 56945 56945 56945 56945 56945 56945 56945
 56945 56945]
9 [ 9390 10847 56946  1240  9490  2432  4472  1231  6670 10463  8493 12921
 56931 56945 56945 56945 56945 56945 56945 56945 56945 56945 56945 56945
 56945 56945 56945 56945 56945 56945 56945 56945 56945 56945 56945 56945
 56945 56945 56945 56945 56945 56945 56945 56945 56945 56945 56945 56945
 56945 56945]
0 [14930 56946 10611 56942 10621 56942  8330 56931 56945 56945 56945 56945
 56945 56945 56945 56945 56945 56945 56945 56945 56945 56945 56945 56945
 56945 56945 56945 56945 56945 56945 56945 56945 56945 56945 56945 56945
 56945 56945 56945 56945 56945 56945 56945 56945 56945 56945 56945 56945
 56945 56945]
16 [11120  7253  5226 11120 11093 12135 10454 26292  4472  2890  3928 15175
  4472 56946 56932 11211 30477 56946 56946 10621 16659  5224 11629   375
 56934 56946 56935 56931 56945 56945 56945 56945 56945 56945 56945 56945
 56945 56945 56945 56945 56945 56945 56945 56945 56945 56945 56945 56945
 56945 56945]
35 [ 5224 13576 15512 11046 47557  1040 11211  5226  5224  6319  5692 11418
  2890 56940  7581  4472   374 56940  1079 13396  3572 56932 20997 13396
  5227 10621 56940 36733  4562  7646 56940 13396  5224  5328 10621 15610
 56932 10621  1694 11211  5224   653  5692 12764 11606  1338  4290 13396
  2275  6151]
6 [ 5226  2890  1602 56932  5804 11699  1438 56946 10621  4800  7295 14235
 11211 56946 11673  4022  6151  5804 10050   548  4472  5319 56932  3790
 56946 56932 10621  4472  9121 56932  3830 56946 56931 56945 56945 56945
 56945 56945 56945 56945 56945 56945 56945 56945 56945 56945 56945 56945
 56945 56945]
24 [ 4151 18658  9996 10067  7581  4472 16465  1240 56946  5224  8590 56932
  9000 12764 13261  7906  4161  4151 14311 10067  8788  5534  5224  7423
  9792 56946  5804 56942  5454 10971 10291 13357 11120  1147  4472  5804
 10624  4472  1231  9541 56931 56945 56945 56945 56945 56945 56945 56945
 56945 56945]
19 [ 5224 15186  5240 13977 10291 14781 56932  6197 11211  8443 17244 11120
 13172  6555 13371  1408 10067  1056  6232 13280  8871  4472  2890  7977
 56932  8630 12640  1240 20566  5226 11120  8086 10067  2523 11211  5224
   972  6260  1240  1243 11203 10067  6171 14012 56931 56945 56945 56945
 56945 56945]
7 [ 5226  5804 24135 10067 11964  5692 56932  7856   311 11120 56940  4065
  7384 56940 10067  2631  7482  1925  3849  3077 11211  1543 11120  7877
  4472  5804  9531 11295 56932 13396  4085  5226  2370 10067 10386 10621
 13396 12764    77    32  4562  4151  3388  6653 56931 56945 56945 56945
 56945 56945]
19 [13732  8783 13649 15354  4472  7590 11929  2157 56934 10611  5224 56946
 10621  5224 56946 56935 56932  7795 11211  2386   951  6151 11120  3832
 10067 10386  4472 12764  1042   570  4562 11120 11066  4472   863 56931
 56945 56945 56945 56945 56945 56945 56945 56945 56945 56945 56945 56945
 56945 56945]
32 [13396 11674 56932  1925   224 10703 11211 10532 11122 11211  1240  3064
 12297  8984  4467 12297 56932  9569  4472 13975 13938 12764  6786 13349
  7956  4151  5240 10291 56946  9082 10621 56946  1347 56932  9000 12764
 56946  5226 56946 10889 56931 56945 56945 56945 56945 56945 56945 56945
 56945 56945]
33 [12015  4470 14662  4472 11211 11120  4811 11752 56932 11122 11211  2816
  5224   911 10067  9857 56932  4615  4472 10160  7956 11325  9137  4562
 11120 56946  4472  8493  4472  4151  2562 11211 12455 13507  5534 12764
   373  6160   417   848 56946  5804  9242  4562  2890 11104  4472   367
 56931 56945]
4 [10621   229  1139 11211 21258 11122 56946  4562  5224  4476  3612 11697
 10621 12764  4562  5224  5901  2610  4472 13280  8373  9348 56931 56945
 56945 56945 56945 56945 56945 56945 56945 56945 56945 56945 56945 56945
 56945 56945 56945 56945 56945 56945 56945 56945 56945 56945 56945 56945
 56945 56945]
46 [56416 12758  6151 11120 13812  5226 56942 56932 10621 12752  1240  7780
  9002  1000 11211  6151 15952 11117 14939  5506  5226  5224 14555  9444
 21512 56934  3645 43966  5226 13998 56932  9000 11562 14931 11107  1379
 13171 10067 56942 56943  4472 13822 10430 56935 56932 11211 56946  1240
  3648 16443]
3 [ 4472 12752 11211 23960 56946 56946 32364 17193 56931 56945 56945 56945
 56945 56945 56945 56945 56945 56945 56945 56945 56945 56945 56945 56945
 56945 56945 56945 56945 56945 56945 56945 56945 56945 56945 56945 56945
 56945 56945 56945 56945 56945 56945 56945 56945 56945 56945 56945 56945
 56945 56945]
7 [37891 11149 56946  8946  6226  2087 10621 56946  8150  2007  7350 56931
 56945 56945 56945 56945 56945 56945 56945 56945 56945 56945 56945 56945
 56945 56945 56945 56945 56945 56945 56945 56945 56945 56945 56945 56945
 56945 56945 56945 56945 56945 56945 56945 56945 56945 56945 56945 56945
 56945 56945]
0 [  553 56932 14915  9096 56931 56945 56945 56945 56945 56945 56945 56945
 56945 56945 56945 56945 56945 56945 56945 56945 56945 56945 56945 56945
 56945 56945 56945 56945 56945 56945 56945 56945 56945 56945 56945 56945
 56945 56945 56945 56945 56945 56945 56945 56945 56945 56945 56945 56945
 56945 56945]
9 [ 4575  5829  7956 11120 10595  8493 14443 11211  6950   553   766  5226
  5224  4610 11697 10621 11211   425  1578  7334  4562  5224  6389 56931
 56945 56945 56945 56945 56945 56945 56945 56945 56945 56945 56945 56945
 56945 56945 56945 56945 56945 56945 56945 56945 56945 56945 56945 56945
 56945 56945]
24 [ 4472  9591 56932  5804 17651  1240 17407 56946  4562 56946  5226 56942
 56932 56942 12297 56946 10621  5224 56946  1240 56946  5226  5224 13602
 56946  4562 11122 11211 50677 11120 15910 56946 56931 56945 56945 56945
 56945 56945 56945 56945 56945 56945 56945 56945 56945 56945 56945 56945
 56945 56945]
0 [13280  9198 13171  4472  8493 10947 56932 13873 11120  9645  4472  9065
  4472 56946 56932  1240  5866 13396 11093  1004  2890   210 10813 11211
  7201  8493  7038  2358  7451  6151 11120  4472  5804  9140 56931 56945
 56945 56945 56945 56945 56945 56945 56945 56945 56945 56945 56945 56945
 56945 56945]
2 [ 2308 56932   111  7780 14520  2890 13152 10291   877  6108 10401  4472
 56946 56932 11122 11211  6913  2890  9716  3443 56932  1233  4518  9379
  5657  4472  4573   865 10562  8344 56932 12764 14260  1240 56946 56932
 10954 14260  1240  2850  5224 12297 10008 12297  6151  9505  9441 56931
 56945 56945]
4 [ 5226   424  4492 30707 56946 11211 11122 11211   217  4235  6471 12764
  5240 10954 11120 56946  4472  2826  4472 18637 13961   848   563 11817
 56932 13478  5804  4705   805  5226 10267 12371  2890  4492 12407 28675
 56932   494 22608   848   159 56931 56945 56945 56945 56945 56945 56945
 56945 56945]
37 [12764  4413  2529 28759  6151 11120 13877 11938 11211 56946  5237  6151
  8596 38785  4151 33920 56946  4472 11120 11093   207 56932  4562 13822
 10219 56932 13371   746  2729  4472 16212 17478 36495 10067 56946 56932
  5217 29951  4161  3721 56946 56932 10621 13371  1240  5787  5226  5224
 56946  4562]
9 [ 5804 17198 12109 11211 56946  7397 14363 56946 56946 11714  5226 11120
 13733 10621 14363 56946  1234 34823  6151 11120 56946 56943 56945 56945
 56945 56945 56945 56945 56945 56945 56945 56945 56945 56945 56945 56945
 56945 56945 56945 56945 56945 56945 56945 56945 56945 56945 56945 56945
 56945 56945]
0 [31263 56932 56946 56932 49497 56931 56945 56945 56945 56945 56945 56945
 56945 56945 56945 56945 56945 56945 56945 56945 56945 56945 56945 56945
 56945 56945 56945 56945 56945 56945 56945 56945 56945 56945 56945 56945
 56945 56945 56945 56945 56945 56945 56945 56945 56945 56945 56945 56945
 56945 56945]
2 [12297 12297  6942 12297 12297 56946 10621  1240 29247  6151 21381  8828
 56932 13371  1233 10261 15416  4472  5000  5487  3521  5226  8493  5918
 28890 56931 56945 56945 56945 56945 56945 56945 56945 56945 56945 56945
 56945 56945 56945 56945 56945 56945 56945 56945 56945 56945 56945 56945
 56945 56945]
