2 [13396    19 12135 56932 15648 11211 11120  4194  4472  2955  1756  6151
  8782  1240   582  6151 11211  1231 12754 10569 56932  5224 56946 56932
 17436  5226  7898  5318  4562  5224 25011  1756 56932    13 10569 11211
  7053 17906 13767  5226 56942 56931 56945 56945 56945 56945 56945 56945
 56945 56945]
18 [ 5224 13064 13155 56946  4868 56942 11970 15171   425  7415  6372  4472
 54179 11211  5240 11120 23283  4472 10409 56931 56945 56945 56945 56945
 56945 56945 56945 56945 56945 56945 56945 56945 56945 56945 56945 56945
 56945 56945 56945 56945 56945 56945 56945 56945 56945 56945 56945 56945
 56945 56945]
2 [ 5226  8857  1602 56932  5224  4760 12826 11211  7537  5240 56940 14931
 11813 14807  4472 15564 56940 11120   779  4472  6387 56932 11211  1358
 13371  2776 12033  4472 11120 12596  4161  1231  7561 56932  5226  8853
  4472 56942 56931 56945 56945 56945 56945 56945 56945 56945 56945 56945
 56945 56945]
42 [ 3245  8821 56932   425  1004  5226  6046 56932 11120  1005 12297 12297
  5226 56946 56946 12297 12297  7498 25501 56932 13386 10823 34955  6151
 13822 56946 10621 17499 56932  8373  1312 11211  1240  4810  6151 13439
 13280 56942 10621 56942  5137 56932  8170 56931 56945 56945 56945 56945
 56945 56945]
33 [ 5224 56946  7198 10703 56932  9000 17589  1148 14802 56933  5224  5738
 56932 53746 10621 56946 13371 14914 13396  5804 22334 11211 11236  4472
  1231 56946 56946 56932  6950  1240 18541  6151  1168 12675 10621 12764
 37879    13 12479 11211  5224  4472  1231 12759  8284 56932 11372 14102
    19 13277]
46 [ 2308 56932   111  7780 14520  2890 13152 10291   877  6108 10401  4472
 56946 56932 11122 11211  6913  2890  9716  3443 56932  1233  4518  9379
  5657  4472  4573   865 10562  8344 56932 12764 14260  1240 56946 56932
 10954 14260  1240  2850  5224 12297 10008 12297  6151  9505  9441 56931
 56945 56945]
