11 [ 5804  1046 12289  1925  4323 10621  5224 12270  2669 14931 10850 11372
 10758 56931 56945 56945 56945 56945 56945 56945 56945 56945 56945 56945
 56945 56945 56945 56945 56945 56945 56945 56945 56945 56945 56945 56945
 56945 56945 56945 56945 56945 56945 56945 56945 56945 56945 56945 56945
 56945 56945]
35 [ 7868 11588 14900 56932  5224 11762  4472  5203 12305  6151  5471  5224
 13348 56932  9000  7868  5224  9230  5427  4472 13424  9121 56932 16181
 12753 56932  1231   653 56940   773 56940  3286  4113 11120 14662 14427
 56931 56945 56945 56945 56945 56945 56945 56945 56945 56945 56945 56945
 56945 56945]
18 [ 5224 16090  4472  5804 16118  9490  4472 25441  5224  9283 16311  4472
   995 10067  2689 56942 56932 13280  4550 56942  5137 56931 56945 56945
 56945 56945 56945 56945 56945 56945 56945 56945 56945 56945 56945 56945
 56945 56945 56945 56945 56945 56945 56945 56945 56945 56945 56945 56945
 56945 56945]
10 [11120  5073  4837  5226 11396 11211 56940  3572 18387    19  1004  2370
  5224 14358 56940 56932 56940 13732 48096  5224 56942  4562  5224 14555
 11143 14631 56940 56932 56940 11120  6395  5331  5224  9084 56946  8085
  8677 56940 56931 56945 56945 56945 56945 56945 56945 56945 56945 56945
 56945 56945]
19 [ 4151  7047  4472 13579  5207 50669  4151 14596 15003 11211 56946 16129
 11211 11120  7645 12764    65 11372  3758 11372  5095 56932 11211  8946
  8493 34455 56931 56945 56945 56945 56945 56945 56945 56945 56945 56945
 56945 56945 56945 56945 56945 56945 56945 56945 56945 56945 56945 56945
 56945 56945]
27 [ 4758 13529  9222 53601 12948  4562  3667  4758 15072  5226 11211  5224
   653  5692 56940   582 11216 13822   405 56940 10291 12208 11211  3572
 12764 43331  5224  8965  5224 12479 56932  7868  1288  6118  7873 56931
 56945 56945 56945 56945 56945 56945 56945 56945 56945 56945 56945 56945
 56945 56945]
14 [ 5224  7811 12213  2861  5224 10067  5078  4472 56946  4472 14545 56946
 56932 56940  6950  4151 17607 11526 56946 56940 11211  5224 56946 15884
 56946  1240  8057 15379  3245  5226  1231  2175 56931 56945 56945 56945
 56945 56945 56945 56945 56945 56945 56945 56945 56945 56945 56945 56945
 56945 56945]
41 [ 3245  8821 56932   425  1004  5226  6046 56932 11120  1005 12297 12297
  5226 56946 56946 12297 12297  7498 25501 56932 13386 10823 34955  6151
 13822 56946 10621 17499 56932  8373  1312 11211  1240  4810  6151 13439
 13280 56942 10621 56942  5137 56932  8170 56931 56945 56945 56945 56945
 56945 56945]
6 [14260  8025  5207 15690 11211  5224  4518  3245 11418 56931 56931 56945
 56945 56945 56945 56945 56945 56945 56945 56945 56945 56945 56945 56945
 56945 56945 56945 56945 56945 56945 56945 56945 56945 56945 56945 56945
 56945 56945 56945 56945 56945 56945 56945 56945 56945 56945 56945 56945
 56945 56945]
4 [11372 28750 11372 12938 11372  3260 56931 56945 56945 56945 56945 56945
 56945 56945 56945 56945 56945 56945 56945 56945 56945 56945 56945 56945
 56945 56945 56945 56945 56945 56945 56945 56945 56945 56945 56945 56945
 56945 56945 56945 56945 56945 56945 56945 56945 56945 56945 56945 56945
 56945 56945]
