4 [56946 11979  4472 56940 14199 56940  5804  5286  5226 11120 14248  4562
 11120   188 56940   455 56940  5226  1950 56932 14084 10621 11964  5087
 56932 10621  5065 11120   455  6151  9222 56931 56945 56945 56945 56945
 56945 56945 56945 56945 56945 56945 56945 56945 56945 56945 56945 56945
 56945 56945]
10 [56936 11149  4492  7494 20640 14915 11766 14169  4562 14915 27611  1148
 14931  5224 19628 17624  4472  2890  9084  7376 56932 11898  6862 43001
 56937 56931 56945 56945 56945 56945 56945 56945 56945 56945 56945 56945
 56945 56945 56945 56945 56945 56945 56945 56945 56945 56945 56945 56945
 56945 56945]
15 [ 9000  3260  4472   428  9073  4161 11211 56946 11211  6373 10355 12297
 12297  7453 56932 13849 56932 56946 12297 12297   865  6950 41684 56946
  4472 10630 11211  5224  7238  7180 10291 12936  5534  5224  9084  8946
  8503 10621 13074 10291 13478 56931 56945 56945 56945 56945 56945 56945
 56945 56945]
27 [12764 46820  5226 11120   694  4472 56946  9792 15692  6151  1231 12536
 56932  5226 11120 11211  5224 11697  7423  9243  1240 49178 13371  2890
  4154  2904 10621 45317 56932 11372  7053  6151  5804  5052 23532  4472
 11120 14623 10067 11783  4569 56932  6437  5226 10512 56931 56945 56945
 56945 56945]
9 [ 6118  4472  2480  3245   192 11120  8467  4472 56940  6737 56940 56932
 12889   484  1231  2985 13396  5224  9591  4472 11211 11120 13870   418
 11682  6151 15336  8493 11311 11211  5804 12534  8363  5226 13330 56931
 56945 56945 56945 56945 56945 56945 56945 56945 56945 56945 56945 56945
 56945 56945]
30 [13135  6151 14016 56940  5240 11122  7811 11211 11117  7709  2426  6151
 14134 56940 56932  7868  6338 56932 13386  5226  6873  7809  7780 13091
 11211  5224  1431  7494  5574 56940 11996 56940  9000 11211  1231  3612
  3245  7494  5318    61 56932 56940 12889  5226    19 13704 56940 56931
 56945 56945]
32 [10624  4472 11120  9849 10621 10067  9489  9538 12948  5224  2445 56932
  4472  2159   824 56932 11211  1240  3734  4562    19   694  3269  2861
  5224 28455 10067 15387  8967 11729 56745 56932 12407  8041 56932 10291
  8678  8493 12135  5226 15743 56932  5331  5224 11211  1240 34505  2890
   742 56932]
18 [ 5224 13437  4472 56946 14691  4472 11211 13171 10067 56942 13396 14108
 10067 10511  2598  6151  4025 12764 22585  6862 38664 56932 11122 11211
  6913 56932  7868 13822 12314 56932  2890 18777  4638  4472  5609 52140
  4472  5699 56932 10621 11020 11211  1723 12764 56946 13171 11120  5430
 12725 56932]
8 [ 4151  6505 13700   939  6151 14505 13817 56932 15287 56932 15083  4472
  8493 14559 11791 56932 14260 11120  2976  5240   985  4332  4472 11120
  1274  4472  9424  4472  5259  6151 12379  5452 56932    20 11211 15417
 56932  3585 11120   226  9243 56931 56945 56945 56945 56945 56945 56945
 56945 56945]
10 [11120  9033  9004    85 18165 10621  1633  8493  1500  5609 21255 56932
 11122  4472 24291  1765  1379 11089 56931 56945 56945 56945 56945 56945
 56945 56945 56945 56945 56945 56945 56945 56945 56945 56945 56945 56945
 56945 56945 56945 56945 56945 56945 56945 56945 56945 56945 56945 56945
 56945 56945]
6 [ 5224 11575  5240  2890  1136  5226 10341 10621 11279  4562  5224 13212
 10067 15412  8704 11211 10507 13396  5224  5309 56931 56945 56945 56945
 56945 56945 56945 56945 56945 56945 56945 56945 56945 56945 56945 56945
 56945 56945 56945 56945 56945 56945 56945 56945 56945 56945 56945 56945
 56945 56945]
23 [ 4562 11120 10117  4472 11211  5224  7581 56946 13171 10621 56946  8871
 56932  5224  6516 10067   653  1240 19329  5224 16586 12407 56940 12033
 56940  4472 15040  4604 11122 11211  5226  1231 11950  9297  5804  5234
  8876 10050 56946 19944 56946 56934 13386  5226 56942  2340  5224 32313
  5226  2890]
16 [12672 11211 56940  4473  1368 13171  1970 56940 10621 11211  1240  7333
  4562    13   982 56940 12407  3196 56940 13396  6416 11120 13734  4472
 15390  6151  2732  4562    13   870 11211  7780  6947  5226 12342  5226
  5804  4393  5137  2861  6099 56946 56931 56945 56945 56945 56945 56945
 56945 56945]
8 [12049 10050  3416 11211 11120  6390    85 56940 12407 19682 56940 56932
 10621  1402  7427  7520 11148  6151 10912  8493 11851  4472  1242  1925
  8826 11211 11120  6614    85 56940 10124 10291 15232 56940 56931 56945
 56945 56945 56945 56945 56945 56945 56945 56945 56945 56945 56945 56945
 56945 56945]
2 [14190 13371  8485  3904 11211 11120  2894 15137  6151  6416  2890  1673
  6151 13478  5804 11211  7439 13371 14883 56932  9000 11211 12764  1240
  7176 11224 10291 56946  4472  5187 11531 56932 41670  6862 44495  5226
 13478  5804 10700 56931 56945 56945 56945 56945 56945 56945 56945 56945
 56945 56945]
3 [14190 13371  8485  3904 11211 11120  2894 15137  6151  6416  2890  1673
  6151 13478  5804 11211  7439 13371 14883 56932  9000 11211 12764  1240
  7176 11224 10291 56946  4472  5187 11531 56932 41670  6862 44495  5226
 13478  5804 10700 56931 56945 56945 56945 56945 56945 56945 56945 56945
 56945 56945]
21 [ 7956 11120  7167 10067 56942 56932 15201 11211 56940 13261 13371 11120
 11211  7782  9228  9784  4161  4550  2861  4987 56932 12353 10621 27164
 56940  6862  3655 11211 56940 11120  2457 18142  6151 11120 13902 13261
  5224 13132 10621  5224 13395 11211  3645  4562 10636  5187  4472  2529
 56932 11122]
5 [56940  5240  2890  3612  2890  9198 11515 56932  9000  7334  2890  7415
  5138 10621  7494  8150 12407 13747 56931 12473 11211 10677  5224  9541
  4562  1379 10647 14260  1233 12764 56932  5207 56946 56932  6927 56940
 56932 15005 10180 56931 56945 56945 56945 56945 56945 56945 56945 56945
 56945 56945]
27 [  424    85  5224  8876 11575  4472 11120 20387  4687 56932 17606  5224
  6260  3786  5226  5224  9084  4472 53252 13396  2890  3612  5432  4472
 56946   992 56932 26191 10621  9139 10291 14793  5804  4102  4472  5804
 56942  4724 10067 16831 56932  5181  4472 11120  8755  1912 56931 56945
 56945 56945]
24 [ 5224  3612 56946  6950  7780 13848  2890  5551  4562  9628  5226  5224
 22961 56932  7956  5224  6145 13732 56934 56946 56935  5226 11120  2589
  9011  4722  4472  8200 56931 56945 56945 56945 56945 56945 56945 56945
 56945 56945 56945 56945 56945 56945 56945 56945 56945 56945 56945 56945
 56945 56945]
22 [ 5224 10242  4472  7581 56946 11211 11120  1274  5226 11120  2894  4472
  9394 10700 10067   424  6913 10291  1723  8493 10177 56940  7253 56940
  4472 10147 56940  4173 56940 56932 15083  4472 11211 13396 56940 14324
  7606  5226  5224  6260 10621  8165  5226  5137  4979 56940 56932   418
  7581 56940]
14 [ 6226  5240  8884  4472  7626 55368 10621 34838 56946  5226   424  7238
 17894 56932  7973 10621  8041 56932 11211 12764 14190 11372  8262 11372
 16185 56932 11673 14754 14915 24105  4472 30659 56931 56945 56945 56945
 56945 56945 56945 56945 56945 56945 56945 56945 56945 56945 56945 56945
 56945 56945]
34 [ 2658 10429 56946  5240  8503  4472  5804 18421  8331 10291  3685  4562
  5224  3612  8984  4472 34867  5226 11120  5271  4472 34790  5226  5804
  4679  4055  4472  2732 56932  6722 56932 11211  7494 56940 12407  3058
 56940 12105  6151  8493  5265 56932  9000  1064 11211 56940  8606  8493
 11169 11753]
27 [17531 56932 11211 14441  5226  5224 10107 10067 11964  5087  6151  8493
  8955 10067 13723 15512  7956   424 14339 56932 11499 11211  8850   661
  5240 56940 14613 34888 14260  3645  6151  6961 11120  7441  4472 56942
  7127 56932 11211 12764   865 13997 22790 10621   979 56932 13371 12764
 11122   865]
11 [  425  4687 56932 26049 13396  5224  5373 10067   653  4472 56940  1090
 56940 56932    85 13339 13396  5224  8086 10067  2342  4472 15218  9283
 56942  4472  5806 56931 56945 56945 56945 56945 56945 56945 56945 56945
 56945 56945 56945 56945 56945 56945 56945 56945 56945 56945 56945 56945
 56945 56945]
13 [ 5804  6977  6862  7025  5440 11211  7067  5226  8493 56946 56932 56946
 10621 10382 13870 12297 12297 13371 12342 12675 11120 11979 12297 12297
 56946  1490   661 11211  7016  6188 56931 56945 56945 56945 56945 56945
 56945 56945 56945 56945 56945 56945 56945 56945 56945 56945 56945 56945
 56945 56945]
24 [15083  4472   420  7134  4472  8306 28081 34134 13396 11120  6488 10621
  5224 56946 56932 16762 14970  6151 56946 56946 56932  2890  6695 10621
  2411  1782 11427 11211  5217 13330  7494 11120 36753   627  4472 10530
 11120 12031 10621 11120  3806  4472   425  2204  5217  1231 12695 56931
 56945 56945]
23 [ 8493  6805  8393 10067  1950 15288  1694 14341 11120  9342  3285 13396
    52 12078 13360 10067  1651  6151 11120  1391  4472 13030  2820 11515
 56931 56945 56945 56945 56945 56945 56945 56945 56945 56945 56945 56945
 56945 56945 56945 56945 56945 56945 56945 56945 56945 56945 56945 56945
 56945 56945]
8 [51303  4151  4004  2861 56936 14915  4415 10621 56946  5240 11669 52189
  5179  5224 11426 11211  5804 12821  4472 56946 35470 56937 56931 56945
 56945 56945 56945 56945 56945 56945 56945 56945 56945 56945 56945 56945
 56945 56945 56945 56945 56945 56945 56945 56945 56945 56945 56945 56945
 56945 56945]
41 [ 9000 14735 56932 56946   683 13007 56942 10013  4472  5181 56932  1240
 52058  5226  2288  6151 11765 13396 11120 15615  4161 11120 14571  4472
  8689 56932   907  6151 11211 11120 13455  5530  8946  5723 56932 10621
  5224  5309  4472 12895 56932  9918 56931 56945 56945 56945 56945 56945
 56945 56945]
34 [ 5224 56946  8016 12140  9019 56932 11211 14204  4472 56946  4562 21747
 10621  8373 32119 56932  3245  9490 19026 11120 16400   375 10067  3538
  5226  5224 12232 12270  4562 56946 11648 56932  1231 22784  3079  4472
 11120  1578 10621 56946 56934 56942 56935  1947  5224  9518 15144  4472
 11120  4722]
16 [ 4049  5165 13192 13396  4151  6852  4472 11120   545  5226 56942  8509
 11120  6855 10067 13487  8876  9230 10102  1925 13804 11096 56931 56945
 56945 56945 56945 56945 56945 56945 56945 56945 56945 56945 56945 56945
 56945 56945 56945 56945 56945 56945 56945 56945 56945 56945 56945 56945
 56945 56945]
2 [ 5804 56940 11344 56940  4900  4472  6739 12764 14871 12297  6151  1231
  5995 12297  6272  6117 10291  2300  5804  7568 12075  9871 11372 56932
  5226 14022 56932  6289 13171  3780  4472  4097 13146 12215  5224 14198
  4472   227 10067 13588 56931 56945 56945 56945 56945 56945 56945 56945
 56945 56945]
12 [10581  5147 11211 56932  4161  4151  4290 56932  1231  7300 13261 56940
  8692 56940  5226  8689 56931 56945 56945 56945 56945 56945 56945 56945
 56945 56945 56945 56945 56945 56945 56945 56945 56945 56945 56945 56945
 56945 56945 56945 56945 56945 56945 56945 56945 56945 56945 56945 56945
 56945 56945]
31 [56940  4365  4449   683  4393  3204 13171 11211 14382 12889  5804  5286
 12764  2745  8192  5804  8500 56940 56932  1040 56932 10621  6299 11211
 56940  5224  3612  7780 14069  8445 12738  9320 56932  9000 12764  7780
 56946  2890 11575 11211  5207 12098 13171 15225 56940 56931 56945 56945
 56945 56945]
11 [ 7659  6151 25249 56946 11120  7866  7898  3861  5226 11327 12764  1088
 10621  8025 44528 13371 19589 56931 56945 56945 56945 56945 56945 56945
 56945 56945 56945 56945 56945 56945 56945 56945 56945 56945 56945 56945
 56945 56945 56945 56945 56945 56945 56945 56945 56945 56945 56945 56945
 56945 56945]
29 [14939  3255 11211 10611  8155 27156  5226 12057  4472 13822 14464 14225
 10621  4562 13649 15354  8426 14128 56932  5224  3719  4472 11120  3852
 54397  6950 10067  6151  2814 12407 16715 21564 11211 13888  4151 14494
 56931 56945 56945 56945 56945 56945 56945 56945 56945 56945 56945 56945
 56945 56945]
27 [ 8509  5224 12687 56932  9222 14576  5224  4200 10067  4339  4472  4151
  1505 13396  1231 11124  4472 46350  4472 11120  3174 10621 15394  3623
  1231 15038 56940 14757 56940  5226 11120 10509  2370 11120  8728   630
 56931 56945 56945 56945 56945 56945 56945 56945 56945 56945 56945 56945
 56945 56945]
13 [ 1793 56932  4044  6151 11120 11752  4472  5804 11779 10067 10386  8561
 10621  7018 10291 11211 56946  7956 56940  5224  1918 11627 56940  4472
 13822 13767 10621 13822  4900 56931 56945 56945 56945 56945 56945 56945
 56945 56945 56945 56945 56945 56945 56945 56945 56945 56945 56945 56945
 56945 56945]
4 [10545 11211  5240 56940  9918 56940 11211  8509  5804  4393  9939  5224
  4942  1452  8503  4472  5804  8390  4472 11120  8728  5226  5224  6319
  5692 56932  1346  5804  2347  4472 14524  7668 10621  4472  4758 10958
  9775  4472 36820 56932 10621 19618 11211  1793  4472  9379   949  5804
  9532 15468]
48 [11120  5844  5432 10067 15342  1225  2049  8493 56940  4415 12925 56940
 56932  7868  4146 11120  6425 10067  3104  4472 10050 56932  6151  7198
  4472 11120   657  4472  5804  4900 10067 15342  5226  5804  9315 13901
 56932 11122 11211  7780 22091  1231  5660  4472  5804 10700  9362 13171
    61 56931]
10 [14201  1240  9047  6151 22491  5617 56940 11122 13171 13716  1958 56940
 56932 10621 12889 12764  8321  5249 11120 11374  2700 56932  6118  4472
 11120  9849  5654 11211  1240 10145  4693 10067 11255 56942  4472 13330
 56932  5224 11950  4472  4151  4290  1791 56931 56945 56945 56945 56945
 56945 56945]
11 [56940 13478  5804  5286  5207   746  6398 56932  9000  9373 12555  4372
 14260 11120 10767 10067  3612  7780  8192 12407 11169 56940 56932 15201
 11940 56932 13386 12764  3270 11120  6098  4562 10800  9502  7956 11211
 11120  5243  4472 12146 15362  3510  5226 11120 12090 10067  9541 56931
 56945 56945]
30 [ 2890  6176 11211 12764 14098  4472 11120  4356 11372  8493  8489  4472
 17582 10621  6205 56946  5123  6151  2018 12035 56946 11211 12015 56946
  8493  9553  1893 56932 13084 10621 16776 56931 56945 56945 56945 56945
 56945 56945 56945 56945 56945 56945 56945 56945 56945 56945 56945 56945
 56945 56945]
8 [15394 56946 11211  5224 56946  6197   373  1379  7811 56932  1189  4147
  4472 11120 14614 56946  4472 11120 56946 56932 35591 56946 13396  5224
 10620  4472 14802 10621   207  4562  1231 13676 56946 56934  5804 24092
 25974 56932 13396  1233   577 12764  1240  7780 28117 56935 10621 56946
  4372  4562]
19 [ 4562 16502 18926   848  5226 56946 56946 56932 20792  4472  1231  1691
   848 56946 56932   948  4472  4188   848  8870 56946 12297  7494 12407
  5199  6161  5226  1231    52 12297  2067 55193   373 17206  2890  5778
 56946  4472 11120 45220  4472 10644 11554 56931 56945 56945 56945 56945
 56945 56945]
8 [10621 11122 18983 10067  3612 56932  5240 14503 30346 56932  4562  2890
   804  4472  6480 12297 56946 12297 56932  6260  4472  7167 56932 33177
 56932 14931 13171 56946 10291  5224 11995 11211 14923 56946 19006  4472
  5095  4472 31118 10621  5224  2932  6151 11211 56932  4472  5000 56932
 11117  6502]
21 [ 8373  4472  5488 21263 56932  1925  8871 56932   865 10067  7944  3910
 10621  1240  9567  2518  5226 11120 12135 11379 10621 12506 56932  8170
 56932 10067  5960 13171 13187 10621 11519 56932 15311  4562  5224  4136
  4472 44288 56931 56945 56945 56945 56945 56945 56945 56945 56945 56945
 56945 56945]
30 [ 8373  4472  5488 21263 56932  1925  8871 56932   865 10067  7944  3910
 10621  1240  9567  2518  5226 11120 12135 11379 10621 12506 56932  8170
 56932 10067  5960 13171 13187 10621 11519 56932 15311  4562  5224  4136
  4472 44288 56931 56945 56945 56945 56945 56945 56945 56945 56945 56945
 56945 56945]
7 [10263  6205  8493 14564  3578  9384 44255 56946  2861 11120  2142  4472
  4521 56931 56945 56945 56945 56945 56945 56945 56945 56945 56945 56945
 56945 56945 56945 56945 56945 56945 56945 56945 56945 56945 56945 56945
 56945 56945 56945 56945 56945 56945 56945 56945 56945 56945 56945 56945
 56945 56945]
38 [ 3047  5224 17393  4472 56946 13841  6151  1231 14761 12297 12297  1925
  8871  5226  2890  1242 12297 12297 13371  8493 22383 13171 56946 11211
 13775 56933  9000 11122 14347  5240 11211  8666  5224  1926  4562    13
 12562 10621  9039  3082 56932  4562  5224 16090  4472  2890 29708 56931
 56945 56945]
7 [10621  6205 56932 10611  5722  2890 13554 56946 56932 14377  5224 15623
 56931 56945 56945 56945 56945 56945 56945 56945 56945 56945 56945 56945
 56945 56945 56945 56945 56945 56945 56945 56945 56945 56945 56945 56945
 56945 56945 56945 56945 56945 56945 56945 56945 56945 56945 56945 56945
 56945 56945]
7 [ 5226  6226 13440 56932  1240  1630   264 15526 11211 56932  7878 45451
  4472  3572 11120  8048 56932 11120 12596  2273  5226 13910  4472 56061
 13822  3136  2861 12297 11372  5207 13116 11372 12473  1031  4472 11211
  3572   418 12355 18848  2890  2776  4472 22167 13371  5804 56946  5226
  1787 10067]
