6 [ 8025 12013 11211  7397 12764   753 13171 20983 11211 11120  4472  2890
  3612 11211 12764   154 56932  2890 24973 10067  7811  9215 11211 12764
  2669  4472 56946 56934 15590 10044 46062  6151 13469  4472 56946  5224
  3612  4472  8756 10291 56946  2890 56946 11211 12764 31541 56935 10621
  2890 14479]
17 [ 5224 10778 11211  5224 14479 16945  5226 13043 17772 10067  5076 10621
 11120 11066  4472  8725  4472 13441 13478  5804 15370   746 56191  5224
  5509  4035 56931 56945 56945 56945 56945 56945 56945 56945 56945 56945
 56945 56945 56945 56945 56945 56945 56945 56945 56945 56945 56945 56945
 56945 56945]
4 [56940  6950 12015  2582  5224  1242 56932 13487 56932 38770 11120 12341
 10621 56946  6151  4758 13529 14781 16129 56941 15992 11122 11211  1240
 56946 56932  6151 11120  7037  4472 11120 16348 56941 56932 10621 12015
  8057  1368  6711 11120 25464 56940 56932 11152 56945 56945 56945 56945
 56945 56945]
2 [ 2034  8902 12543 13171  3073  6151  3667 12333 56932  6151 13386  4075
  7423 11100 56932  1793  4472  3676 56931 56945 56945 56945 56945 56945
 56945 56945 56945 56945 56945 56945 56945 56945 56945 56945 56945 56945
 56945 56945 56945 56945 56945 56945 56945 56945 56945 56945 56945 56945
 56945 56945]
3 [ 5224  3612 11211 13171  4739  7780 18982 10067 37140  9518 11943  4150
  5240  5224  5683 13579 56931 56945 56945 56945 56945 56945 56945 56945
 56945 56945 56945 56945 56945 56945 56945 56945 56945 56945 56945 56945
 56945 56945 56945 56945 56945 56945 56945 56945 56945 56945 56945 56945
 56945 56945]
48 [13371 13441  8993 56932  5226  5224  3719 12429 10621  5534  2030 11122
  4595  1231  3612 56932  5224 13242 10341 16655  6151 56946 10621  8532
 11120  4622 10067 12168 14045 56932  4562 13478  5804 16904 11211 18243
  5224  5138 10621  5224 12691  4472  2890  7238 11211  6197  7780  9591
  7645  5226]
49 [ 5045  5137 15083 56932 10110 11562 18120  1925  1926  8493 13314 10767
  2861  5224  8105  1611  4472  2689 14555 56932  5040 13396  8493  4472
  4151  3243 18754  5331 11120  5404  4472  2890 39509  2393 53940 56932
 10621 11120  2006  4472  2890  1702 11211  4113  4562  5804  5684  2868
  6862 33064]
4 [56940  5226 11674 14394  1379  5226  4561 56940 56932  1346 12810 56946
 56932   198 15328  4472  3222 10291  5002  5226  5224 10103  2433 10291
 56940 11669  4624  4047 11211    85  1032 56940 56931 56945 56945 56945
 56945 56945 56945 56945 56945 56945 56945 56945 56945 56945 56945 56945
 56945 56945]
49 [ 4562 11120 10117  4472 11211  5224  7581 56946 13171 10621 56946  8871
 56932  5224  6516 10067   653  1240 19329  5224 16586 12407 56940 12033
 56940  4472 15040  4604 11122 11211  5226  1231 11950  9297  5804  5234
  8876 10050 56946 19944 56946 56934 13386  5226 56942  2340  5224 32313
  5226  2890]
9 [56946 26133  2861 56940  5534  6834  6151 15379  9490  8871 56946 56932
  8871 56946 56940 56931 56945 56945 56945 56945 56945 56945 56945 56945
 56945 56945 56945 56945 56945 56945 56945 56945 56945 56945 56945 56945
 56945 56945 56945 56945 56945 56945 56945 56945 56945 56945 56945 56945
 56945 56945]
12 [56946 26133  2861 56940  5534  6834  6151 15379  9490  8871 56946 56932
  8871 56946 56940 56931 56945 56945 56945 56945 56945 56945 56945 56945
 56945 56945 56945 56945 56945 56945 56945 56945 56945 56945 56945 56945
 56945 56945 56945 56945 56945 56945 56945 56945 56945 56945 56945 56945
 56945 56945]
0 [13525  5165  1925 10386 15445 11211  2670 11120 11791  7956  5224  6058
 10621  5147 11211  5226  9888 11120 13778  9260  2890 21862 16511  4472
  4151 11622  4472  5804  8014  4472  6058 56931 56945 56945 56945 56945
 56945 56945 56945 56945 56945 56945 56945 56945 56945 56945 56945 56945
 56945 56945]
48 [12889  6151 47797 56932 10922 14204 11211  6330  2890  6560  4472 56942
 11804  4472 17235  8100 56942 11804  4472  5699 56932 56942 11804  4472
  5669 12297 12297 10621  4161    85  9312 13396  6388 15023 11120  7441
  4472 56942 11804  4472  5699 11211 11120  7070 56946  9490 11014  6151
 56946 56931]
0 [20116 12764 11120 56946  5226  5224  1926 56932  9000 28044 11211  6151
  1231 32260 56932 13916  3727 56932 56940 12171 11117  8734  8493 15019
 56940 56932  1233  4518 36517 11120  5793 15949  6151 11211 56940   425
  8368  7027 56946 56940 56946 56931 56945 56945 56945 56945 56945 56945
 56945 56945]
19 [56940  5224 14687 12764  1240  7709  2791  4562 11122  4472  4550 56932
  9000 12015 11152  1379 14260  1240 34414  1379 56946 10621  1240  5714
  5804  8373  3204  5452 10621  1240 24143  5804 11211  1240 23667  2838
 56940 56932    11 56945 56945 56945 56945 56945 56945 56945 56945 56945
 56945 56945]
23 [56940 11120  8955  5240  2861 56936 11149 18975 15009  6151 13278 10291
  5307  6151  2529 13171  6695 56937 56931 10621  6196 12764 56946  3260
 14260 12764  5850 13396 11149 13278 56931 56936  2865  9929  6151  4151
 22008 56937 56940 56932  1240  3484 56945 56945 56945 56945 56945 56945
 56945 56945]
21 [56940  1240 56946  8630  4125 56946 56931 11120 11169  8889  5240 11211
  5224 14687 12764  5240 14915  4415 10621 11211  5226  9198 11554 10475
  4472  4291 56932   424  5240    13 56946  9000 56946  5226 11211 10321
  8832 56940 56931 56945 56945 56945 56945 56945 56945 56945 56945 56945
 56945 56945]
0 [ 5263 15083 56932  1240  1441 11120 14402  1925  4667  5226  5793 13396
 11122 11211  7630 11211  8946  2890 56940  1533 56940 10067  9541 56931
 56945 56945 56945 56945 56945 56945 56945 56945 56945 56945 56945 56945
 56945 56945 56945 56945 56945 56945 56945 56945 56945 56945 56945 56945
 56945 56945]
15 [ 5224  8570  5240  2890 56946 10291  8025  1233 12473  5226 14662 11211
  1240   373  9784  9198   848  3260 10291 11211    68  8597  9444  9388
 15554 56931 56945 56945 56945 56945 56945 56945 56945 56945 56945 56945
 56945 56945 56945 56945 56945 56945 56945 56945 56945 56945 56945 56945
 56945 56945]
43 [11120 41753  9823 10067  2880  4472 13893  1240  7780 13381  5226  4492
  5545  6151  8850 10793 56932  1233  4518 12764  7780  9591 11932  5224
 12939  4472  2091 56932 11211  8783 11120  5807  4472 56946 16027 15505
   211 11120 23290  4472  2890  8512  4472  6927   848  2890  2445  4472
  2677 56931]
22 [12049 10050  3416 11211 11120  6390    85 56940 12407 19682 56940 56932
 10621  1402  7427  7520 11148  6151 10912  8493 11851  4472  1242  1925
  8826 11211 11120  6614    85 56940 10124 10291 15232 56940 56931 56945
 56945 56945 56945 56945 56945 56945 56945 56945 56945 56945 56945 56945
 56945 56945]
16 [11372  5804   465 11372  5224 12754   821 13607  3260 13171 10067 56946
 56940  4518 56932   373  6226  4518 56940 56931 56945 56945 56945 56945
 56945 56945 56945 56945 56945 56945 56945 56945 56945 56945 56945 56945
 56945 56945 56945 56945 56945 56945 56945 56945 56945 56945 56945 56945
 56945 56945]
19 [ 5224  9243  6690  1717  9840 14496  6151 11120  1562  4472  3740  5574
 56932  6197 11211  5226  9379  8445   865  8089  5226 11120 12101 10621
 10291  5224 12687  2370  5804 13358  8503  4472  8025  1240  7494 11211
  5014   375 56932 10291 11122  7082  7494 13171  3615  3667 13532 56931
 56945 56945]
0 [ 6226  5240  8884  4472  7626 55368 10621 34838 56946  5226   424  7238
 17894 56932  7973 10621  8041 56932 11211 12764 14190 11372  8262 11372
 16185 56932 11673 14754 14915 24105  4472 30659 56931 56945 56945 56945
 56945 56945 56945 56945 56945 56945 56945 56945 56945 56945 56945 56945
 56945 56945]
9 [11120  5073  4837  5226 11396 11211 56940  3572 18387    19  1004  2370
  5224 14358 56940 56932 56940 13732 48096  5224 56942  4562  5224 14555
 11143 14631 56940 56932 56940 11120  6395  5331  5224  9084 56946  8085
  8677 56940 56931 56945 56945 56945 56945 56945 56945 56945 56945 56945
 56945 56945]
0 [ 8493  1004 36870  5224 13344  3676 56932  2044 11211  2403  5804  2060
  5226 15276  4472 11120 10365 56932 10291 15185 11120  8467  4472  5804
 24880  6151  5804  3837  1305 56931 56945 56945 56945 56945 56945 56945
 56945 56945 56945 56945 56945 56945 56945 56945 56945 56945 56945 56945
 56945 56945]
1 [ 5226  8857  1602 56932  5224  4760 12826 11211  7537  5240 56940 14931
 11813 14807  4472 15564 56940 11120   779  4472  6387 56932 11211  1358
 13371  2776 12033  4472 11120 12596  4161  1231  7561 56932  5226  8853
  4472 56942 56931 56945 56945 56945 56945 56945 56945 56945 56945 56945
 56945 56945]
17 [ 4151  7047  4472 13579  5207 50669  4151 14596 15003 11211 56946 16129
 11211 11120  7645 12764    65 11372  3758 11372  5095 56932 11211  8946
  8493 34455 56931 56945 56945 56945 56945 56945 56945 56945 56945 56945
 56945 56945 56945 56945 56945 56945 56945 56945 56945 56945 56945 56945
 56945 56945]
37 [ 5224  5071    85  1231  4348 10291 35704  5804 15611   620  4472  5935
  9254  5226  5224  6319  5692  2861 56940 11526 44074  5224   653 10621
  3572 56932  5224 14124  4562  5804  3204  4293 56932 10621  5488  6655
 10611  1168 56940 56931 56945 56945 56945 56945 56945 56945 56945 56945
 56945 56945]
10 [12297 12297  5226  1490 13440 56932  5992  7494 10267  1004 13171  8725
  5226 11120 12031  4549 56931 56945 56945 56945 56945 56945 56945 56945
 56945 56945 56945 56945 56945 56945 56945 56945 56945 56945 56945 56945
 56945 56945 56945 56945 56945 56945 56945 56945 56945 56945 56945 56945
 56945 56945]
49 [ 5226  1231  1602  4472  4428 56932  5804 14798  5067 56946 10621 11581
 56946   736 11120 56940 43286    93 56940  4472 11211  1240  2745  5144
  1880  4472 10577 10621  7556  5432  2370  4472 11120  2591 13396 11120
  7198 12743 11211  1240 11117 56946  5226 21660 56932 13396 11122 11211
 12764 11117]
15 [ 5224 11390   501  5226  1723 56932  8748 12757 56932 10376 12948  5226
 10792 11211 56932  8493  1004  5224  5234  4817 11513 13952  7780  9002
  7665  6151  1231  6319 56932  5224   653   501  7494 56940  1379  7425
 56940  5226 12836 13822 12336  4562  1723 56931 56945 56945 56945 56945
 56945 56945]
17 [ 5224  6604 32852  1240 56946  5226  5804  3846  3496  4472   626  4472
 10766 10621  1240 56946 13371 14914  5226  4151 18529  7657 10291  8593
 56931 56945 56945 56945 56945 56945 56945 56945 56945 56945 56945 56945
 56945 56945 56945 56945 56945 56945 56945 56945 56945 56945 56945 56945
 56945 56945]
3 [ 1670 19883  4472  1261  5224 12120  5769  4472 11120 14693 56942 56932
 11120  7253 11211  4161  4550 13074 13588  6151 11120  7079   669 56931
 56945 56945 56945 56945 56945 56945 56945 56945 56945 56945 56945 56945
 56945 56945 56945 56945 56945 56945 56945 56945 56945 56945 56945 56945
 56945 56945]
14 [ 5224  9591  4472 11211  1231  3852 12764  1240 40445  4161 12948 12675
  9999 11211 12407  3361  8155 56946  1925  1087 56931 56945 56945 56945
 56945 56945 56945 56945 56945 56945 56945 56945 56945 56945 56945 56945
 56945 56945 56945 56945 56945 56945 56945 56945 56945 56945 56945 56945
 56945 56945]
22 [ 5804  5379  3982 11211 56932  8509  9379  5137 56932 56940   746  4449
 13961  8849  4562  5224 12684  4472 11211 11120  9849  4210 15107 11120
 14088 56940 56931 56945 56945 56945 56945 56945 56945 56945 56945 56945
 56945 56945 56945 56945 56945 56945 56945 56945 56945 56945 56945 56945
 56945 56945]
0 [13441 13478  8908   253  4472  8493  3287 22172 56931 56945 56945 56945
 56945 56945 56945 56945 56945 56945 56945 56945 56945 56945 56945 56945
 56945 56945 56945 56945 56945 56945 56945 56945 56945 56945 56945 56945
 56945 56945 56945 56945 56945 56945 56945 56945 56945 56945 56945 56945
 56945 56945]
10 [56938 10621 13933 56932  5534  1396  6205 46325 56932  7105 13171  9023
 10621 24269 56939 56945 56945 56945 56945 56945 56945 56945 56945 56945
 56945 56945 56945 56945 56945 56945 56945 56945 56945 56945 56945 56945
 56945 56945 56945 56945 56945 56945 56945 56945 56945 56945 56945 56945
 56945 56945]
31 [13371 12024 15348 11120  4356 12764  1240 12932  4562 56946 56932  5534
 11117  6122 11149 11117   474  5013 13371  5121  4472  2208 12015 15201
  2861 12672  5267 10621 11211 12015  4526  1379 13132 56931 56945 56945
 56945 56945 56945 56945 56945 56945 56945 56945 56945 56945 56945 56945
 56945 56945]
4 [13396 11674 56932  1233  9198  7703  1009  4472 11120 14088 14238  4472
  2591 56946 56932  7703  3969  1379  4472  1231  9630  1661 56932  6956
 10621  7945 56931 56945 56945 56945 56945 56945 56945 56945 56945 56945
 56945 56945 56945 56945 56945 56945 56945 56945 56945 56945 56945 56945
 56945 56945]
17 [13396 11674 56932  1233  9198  7703  1009  4472 11120 14088 14238  4472
  2591 56946 56932  7703  3969  1379  4472  1231  9630  1661 56932  6956
 10621  7945 56931 56945 56945 56945 56945 56945 56945 56945 56945 56945
 56945 56945 56945 56945 56945 56945 56945 56945 56945 56945 56945 56945
 56945 56945]
32 [ 5224 56946  7198 10703 56932  9000 17589  1148 14802 56933  5224  5738
 56932 53746 10621 56946 13371 14914 13396  5804 22334 11211 11236  4472
  1231 56946 56946 56932  6950  1240 18541  6151  1168 12675 10621 12764
 37879    13 12479 11211  5224  4472  1231 12759  8284 56932 11372 14102
    19 13277]
48 [10621 11122 18983 10067  3612 56932  5240 14503 30346 56932  4562  2890
   804  4472  6480 12297 56946 12297 56932  6260  4472  7167 56932 33177
 56932 14931 13171 56946 10291  5224 11995 11211 14923 56946 19006  4472
  5095  4472 31118 10621  5224  2932  6151 11211 56932  4472  5000 56932
 11117  6502]
29 [ 8493 35433 56932  2890  7360  5683 56932  8493   176  4472 33699 56932
  8493 19166 55806 56932  2890 56946 56946 56932  2890 36363   848  8493
 10506 19223  4472 15743  1340 12407  9198 11211  1000 10611  1168  5226
 11122 11211  1240  1626  6151  1231 30862  4472 14028 13344  6151  4151
 37709 32161]
34 [ 8493 35433 56932  2890  7360  5683 56932  8493   176  4472 33699 56932
  8493 19166 55806 56932  2890 56946 56946 56932  2890 36363   848  8493
 10506 19223  4472 15743  1340 12407  9198 11211  1000 10611  1168  5226
 11122 11211  1240  1626  6151  1231 30862  4472 14028 13344  6151  4151
 37709 32161]
16 [12297 12297  5240  1925  3472 12297 12297 15201  5224 56946 12297 12297
 56933 11211 13386 16336  8493  1004 56932 26331  6221 11120  7626 56931
 56945 56945 56945 56945 56945 56945 56945 56945 56945 56945 56945 56945
 56945 56945 56945 56945 56945 56945 56945 56945 56945 56945 56945 56945
 56945 56945]
38 [13498 56932  6151 11120  8819  4472 11120 14364  4472 24866 10621  4472
 11120 16276 10067  7425  9696 13396 11120  6471  5226 10644  1702 56932
  1240  9840  5307  4562 54264  6151 11120 14850  4472 11211  2087 11211
  4212 10611  1168  6151  4151  9209 13229  4472  6471  5240 12297 11120
 17082 10067]
26 [ 8596 11122  9490  4492  4746  4472  1231  5879  4562  5224  1405  4472
 29059  4472 12672 11211 12764  8946  7247 56932 10621  9490  5492  5224
 43844  4472  1168 12673  1925  4201 11211 12764 17667  5224  8870 20034
 13396  9068  5000  6151  5804 10229  3861 56932 10621   151 13396  9394
  5137  4562]
2 [12764  5240  9198 56931 15938 56945 56945 56945 56945 56945 56945 56945
 56945 56945 56945 56945 56945 56945 56945 56945 56945 56945 56945 56945
 56945 56945 56945 56945 56945 56945 56945 56945 56945 56945 56945 56945
 56945 56945 56945 56945 56945 56945 56945 56945 56945 56945 56945 56945
 56945 56945]
9 [ 5804  8346 27556 10067 26031 10621  5804 16595  1633  1168 56932 43673
 12937 13822 14862  5226 11120 35228   627  4472 52047  1231  8435  8374
 56932  4161 11211 13822 11210  7829  6151 51498 14931    52 15328  6151
 56946  5226  3260  5224 48175  1432 11211 56946  5224 23921  5179 13974
 56931 56945]
17 [ 8596  3686 29511 56932 14260  9490 13651  5226  5224  7966 56932 10621
 14931 11744 12171  9490  6229 56946  1633 13822 10664 56932 13732 56932
  5806 56932   119 56932   494 18672  8493  1004 56932  1925  1242 56932
  8493 12921 16635 56932  5534 11120 14851  1240  8057 37077 56931 56945
 56945 56945]
