29 [ 8509  5224 15120 56932  5224  9230  4472  9121  2203  6151  2478  5804
   352  4472 11120  3737  2370  7178 10621 11979  4472 17299 12937  4151
  1746 11211   746  2729  5226  8998 10722  4472  4151 15461 56946 13396
  5224   653  4472 11170 56932 13371 11120 17264  4472 56946   848 11120
  7442 56940]
27 [11120  7833  3727 56932  9914  4472  4565 56946 10621 13219  4472  4151
  1228 56932  5466  1925 12297 56946 12297 56946 10621 56946  8204 11211
  7780  2729  5226 14390 11120 12767 11211  5207 56946  4562  1231  5933
  4472 56946 10621 56946 56932  4472 13388 10621  2295 56932  4472 10127
  3395  6151]
