15 [11120  9745  2775 56946 56946  5147  5224  9544 11211  7780 15328  6151
  2890 14399  4472  1242 10291  1231   990  4562 11120  9694 56946 11211
  4319  5224 12328  4472 56942  8849  4472 56946 13396 10267  8493  4472
 11120  9745 50633 56931 56945 56945 56945 56945 56945 56945 56945 56945
 56945 56945]
2 [ 1925  8871 56932 13280  2890  2689 56932  5804 12357  9246  5226 11120
 12673  5404 56931 56945 56945 56945 56945 56945 56945 56945 56945 56945
 56945 56945 56945 56945 56945 56945 56945 56945 56945 56945 56945 56945
 56945 56945 56945 56945 56945 56945 56945 56945 56945 56945 56945 56945
 56945 56945]
6 [ 5226  8689 56932  5224 15120  7956 14914 12761 12764  7780 11624  1969
 56931 56945 56945 56945 56945 56945 56945 56945 56945 56945 56945 56945
 56945 56945 56945 56945 56945 56945 56945 56945 56945 56945 56945 56945
 56945 56945 56945 56945 56945 56945 56945 56945 56945 56945 56945 56945
 56945 56945]
1 [ 1925 15168  3245  1240 37737 13716 11360  4472    97  4472 22828 56932
 56946 10621 56946 56931 56945 56945 56945 56945 56945 56945 56945 56945
 56945 56945 56945 56945 56945 56945 56945 56945 56945 56945 56945 56945
 56945 56945 56945 56945 56945 56945 56945 56945 56945 56945 56945 56945
 56945 56945]
33 [ 9000  5217 11211  1240  3159 11211  1231 10773  3474  7494  3753 13010
  4472    52  1100 56946  5226  5224   887 56932  5804 13171 56946  1340
 11120  7811  2612 10291  4201 11211 13290  5240  4472 10409 56932 11372
  5226  5224  1702  4752 11372  4550 56931 56945 56945 56945 56945 56945
 56945 56945]
16 [14016  7462 10067  8876 56946 10067  9541  9000 56932 12889 11372  4855
  1132  6151 17854  6151  3252 56932 15574  4188  8108  5226  5224  4667
  4562  4188  7057  5226 11120  4953  4472 11120  4988 56931 56945 56945
 56945 56945 56945 56945 56945 56945 56945 56945 56945 56945 56945 56945
 56945 56945]
6 [12297 12297 56936  4125 15004  6151  6226 56937 12297 12297 56931 56945
 56945 56945 56945 56945 56945 56945 56945 56945 56945 56945 56945 56945
 56945 56945 56945 56945 56945 56945 56945 56945 56945 56945 56945 56945
 56945 56945 56945 56945 56945 56945 56945 56945 56945 56945 56945 56945
 56945 56945]
24 [ 1925  4877   151 12672  4472 32170  4562 22061 27423  5226  4151 11211
 56946 10291  5224  2523   510 10621 16293 10291  5224  1056  6232  6151
  1601   752  4472 14184  5226  2415  6151 13822 11360 56931 56945 56945
 56945 56945 56945 56945 56945 56945 56945 56945 56945 56945 56945 56945
 56945 56945]
1 [13396    19 12135 56932 15648 11211 11120  4194  4472  2955  1756  6151
  8782  1240   582  6151 11211  1231 12754 10569 56932  5224 56946 56932
 17436  5226  7898  5318  4562  5224 25011  1756 56932    13 10569 11211
  7053 17906 13767  5226 56942 56931 56945 56945 56945 56945 56945 56945
 56945 56945]
8 [ 4151  2131 19721   290  5224 56940  2641  5226  6226  5224 11078 56940
 11211  5224  6516 10067  7581  4188  2610 56932  9823  4472  1651  8953
 36299 56932  8902  6151  2135  6151 15099  4472 14724 56931 56945 56945
 56945 56945 56945 56945 56945 56945 56945 56945 56945 56945 56945 56945
 56945 56945]
19 [ 7940 56946  7780  8806  5224 14399  4562  8468 10621  7780  7581  3450
  6151 11120  4687 56940  4472  1242  6151   273 56940 56932  8212 56946
 56932 11211  1240  6980 14260   424  9591 56940  7780 14069  2890 13305
  3510 56940 13974  4472 11120  9745 56931 56945 56945 56945 56945 56945
 56945 56945]
26 [ 4562 15058  6151 11120  4687  4472 13760   848   990  4472  4611  2551
  6862 15501 56932  5224  2792 11499 11211 56940 12764  5850 20509  1009
  3260  1925 15058 56932  6197 11211 10267  8503  5240 12407  7376  4472
  7099 13371 18557 56933 12764  2451 12015 11073  5224 15623  4472  5804
 56940 56851]
16 [ 5224 10778  4472  5804  4976 56932 11120 13362 56932 49245 14203 10621
  4670 10291  8959  4472 11765  4161  5224  7261  8057 11211  1231  5329
  8291 11120  7811  4472 11122 11211  1240  4868 10067  2689 56942 10621
 12407  3058  4472 14234 15083 11211  1240 49077  8448  4472 56942  7961
 56931 56945]
30 [14735  1240 56946 10621 56946  4562 11120 12767 10621  5224 13741 26430
  4472  8328 10291 11184  6151  5489 11211  1240  4716 14931 11921 10291
 12049  3479 14931  4323  9000  5226 11765 56932  1633  5224 27908  4472
  5804  9163 56931 56945 56945 56945 56945 56945 56945 56945 56945 56945
 56945 56945]
20 [ 5804  8373 15261  1240   746 13771  6151 56946  1925 56942 13396 14108
  4472  5804  8424 56946 56932 11211 56932  5226  2890  1242 56932  8540
  4888  1925  6519  9666 56931 56945 56945 56945 56945 56945 56945 56945
 56945 56945 56945 56945 56945 56945 56945 56945 56945 56945 56945 56945
 56945 56945]
1 [ 5226  4065 56932  1240  5145 56942  7823 56934 56942  1925 11950 56935
 56931 56945 56945 56945 56945 56945 56945 56945 56945 56945 56945 56945
 56945 56945 56945 56945 56945 56945 56945 56945 56945 56945 56945 56945
 56945 56945 56945 56945 56945 56945 56945 56945 56945 56945 56945 56945
 56945 56945]
8 [ 4472 13030 11211  5217   420  1362  4693 10067  3719  9299 56932 17318
 10621  6967  4472  1335  4472  6221  1884  6105 56946 56932 16775 11120
  3939  4472 14694 11345  7012  5226  5804 56946  4472 11120 14774 56931
 56945 56945 56945 56945 56945 56945 56945 56945 56945 56945 56945 56945
 56945 56945]
13 [ 6197  5240  4000  4472 11211  5804  4293 56932 13478  5226  9823 10621
 14931   374 56932 10396  5226 11122 13171  3093  4472  1231  2529 11120
 11752 11211   805  1925 16137  6151  6226  2890  6319 11211  7780  2729
  5226 13822  4756 56932 10611 11646 17358 56932 11120 14299  4472  1231
 10977 10621]
28 [ 5224 14357  4472  3293 11979 11122  9021  4562  4151  2762  1925 20233
  5226 10644  6319  4472 56940  2890  9591 45038 10291  5224 10042  4472
  1723 10621 56932  7956  6226 56932 10067   653  5769 56940 56931 56945
 56945 56945 56945 56945 56945 56945 56945 56945 56945 56945 56945 56945
 56945 56945]
4 [ 5804  1046 12289  1925  4323 10621  5224 12270  2669 14931 10850 11372
 10758 56931 56945 56945 56945 56945 56945 56945 56945 56945 56945 56945
 56945 56945 56945 56945 56945 56945 56945 56945 56945 56945 56945 56945
 56945 56945 56945 56945 56945 56945 56945 56945 56945 56945 56945 56945
 56945 56945]
26 [  928 56932 15648 56932 56940  7494  2890 14399 12407 15916  4562  5224
  2693 56933 11120  9893 10478 10621  5224  3835  5769  7364  1240 19220
   264  1925 41555  4562  5224  3835  5769 15164 56934  7843 56935 13371
 11122 11292  9784  4562  5224 56946  5217 13280 56942  5137 56932 13396
 11122 13554]
12 [ 5224  9230 12624  4472 14299 56932 15082 56946 56932 11499 56932  6151
  1231  1004 56932 11211  5224 14399  4472 46989 11562  1452  2890  5589
  1601  4472  9540 56932 12889 13382 11211 56932  6151 11120  7440  4472
  5804  5470 56932 11120 12135 11211  4807  1925   667  4472 14233  7709
    52  8109]
3 [56940 15083  4472  6226 56932  5240  2890  1651 56946 10621 12764 15394
 13126 11122 11211 10501  5226 14233 56940 56932 15201 56945 56945 56945
 56945 56945 56945 56945 56945 56945 56945 56945 56945 56945 56945 56945
 56945 56945 56945 56945 56945 56945 56945 56945 56945 56945 56945 56945
 56945 56945]
8 [ 9000 10722  1746   365 11211 11674 12764  5240  1748 56932  7868 13002
 14642 15499 56931 56945 56945 56945 56945 56945 56945 56945 56945 56945
 56945 56945 56945 56945 56945 56945 56945 56945 56945 56945 56945 56945
 56945 56945 56945 56945 56945 56945 56945 56945 56945 56945 56945 56945
 56945 56945]
24 [  425  6297  1240 11696  6151  5804 56942 11804 11211  7494  1076  8196
  5224  7901 13396  5224  1079  4472 14821  9536 10621 11211 11033  1925
 12675   273 56931 56945 56945 56945 56945 56945 56945 56945 56945 56945
 56945 56945 56945 56945 56945 56945 56945 56945 56945 56945 56945 56945
 56945 56945]
4 [ 7645  9071 18590  5226 15107  5226 11120  5769 56931 56945 56945 56945
 56945 56945 56945 56945 56945 56945 56945 56945 56945 56945 56945 56945
 56945 56945 56945 56945 56945 56945 56945 56945 56945 56945 56945 56945
 56945 56945 56945 56945 56945 56945 56945 56945 56945 56945 56945 56945
 56945 56945]
10 [11120 10043  4472  8493  9709 33504  4472 14378  5056  4472  8476  5240
  8493  4641 11584  5217 13280 13171  4472 56942  5137  4472  4151   733
  4472   425  4932 49630 56931 56945 56945 56945 56945 56945 56945 56945
 56945 56945 56945 56945 56945 56945 56945 56945 56945 56945 56945 56945
 56945 56945]
26 [ 5224  6519 15907 14524 18066 56932  5234  6516  4472 11120 11602 56946
  4472 20120 56932 15201 11211 56940 47496 11211  1469  1452  3693 13371
  9893  4472 12328 56940 10621  2332 56940  5224 29399 11211 56946 10267
  1004 11211  1240  3484  5224 15623  4472  4151 10531 56940 56931 56945
 56945 56945]
11 [ 5224 12675 12337 11211  1240  6125 10291  9701  4151  3062  4472  8427
   848  4472 11757 56932 10621 11211  4550  1240 35131  3245  4562  5224
  2693 56932  4562  8493 22621 11211  5240  8503  4472  5804   234  7811
 33568 13396  5224  9429 56931 56945 56945 56945 56945 56945 56945 56945
 56945 56945]
14 [ 5224 12675 12337 11211  1240  6125 10291  9701  4151  3062  4472  8427
   848  4472 11757 56932 10621 11211  4550  1240 35131  3245  4562  5224
  2693 56932  4562  8493 22621 11211  5240  8503  4472  5804   234  7811
 33568 13396  5224  9429 56931 56945 56945 56945 56945 56945 56945 56945
 56945 56945]
3 [ 5217  5280 56932  9198   848  3260  1340 11211  1000  1996 22502  1661
 10621  1996 25215 12033  4562  5804  4472  5513  1384   848 14524 56946
 56932 13371 12764 15145  5224  4339  4561  4562 11120  7182 10621 11673
 12360  5226  5224 10620 14802  4472 11211 56946  6574 10621 11211 10267
 11950  2986]
17 [ 2890  3612  4472 20513 10648 17609 56932 42415  5595  5226  2972 11211
 11117  4105 54001  6151 13441  6226  5224  1926 56932  2890 22961   504
 10621 11531 56931 56945 56945 56945 56945 56945 56945 56945 56945 56945
 56945 56945 56945 56945 56945 56945 56945 56945 56945 56945 56945 56945
 56945 56945]
37 [15083 10067 12679  7759  4472 11120  2809 56946  1132  5224  7347  1540
  4472 56946 56932 10621 13371  9379  8373 56932   473 10621  6256 56932
 14811 12758   425  1578 56932  5240  8931 11211  1240 31241  4562  8025
  1925  7261 56931 56945 56945 56945 56945 56945 56945 56945 56945 56945
 56945 56945]
3 [ 9000  5534  6151  2814  1240 14273  3641 14213 10621 15564  5534 13831
  6151 11932  4472  3612 56932  5207 56946  3104   683  6151 10025 56931
 56945 56945 56945 56945 56945 56945 56945 56945 56945 56945 56945 56945
 56945 56945 56945 56945 56945 56945 56945 56945 56945 56945 56945 56945
 56945 56945]
27 [ 4472  9591 56932  1240   746 13771  2983  3316 14931  1856  9384   919
 56932  6197 11211 11120 11066  4472  3132  5226  5804  2164 56934 11122
  7082 56932 13396    19 12135 56932 15394 13280 12407  5539 10291 13822
 13331 56932   830  4472  7415  3494 10291  1231 10139 56935 56932 10621
  4151  4441]
25 [ 6151  2890  2444  4144    44    13 56932 10621    13 13171 56932 56946
  5226   932  5804  4533  4472 11120 12759  7626 56932  5226  8493  2928
 14931   273 56933  5226  8493  2507  4472   545  4472  4151  6144  5226
 11120 11211 11597  8865 10267  1004 13171 10621 13171 13627 56931 56945
 56945 56945]
8 [ 5224  8987 13803 11211  1240   373 13218  5226  6226  5224  1926  5226
  5224  5351  4472  9379   453  4521 56932 14662  3245  5226 10644  6319
  4562  1414  4472 11791 10038  5226 12424  6467 10621  5226  5224 13368
 56931 56945 56945 56945 56945 56945 56945 56945 56945 56945 56945 56945
 56945 56945]
