1 [ 8734  4518 15376  6151 11631 56931 56945 56945 56945 56945 56945 56945
 56945 56945 56945 56945 56945 56945 56945 56945 56945 56945 56945 56945
 56945 56945 56945 56945 56945 56945 56945 56945 56945 56945 56945 56945
 56945 56945 56945 56945 56945 56945 56945 56945 56945 56945 56945 56945
 56945 56945]
21 [ 5804 15646 13526 11211  5224  9185  5226 11120  6098 10468  6151 15276
  4472 56940 40019 56940 56934 56946 56935  1240   582 56932 10996 56932
  1925 14384 16500 10611  1231   611 10621 11120 10067 11211   375  2792
  5217 11120 10365  4472  9515  4472 11120 15386  7430 15512 13346  5226
 56942 56932]
2 [56946  6667 19391  5226  2627  4472  7261  1925 12835 10067  9541 10611
  5224  8984  4345  1725 10621  5224 12796 56946 35396 56932  9283  7381
 10067  1926 56932 10621  5224   821 11211 13171  3153  7780  5788   424
  2689 56934 56942 56935 56931 56945 56945 56945 56945 56945 56945 56945
 56945 56945]
35 [ 4472 14399  4562 11673 15117 56932 11120  1120 56946  4472  2890 23289
  4472 14564  8368 56932 17774  4562  5224  4136  4472 56940 56946 56940
 10621 15111  4472  9514 56942 10440 56932    85 11122 11211 29247  6151
 29668  1925 56940 39584 56940 56931 56945 56945 56945 56945 56945 56945
 56945 56945]
24 [  340  2861 56946 56932 56946 56932 29959 56946  5226  5224  1229 15949
 56932  5224 11629 56946  5226  5224  2175  4472 56946 10621  1240  3645
 17657 56933 56946 56932 56946 56932  3951  6894 56932  4472  8303 56932
 15023 11066  4472 41017  7956 54916 56931 56945 56945 56945 56945 56945
 56945 56945]
28 [13396 13676 56932  5224 13576  6695  1240  8944  6151 11120  7092  4472
  8493 14988  4472  4391  4472 11120  3077 56946 56932 56940 11122 11211
 12764  1240  7709  8606 10380 56940 56932 10621  6299 11211  5226 11122
 11211  1240  1626  6151  5804 13767   848 13857  4472 15446 11211  1340
  5488 14729]
21 [ 5226  1490 13440 56932 11120  3561  5240  2890  4518 46357 56932 10621
 56932 13371 18557 11211  4151  6978  1240  1396  2571 19560 56932 11120
  2142  5207  7780 12351  4472 11120  6272 11786 13371 10291  4425  3561
  7671 56931 56945 56945 56945 56945 56945 56945 56945 56945 56945 56945
 56945 56945]
