40 [  671 11211  1833 56942   340  5226 11120  1578 56932  9028 12010  6151
 11211 11718 11120  7261   583 56932  5226 11120 11211 13822 13171  8407
  9094  5224  1218 56946 10621  5224  5347 12606   971 56932 12049 10067
 14628 56932 14447 14915 14315 56942 10621 56942   340 56932  8170 56932
 10621  4938]
24 [ 5804 11699  4472  4472 11120  2591   736  2861 56940 10644  6319  5240
  5224  7217 16537 10621  2106  3828 10644 16048   373 39329  8148 10621
 53970 10621  4472  3828 12171 56932  5226 11813  3719 10621 13450 56932
  7780  9591  5224  8870  5858  4472 56946 56940 56931 56945 56945 56945
 56945 56945]
