7 [11120 14753 56946  9761 13396 11120  1527  2106 10621   676  4151  7374
 51512 10291 42557  8493  7182  2833 56932  6205 13371 11216  4151  9876
 11211  1831 11120 13902 10067 14679 56931 56945 56945 56945 56945 56945
 56945 56945 56945 56945 56945 56945 56945 56945 56945 56945 56945 56945
 56945 56945]
46 [14315  5226 11120  9868  4472  1231  7415 13439 56932  1240  7997  6151
 11358 48803  7363 51726 15794 13502  4151 12850 18416  5226   587 11211
  4473  1231  7132 12297 12297  4246 13396 11120  4836 10067 11239 56932
 56946 56946 12297 12297 56932  8493 29743  4006  4472  2260 56946 56931
 56945 56945]
20 [ 5224 11390  9243  5226  1723 56932  3959 11486 56932   730 11211 11120
  5908  5226 11791 10861  5466  6151 11120  9819  3682 10621 14576 11120
   618 10611  1723 10621 12379  5452  5226   424  4667 56932 56946  5226
 13043 15488 56931 56945 56945 56945 56945 56945 56945 56945 56945 56945
 56945 56945]
21 [11120  9745  2775 56946 56946  5147  5224  9544 11211  7780 15328  6151
  2890 14399  4472  1242 10291  1231   990  4562 11120  9694 56946 11211
  4319  5224 12328  4472 56942  8849  4472 56946 13396 10267  8493  4472
 11120  9745 50633 56931 56945 56945 56945 56945 56945 56945 56945 56945
 56945 56945]
3 [ 4693 10067 56946  7261 56932 10621  4562 11120  7261 28577 56932  6197
 11122  8057  4562 11120  7195  5226  8493 16348 10067  4667 56931 56945
 56945 56945 56945 56945 56945 56945 56945 56945 56945 56945 56945 56945
 56945 56945 56945 56945 56945 56945 56945 56945 56945 56945 56945 56945
 56945 56945]
20 [ 5224 13893  4518  9591  1548 33882 10621 56932 12764  5226 13676 15168
 56932 11617  6373  1362 10067 11950  4472 13229 20563 10621 18110 32143
 56931 56945 56945 56945 56945 56945 56945 56945 56945 56945 56945 56945
 56945 56945 56945 56945 56945 56945 56945 56945 56945 56945 56945 56945
 56945 56945]
2 [ 5226  8898  1506 13261 11120  5844  5276  1597 11120 14206  4472   710
 11120 15399 10621 14184  5226 14390  2890  8614  4472 11106 10621 12456
 10291  4151   253  4472  4151  8072  5226 11120  6549  4472  8898 11192
 56931 56945 56945 56945 56945 56945 56945 56945 56945 56945 56945 56945
 56945 56945]
35 [ 5226  8898  1506 13261 11120  5844  5276  1597 11120 14206  4472   710
 11120 15399 10621 14184  5226 14390  2890  8614  4472 11106 10621 12456
 10291  4151   253  4472  4151  8072  5226 11120  6549  4472  8898 11192
 56931 56945 56945 56945 56945 56945 56945 56945 56945 56945 56945 56945
 56945 56945]
6 [13396  1231 12135 56932 11120 12815  5432  7780  3860  5217  5224  1242
 11120  2725  4660 11211 15331 56946 10621 10700 13371  2740 10621 14564
 14557 56932 10611 10025 56932  1396  6151 11120  9028  4472 11211  5804
   508  9444  9475 10291  6188 12453  2370 11835 13396   782 11120 20732
  4472 11120]
15 [13290  5924  4472 56940 14957 56940 56932 13290 11606 54850  2890  4200
  3196  6151 11120 25108 12973  4472 14778  9775 56931 56945 56945 56945
 56945 56945 56945 56945 56945 56945 56945 56945 56945 56945 56945 56945
 56945 56945 56945 56945 56945 56945 56945 56945 56945 56945 56945 56945
 56945 56945]
9 [56946 56932 56946  5226 11316 12440  5226 11120  8200  5043 56932  1240
  8057  9482  4472 11120  8364  5871 56932 10621 21070  1240 39463  6151
  8574 10621  6151 13386  1240   981 13396 10363 56931 56945 56945 56945
 56945 56945 56945 56945 56945 56945 56945 56945 56945 56945 56945 56945
 56945 56945]
38 [ 5240  9918 11211 56932  6151 11120 12623   848  6151 11120  2038 56932
   425 13455 37077  6667 11211 22742  5226  8493 11851 12031 10621 11211
  5666  6950  6021 31910  5226  5224 38507  4472  8493  5500  1903  6151
 11120 13553 56946 56931 56945 56945 56945 56945 56945 56945 56945 56945
 56945 56945]
3 [56946  5804 56942 11026  4585  4700  6151 54314 10291 20439 10333  5226
 11120 13870 56932  5231 22662 56932  2762 10621 11263 14210  4562 14304
 10414 56931 56945 56945 56945 56945 56945 56945 56945 56945 56945 56945
 56945 56945 56945 56945 56945 56945 56945 56945 56945 56945 56945 56945
 56945 56945]
11 [ 5224 13723  6059  2944 10268 10067 56942  1925 56942  4472  8289  4185
  5226  5224  3086  4472  1324 56931 56945 56945 56945 56945 56945 56945
 56945 56945 56945 56945 56945 56945 56945 56945 56945 56945 56945 56945
 56945 56945 56945 56945 56945 56945 56945 56945 56945 56945 56945 56945
 56945 56945]
10 [56940  3315  6090  4472 21493  4472 10977 10067  3612  3733  8310  4472
  2740  8509  5804  4679  4472 13732 56932 11122 11211 12764  7494  3260
 11211  1000  4562 11120  8069 56940 56932   668  5224  3430 56931 56945
 56945 56945 56945 56945 56945 56945 56945 56945 56945 56945 56945 56945
 56945 56945]
17 [ 5224 13437  4472 56946 14691  4472 11211 13171 10067 56942 13396 14108
 10067 10511  2598  6151  4025 12764 22585  6862 38664 56932 11122 11211
  6913 56932  7868 13822 12314 56932  2890 18777  4638  4472  5609 52140
  4472  5699 56932 10621 11020 11211  1723 12764 56946 13171 11120  5430
 12725 56932]
21 [11120 10957  4472  5734  4472  4821 10621  5723 56946  7780  4529  5226
  8756  6151  5804  9135 13171 15612  4472 11120 24131 15161 56932 56946
  5226 14040  8493  2507  4472  8144  3735  1633  4151 10267  1004 13171
  6625  4160  9254 10611  5804 10624  4472 11120  8368 25096 10621 13822
  4733 56931]
45 [11120 10957  4472  5734  4472  4821 10621  5723 56946  7780  4529  5226
  8756  6151  5804  9135 13171 15612  4472 11120 24131 15161 56932 56946
  5226 14040  8493  2507  4472  8144  3735  1633  4151 10267  1004 13171
  6625  4160  9254 10611  5804 10624  4472 11120  8368 25096 10621 13822
  4733 56931]
19 [ 8630  5240  9918 11120 11169 15583  4472  2658  4472  4821 10621  1231
 56946  4969  4472   928  4562  4151 21439 44092 10696  4472  1723 56932
 20645  4472 15252 56932 17934  4472  9161 10621  6810  4472  2919 56932
  5240  3058  4592 11120 13171  8484 27326 10611 56946  4472 15252 10621
   184  4472]
43 [56940 11120 10838 16630  4472  2890 56942 13396 14108  5226  5224  9283
  4472  5804 11621  7518  4472 56942 11070  5226 56942 15058  4472 56942
  5083  2890  8870  3242  4472 11621  6151 11120 56946 10621 56932 13396
 15398 56932  8493   657  4472  5804 11621  1608  8509  5224 56942 56940
 56932 56946]
19 [ 9939  4693  4472  1231 39617 56932 14016  2332  5224 14399 56932 11211
 23162    65 13371 12684 14875 11120  7465 21259 56931 56945 56945 56945
 56945 56945 56945 56945 56945 56945 56945 56945 56945 56945 56945 56945
 56945 56945 56945 56945 56945 56945 56945 56945 56945 56945 56945 56945
 56945 56945]
31 [ 5224  1827 10246  3667  4233  9920 56932 11211 12212  5226 11120 12613
  9107  4151  2314 56932   198  5451  6151 11120 11093 10241 56932    85
 10659 13396  1231 10056 10291 14254  5224  7950  1633  7874 10621  2370
  8774 56932 13706  6151  4151  9655  3736 13044  1925 56946 56931 56945
 56945 56945]
2 [ 5224  3793  5913  2443  5224  5003  4472 13488 14479 10067  5076 15275
  6418  6151 11120  2176 11303 11211  2049  5224  3612 56931 56945 56945
 56945 56945 56945 56945 56945 56945 56945 56945 56945 56945 56945 56945
 56945 56945 56945 56945 56945 56945 56945 56945 56945 56945 56945 56945
 56945 56945]
44 [11120 14889  1240 13851   217  1925 12956 10291  1942  1925   653  8984
 11211 56940 56946  4562  3572 56932  5226 15168  4472 12095 10413 15090
  4472 14678 56940 56932 10621  7882  6151  4151  6505 15147 11211 56940
  3245 13082  6151  8493 11851  3118  1925 15063  5692  5226 15168  4472
 56946 56940]
17 [ 6282 10463  6205  2913  1925  9591  4472 11211  5224 12033  3588  4721
  6151  5804  6242 10067  6319  6073  6151   782 13822 10802  2370  5224
  9541   924  9525 56934 56946 56935 10067  2309 56946 11774 56931 56945
 56945 56945 56945 56945 56945 56945 56945 56945 56945 56945 56945 56945
 56945 56945]
15 [56946 12567  1199   950  6151  6282 12297 13386 12305  1231  2928 12031
  5226 13035 10606 56946 56932 12889  7780  5254  1379 13822  8180 12297
 11211 12342  5240 56940 11120 13675 13480 56940  4472 13386  1064  3255
 56940   319  4472  7182 56940 56931 56945 56945 56945 56945 56945 56945
 56945 56945]
12 [11120  4816 12683  1346 12948 11211  5805  5226 15538  4472  2890 13723
  3237  4151 56942  1362  4562  8373  1046 56932  2890  5752 56932  8373
  1204  9758 10621  2890  3217 56931 56945 56945 56945 56945 56945 56945
 56945 56945 56945 56945 56945 56945 56945 56945 56945 56945 56945 56945
 56945 56945]
8 [12764  5240 14555 11211  2890 13723  4472  6415  2469  4562 14352  9630
  1037  8493 14693 11625  4472 12040 13845  6151 13478  5804 15244 56931
 56945 56945 56945 56945 56945 56945 56945 56945 56945 56945 56945 56945
 56945 56945 56945 56945 56945 56945 56945 56945 56945 56945 56945 56945
 56945 56945]
12 [ 5858 56946 56932   848  4518 13396 56946   848 14260 11968  4472  3765
  2941 56931 56945 56945 56945 56945 56945 56945 56945 56945 56945 56945
 56945 56945 56945 56945 56945 56945 56945 56945 56945 56945 56945 56945
 56945 56945 56945 56945 56945 56945 56945 56945 56945 56945 56945 56945
 56945 56945]
5 [56946  6151  4151 56942 10621  5611 10621  1894 14777  1362 56931 56945
 56945 56945 56945 56945 56945 56945 56945 56945 56945 56945 56945 56945
 56945 56945 56945 56945 56945 56945 56945 56945 56945 56945 56945 56945
 56945 56945 56945 56945 56945 56945 56945 56945 56945 56945 56945 56945
 56945 56945]
32 [  505 56932 13396  1231 12135 56932  8902  4151  8552 56940 13396 11120
 13734  4472    52 14069  2890  5071 32977  7956  6373  4160  4472  6098
 56940 56932 10621  5165  5224  1381  6151  5804 56946 56931 56945 56945
 56945 56945 56945 56945 56945 56945 56945 56945 56945 56945 56945 56945
 56945 56945]
30 [11120 11093   455  4472  5804  5341  2370  5804  2992  5226 56942  5137
  4716  5226  2890  8288  2218 56932  7868   424 26166 56932 13396 56940
  5224 10620  4472  5892  4472 56946 38578 11211  9347  8493 13400  4562
 10053  9094 56940 56931 56945 56945 56945 56945 56945 56945 56945 56945
 56945 56945]
37 [11120 11093   455  4472  5804  5341  2370  5804  2992  5226 56942  5137
  4716  5226  2890  8288  2218 56932  7868   424 26166 56932 13396 56940
  5224 10620  4472  5892  4472 56946 38578 11211  9347  8493 13400  4562
 10053  9094 56940 56931 56945 56945 56945 56945 56945 56945 56945 56945
 56945 56945]
2 [11120 13672  4549  2443 12948 11120 11058  3828  9490 11969  4472 29265
  5224 56942  4472  8289 56946  4472   481 18585 56931 56945 56945 56945
 56945 56945 56945 56945 56945 56945 56945 56945 56945 56945 56945 56945
 56945 56945 56945 56945 56945 56945 56945 56945 56945 56945 56945 56945
 56945 56945]
2 [ 5804  5137 56946   746  8192   979 10291 10922 56931 56945 56945 56945
 56945 56945 56945 56945 56945 56945 56945 56945 56945 56945 56945 56945
 56945 56945 56945 56945 56945 56945 56945 56945 56945 56945 56945 56945
 56945 56945 56945 56945 56945 56945 56945 56945 56945 56945 56945 56945
 56945 56945]
48 [ 8493  1004 13171 11120 12973 10067 56940 16037 56940   345  5226  5804
  8445 14213 10621 32564  1925  5606  7381  4472 13822 56942 13349  5226
 11120 10719 11211  7187  6151  5804  5037 56934 56946 56935  4562 11120
  8290  7838 14314 15083  4472    52  7581  6151  4151 15271  4472  8493
 14564  8600]
6 [56946    85  1782  4472 11120  1752  2194  4472 11120 56946  2893  9823
 10067 13893 56934  1489 56935  5226  5804  5137 56942 56931 56945 56945
 56945 56945 56945 56945 56945 56945 56945 56945 56945 56945 56945 56945
 56945 56945 56945 56945 56945 56945 56945 56945 56945 56945 56945 56945
 56945 56945]
22 [ 8212 11211  5224  7425  4472  8468  5240 13314  2861 56940 14099 11117
 14170  8244  5226  5224  4842  9923 10621  7613  8493  8110 15161 10621
 11117  1697  6226  2890 12002  8606  5226  1713  4472  7396 12241 56940
 56931 56945 56945 56945 56945 56945 56945 56945 56945 56945 56945 56945
 56945 56945]
8 [11120  7037  6151 11120 13287  5432  4472 11120  5066 16752  4692 56946
 56932 15305 13371 11120 56940 44510 11273 56940 56932 15083  4472  9394
  5137  5226  5224 41603 13396  1170 10906 56932  7780 56946  5224 11420
  4472  4110  8311  4472 35780 22433 56932  6226  2890  3082  5226  2740
 56931 56945]
18 [11120  7037  6151 11120 13287  5432  4472 11120  5066 16752  4692 56946
 56932 15305 13371 11120 56940 44510 11273 56940 56932 15083  4472  9394
  5137  5226  5224 41603 13396  1170 10906 56932  7780 56946  5224 11420
  4472  4110  8311  4472 35780 22433 56932  6226  2890  3082  5226  2740
 56931 56945]
42 [ 5224 14300  7814 56940  5224  6269 56940  5489 15228 11120  5329 13171
  3058  4472  1231  2928  7416  1925  2570 13396  4670 12059  5226 56942
   616  6151  1231  1703  6669 11581 14735  5226  5224  7330  4472  5804
  8263  5402 13144  4472  5804   916 56946 56931 56945 56945 56945 56945
 56945 56945]
34 [ 9000  6226   428 56932 15648  5224  7423 56932   582 11434  5226  5224
  7217    36 10621  4562 11120   618  4472 11120 12815  5432 56932 56940
  4472 14399  4562  5804 15099  4472 12764 21154  5226 13424 15359 56940
 56931 56945 56945 56945 56945 56945 56945 56945 56945 56945 56945 56945
 56945 56945]
45 [ 9631  7780  8192  8493  3680  4472   424  8370 15120 11211 56932  4472
 14399  4562 11120  1239 17219  4562 11211 11120 13870 12650  5620  9379
   177  5226 10442 56932  4868  7147  4472 56946  6151  8493  3174 11211
 46008 10267 11950 13171  4472 56942 11804  4472  7969  6252 56932  6950
  5226  5224]
35 [  217  5226 11950 56932 12764   753  5995 20197  4472 14914  4136 11211
 12764  2050  9394  7969  4472  5916 11690  3828  5224 13256 11122  6722
  6226 14931 11211 17490 19370  5856 11554  6151 56946  4562  8493 37077
  8786  6151  5804 14543 56931 56945 56945 56945 56945 56945 56945 56945
 56945 56945]
15 [56940  1240 26756 10291  8993  5226  5804 18774  4472 11120  7645 10067
  9809  4562  3391 56946 56932  6226  5224  1926  9142  1231  4136 10621
  9373  5403  4472 11211 12171 46364  5226  5224 18240 56940 56932 15201
 56946 56931 56945 56945 56945 56945 56945 56945 56945 56945 56945 56945
 56945 56945]
36 [ 5226  2890  5875  3268  4472 11120 56946  5224 56942  4472  5385  5226
  5224 19411 10067 12074 16004  4472 11120  9584 56932 11211 12764 25073
 13371  7079  4472  2890  7777 56932  1240  5132  8448  4472  5045  8851
 18244 10621  1240 56946 14777 20054 56932  1096  5224 13615 56931 56945
 56945 56945]
27 [ 7868 12748 56932  5804   190  6776 11804  4472  5895  5226  2466 10291
  6156  6151  4151 14207  4472 13439  4472 11211 13822  4284  6804  4151
 12260  5226 56940 10228  6586 56946 10067  9527 10067  5589  7720 56940
 56931 56945 56945 56945 56945 56945 56945 56945 56945 56945 56945 56945
 56945 56945]
6 [13371  5224  1778 56932 11120  6685 17627  7780  8192 56946 13396  7898
 56931 56945 56945 56945 56945 56945 56945 56945 56945 56945 56945 56945
 56945 56945 56945 56945 56945 56945 56945 56945 56945 56945 56945 56945
 56945 56945 56945 56945 56945 56945 56945 56945 56945 56945 56945 56945
 56945 56945]
13 [ 5767 56946 56932 10242  9823  4472 11120  2893  9823  4472  8330 56934
  1489 56932 22718 56935 56932  9490 19623 12948 12675 11211  5224   653
 15542 23428   217  5224 14246 10291  4151  4004  8274 56931 56945 56945
 56945 56945 56945 56945 56945 56945 56945 56945 56945 56945 56945 56945
 56945 56945]
14 [ 5224  1782 10067  8539  1240  3623  3245  1811 13396 11120  2020  5226
  5224  7346  2631 10067  9541  4472  2591 17261 14781 10621  5355 15722
 56931 56945 56945 56945 56945 56945 56945 56945 56945 56945 56945 56945
 56945 56945 56945 56945 56945 56945 56945 56945 56945 56945 56945 56945
 56945 56945]
33 [13211 14781 56932 11211   987 11120  1860  4472 16010 56946 56932   915
 11120   513  5226 56942 15955 56932  8630 11211  5441 13781 56932  4562
  9248 15046  5226 56942  4607 56932  8358   486  5533 56932 56946 11211
   915  5226 56942  1231  8290  5265 56932 10621  4490  6953 56932 22303
  2815 10621]
5 [11372  5804   465 11372  5224 12754   821 13607  3260 13171 10067 56946
 56940  4518 56932   373  6226  4518 56940 56931 56945 56945 56945 56945
 56945 56945 56945 56945 56945 56945 56945 56945 56945 56945 56945 56945
 56945 56945 56945 56945 56945 56945 56945 56945 56945 56945 56945 56945
 56945 56945]
39 [ 5224 12121  4472 11120 11697 13450 12764  5240    19 11211 11120 22801
 10621 11066  4472 11694  6151 11120  4000  4472  7293  4562  6272 15108
  4151  4968  4472 10636  3174 56932 13554  4472   465  5226  9823 56934
  8908  5224  6319 15164  4562  4188 12894  4472  9379  6361 13396  9283
  4472 15618]
2 [11120 14774 10347 47555  6151 11120 15948 13396  5224  4467 56946  4472
  2551 10621 14378  8155   746 27790 15350  4472 11211 12672  1450    44
 56931 56945 56945 56945 56945 56945 56945 56945 56945 56945 56945 56945
 56945 56945 56945 56945 56945 56945 56945 56945 56945 56945 56945 56945
 56945 56945]
20 [ 9000  3047  5804  7345  1340 14251 56932 14260 56946 11211  5534 13691
  5924  4472 30655  1240  1626  6151  8663 13251 29809 56931 56945 56945
 56945 56945 56945 56945 56945 56945 56945 56945 56945 56945 56945 56945
 56945 56945 56945 56945 56945 56945 56945 56945 56945 56945 56945 56945
 56945 56945]
7 [11120  1147  4472  5525 11634  5224  6260  4561 56931 56945 56945 56945
 56945 56945 56945 56945 56945 56945 56945 56945 56945 56945 56945 56945
 56945 56945 56945 56945 56945 56945 56945 56945 56945 56945 56945 56945
 56945 56945 56945 56945 56945 56945 56945 56945 56945 56945 56945 56945
 56945 56945]
2 [11120  3933 11895  4472 11120 10742 56932 11211  3946  5224  5234  6340
   936  3617  6672 56932  1240  8462 10067  6319  8373  3861  4693  4472
  5804 13283 15083  4472 11211 11120  8108 10471  3406  1231  2371  4472
 14667  8509  8834  3861  4151  4290 10291  8986  5224 10119  4472 11463
  4472  2322]
16 [ 1335  1240   373 31174 13371  2890 13645  4472 13893 10291  5224 10386
  7013 10621 10291  5804  4185  5137  1240  9054  2890  3269  8716  4472
 11120  4194  4472  4284  7018  6151  7608  4472 11120 11199 56931 56945
 56945 56945 56945 56945 56945 56945 56945 56945 56945 56945 56945 56945
 56945 56945]
23 [56940  4550 56932 56936 11149 15590  6151  8606  5804 14765  4472 11120
    19 12135 56934  5804 15544 56935 11211  4562  3336 13371  4151 17574
 10621  4151 45389 15181  6151  1179  5804  4900 10291 13822  1357  7345
 56937 56940 56932  6183  9019 56931 56945 56945 56945 56945 56945 56945
 56945 56945]
26 [56940  4550 56932 56936 11149 15590  6151  8606  5804 14765  4472 11120
    19 12135 56934  5804 15544 56935 11211  4562  3336 13371  4151 17574
 10621  4151 45389 15181  6151  1179  5804  4900 10291 13822  1357  7345
 56937 56940 56932  6183  9019 56931 56945 56945 56945 56945 56945 56945
 56945 56945]
34 [56940  4550 56932 56936 11149 15590  6151  8606  5804 14765  4472 11120
    19 12135 56934  5804 15544 56935 11211  4562  3336 13371  4151 17574
 10621  4151 45389 15181  6151  1179  5804  4900 10291 13822  1357  7345
 56937 56940 56932  6183  9019 56931 56945 56945 56945 56945 56945 56945
 56945 56945]
9 [56946  1346 11211  7780  3858 11211 56940  5226  5224  3934  1240  7709
 12979 10621 13176  1925 11627 56932  4562  8493  9453 14915 12400 13371
 11120  7167 56940 56932  9000    11 11211  1630 12407  3058 56940  7303
 56946  7397 56940 56931 56945 56945 56945 56945 56945 56945 56945 56945
 56945 56945]
16 [ 9198 15083  4472  5488  7809 56932  9222 12554  1925  2191  4472  2890
  3208 18474  4472 18724 14977 11211 11117 14817 36397 56946 56946 56932
  4476 18717  4472  5804  8521  4472 15038  6151  5804  9985  4472  3572
 56932 10621 11211  1240 10479  2370 11120 10773 56931 56945 56945 56945
 56945 56945]
17 [ 3245  5224  1782  4472  5804  5634  5483 56934 48111 56935 56932 12760
 15105  5501 56932 56946  4151 56940 56946 56940 12792  4472  5804  3618
 10067 12100  5254 56931 56945 56945 56945 56945 56945 56945 56945 56945
 56945 56945 56945 56945 56945 56945 56945 56945 56945 56945 56945 56945
 56945 56945]
7 [ 5224  8255  5831 56946  5783 11400  5224  7615 56932 11122 11211 13290
  7780  9591 12171 56931 56945 56945 56945 56945 56945 56945 56945 56945
 56945 56945 56945 56945 56945 56945 56945 56945 56945 56945 56945 56945
 56945 56945 56945 56945 56945 56945 56945 56945 56945 56945 56945 56945
 56945 56945]
22 [ 5224  8876  9230 10102 56946  2139 56932 15071   217 56932  8788 56932
  5226  1231  5003 56932  7780  7040  2890 10379  4884 12843  5611  5240
  4472 56942  5137  4472 12843 10621  7780  8449  5226  5224  2880  4472
  5712  6151 56946 56946 56932   997 12033 11211  5676   676 11120  9396
 10151  3682]
3 [ 1793 56932  5224 56946  9230  9201 11120  2580 56946  4472  4151  6159
  6151  5804 14821  3846 56946 56932  3050 15447  5226  3032 14475  6151
 11120 11211  5224   653 52688 56946 17358 13396 56942 11804  4472 15457
 56934 56942 11804  4472  5895 56935 56931 56945 56945 56945 56945 56945
 56945 56945]
26 [ 7868 11499 14106  5226  1668  4472  2858 56932 11122 13171  4415  4472
   425  8665 12764 15593  5240 11211 56940  7780  8192  6891 10621  2183
  5217  5224 12754 14358 56932  4562  6270 10621 10076 13371  1088  4121
  4472   425  4687  5226 11120 11211 12764   746 12490  5226  4303  4472
  5804  7025]
27 [ 5224 56946 15919 26690 14817  9541  4472  2890 17789 56932  5224 56946
 16474 56946 56932  5224 10246  2067 10621  5224 24168 56946 19592 30705
 29193 56932 13478 25713 56932 10291 11211  5804 15364  4472  3229 56946
 13396 56946  6151  5804 56946  4472 13998 56931 56945 56945 56945 56945
 56945 56945]
21 [56940 13386  9948 56932 11122  3269  5240 11211  5224  1437  2792 15145
   983  6779 13396  1231  2204 10621 13396 11120 12815  5432 56940 56932
   730  5224  8965 10849  1909 56931 56945 56945 56945 56945 56945 56945
 56945 56945 56945 56945 56945 56945 56945 56945 56945 56945 56945 56945
 56945 56945]
24 [ 4151  6793  7523 13396  5224  7777 10246  1340 11211  1000  4562  5224
 12456  5530 10621  3036 56932  7956  6226  4151 13186  4472  4151  5425
  3865 56933 11120  9553  1205 56932 10621  5224 11627 10637  4472  2691
 56931 56945 56945 56945 56945 56945 56945 56945 56945 56945 56945 56945
 56945 56945]
35 [ 5804  8862 10067 13004  9433 11211 56940  5224 15230  8001  4472 11120
  9453  9322 56934  9243 56935 12764 14190  3916 10621 16061  6151  4296
 17453 56946 56932  8630  5224  9874  4472 11120 15302  4472 15461  9145
  1240  7780  1896 16183 10621 15274  5224  3421 13396 14108 56940 56931
 56945 56945]
9 [ 5804  1046 12764 56946 13396  5224  9322  4472 11120 12673 56932 13371
  5226  2890  1242  8515  7898  8330 56932  1969  8433 13396  5224 10277
  4472  9985 56932 11211  1240 56946  1925 19767 10621  9122    61 32898
 56932 10621  5804 31955 46932   425 12921 56931 56945 56945 56945 56945
 56945 56945]
29 [15058  6151 11120  8494  3548  4472 19063 10621 15853  5226 11120  7693
  5226  4151   514 11970  4472  1231 11150 56932  5224 56946  1759 11211
 56940 12764  1240  8057  3260 56121 56940 10621 11211  4125 15009  6151
  7325 56940 13974  4472  2890 13152  7410 56940 12627  9840 10809 10267
  4992 56931]
38 [ 5224  5234  6340 13382 11211  5226  5804  4393  7381  9939  1240 56946
  5226 12424  4649 56932  9000  1040 11211  6197 11122  7780  2779 10621
 11211 11117 56946  1000 11211  1231 16581  5226  5224 11034 12764  7780
  5492 14041  5400 56932 13371 11122  7780  3858  5224  9591  4472 11211
  4151 10201]
46 [56940    19  4472  4151   304 11211 56946  7494 11211  1000  4562  5224
  5972 10067 56942  2861  1233  4518  9373 12407  4518  5226 11122 14203
 56932  5226 11122 14479 10621  5226 11122 56946 56932  9632 11211 10291
 13487  8317  6260  8373  5137 10621  6197 12764 33914  5224 12675 56940
 56932  4329]
26 [ 5224 11575 10067 12870 56940 12764  6667   739  7956  5224  2693 14260
   928  6950   297  5224 56942 13396 14108 10067  4814  9322  9766 56934
 11763 56935 15164 56940 56932  1040 56945 56945 56945 56945 56945 56945
 56945 56945 56945 56945 56945 56945 56945 56945 56945 56945 56945 56945
 56945 56945]
1 [ 5224 11255 56942  4472 14724  5224  7346  4472 12031 11342 10067  3835
  4472  8365   773  1233 18059   848 12764  5804  5657  4472  7425 56931
 56945 56945 56945 56945 56945 56945 56945 56945 56945 56945 56945 56945
 56945 56945 56945 56945 56945 56945 56945 56945 56945 56945 56945 56945
 56945 56945]
8 [  848  3047  1168 56932  8509 11120 11093   545  5972 56931 56945 56945
 56945 56945 56945 56945 56945 56945 56945 56945 56945 56945 56945 56945
 56945 56945 56945 56945 56945 56945 56945 56945 56945 56945 56945 56945
 56945 56945 56945 56945 56945 56945 56945 56945 56945 56945 56945 56945
 56945 56945]
25 [11120  5073  4837  5226 11396 11211 56940  3572 18387    19  1004  2370
  5224 14358 56940 56932 56940 13732 48096  5224 56942  4562  5224 14555
 11143 14631 56940 56932 56940 11120  6395  5331  5224  9084 56946  8085
  8677 56940 56931 56945 56945 56945 56945 56945 56945 56945 56945 56945
 56945 56945]
30 [13685 14504  5226  1231 10043 11211 56940  3572 14968 11120  6946  2370
  5224 14358 32747  6151  2890 13937  4472 18011 56940 56932 56940  1709
 14102 11120  3252  7945  6151  2890  1437  8033  4562 10442  7956 14299
 56946 56940 10621 56940  4151 14729 56946 11120 13269  6151  6686  6151
  7198  4472]
21 [13396  8593  1240  9028 11211 38996  6151 29257 15821 10291 11120  5603
  4401 56932  1925 15336  4562 20609  7956 11120 12613  2106 56932  5224
  8033  4472  4151   216 19586 10291 31948  5804  3073  7396  5226  6793
  4472 15133   202 56931 56945 56945 56945 56945 56945 56945 56945 56945
 56945 56945]
38 [13396  8593  1240  9028 11211 38996  6151 29257 15821 10291 11120  5603
  4401 56932  1925 15336  4562 20609  7956 11120 12613  2106 56932  5224
  8033  4472  4151   216 19586 10291 31948  5804  3073  7396  5226  6793
  4472 15133   202 56931 56945 56945 56945 56945 56945 56945 56945 56945
 56945 56945]
2 [56940 11120   207 13450 56946 10067  6319 12297 12297  5061 12297 12297
  2940  6151  2434  6151  2529 45317  4562  5224  9591  4472 11211  4151
  5839  4290 11211  1240 56946  5226 10215  3245  9444 56946 56940 56931
 56945 56945 56945 56945 56945 56945 56945 56945 56945 56945 56945 56945
 56945 56945]
9 [ 5804  6977  6862  7025  5440 11211  7067  5226  8493 56946 56932 56946
 10621 10382 13870 12297 12297 13371 12342 12675 11120 11979 12297 12297
 56946  1490   661 11211  7016  6188 56931 56945 56945 56945 56945 56945
 56945 56945 56945 56945 56945 56945 56945 56945 56945 56945 56945 56945
 56945 56945]
19 [ 5804  6977  6862  7025  5440 11211  7067  5226  8493 56946 56932 56946
 10621 10382 13870 12297 12297 13371 12342 12675 11120 11979 12297 12297
 56946  1490   661 11211  7016  6188 56931 56945 56945 56945 56945 56945
 56945 56945 56945 56945 56945 56945 56945 56945 56945 56945 56945 56945
 56945 56945]
2 [ 5224  7346    59  9747 11120  7316  4472 12095  1880  4472   134  1925
 13488 10067  5055 56934 11602 13346  4472 12379  5452 56935 56932  5963
 56946 56932 10621  6151  2890  5887 10067  2880  4472  5319 56932 11364
 56946 56932  7868  8455  4151  2960  6118 56931 56945 56945 56945 56945
 56945 56945]
17 [ 5224  7346    59  9747 11120  7316  4472 12095  1880  4472   134  1925
 13488 10067  5055 56934 11602 13346  4472 12379  5452 56935 56932  5963
 56946 56932 10621  6151  2890  5887 10067  2880  4472  5319 56932 11364
 56946 56932  7868  8455  4151  2960  6118 56931 56945 56945 56945 56945
 56945 56945]
22 [ 5224 10988  4472 11120 10714  7035 10291 11434  4562  5224   653  4472
  4151   420   171  4934 10621  5224  7057  4472  4151 11876  8239  6197
  5773  5226  2890 14175  5935 10611  5224  2792  4472 15610 56932  4233
 15255 56932 10621  5224 10242  9823 56932  7631 12967 56932 11211  7951
  1231  6393]
12 [13396 11674 56932   229 11165 11211  2892 56946  1231 11311  4472  8033
  5887 10291 56946  6151  1954 13171 39866 56931 56945 56945 56945 56945
 56945 56945 56945 56945 56945 56945 56945 56945 56945 56945 56945 56945
 56945 56945 56945 56945 56945 56945 56945 56945 56945 56945 56945 56945
 56945 56945]
48 [  749  3245  4562  1564  4151   621  3797  2370  5224  1428  2792  9923
 39425 56946 56932 15058  6151  8493 18018  1870 44951  4472  9068  6151
  4151 14546 11448  4472   690 11211  7920  1240 56946  6151  7608  4472
 11120 13760  4472  8493 27617  4472 11120  5234  3094 13396  5224 13723
  9923 38284]
24 [ 5224  2792  4472  3162 56932 11211 12948  2313  5224  8033  4562  5224
 51563  4472 11046  3266 56932  4044  6151 11120 11752  4472  1305 10621
  5634 56932 10621 14576 11211 11120  2684  4472  5314  6151  1231   653
 28093  2890  9591 12152  5226 11120  7182   635 56940 14260   229 11120
 11093  1004]
27 [ 5224  5373 10067   653  5226  3162 15201 12948 11211  6197  1240   746
 32547 13171  4472 56942 35899  4472 11120 14774 10621 11211  5224  5493
 10291 11120 12815 16987 10291 11120  4916  4472  1231 11140 56940   373
 30387 56940 56931 56945 56945 56945 56945 56945 56945 56945 56945 56945
 56945 56945]
8 [11120 14255   154  1233  1240 21289  5226 12025 29534  6151  5804   433
 11211 12764  2752 12135  4472  5804  8521  4472  5309 56931 56945 56945
 56945 56945 56945 56945 56945 56945 56945 56945 56945 56945 56945 56945
 56945 56945 56945 56945 56945 56945 56945 56945 56945 56945 56945 56945
 56945 56945]
17 [ 8493  4472  4151 56946  4472 12936  5226 11120  7207  2076  3682  5972
 56932  4550  3974  5226 11120  8290 56932 56946 56931 56945 56945 56945
 56945 56945 56945 56945 56945 56945 56945 56945 56945 56945 56945 56945
 56945 56945 56945 56945 56945 56945 56945 56945 56945 56945 56945 56945
 56945 56945]
19 [ 5331  4151 26835 56946 13396  4151 11899  4472 11211 11120 37805 10067
 50687 12764  7494 15652 10611  8373 12379  9220 56932 10621  4472 11211
 11120 13450 11697  5240 33563 56932 15257 10219 10621 12764  1146  6151
  5804 56946 56932  5992   311  5224 12684  4472 56940  2188  2890 14399
  4922 56940]
43 [ 1793 56932  5224 14555 12761   582  4041 10291  4587 11120  6079  4472
  5804  9362 10621  5804 14997  4472 11120  1628 56932 10621 11120  3806
 11211 53336  2396  4472 11669  1926 56932  6197 11211  5488 15461 14915
  9051  6950  6955  5224 56946 10067 13276  5972  4472 12217 56931 56945
 56945 56945]
2 [ 8493  6805  8393 10067  1950 15288  1694 14341 11120  9342  3285 13396
    52 12078 13360 10067  1651  6151 11120  1391  4472 13030  2820 11515
 56931 56945 56945 56945 56945 56945 56945 56945 56945 56945 56945 56945
 56945 56945 56945 56945 56945 56945 56945 56945 56945 56945 56945 56945
 56945 56945]
16 [11120 10244  4472  7581 56932 12812  6973 56932 56946   217  4562  5224
  6516  4472 11120  2198 13336 56932  9129  1925 10302 56932  5226  5224
 14139  4472 11120 12149  5918  4472 13550  1506  5226  5224 11211  1240
  1612  4151  1539 56931 56945 56945 56945 56945 56945 56945 56945 56945
 56945 56945]
42 [ 4151  6505  2844  9048 11211  3572 56946 10621 30733 11555  1925  4669
 10621  6151 10025  8521  1427 13144 56932  6151 12328 10067 15038 10493
 10291 11211  5804  7496 20622 13396 11120  5319   635 56946  5226   424
  6319  6151  2707  4472 11120 11602 13346 56931 56945 56945 56945 56945
 56945 56945]
7 [ 3667 14114  8568 56932  5217  5224 14451 16950  4472 11120 14571  4472
  1447  3951 56932 14576 11120   681 10067 14399  2861 56940 13938   273
  6151  8493  4472  4151  1088 14971 11211 56946  6151 15986 10621 40058
 56940 13371  5240 56940 11120 16029  4472 11120  6146 56940 56931 56945
 56945 56945]
32 [ 5804 17427  4472 11120  3737 10621  5224   988 56946 15250 56946 56932
 47950  5224 56942  4472  8949  8373  1483  9773  5226 11120  4932 10067
 56940 39584 56940 56932 11120  8290  4472  1368  4188 16276 56931 56945
 56945 56945 56945 56945 56945 56945 56945 56945 56945 56945 56945 56945
 56945 56945]
4 [ 5224  2595 10067   653  5692 56932  4699 13413  7856 56932 11211  7780
   880  6197  8373  2814  6151  4188 10045 11211 56946  4151 12541 11211
 34754  5224 13019  4472  7668 56932 12828 11211  4151 56946  1790 10067
  9230 28815 11211 56940  1240  8229 56940   853 56931 56945 56945 56945
 56945 56945]
10 [15648 11211  3260 13171  8877  6151 11120 12695 10067 11964  5692  5172
  8493  7442  4472  4188  5226 11120 11211 11117  1295 11211  1231  4136
 17975  5226  5242 56946  6151  3572 56931 56945 56945 56945 56945 56945
 56945 56945 56945 56945 56945 56945 56945 56945 56945 56945 56945 56945
 56945 56945]
36 [ 7397 56932  5226  5224  7900  4472 12877 10067  7966 56932  8361  7412
  2118 13371  5804  9532  4472  5804 14378  3204 11211  2834 11120 16431
 45319  5226 11963 11211   425 15145 11120  7253  5918  4472 11120  1723
 19588 11211 12764  7494   724 12434  4562 13579 56932 10621 11211  6631
 15145 11120]
10 [ 8981 56946 15083 11211 11120 10615  4472  1551  5226  4123 12096    85
 10067 56946  4161 14842 56932  1233  4518 14046  1925 56946  4161  5224
 56942  4472  5198 56931 56945 56945 56945 56945 56945 56945 56945 56945
 56945 56945 56945 56945 56945 56945 56945 56945 56945 56945 56945 56945
 56945 56945]
49 [ 5224  4685  4472  9450 56932  8552  6151  2890 12168  5226 12759  3252
  4472 56946  5226  5224  1030 56942 56932  7578  6151  5487  5226  4932
 15161 56932  5226  5224  7615 56014  4472 11120 11753 56932 15023 11141
 13396 56946  6151  2890  9328 11211 10360  1231 17187  7838  4472 11120
  8200 56946]
16 [ 5224 10386   201  8159 11211 56932 15083 10067  3104  4472 12948 10621
 10067 13004  4472  5804  7298 56932 56940  1240  7780 56946 11120  3063
  4472 17422 56940  5226   196 56931 56945 56945 56945 56945 56945 56945
 56945 56945 56945 56945 56945 56945 56945 56945 56945 56945 56945 56945
 56945 56945]
2 [ 5224  9211  5692  4472  9786  6005  6151 42373  4472 22803 56940 13371
  1523  4472 13894 56940 11211  5224 14687  1240 28897  6151 11120    26
  5226  5804  3587  4472  4670  4472 11120  2894 56931 56945 56945 56945
 56945 56945 56945 56945 56945 56945 56945 56945 56945 56945 56945 56945
 56945 56945]
20 [ 5153  4405  5226  2135 11120  6098 11211  7494  5224  2792  4472 11120
 15284   635  7956 11120 14390  4472   424  3835  5047 56931 56945 56945
 56945 56945 56945 56945 56945 56945 56945 56945 56945 56945 56945 56945
 56945 56945 56945 56945 56945 56945 56945 56945 56945 56945 56945 56945
 56945 56945]
1 [ 6805 56946 56931 15938 15938 56945 56945 56945 56945 56945 56945 56945
 56945 56945 56945 56945 56945 56945 56945 56945 56945 56945 56945 56945
 56945 56945 56945 56945 56945 56945 56945 56945 56945 56945 56945 56945
 56945 56945 56945 56945 56945 56945 56945 56945 56945 56945 56945 56945
 56945 56945]
6 [ 5226  8857 12687 56932  5224  3835  8320 23718 56932  3245  6151  6662
  4472 13811 56932 11211 12764  1240  4563 13837  4004 56946   848 14931
  6849 10067  8086  5226  5224 10119  1107  8984 56932  3874  5666  7909
 13396 11120  3077 56931 56945 56945 56945 56945 56945 56945 56945 56945
 56945 56945]
12 [15879  4472 11120 11066  4472 16634 56932 10621 13371 14022  4472 11965
 24079 56932  6950  5224 56942 13396 14108 10067 12646  1240  1630 41691
 56932  8630 11211  5224  7992   373 26520   848 10899 56946 10621 14931
 13010  4472  7897 56931 56945 56945 56945 56945 56945 56945 56945 56945
 56945 56945]
46 [   68 11080   746 13016  4151  2131 14164  4472 11120  3174  2469 56940
 11211  5240  6863 13458 56940 56932 15201  5224  2792 56932 13386  1694
 11211  5226   424 12687 10067  5567  5804  8390 11526  2529  4421  6151
  5804 23431 10067  1437 10621 56940 12764 10364  6151  5804  5199 18128
 56940 56931]
24 [ 5224  4154  4472  8443 56932 13396  1231 12135 56932   730 12948 11211
 11372  1231 12467 11372  1231 13464  1240  8504 15083  4472 11211 11120
 11093  1240  9005  1925 12711 10621  4621  5224 14578  4472 11581  7116
  6151 11120 12695  4472 11120 14571  8905 56931 56945 56945 56945 56945
 56945 56945]
42 [ 5224  4154  4472  8443 56932 13396  1231 12135 56932   730 12948 11211
 11372  1231 12467 11372  1231 13464  1240  8504 15083  4472 11211 11120
 11093  1240  9005  1925 12711 10621  4621  5224 14578  4472 11581  7116
  6151 11120 12695  4472 11120 14571  8905 56931 56945 56945 56945 56945
 56945 56945]
13 [ 5226  5224  1950 56932 14358 10621  4942  4634 15058  6151    38  5804
  1954 12825 56931 56945 56945 56945 56945 56945 56945 56945 56945 56945
 56945 56945 56945 56945 56945 56945 56945 56945 56945 56945 56945 56945
 56945 56945 56945 56945 56945 56945 56945 56945 56945 56945 56945 56945
 56945 56945]
4 [ 5224  3104  4472 39555 15986  5147 56932  5226  2890 13615 14243 12948
 56932  1231  4670  4472  1920  2890  7346 10291 56940 13018  2826 56946
 10621 12764 56946 56940 56931 56945 56945 56945 56945 56945 56945 56945
 56945 56945 56945 56945 56945 56945 56945 56945 56945 56945 56945 56945
 56945 56945]
34 [15471 14840 11211 12764  8159 13256  6151 56946   505  4472  6226 11122
 11211  7780  6260  5226  7224 56932  9000 11211  5804 11545 56946  6151
  2865 56946 13396 11120  9032 12031 10621 13595  4472  5488  4256 56931
 56945 56945 56945 56945 56945 56945 56945 56945 56945 56945 56945 56945
 56945 56945]
2 [ 5240 11120 15135 10621 10036  6475  4472  2890   893 11211 13822 15068
  9221  5217 11120  4277  4472  5224 15193  4472  4060 10621  1231  7220
  8556  4270 56946 56932  4814  4472  8493 13726  5226  7581  4472 13408
  3854 14931  8125  1633 11120  1906  4472  1231 11554 56931 56945 56945
 56945 56945]
27 [ 1793  4472  5487 11898  6151  5804 25100 10842 56932  1254  8560 12305
  1231 25241  4562 14821 10555 10291 10530  5224 17693 56932 14184  4152
  6151 11120  7308 30007 10621  3341  4151 11001 20686 56931 56945 56945
 56945 56945 56945 56945 56945 56945 56945 56945 56945 56945 56945 56945
 56945 56945]
7 [ 7645  9071 18590  5226 15107  5226 11120  5769 56931 56945 56945 56945
 56945 56945 56945 56945 56945 56945 56945 56945 56945 56945 56945 56945
 56945 56945 56945 56945 56945 56945 56945 56945 56945 56945 56945 56945
 56945 56945 56945 56945 56945 56945 56945 56945 56945 56945 56945 56945
 56945 56945]
45 [ 5224  3612  3676 10067  2792  1218 56932 14524 15043 14751 56932 10621
  8493  3933 10067  7538 11343  5432 56934  1403 56935  7829 12948  5226
 11517  8493  6614  8572 12682 10291 12208  2259 13251  6151 11120  4415
 12925  1106 11211  4807  6151 11120  3806 10067  6319  4566 56931 56945
 56945 56945]
10 [56942  4472 13330 56931 12297  5264  5083 11211  5226  5804  4185  3861
 32220  2890   653  4472 10942  4562  5804  1088  3204  4472 11120  7384
 10291  8606 13344  6151 11120 12925  4562  5804  2709 56931 56945 56945
 56945 56945 56945 56945 56945 56945 56945 56945 56945 56945 56945 56945
 56945 56945]
2 [ 2890 12956  6695 12953  6151  7418 56932  5226  5609  4472  7415 12446
 56932  5226  5385 10067 56942 56931 56945 56945 56945 56945 56945 56945
 56945 56945 56945 56945 56945 56945 56945 56945 56945 56945 56945 56945
 56945 56945 56945 56945 56945 56945 56945 56945 56945 56945 56945 56945
 56945 56945]
37 [ 5224 12232  2729  7780  8192 10291  5224  2775  4800 35568 56934  8429
 56942  3197 56935 56932  3497  4472  8493  2994 13269 56932  9000  6197
 12764  4091  8606  3260  2370  5804 56946 27998 10621 17899 56932 10621
  5224  7615    85 10291  5224  4978 35377 56946 56934 51185 56946 56946
 56935 56931]
2 [ 5224  3343  4784 10135  1240 10532  6950 13649  1362  4693 10067 56942
 56931 56945 56945 56945 56945 56945 56945 56945 56945 56945 56945 56945
 56945 56945 56945 56945 56945 56945 56945 56945 56945 56945 56945 56945
 56945 56945 56945 56945 56945 56945 56945 56945 56945 56945 56945 56945
 56945 56945]
40 [11120 14950  7780 51043  5224 11211  4125  6151  1601  4472  5506  5226
  5224  7977  4472  8289 13171 16133 10067  1702 56932 10621  6667  6312
 46902 10291  7898  6438 56932 13371  5224  4472 34913 10621 56932 56946
 56932  5224  4472 17470  4911 56931 56945 56945 56945 56945 56945 56945
 56945 56945]
35 [ 8630  1240 55981  5224 12761  6151  5407 12734  4472  5804  5023   721
 11211 12764  9658  9997  1231  3832 56932 12764  3686    52 56946 10291
  6330  5224 12761  6151  5790  4472  4938  9658 56946  4472  5187  6750
 56931 56945 56945 56945 56945 56945 56945 56945 56945 56945 56945 56945
 56945 56945]
11 [ 1793 56932  4044  6151 11120 11752  4472  5804 11779 10067 10386  8561
 10621  7018 10291 11211 56946  7956 56940  5224  1918 11627 56940  4472
 13822 13767 10621 13822  4900 56931 56945 56945 56945 56945 56945 56945
 56945 56945 56945 56945 56945 56945 56945 56945 56945 56945 56945 56945
 56945 56945]
5 [  424  8566 14309  6151  5804 15261  6151 12764   341  5224 13440 56946
  5226 11120   445 10471  4161 14442  8493 12921  4693  4472  5804 13283
 56932  5534  8363  1231 13675 56946  2370  5804  9996  4562  8493 14988
  4472  7823 13036  2947  5226  5224  3053 11179 56931 56945 56945 56945
 56945 56945]
10 [ 1233  1240  7350 12292 11120  9729  4472  4938  6691  2677 56946  3019
 56932 12764  1240  7780  9591   264  3260 56931 56945 56945 56945 56945
 56945 56945 56945 56945 56945 56945 56945 56945 56945 56945 56945 56945
 56945 56945 56945 56945 56945 56945 56945 56945 56945 56945 56945 56945
 56945 56945]
37 [11120  8637  1925  1950 13396  5224 14358 13396 11120 14248  4472  4151
  2314 56932 13529 38709 10745 56932 15305  5226  4151  5416 13371 56940
 56946 56940 56932  1240  7780   205  1231 12754 15482 10471 56932 11211
  8596 12673 15796  5224 56940 56946 56940 10621 11211  7858  5226  2890
  8298 14293]
6 [ 5226 56942 56932 11120 14623  5683  1033  9801  5224 10855  4472  7380
 56932 11211  9490  8192  3853  5226  3320 56931 56945 56945 56945 56945
 56945 56945 56945 56945 56945 56945 56945 56945 56945 56945 56945 56945
 56945 56945 56945 56945 56945 56945 56945 56945 56945 56945 56945 56945
 56945 56945]
4 [13974  4472  5804 12552 56946 56932 13526  5804 14513  4472   425  4212
  5226  4151  4558 10067 56946 56932  2729 11211  5226 56942  5224  6117
 46768  4472   424  4814 13006  5224 56942 13396 14108 15058  1925  2689
  2824 56932  5226 13554 11211  5224  6117 40384  1240 19715  5224 56942
 13396 14108]
6 [ 4550  7780  8192 41887  2890  7238 15011 10621  3245 56946 56931 56945
 56945 56945 56945 56945 56945 56945 56945 56945 56945 56945 56945 56945
 56945 56945 56945 56945 56945 56945 56945 56945 56945 56945 56945 56945
 56945 56945 56945 56945 56945 56945 56945 56945 56945 56945 56945 56945
 56945 56945]
11 [56946 11949  3772 11120  2280 14260  4151 10624  4472 14122  8589 12707
 12764 10762 12948  6151  8493  1404  3927  5226  5224 15175  4472  3665
  4472 11120  1976  4472 14679  4472  7874 56931 56945 56945 56945 56945
 56945 56945 56945 56945 56945 56945 56945 56945 56945 56945 56945 56945
 56945 56945]
6 [ 6205 11211 11372  1240  4695  5224 13755  6757 11372 11120  4656 13497
  5804  6724 56931 56945 56945 56945 56945 56945 56945 56945 56945 56945
 56945 56945 56945 56945 56945 56945 56945 56945 56945 56945 56945 56945
 56945 56945 56945 56945 56945 56945 56945 56945 56945 56945 56945 56945
 56945 56945]
10 [ 5804 13801  4472 11673 11556   746 11682  6151  2259  3104 13595  7956
  8493  1958  4022  4472  5973  3682 13396  4151   739  2291 15023  1127
  5224 11478  4472 14535 56931 56945 56945 56945 56945 56945 56945 56945
 56945 56945 56945 56945 56945 56945 56945 56945 56945 56945 56945 56945
 56945 56945]
17 [ 5804 13801  4472 11673 11556   746 11682  6151  2259  3104 13595  7956
  8493  1958  4022  4472  5973  3682 13396  4151   739  2291 15023  1127
  5224 11478  4472 14535 56931 56945 56945 56945 56945 56945 56945 56945
 56945 56945 56945 56945 56945 56945 56945 56945 56945 56945 56945 56945
 56945 56945]
14 [ 3245  8821 56932   425  1004  5226  6046 56932 11120  1005 12297 12297
  5226 56946 56946 12297 12297  7498 25501 56932 13386 10823 34955  6151
 13822 56946 10621 17499 56932  8373  1312 11211  1240  4810  6151 13439
 13280 56942 10621 56942  5137 56932  8170 56931 56945 56945 56945 56945
 56945 56945]
10 [ 6205 11122  5376   217  5804  9135 10067  7450 56940  7346  1095 56940
 56932 15023  8493  6614  4562  5224  2792 10067 14084 56932  2930 48914
 56932 13386 15550 11120  6805 40459 11211 56946  4151 10531 18959 12043
 13396 14009  6051 56931 56945 56945 56945 56945 56945 56945 56945 56945
 56945 56945]
29 [ 6205 11122  5376   217  5804  9135 10067  7450 56940  7346  1095 56940
 56932 15023  8493  6614  4562  5224  2792 10067 14084 56932  2930 48914
 56932 13386 15550 11120  6805 40459 11211 56946  4151 10531 18959 12043
 13396 14009  6051 56931 56945 56945 56945 56945 56945 56945 56945 56945
 56945 56945]
2 [ 2890 12956  6695 40231  6151 15254  4472   217  5226 11120 14294  4472
 15538  5224 13019  4472   852 48962 16501 56932  3848  6151 10430  5226
 56942 15023  8493 11495 13396  8493  8163 17606  5226   424  8429  4472
 15538 56931 56945 56945 56945 56945 56945 56945 56945 56945 56945 56945
 56945 56945]
5 [ 5226  5804 24135 10067 11964  5692 56932  7856   311 11120 56940  4065
  7384 56940 10067  2631  7482  1925  3849  3077 11211  1543 11120  7877
  4472  5804  9531 11295 56932 13396  4085  5226  2370 10067 10386 10621
 13396 12764    77    32  4562  4151  3388  6653 56931 56945 56945 56945
 56945 56945]
2 [11120 11140 56946  1240 11220  6151  4151 14633 10621  2622  5226  8493
  2038 12964  4472 11397 56942 12517 11211 56946  5224  4291  6151  1446
  3673 56932  5226  2890  3716  4472  9198 13171  4472 56942 10440 56931
 56945 56945 56945 56945 56945 56945 56945 56945 56945 56945 56945 56945
 56945 56945]
6 [56940  8908   253  4472 11120  6104 13806 56940 56932  8964  8493  6670
 11211 11152 11211  6197 11514  1170 13396  8493 10157  9096  1457 56931
 56945 56945 56945 56945 56945 56945 56945 56945 56945 56945 56945 56945
 56945 56945 56945 56945 56945 56945 56945 56945 56945 56945 56945 56945
 56945 56945]
12 [ 5224 56946  6950 17665 15003  2160 13396  5224  4556 10621  4472  9359
 13387 56931 56945 56945 56945 56945 56945 56945 56945 56945 56945 56945
 56945 56945 56945 56945 56945 56945 56945 56945 56945 56945 56945 56945
 56945 56945 56945 56945 56945 56945 56945 56945 56945 56945 56945 56945
 56945 56945]
2 [ 6151 11669 29386  6862 31820 15340 56932 12015 56946  6151 21159 11211
 12764  1240 56946 56931 56945 56945 56945 56945 56945 56945 56945 56945
 56945 56945 56945 56945 56945 56945 56945 56945 56945 56945 56945 56945
 56945 56945 56945 56945 56945 56945 56945 56945 56945 56945 56945 56945
 56945 56945]
39 [13396 11674 56932  1925   224 10703 11211 10532 11122 11211  1240  3064
 12297  8984  4467 12297 56932  9569  4472 13975 13938 12764  6786 13349
  7956  4151  5240 10291 56946  9082 10621 56946  1347 56932  9000 12764
 56946  5226 56946 10889 56931 56945 56945 56945 56945 56945 56945 56945
 56945 56945]
15 [ 6151 14849  4472 11211 11120  7444  4472 12474  5226  1922  7494  1231
   226  5226  5224 15631 15175  4472 13732 56932 11122 13938  5226  6542
 56931 56945 56945 56945 56945 56945 56945 56945 56945 56945 56945 56945
 56945 56945 56945 56945 56945 56945 56945 56945 56945 56945 56945 56945
 56945 56945]
34 [ 6997 11211  5226  1231  1569 12764  9490  2356 56932 13371  9068 56946
 28988 56932 11211 18591  6151 11120    19  6999 56932  2091  7415   635
 11211  3661  4562 13171 24131 10621  7811 18616 11211 11120 12759 13814
 56946 13396 19023 56931 56945 56945 56945 56945 56945 56945 56945 56945
 56945 56945]
36 [13396 10711 56932  5224  5683 13579  7709  8606    19  1004  5224 30738
  5224   972 11211 10111 56932 14260   424  5683 13579 12764  5240  4472
 56946 56932  9000  1925  8871  4392    85 15111  4472  7291  5224 46871
 56946 10621 11120 11529 56946  4472  5804 19287 56931 56945 56945 56945
 56945 56945]
26 [ 2296  4151  6994 56946  7956 13579 13371 14025  4472 13305  4562  2890
  1537   475 13974 56932  5240 11107 11120  2663  4472  5804  8330  5226
  2890 11105 13722 56931 56945 56945 56945 56945 56945 56945 56945 56945
 56945 56945 56945 56945 56945 56945 56945 56945 56945 56945 56945 56945
 56945 56945]
7 [11120  7833  3727 56932  9914  4472  4565 56946 10621 13219  4472  4151
  1228 56932  5466  1925 12297 56946 12297 56946 10621 56946  8204 11211
  7780  2729  5226 14390 11120 12767 11211  5207 56946  4562  1231  5933
  4472 56946 10621 56946 56932  4472 13388 10621  2295 56932  4472 10127
  3395  6151]
19 [11120  7833  3727 56932  9914  4472  4565 56946 10621 13219  4472  4151
  1228 56932  5466  1925 12297 56946 12297 56946 10621 56946  8204 11211
  7780  2729  5226 14390 11120 12767 11211  5207 56946  4562  1231  5933
  4472 56946 10621 56946 56932  4472 13388 10621  2295 56932  4472 10127
  3395  6151]
32 [21258 12764  1240 56946 56932 16738  6151  2890 13723  4472 17370  4472
 11169 16581  9000  6578  7460 56932 10621  4472  1274  5224  3612  5371
  1925  8871 14915  4518 13371  5224  4472  5804  5710  2861 13512  4161
  5804 12297 17090 56942 12297 10067  6171  4472 11120 11528 10621  5226
  8025  1487]
23 [ 4562 11120  5474  4472 11360  6361  8428 11211   424  2689 11120  7037
 11120  1396  5979 56942 13763  3947 56932 56942  1332 56932 56942  5696
 10621  5224  7992 56932  5226  8870   661 56932  8100 56932  8487 56932
 13582 56932   663 56932  4161  5307  6151  5804 56942 11211 14605  5226
 15497 56931]
38 [ 4562 11120  5474  4472 11360  6361  8428 11211   424  2689 11120  7037
 11120  1396  5979 56942 13763  3947 56932 56942  1332 56932 56942  5696
 10621  5224  7992 56932  5226  8870   661 56932  8100 56932  8487 56932
 13582 56932   663 56932  4161  5307  6151  5804 56942 11211 14605  5226
 15497 56931]
19 [10621 11074 56932 14915  3904  5226 11120  7626 13371  5226  5224  1229
 56946 56934 11120  7626  5240  2890 33194 56946 56935 56932  8057 12002
 11211  1240 13094 56932  9960 56932  1240 39647 10621  7350 11400  1925
 13579 56931 56945 56945 56945 56945 56945 56945 56945 56945 56945 56945
 56945 56945]
21 [12948  1240 28627  1379  5226  5224  6319 11674  4472 56940 13396 15398
 56940 56932 11211 11606  1009 56932  7868 13822  5052 17198 56932 56940
  6196  1057 56940 56931 56945 56945 56945 56945 56945 56945 56945 56945
 56945 56945 56945 56945 56945 56945 56945 56945 56945 56945 56945 56945
 56945 56945]
1 [ 5804 14117  1240  4076  5226  5187  4472  7764  3267  5226  5224 12754
 12371  6164 56932  8630 11211  5804  5263 56932  1925  8795  6151  1231
 11555  6498 56932  1240  4076  5975 13371  5932  3412  6151  7608  4472
  1231  7066 56931 56945 56945 56945 56945 56945 56945 56945 56945 56945
 56945 56945]
18 [ 5804 14117  1240  4076  5226  5187  4472  7764  3267  5226  5224 12754
 12371  6164 56932  8630 11211  5804  5263 56932  1925  8795  6151  1231
 11555  6498 56932  1240  4076  5975 13371  5932  3412  6151  7608  4472
  1231  7066 56931 56945 56945 56945 56945 56945 56945 56945 56945 56945
 56945 56945]
14 [ 8493 35433 56932  2890  7360  5683 56932  8493   176  4472 33699 56932
  8493 19166 55806 56932  2890 56946 56946 56932  2890 36363   848  8493
 10506 19223  4472 15743  1340 12407  9198 11211  1000 10611  1168  5226
 11122 11211  1240  1626  6151  1231 30862  4472 14028 13344  6151  4151
 37709 32161]
1 [ 5488 13598 15264   865  4151 11211 56946 12543 13171  5224 12328  4472
  5985  5226  4151 14142  4472  9416 15809 56931 56945 56945 56945 56945
 56945 56945 56945 56945 56945 56945 56945 56945 56945 56945 56945 56945
 56945 56945 56945 56945 56945 56945 56945 56945 56945 56945 56945 56945
 56945 56945]
9 [11120 15815  9416  9891 56932 12672  2138  4472 11120 15809 56932   373
 16789  2902 13396  2890  6785 15288 11211 56932 13482  4562 11646  6110
  4273 13171  4472 56946 56932  1240 12680 10611  5804 20232 13171  2140
 10067  1926 56932  4562  2890   911  4472 14442  5609 36235 56931 56945
 56945 56945]
49 [ 5224 11010  4472 11120 11093   545  5972 56932  5226 56942 56932  4810
 12407  9198 15083  6151 11211 11120  3935 56946  4562 13822  1357 14543
  5804  6312 22857  4472  2142 10621   545  2861  5804 56946  4472  5804
 15297  4472  2587 10621  5804   352 15401  4472    21  6105 56946 13396
  2890 14555]
43 [ 5534  5224 15063 16048 13396  5224 54665 11211  6151 13290  5107  7494
 15630 14802 10621 12684 56932 11120 13450  5240 11227 56933  9000  1233
  5224 56946  6950 16945 11120  2656  5217  8493  1914 10054 56932 27645
 56932 52789  5226  5224  4667  4472 11122 23531 56931 56945 56945 56945
 56945 56945]
7 [14352 10213  3389 10067 13893 13371  3077 16294 34224   494  5226  4151
 13728 25818  4472  7821 11211 56932 53426  2370 53426 56932 16761 15023
  5224   273  4472 12921 56931 56945 56945 56945 56945 56945 56945 56945
 56945 56945 56945 56945 56945 56945 56945 56945 56945 56945 56945 56945
 56945 56945]
20 [ 6151 11120  4903 10067 12371  7426  5240 11120 10423 11122 11211  5237
  4275 13371  5778  4472  8493  1502  5226  7384  5683 56931 56945 56945
 56945 56945 56945 56945 56945 56945 56945 56945 56945 56945 56945 56945
 56945 56945 56945 56945 56945 56945 56945 56945 56945 56945 56945 56945
 56945 56945]
22 [ 8946 11120 12238  1004  5226 11120  7645  4472 14113  5226 11211  2890
 13723  6123 10578  1638 13822  8865 10291  5506  5226  5844 12031  6862
 19964  5226 11120  7626 12683 56931 56945 56945 56945 56945 56945 56945
 56945 56945 56945 56945 56945 56945 56945 56945 56945 56945 56945 56945
 56945 56945]
3 [ 2339 10067   653  5692 14891 13248  6151 11120  6544  4472  8493 13721
  4472  8070  4472  4022  4472  1079 13946  5226  5224  6319  5692 56931
 56945 56945 56945 56945 56945 56945 56945 56945 56945 56945 56945 56945
 56945 56945 56945 56945 56945 56945 56945 56945 56945 56945 56945 56945
 56945 56945]
5 [18552 14378  5137  4472 15459 34278 10621  1240  6376 11120  7069  4472
 11211  9490  2779  3455 10291  4151 11211 17152 11211 12764  4125  5321
 13396 13822  5052 56931 56945 56945 56945 56945 56945 56945 56945 56945
 56945 56945 56945 56945 56945 56945 56945 56945 56945 56945 56945 56945
 56945 56945]
1 [ 5804  5199  5597  5804  6898  4472  4151  5424 56932  4733  4472  8493
  2142  5697 56932 11211  9575  4151 14674 13171  9915 11211  1233 13892
  2131 56932  4562  5804  5478 10621  5804  4976 13371 11506   198 56946
 56931 56945 56945 56945 56945 56945 56945 56945 56945 56945 56945 56945
 56945 56945]
13 [ 5804  5199  5597  5804  6898  4472  4151  5424 56932  4733  4472  8493
  2142  5697 56932 11211  9575  4151 14674 13171  9915 11211  1233 13892
  2131 56932  4562  5804  5478 10621  5804  4976 13371 11506   198 56946
 56931 56945 56945 56945 56945 56945 56945 56945 56945 56945 56945 56945
 56945 56945]
2 [ 8356  2890 14315 15992 56932 13371  1233 56946 11211  5804  8373 11117
 56946 12557 11120 33450  4472 24509 10067 15790 56932 11120 56946  4472
  2091  3745 16092 10621 56946 11211 56946  5224  9009 15843  4472  2705
 56932 20867  5224 28236  5226  8493 14788 29775  4472 21701 10621 56946
  4472  5275]
4 [56946  5224 18785 56946 56946 13371 11120 22183 56946 10067 15790 56931
 56945 56945 56945 56945 56945 56945 56945 56945 56945 56945 56945 56945
 56945 56945 56945 56945 56945 56945 56945 56945 56945 56945 56945 56945
 56945 56945 56945 56945 56945 56945 56945 56945 56945 56945 56945 56945
 56945 56945]
19 [ 4472  2254  1240 39049 11120  3288  5530 10621  2890  9080  4472   864
 11117 56946  5224 14075  4562  2890  6661 14981 56931 56945 56945 56945
 56945 56945 56945 56945 56945 56945 56945 56945 56945 56945 56945 56945
 56945 56945 56945 56945 56945 56945 56945 56945 56945 56945 56945 56945
 56945 56945]
2 [ 8493  6670 18785 11117 13497  2890 34435 10621 11117  3623  5224 23852
  4472  5804  2140 54084  3828  2628 11120  6566 56931 56945 56945 56945
 56945 56945 56945 56945 56945 56945 56945 56945 56945 56945 56945 56945
 56945 56945 56945 56945 56945 56945 56945 56945 56945 56945 56945 56945
 56945 56945]
16 [ 1240  6760  5226 12024 13440 10067 11484  4472 11120 12824  5226  5224
  7004  4472   424 11950 12725 11211  5240 11120  7626  4472 10267  7082
 56931 56945 56945 56945 56945 56945 56945 56945 56945 56945 56945 56945
 56945 56945 56945 56945 56945 56945 56945 56945 56945 56945 56945 56945
 56945 56945]
12 [11120  7815  4472 15149  4876  6151 13386 13478  7630  1356 13396  5224
    87 12297 12297  4472  5804  3078  4755 12297 12297  1240  5911 13396
    77  7467  6151 11107  5226 11120  1795  6151  8155 14915  5936   272
 13371 14524  4472  5804 12408 56932 14915 56946 10297 13371 12959  9356
 10621 14915]
16 [ 5224 11131  7780  9002 12002 11211  8361 11581  5088  6151 11755  1883
  5226  9888  4562  8493  8581 10621  8682  4476 56932  6151 11120 11211
  5207  7780  8192 15526  6647 56931 56945 56945 56945 56945 56945 56945
 56945 56945 56945 56945 56945 56945 56945 56945 56945 56945 56945 56945
 56945 56945]
