1 [11674 12675 15201  4472 11136 10429  5224 56942  4472  8289  6260 56932
 10621   420  3861 15083 56932  5224 56942 56932 11122 56946 13371   870
 10067  8876  3612 56931 56945 56945 56945 56945 56945 56945 56945 56945
 56945 56945 56945 56945 56945 56945 56945 56945 56945 56945 56945 56945
 56945 56945]
5 [56946  6151  4151 56942 10621  5611 10621  1894 14777  1362 56931 56945
 56945 56945 56945 56945 56945 56945 56945 56945 56945 56945 56945 56945
 56945 56945 56945 56945 56945 56945 56945 56945 56945 56945 56945 56945
 56945 56945 56945 56945 56945 56945 56945 56945 56945 56945 56945 56945
 56945 56945]
1 [ 6205 12675 56932  1240 15590  6151  9292  4151 14477  4562  7741 56932
  5199  6391 56932 11120 15489 56932  1324 56932 10621 16149 56932 10621
  5226  5224 13440  4472 11120 14792  5066 56932 56940 13831  6151  1879
  8509  5804  7381 14117  9939  4472 56942  8493   445 10526  4472  4900
  4472 14914]
16 [ 5224  1782 10067  5328 56946  6151  5804 17705  4472 11211 12764 11526
 17286 56940  2275 56940  5400 56931 56945 56945 56945 56945 56945 56945
 56945 56945 56945 56945 56945 56945 56945 56945 56945 56945 56945 56945
 56945 56945 56945 56945 56945 56945 56945 56945 56945 56945 56945 56945
 56945 56945]
9 [ 5804  1046 12764 56946 13396  5224  9322  4472 11120 12673 56932 13371
  5226  2890  1242  8515  7898  8330 56932  1969  8433 13396  5224 10277
  4472  9985 56932 11211  1240 56946  1925 19767 10621  9122    61 32898
 56932 10621  5804 31955 46932   425 12921 56931 56945 56945 56945 56945
 56945 56945]
1 [ 5224  7247  1503 10067 22231 56931 56945 56945 56945 56945 56945 56945
 56945 56945 56945 56945 56945 56945 56945 56945 56945 56945 56945 56945
 56945 56945 56945 56945 56945 56945 56945 56945 56945 56945 56945 56945
 56945 56945 56945 56945 56945 56945 56945 56945 56945 56945 56945 56945
 56945 56945]
43 [ 5224  5244 12015  4653 56946 10621 15317 56932 56946  9068  5901  1343
  4472  5804  3692 11211  1240  1013 12571  1925  2821  6363  4472  1638
  6151  8503  4472 13822  7864  2861 56940 56936 11267  7780  4472  2529
 56932 11267  7780  4472  2529 56932  6086 14271 56937 56940 56931 56945
 56945 56945]
