15 [35326 56933  7321 10095  4472 14113 56932 56946  6151 14378  5574  4472
  3733 10621  6151   420  4472 11688 56931 56945 56945 56945 56945 56945
 56945 56945 56945 56945 56945 56945 56945 56945 56945 56945 56945 56945
 56945 56945 56945 56945 56945 56945 56945 56945 56945 56945 56945 56945
 56945 56945]
9 [ 6444  4472  6388 10621  3860  6151   420  5137 10621  5609  4472  1795
  5226 56942 56932  7679    85  2729  5226  4109 11120  4351  4472 56942
 56931 56945 56945 56945 56945 56945 56945 56945 56945 56945 56945 56945
 56945 56945 56945 56945 56945 56945 56945 56945 56945 56945 56945 56945
 56945 56945]
27 [56940  7782 35649   683 13014 13021 56932 10621 12015 56946   683  5137
  5226  2890 14139  5226  5224 11211 12764 26528 30786  5226 11120 42485
 56932 13396 11674 13633  8294  4550 11211 13831  6151 11400  5226  7386
 56940 56932 15201  9666 56931 56945 56945 56945 56945 56945 56945 56945
 56945 56945]
9 [15256 10341 15648 11211  4562 11120 56940  7037 10621  5611 56940 11117
  7780 12559  2890 56940   982 14175 56940 14260  1630 11211 56932 56940
  5226   919   661 56940 56932  4562  5224  1381 10124  7780 56940 12559
 56946   184  9502 56940 56932  8637 13396 11120 11211  2132  1240  9490
  7723  5224]
0 [  424    85  5224  8876 11575  4472 11120 20387  4687 56932 17606  5224
  6260  3786  5226  5224  9084  4472 53252 13396  2890  3612  5432  4472
 56946   992 56932 26191 10621  9139 10291 14793  5804  4102  4472  5804
 56942  4724 10067 16831 56932  5181  4472 11120  8755  1912 56931 56945
 56945 56945]
0 [  424    85  7218  4472  1231  5003  5226  5224  3719  5226 11211  9241
 13424  4472  6488 10611  3434  4472  6619 10621 11344 13712 10067   447
 56931 56945 56945 56945 56945 56945 56945 56945 56945 56945 56945 56945
 56945 56945 56945 56945 56945 56945 56945 56945 56945 56945 56945 56945
 56945 56945]
17 [ 5804 22040 10067 13468  1288 11211 11120 16085 10067 56946  3387  6151
 56942 13931 56932  4562  8493  5611  4472 56942 13396 20272 56932 56942
  4472  8025  7518  4472 18271  5137 56932  1452 11120 13171  4476 11120
 14508 19179 10922 56932 11211  7494  2890  2689 10621 16490  5226  5224
  5799  6542]
12 [10621  2044 11211  6330 11211 56932  1233  5207  2421  4472 56946 56932
  1494   865  4151  8373  2136  4472  2890  5589  5121  2861 11211 14941
  2890 56946 10621 11211  2007 14733  1368  2416  5226  5224  5879 56931
 56945 56945 56945 56945 56945 56945 56945 56945 56945 56945 56945 56945
 56945 56945]
10 [ 8356  2890 14315 15992 56932 13371  1233 56946 11211  5804  8373 11117
 56946 12557 11120 33450  4472 24509 10067 15790 56932 11120 56946  4472
  2091  3745 16092 10621 56946 11211 56946  5224  9009 15843  4472  2705
 56932 20867  5224 28236  5226  8493 14788 29775  4472 21701 10621 56946
  4472  5275]
