27 [ 5226 15805  1240  5050  5224 14600  4472 12336 38839  4472 15232  4562
 14113 10621   658 12297 11211  4563  7660 13822  4173 20924  5226 11120
 10947  4472  5804 16452 56931 56945 56945 56945 56945 56945 56945 56945
 56945 56945 56945 56945 56945 56945 56945 56945 56945 56945 56945 56945
 56945 56945]
10 [ 6221 11120  7384 15685 11211  7871  1231 15316  4693  4472  1787 56932
 11122 11211  9083  1694 56940 15526 56940 56931 56945 56945 56945 56945
 56945 56945 56945 56945 56945 56945 56945 56945 56945 56945 56945 56945
 56945 56945 56945 56945 56945 56945 56945 56945 56945 56945 56945 56945
 56945 56945]
23 [ 3245 14641 13371 15157  8139 10291  5224  1437  4472 11120  8069 11120
  7460 32291  4472  1304  6011 10621  1360 56934  4727  5972  4472 56942
 56935 56932 11120  4243 12031 10621 11120 11921  1106 56931 56945 56945
 56945 56945 56945 56945 56945 56945 56945 56945 56945 56945 56945 56945
 56945 56945]
48 [ 5804 15646 13526 11211  5224  9185  5226 11120  6098 10468  6151 15276
  4472 56940 40019 56940 56934 56946 56935  1240   582 56932 10996 56932
  1925 14384 16500 10611  1231   611 10621 11120 10067 11211   375  2792
  5217 11120 10365  4472  9515  4472 11120 15386  7430 15512 13346  5226
 56942 56932]
4 [56940 10291 11120 10067 56946 14548 11454 11120 28772 12764  6950 13371
  4177 10954 13371 14408 10291  4289 15977 10291  6361  7956 13961 13906
 56940 56932  8964 56946 56931 56945 56945 56945 56945 56945 56945 56945
 56945 56945 56945 56945 56945 56945 56945 56945 56945 56945 56945 56945
 56945 56945]
9 [10291  5224 56946 56946  5224  4280 56946 56946 56934 56946 56935 10621
 16684   928 56934 56946 56935 56932 12049   340  4472   623 12743 56931
 56945 56945 56945 56945 56945 56945 56945 56945 56945 56945 56945 56945
 56945 56945 56945 56945 56945 56945 56945 56945 56945 56945 56945 56945
 56945 56945]
15 [10291  5224 56946 56946  5224  4280 56946 56946 56934 56946 56935 10621
 16684   928 56934 56946 56935 56932 12049   340  4472   623 12743 56931
 56945 56945 56945 56945 56945 56945 56945 56945 56945 56945 56945 56945
 56945 56945 56945 56945 56945 56945 56945 56945 56945 56945 56945 56945
 56945 56945]
6 [ 4562   340  4472 11536 56946 56934 56946 56935 56933  7872 13985 56934
 56946 56935 10621  7412  6894 56934 56946 56935 56932  4472  7371 12743
 56932  5804 14765 10067  3612  5047 11117  4286 13396 12645  6151  5804
 11157  4472 13439 11211 13323  5224  9541  4562  8373  4472 13822  5574
 18350 56931]
12 [ 4562   340  4472 11536 56946 56934 56946 56935 56933  7872 13985 56934
 56946 56935 10621  7412  6894 56934 56946 56935 56932  4472  7371 12743
 56932  5804 14765 10067  3612  5047 11117  4286 13396 12645  6151  5804
 11157  4472 13439 11211 13323  5224  9541  4562  8373  4472 13822  5574
 18350 56931]
18 [ 4562   340  4472 11536 56946 56934 56946 56935 56933  7872 13985 56934
 56946 56935 10621  7412  6894 56934 56946 56935 56932  4472  7371 12743
 56932  5804 14765 10067  3612  5047 11117  4286 13396 12645  6151  5804
 11157  4472 13439 11211 13323  5224  9541  4562  8373  4472 13822  5574
 18350 56931]
4 [ 5224  1681 10067  6260  4522  5226 14564 15067  4161  5804 56942 15457
 56932  5224 14198  5715  5226 13441 14378  9939 56932 41901 11120 16412
  4472 11211  5224  8538  7780  1266  5226  2890  3716 20487 10621  9524
  8493  3875 42921 10291 23540 13835 56931 56945 56945 56945 56945 56945
 56945 56945]
4 [ 5226  1231  9283  4472  4709 56932 11120 36562  5001 31843 48315 56932
 13845  6151  6226 11122  7426 10621 17157 10067 56946 56932    96  6151
  4337 56946 10621  1231  9745 20730 27548 19392 56934  3280  4472  3455
 10156 56935 56931 56945 56945 56945 56945 56945 56945 56945 56945 56945
 56945 56945]
28 [ 5224  3835  4848 56932 15752  6151  6192  4472  5224  1702   394 56932
 10651  5226 56942  5804 12073 10291 10778  8244  5226  5224 10119  1107
 14012 10621  5224  6260  1787  5172  8493  3057 11815 56932 11211  1240
  8057  4550  7638  4562 11120  6569  4472 11120  7442 56940  8281 10309
 56940 10067]
36 [13567 56946 56932  3497 10067  8876 13554 10067  3612  5913 56932  8666
  6151 56942  1231 14662  5226  5224  7871 11284 10621  6197  5240  1782
  5226 11648  4472 11120 11753  4472 10131 10067 13732  5226 11120  8200
 56946 56932  4562  8503  4472  2415  7956   861 56931 56945 56945 56945
 56945 56945]
49 [56946 56932  5226  7809  7453  1925 12612 56940  4000 13823  7207 13844
 56940  4472 14601 13823 12341 56932 10621 10368 13396 14196 56932  8212
 11211  9490  3380   217  6151  8493  8458  5226 56946 56934  4398 56935
 56932 10621  8212 11211  9220 17705  4472   425  5346 56940  4801 11211
   424   972]
5 [ 1723 10621   140  4098  5226 11966  3213 56940 12161  4472  7903 56940
  1925 15316  4472  7891  4472 11120  3046  4472 56942 56931 56945 56945
 56945 56945 56945 56945 56945 56945 56945 56945 56945 56945 56945 56945
 56945 56945 56945 56945 56945 56945 56945 56945 56945 56945 56945 56945
 56945 56945]
22 [ 4151  2789  4472  4225 13089 10557  2890  8716 10067 56942 13396 14108
  5226  8289  6260  5226 15210  4562  5224 12675  7977  4472 56942 56932
  4161  5804 56942 11804  4472  5895 56932  1288   217  6118 10067 10386
 56931 56945 56945 56945 56945 56945 56945 56945 56945 56945 56945 56945
 56945 56945]
5 [ 4151 11026 56946 56946  4472  4709 14423  4472 12691  7128 56932 10611
  4151 11211 21622 56942 56934 56942 13396 14108 56935 14579 13396 12541
  4472 11120 13107 56932 56942 56934 56942 56935  4472 14088   848 13588
 13016 10621 56942 56934 56942 56935  4472 11554  2815  4472 11231  7128
 56945 56945]
47 [56946 56932  4884 14623  5151 10766  5226 19650  5226  5804 12379  4472
  1446  3673 10621  8463 56932 15648 11211 56932 13396  5804 13961 15064
  4472  8787  5226  5804 10700 14404 56932  1352  5240  8503  4472  5804
  6786 11211  7494  6604  2448 10291  2529    79 10611 14724 10621 13330
 56931 56945]
5 [ 5224 11814  4325  6151  4151 56942  4472 11120  1296  5226 11120  5346
  4472 56946 56932  5226  5224  6556  4472  7347 56946 56932  1925  2294
  4472  8365 56931 56945 56945 56945 56945 56945 56945 56945 56945 56945
 56945 56945 56945 56945 56945 56945 56945 56945 56945 56945 56945 56945
 56945 56945]
6 [ 5224  5798 10997  4472  3806  4472 56942 56932  6235  7304  5165   217
 11211  5224  3835  5769 15164 56934  7843 56935 15031  5224  2693 13171
 11211  4550 10291 13853 11211  8754 10540  5534  1240 10332 11120  4771
 10067  5566  9243 10621  1240  6248 11120   967 56931 56945 56945 56945
 56945 56945]
29 [11120  1019 10611  5224 13723  5822 56932  2902 13396  1231 15098 56932
 11120 12647  9244  6641  4472  1446  3673 56934 56946 56935 56932 10621
 56946 10149 56932  8642  5226 11966  4472   424  2689 10621    85  8803
  6151  3687  4472   424  7977 13396  5224  3900  7262 10067 10386 56932
 11120  3465]
5 [  425 12921 56932 11093  4472 14842 56932  1240   373   892 11120 11124
  4472  4667  4472 11120 56946 10067 15175  4472 14414  2423  8897  6151
  4151  4290  3496 56932  4562  8493 10823  4472 56942  2798 56932 11211
 13478  5804  3204 14343  5224 15645 13611 13171  2686  4472 13478 13014
  1240 11292]
10 [ 5804  7025  4472 11120  8163 56946  1925  7581  5224 11255  2689  2890
  3804  4472 56942  6937  4472  5699 56932 11211  8493  1004 56946  5804
  8732   194  4472 11120  6569 11207  5226 56942  6937 56932  5224  3421
 13396 14108  8871 11211   424  2689 56931 56945 56945 56945 56945 56945
 56945 56945]
2 [ 5224  6260  8289  8701  8493  9160  5226 51416 56932  2890  5765  4472
  1147 56946 56933  2890  8288  6411  5226 39812 18276 56932  3828  9661
  4835 10358  4472  6782 56932 10621  8493  7207  9160 56932 11211   343
   420   253  2914 56932  5226  2890 23432  6329  5226  5224 36065 56931
 56945 56945]
41 [13815 56932 56946 15023    52  3521 13396 56942 13349 11120 11093  7037
  4472  4151  4256  5224  6260 11950 56942 56932  7728  1231   445 10471
 56932  5226 11120 11211  1240    96 13371  5224  7238 11211 14420  6151
 11120  3737 10621 11211  4472  5198  6151 14724  4472 56942  6028  7430
 56932 10621]
46 [ 5224   870 10067  5683 13579 56932 13662  4472  5224  5928 56932 11117
 14039   375  4472 11120  1562 11211  1240 12765  1296  3786  1925  9102
 27155  6151 13686  6894 10621 14524 15105 56932  6151  5804 11211  4473
 12413  5226 13072  4472  5224  9541  4472 16932 10067 11255  8788 56931
 56945 56945]
0 [14724  7780  8192  5224  8288  7977 56932 15083  4472 11120   657 10067
 56942 13396 14108  4472  5198 56932  5226  5224 11211  1240  5877  8493
 14964  4073  5226  4262  5709   424  2689 56931 56945 56945 56945 56945
 56945 56945 56945 56945 56945 56945 56945 56945 56945 56945 56945 56945
 56945 56945]
29 [15083  4472   420  7134  4472  8306 28081 34134 13396 11120  6488 10621
  5224 56946 56932 16762 14970  6151 56946 56946 56932  2890  6695 10621
  2411  1782 11427 11211  5217 13330  7494 11120 36753   627  4472 10530
 11120 12031 10621 11120  3806  4472   425  2204  5217  1231 12695 56931
 56945 56945]
7 [11120 14804  1240 10651  6151  3559  4472  8949  7956  3421   433 11211
 15468 14059  6151  7198  4472 11120  3698 56932 10621  7956 10025  3421
  4562 10225  2246 13396 13961  3296 56931 56945 56945 56945 56945 56945
 56945 56945 56945 56945 56945 56945 56945 56945 56945 56945 56945 56945
 56945 56945]
27 [13658  7296  4562 11120 15098 15252  4472 11120 11840  7511 56946  2890
  8512  4472   420 11970 11211  7829  5224 56942  4472 13330 10621 16105
  3479  5224 11255  3786 11950 56942 56931 56945 56945 56945 56945 56945
 56945 56945 56945 56945 56945 56945 56945 56945 56945 56945 56945 56945
 56945 56945]
15 [ 8981 56946 15083 11211 11120 10615  4472  1551  5226  4123 12096    85
 10067 56946  4161 14842 56932  1233  4518 14046  1925 56946  4161  5224
 56942  4472  5198 56931 56945 56945 56945 56945 56945 56945 56945 56945
 56945 56945 56945 56945 56945 56945 56945 56945 56945 56945 56945 56945
 56945 56945]
6 [ 6151 11120 11311   635 10067  6260 11966 10291  7803 10701 56946 39705
  5226  1713  4472 12031 12506 10621  4472  2496 56932  1240  6299   217
    19  4472  1906  6862  1884 11211  7880 11120 14779  6151  2003  5224
 12869 10291  6226  7944  4472  8165 56932 12889 56940 14931 14184  5226
  7306  5224]
16 [ 5224 14299  5769 13987  8036 27637  3017  1170  5226  5224 29943 12761
 10621  4161  5224 12675   972 12764  1240 56946 11120  8998  4472  1233
  7334 56932   848 12764 56932  1633  5224 12741 56932 12889  4562  8493
 26036 13328  9840 12350 56931 56945 56945 56945 56945 56945 56945 56945
 56945 56945]
14 [11120 14564  3077  4472  7795  5240  5226 15107  8493  7891  4472 11120
  3077  4472 56942  4472  8248 10067 14278  4468  4472  5804  7795  4472
 12691  8148 56931 56945 56945 56945 56945 56945 56945 56945 56945 56945
 56945 56945 56945 56945 56945 56945 56945 56945 56945 56945 56945 56945
 56945 56945]
25 [11120  7253  5226 11120 11093 12135 10454 26292  4472  2890  3928 15175
  4472 56946 56932 11211 30477 56946 56946 10621 16659  5224 11629   375
 56934 56946 56935 56931 56945 56945 56945 56945 56945 56945 56945 56945
 56945 56945 56945 56945 56945 56945 56945 56945 56945 56945 56945 56945
 56945 56945]
10 [ 5224  5432   567 56932 11211 13233 13261  8086  5224 11255   972  2370
  5224  9102 13396 11120  5332 10067 15156 16684 56946 56932  1040 11211
 11120 14299  5240  8503  4472  5804 11282  4472   424  5806 56932 11211
 13482  4562 11120 10067 27155  5240 11120 13171  9158  4472  6221 11120
  8200 10621]
13 [ 5224   870 10067  5806  1240  2118  9331  6151 11148  1274  6151 23963
 56934 56946 56935 10621  6151  1898 11120 15422  4472  9394  4472 13822
  5574 56931 56945 56945 56945 56945 56945 56945 56945 56945 56945 56945
 56945 56945 56945 56945 56945 56945 56945 56945 56945 56945 56945 56945
 56945 56945]
29 [ 5224 16122  5953  6151 16799 11120  6471  4562 11120 14433 10621  4151
  2452 56932 56946  5226 12135  4472 11120 17311  5012  4472 11120  6685
 56933  9000  4161  5804 15721  4752 10621 15723 12764  1240 18798  1862
  5226  5224   175  4472  6471 13371 12297 11055 10067  2597 12297 10621
  7976  7945]
