21 [ 2091   455 11117  1043 56932 12764  2451 56932 10291 11400 15225  4562
 14764  6151  5804  4679  4055 56932  7868 15201  5224 12754  9287 56932
 11211 15083  6950  7780 15328  6151 14244 56942  5056 56931 56945 56945
 56945 56945 56945 56945 56945 56945 56945 56945 56945 56945 56945 56945
 56945 56945]
6 [ 1324 10621 12340  3245  7480  4562 12848  6884 56931 56945 56945 56945
 56945 56945 56945 56945 56945 56945 56945 56945 56945 56945 56945 56945
 56945 56945 56945 56945 56945 56945 56945 56945 56945 56945 56945 56945
 56945 56945 56945 56945 56945 56945 56945 56945 56945 56945 56945 56945
 56945 56945]
14 [14694 12015  3416 11211  1240 27647 14131  4472 10778  1000  8493 10155
  5226 14915 11227 13450 56931 56945 56945 56945 56945 56945 56945 56945
 56945 56945 56945 56945 56945 56945 56945 56945 56945 56945 56945 56945
 56945 56945 56945 56945 56945 56945 56945 56945 56945 56945 56945 56945
 56945 56945]
11 [56946 56946 16945  5217  5224 56942  4472  5198  4472 56942  1231  9774
  5003 56931 56945 56945 56945 56945 56945 56945 56945 56945 56945 56945
 56945 56945 56945 56945 56945 56945 56945 56945 56945 56945 56945 56945
 56945 56945 56945 56945 56945 56945 56945 56945 56945 56945 56945 56945
 56945 56945]
17 [ 5224  6251  4472 13223 12387  2986 11515 56932  4562  5615  4472 11616
 10621 10025 56946 13396  1231  5632  1329 10621 14869 56931 56945 56945
 56945 56945 56945 56945 56945 56945 56945 56945 56945 56945 56945 56945
 56945 56945 56945 56945 56945 56945 56945 56945 56945 56945 56945 56945
 56945 56945]
32 [56940 13749 56932 13893  1379  4562 10025 16593 56931  9373  5226  2890
  1601  4472 26796  9774  5226 12024  2928 56931  5804 17165 10621  4151
 18754 10267  1004 12015  2816 13171 13396 12082 12675 56932 12764 13396
 12024  4625  3492  4562   719  2961 56940 56931 56945 56945 56945 56945
 56945 56945]
40 [56940 13749 56932 13893  1379  4562 10025 16593 56931  9373  5226  2890
  1601  4472 26796  9774  5226 12024  2928 56931  5804 17165 10621  4151
 18754 10267  1004 12015  2816 13171 13396 12082 12675 56932 12764 13396
 12024  4625  3492  4562   719  2961 56940 56931 56945 56945 56945 56945
 56945 56945]
12 [ 9000 10881  1633 11120 15107  4472  5804 15157  3645  4562 11120  9219
 12673 10067 10647  6151 11120  7626  6862  8896  4472  4151  8155 56931
 56945 56945 56945 56945 56945 56945 56945 56945 56945 56945 56945 56945
 56945 56945 56945 56945 56945 56945 56945 56945 56945 56945 56945 56945
 56945 56945]
1 [ 6086 14271 56931 15938 15938 56945 56945 56945 56945 56945 56945 56945
 56945 56945 56945 56945 56945 56945 56945 56945 56945 56945 56945 56945
 56945 56945 56945 56945 56945 56945 56945 56945 56945 56945 56945 56945
 56945 56945 56945 56945 56945 56945 56945 56945 56945 56945 56945 56945
 56945 56945]
0 [ 5611 10295  5151 13749 14560 13817  4472  8945 16374 56932  4472  5804
 11211  3421   865 12978 56932  8373  4472 15681 56932  8503 11973 10621
    13  4472 14847 56932 11211  1240  3240 19034  5226  1231 15175  4472
 13107  4472  2027  8624   991 56934 13732 56935 56931 56945 56945 56945
 56945 56945]
41 [ 5224 14906 10067  3297  4472   424  2689 56932 11211 56940  7780  8192
  2166 13396  4151 12541 11211 13478  3700 10067 13857  4472 11955 10067
 13773 10621 11120  6500 10067  2693 56932  5207  3645  6151 14040 56932
 12764  2451 56932  5226  2890 14347  4322  5226 11120 14662  4472  5286
 56940 56932]
49 [12764  1240  8777  8834 10013  4472  6480 10621 56946 56946 56932  5224
  7220  4472 11120  3061  4472 11120 12921 56932 15285  7956  5224 12433
  4472  6480 11122 11211  1240 56946  5226 13822 13864  5534  1132  6151
  3969 11211 11120 14299  1940 56932   980 56946 56932  8946 12134  2861
  1231 29212]
36 [14190 11122 13171  9329 11211  5224  1782  4472 11120  3474 10643  4472
   653 56932 11211   373  6151  5224 13344  4472  2890 13723  4472 56942
  1416 56946 10621  4562 11401  4472  9761 56932  5856 10785  5226 11120
 12759  1976 56932 11211  5240  3828  1240  1340 11211 11872  4151 11159
 12230 56931]
20 [ 5767 56946 56932 10242  9823  4472 11120  2893  9823  4472  8330 56934
  1489 56932 22718 56935 56932  9490 19623 12948 12675 11211  5224   653
 15542 23428   217  5224 14246 10291  4151  4004  8274 56931 56945 56945
 56945 56945 56945 56945 56945 56945 56945 56945 56945 56945 56945 56945
 56945 56945]
5 [11372  5804   465 11372  5224 12754   821 13607  3260 13171 10067 56946
 56940  4518 56932   373  6226  4518 56940 56931 56945 56945 56945 56945
 56945 56945 56945 56945 56945 56945 56945 56945 56945 56945 56945 56945
 56945 56945 56945 56945 56945 56945 56945 56945 56945 56945 56945 56945
 56945 56945]
34 [56940  4550 56932 56936 11149 15590  6151  8606  5804 14765  4472 11120
    19 12135 56934  5804 15544 56935 11211  4562  3336 13371  4151 17574
 10621  4151 45389 15181  6151  1179  5804  4900 10291 13822  1357  7345
 56937 56940 56932  6183  9019 56931 56945 56945 56945 56945 56945 56945
 56945 56945]
1 [ 5224 12754 38850 13382 11211  1231  3612 56940 11120 18083  4336 56940
 56931 56945 56945 56945 56945 56945 56945 56945 56945 56945 56945 56945
 56945 56945 56945 56945 56945 56945 56945 56945 56945 56945 56945 56945
 56945 56945 56945 56945 56945 56945 56945 56945 56945 56945 56945 56945
 56945 56945]
22 [56946 56932  4884 14623  5151 10766  5226 19650  5226  5804 12379  4472
  1446  3673 10621  8463 56932 15648 11211 56932 13396  5804 13961 15064
  4472  8787  5226  5804 10700 14404 56932  1352  5240  8503  4472  5804
  6786 11211  7494  6604  2448 10291  2529    79 10611 14724 10621 13330
 56931 56945]
37 [ 5224  4569  7789  3289 10477 15772   217  1231   445 13396  5224 56940
  6952  4472 11120  7182 56940  4562  2890  2870  2871  5226 11120  5918
  4472 24508 56932 56942 10440  1925 13823  4472 10989 56932  1633 13649
 14378 11316  8155 11211 12919  2131  4290 56931 56945 56945 56945 56945
 56945 56945]
49 [ 5224  8876  9230 10102 56946  2139 56932 15071   217 56932  8788 56932
  5226  1231  5003 56932  7780  7040  2890 10379  4884 12843  5611  5240
  4472 56942  5137  4472 12843 10621  7780  8449  5226  5224  2880  4472
  5712  6151 56946 56946 56932   997 12033 11211  5676   676 11120  9396
 10151  3682]
26 [ 7868 11499 14106  5226  1668  4472  2858 56932 11122 13171  4415  4472
   425  8665 12764 15593  5240 11211 56940  7780  8192  6891 10621  2183
  5217  5224 12754 14358 56932  4562  6270 10621 10076 13371  1088  4121
  4472   425  4687  5226 11120 11211 12764   746 12490  5226  4303  4472
  5804  7025]
38 [ 5224  5234  6340 13382 11211  5226  5804  4393  7381  9939  1240 56946
  5226 12424  4649 56932  9000  1040 11211  6197 11122  7780  2779 10621
 11211 11117 56946  1000 11211  1231 16581  5226  5224 11034 12764  7780
  5492 14041  5400 56932 13371 11122  7780  3858  5224  9591  4472 11211
  4151 10201]
46 [56940    19  4472  4151   304 11211 56946  7494 11211  1000  4562  5224
  5972 10067 56942  2861  1233  4518  9373 12407  4518  5226 11122 14203
 56932  5226 11122 14479 10621  5226 11122 56946 56932  9632 11211 10291
 13487  8317  6260  8373  5137 10621  6197 12764 33914  5224 12675 56940
 56932  4329]
7 [ 1240  7709 56946  2890  9591 13396 14324  9209 10621 16789 56946 56931
 56945 56945 56945 56945 56945 56945 56945 56945 56945 56945 56945 56945
 56945 56945 56945 56945 56945 56945 56945 56945 56945 56945 56945 56945
 56945 56945 56945 56945 56945 56945 56945 56945 56945 56945 56945 56945
 56945 56945]
15 [ 3667  4233 22418  7780 10844 11211 56940  5224 12788 10067  5589  4750
 12764  5240  5224 14271 56932  5240  5224 11211  7782  8823 11211  7494
   424  3597  4562 13967 56932 11136 56934  4569 10067  5688 56935 56932
  5534  5924  4472  4864  5224 11426 56940 56931 56945 56945 56945 56945
 56945 56945]
12 [10827 53241  8993 12015  7780  4643  2890 14505 13977 56932 10621  4151
 13961  6801  4472  1231 14088 56932  4151  4472  2890 11435 11211 56932
  5040 13396  5804 12715 56932  7780 14069 11120 12090  4472 12764  5115
  4151 11401  4472 30655 10621  4472 56946 56932 11372 11120  7508  4472
 11789 56932]
19 [ 5804  6977  6862  7025  5440 11211  7067  5226  8493 56946 56932 56946
 10621 10382 13870 12297 12297 13371 12342 12675 11120 11979 12297 12297
 56946  1490   661 11211  7016  6188 56931 56945 56945 56945 56945 56945
 56945 56945 56945 56945 56945 56945 56945 56945 56945 56945 56945 56945
 56945 56945]
28 [14724  7780  8192  5224  8288  7977 56932 15083  4472 11120   657 10067
 56942 13396 14108  4472  5198 56932  5226  5224 11211  1240  5877  8493
 14964  4073  5226  4262  5709   424  2689 56931 56945 56945 56945 56945
 56945 56945 56945 56945 56945 56945 56945 56945 56945 56945 56945 56945
 56945 56945]
35 [ 4550 56932 11120  4691  7780  6260 56932  7868  5224  5373 10067  7901
  5226  2555 56932 15195 12858 56932 11211  1074  5224 14695 11211  1935
  5804  2402 13396 12135  4472 56940  7898  1069  4562  6041  4293 15611
  1925 10067  7901 56940 56931 56945 56945 56945 56945 56945 56945 56945
 56945 56945]
48 [ 4562 11120 13269  4472 42718 10067  7057  4472 11120 47676 56932   884
 15175 18348 10621  5804  7568  3911 32541 35683 11120 15459  4472 11120
  9745 13396  2890 14568  4472 56942  3861 56932  6151  5224  9687  4472
  5804  4705  5224  8224  6667 11211  2529 12190  6151  5804   453 13801
 33944 56931]
10 [11120 15284 10129 11211  4151  6592  2234 10067 11180 13888    61   798
  5708 10621 11138  8493  2176 10767  4472   425  4932 10763 56932 11211
  5877  2890  3269  8716  4472 13553 10621  9453  8509  5804  9939  4472
 13913 56931 56945 56945 56945 56945 56945 56945 56945 56945 56945 56945
 56945 56945]
43 [56940 56946 56940 56932 13371  1240 11117  9142  5226 56946 56932  6197
 16738  1925  1883  9222  6151  1231  9925 13280   683  5137 10621   217
  9127 11211 56932  1925 20871  4472 11211 13211 12954 17069  4472 14555
  6151   425  5346 56932  8321  2529 12342 12675 13386 11120 56946  5217
 11120  9639]
9 [ 2890 16931  4884 21425 12764  5240    19 11211 10644 12754 42520  2861
  6151 11122  7811  5240 13396 11674 13396 11122 11211  4151 46083  4472
  4151    21  1240  5207  4982 13371  8493 10236  4303 10067 42520  8722
 56932 14915 25602 12342 10621 14915 15864 56943 56945 56945 56945 56945
 56945 56945]
15 [ 6151 14849  4472 11211 11120  7444  4472 12474  5226  1922  7494  1231
   226  5226  5224 15631 15175  4472 13732 56932 11122 13938  5226  6542
 56931 56945 56945 56945 56945 56945 56945 56945 56945 56945 56945 56945
 56945 56945 56945 56945 56945 56945 56945 56945 56945 56945 56945 56945
 56945 56945]
34 [ 6997 11211  5226  1231  1569 12764  9490  2356 56932 13371  9068 56946
 28988 56932 11211 18591  6151 11120    19  6999 56932  2091  7415   635
 11211  3661  4562 13171 24131 10621  7811 18616 11211 11120 12759 13814
 56946 13396 19023 56931 56945 56945 56945 56945 56945 56945 56945 56945
 56945 56945]
7 [ 5804  2444   746  9002  2529  4496  5226  9209 15351 46775 10067 11925
  7426  2861  7910 56932 29326 56932 10768 10621 37338 56931 56945 56945
 56945 56945 56945 56945 56945 56945 56945 56945 56945 56945 56945 56945
 56945 56945 56945 56945 56945 56945 56945 56945 56945 56945 56945 56945
 56945 56945]
22 [ 5804  5837  1240 44944 56932 10621  5226 56942  5224  9599 12624 18277
 56946  5924  4472  8493 32648 11211 16710 14378 16155  5226  5611  4000
 10621 20638  2890 37077 17827  6151 10634 10621 18246 56931 56945 56945
 56945 56945 56945 56945 56945 56945 56945 56945 56945 56945 56945 56945
 56945 56945]
21 [ 8630  2048 11120 15330 56932  2606  7780  3609 14496  1925  9682 56932
 12889  5804 11211 14423 13822  5747 12013 11211  5224  7247 12764  3645
  6151  2529 13371  5224  8098  4472  5278  2128  1925  7538  4472 11120
  8319 56931 56945 56945 56945 56945 56945 56945 56945 56945 56945 56945
 56945 56945]
