6 [ 5226 11669  7532 56932 11120 56940  9875 56940 14204 13822  3243  4649
  5534 26605 56932 56946   848 54916  1240 56946  6151  8244  4161  5224
 10855  4472 11120 18507 56946 56932 12889  5226  5224    13  5689 14866
 11122 12754  5226  5804  3758  4472 56946   848 56946 56932  4518 56946
 13396  8995]
24 [13396    19 12135 56932  9379  6523 14473 11211 11120  6675  4472  5272
  6151  5224 13913  4472  5804 10798  4472  7394  4472  6387 56932  5410
 10621 10621  4249  5226 11471 56932  4026  8493   281 10291 11293  6151
  9687 13822 14436 56931 56945 56945 56945 56945 56945 56945 56945 56945
 56945 56945]
