47 [ 4151 10229 11465 12524 13396  5224  3612  8984  5226 11120 12238  4722
  4472  5804  4679  4472  2732   746  7984 11120  5229 13171  1893  5226
  5804 14060  5217  5224  8926  4472 11120 10185 56932 11211  3731  6151
  5804  2095  3026  5226 11120 15407 10067   646  4562 11916 10621 14378
  2594 56932]
36 [ 5224  4569  7789  3289 10477 15772   217  1231   445 13396  5224 56940
  6952  4472 11120  7182 56940  4562  2890  2870  2871  5226 11120  5918
  4472 24508 56932 56942 10440  1925 13823  4472 10989 56932  1633 13649
 14378 11316  8155 11211 12919  2131  4290 56931 56945 56945 56945 56945
 56945 56945]
4 [12297 12297  9222  6950  7257 10050  6644 11211 12764 56946  5226  5224
 14358  2944 56931 56945 56945 56945 56945 56945 56945 56945 56945 56945
 56945 56945 56945 56945 56945 56945 56945 56945 56945 56945 56945 56945
 56945 56945 56945 56945 56945 56945 56945 56945 56945 56945 56945 56945
 56945 56945]
