21 [ 6151 12937  5488  8155 56940 12764  4151 13831  6151    34 56940 56932
   730 12058 56932 11211  1015 11211  9222 56940 10608 32044  5217  5224
  5071 56932 14931  5339 56932  4562  6596 10621  6436 13396  5804  1170
 56932 10621 56946  1452  5804  5684 56940 56931 56945 56945 56945 56945
 56945 56945]
2 [11120 14753 56946  9761 13396 11120  1527  2106 10621   676  4151  7374
 51512 10291 42557  8493  7182  2833 56932  6205 13371 11216  4151  9876
 11211  1831 11120 13902 10067 14679 56931 56945 56945 56945 56945 56945
 56945 56945 56945 56945 56945 56945 56945 56945 56945 56945 56945 56945
 56945 56945]
23 [15285  5224 13171 31829  5139  6151 11120 12183 12042 10621 56946  4472
  4151  2171   848  3336  1317 11211 56946  5224 12761  5432  6862 56946
  2570  5226 11853 10700 56931 56945 56945 56945 56945 56945 56945 56945
 56945 56945 56945 56945 56945 56945 56945 56945 56945 56945 56945 56945
 56945 56945]
4 [ 2890  8778  5226  1335  1121 13229 10291  5224  2445 56931 56945 56945
 56945 56945 56945 56945 56945 56945 56945 56945 56945 56945 56945 56945
 56945 56945 56945 56945 56945 56945 56945 56945 56945 56945 56945 56945
 56945 56945 56945 56945 56945 56945 56945 56945 56945 56945 56945 56945
 56945 56945]
10 [11674 12675 15201  4472 11136 10429  5224 56942  4472  8289  6260 56932
 10621   420  3861 15083 56932  5224 56942 56932 11122 56946 13371   870
 10067  8876  3612 56931 56945 56945 56945 56945 56945 56945 56945 56945
 56945 56945 56945 56945 56945 56945 56945 56945 56945 56945 56945 56945
 56945 56945]
20 [ 5224 12133  4472  4984  6351 11211 13280 11066  2890 10563 11085 11211
  6965  4151 14030  5226 11791 10621 11627 10621  1872  6151 11120 11840
  6151  8877  6151   453  9315 56931 56945 56945 56945 56945 56945 56945
 56945 56945 56945 56945 56945 56945 56945 56945 56945 56945 56945 56945
 56945 56945]
25 [ 5224  9211  4472  5319 15201 15058  6151 11120 13675  3820  4472 11120
 11840 11211  5666 12764  7494  5226 14662  5224  9591  4472 11211  1240
  7780 13016 56940 11211  2464  7780  2299 22669 10877  2771  2772 10621
 11211  5240  9369  2003 19886  6741 10291 22548 11120 14653  6862  2637
  2771  2848]
41 [ 8493  4472  5488  9862 56932 13339  1925   870 10067  3612  4472  5138
 56946  4472 56946 56932 56946 56946 56932  1240 10424 11211    85  9592
  5217  2890 10210  4472 11120 15098 15227 10067  3835  6695 17775 56932
  4890 13488  7780  8192  6197  2482  4161  5224   273  4472  4151 14414
 56931 56945]
10 [ 5224  7346  4472 11694 11856  6367 10267  7381  9939  6862  1292 10201
 14584 10291  6714  2131  9876  4472  5908 56931 56945 56945 56945 56945
 56945 56945 56945 56945 56945 56945 56945 56945 56945 56945 56945 56945
 56945 56945 56945 56945 56945 56945 56945 56945 56945 56945 56945 56945
 56945 56945]
7 [ 2905 56932  6489 56932 13673 10621  2383  5377 13396 14001  5224  7478
  8661 56931 56945 56945 56945 56945 56945 56945 56945 56945 56945 56945
 56945 56945 56945 56945 56945 56945 56945 56945 56945 56945 56945 56945
 56945 56945 56945 56945 56945 56945 56945 56945 56945 56945 56945 56945
 56945 56945]
10 [ 8493  3726   441  4472 56942 10440 56932  2199  4472  2529   985 13371
  5224  7485 10735  4472 12185 56932 56946  4151 14862  4472  5804  1088
  8401 56931 56945 56945 56945 56945 56945 56945 56945 56945 56945 56945
 56945 56945 56945 56945 56945 56945 56945 56945 56945 56945 56945 56945
 56945 56945]
10 [ 6151  5224  8871 56932 13280  2890  2689 56932  5804 12357  9246  5226
 11120 12673  5404 56931 56945 56945 56945 56945 56945 56945 56945 56945
 56945 56945 56945 56945 56945 56945 56945 56945 56945 56945 56945 56945
 56945 56945 56945 56945 56945 56945 56945 56945 56945 56945 56945 56945
 56945 56945]
7 [ 4562 11120 13786  4472  4399 56932 13698   956  7721 13822  6793  4472
  9252 56932  1925  9292 11120  9453  4472  7432 56931 56945 56945 56945
 56945 56945 56945 56945 56945 56945 56945 56945 56945 56945 56945 56945
 56945 56945 56945 56945 56945 56945 56945 56945 56945 56945 56945 56945
 56945 56945]
12 [15023  5488 12314   753  2890  8987  9785 11211  4161 13280  9198  8946
 31820 13396  5224 56186  8984 10621  2944 56931 56945 56945 56945 56945
 56945 56945 56945 56945 56945 56945 56945 56945 56945 56945 56945 56945
 56945 56945 56945 56945 56945 56945 56945 56945 56945 56945 56945 56945
 56945 56945]
7 [ 5366  1040 11211  7119 12683 56940   373 12214 12151  6151  4151   243
 12707 56940  1633  4151  4088  6630  4472  5804  9271 56932 12555  4472
 11248 56932 13396  5224   222 11172  4472  8280 56932  5157  6003  4472
 13462   848  2036  4472 15660 56932 12889  5224  1499   418  9836  1231
 14519 56931]
14 [ 8493  4472  4151 14324  4472   424  8716 10067 10292   865  5804 10804
  4472 14426 17522  6151  9687 13396 10722  4472  4151 14821 14729 13284
 56931 56945 56945 56945 56945 56945 56945 56945 56945 56945 56945 56945
 56945 56945 56945 56945 56945 56945 56945 56945 56945 56945 56945 56945
 56945 56945]
6 [ 5226  8898  1506 13261 11120  5844  5276  1597 11120 14206  4472   710
 11120 15399 10621 14184  5226 14390  2890  8614  4472 11106 10621 12456
 10291  4151   253  4472  4151  8072  5226 11120  6549  4472  8898 11192
 56931 56945 56945 56945 56945 56945 56945 56945 56945 56945 56945 56945
 56945 56945]
38 [13396  1231 12135 56932 11120 12815  5432  7780  3860  5217  5224  1242
 11120  2725  4660 11211 15331 56946 10621 10700 13371  2740 10621 14564
 14557 56932 10611 10025 56932  1396  6151 11120  9028  4472 11211  5804
   508  9444  9475 10291  6188 12453  2370 11835 13396   782 11120 20732
  4472 11120]
13 [ 5224  2824 12638 56932  4204  3245 13396 12838 56932  6172  5226 10107
  5224  6260  8590 15023 17251  8493 14950  4472   153 13396  1231 56940
 11066  4472  7460 56940 10621  6151 13822 14378  9135  1240 15394  7780
  7916 11120 13269 10067  6319 56932  8630   865 44977 41635 13396  1231
 10620 56931]
7 [ 2890  7932  2861  5534 26546  1240   373 24040  5226 56946 56932  1240
 15034  5226  8493 40795 10621 13903 11120  5918 56931 56945 56945 56945
 56945 56945 56945 56945 56945 56945 56945 56945 56945 56945 56945 56945
 56945 56945 56945 56945 56945 56945 56945 56945 56945 56945 56945 56945
 56945 56945]
20 [ 5224  3786 56932  6890  2023  1240 11667  4562  5224  2792  8016 56932
 14561  9502 56932 10291  1443 11211  5224   653  5349 56940  4472   826
 56940  4151  1625 12618  6151  5804 10758 56932 14260 14931  3694 12764
  2495  7303  5224 12761  1925  8595 56931 56945 56945 56945 56945 56945
 56945 56945]
32 [ 2890  4065  4472 56946  4461 56932 56946   713 10621 56946  6381 56932
  1240 11936   217 10291 15390  1296  6151  4151 11003  5226 11120 12165
  1562 10471  5217  5224 13019 10067  4817 12909  5955  5735 56932  5226
 56942 56931 56945 56945 56945 56945 56945 56945 56945 56945 56945 56945
 56945 56945]
10 [ 5226 11646 12541 56932 11120  6855  4472  1296 10067  5806 31136  2890
 56946 56946  5226  5224  5879 56931 56945 56945 56945 56945 56945 56945
 56945 56945 56945 56945 56945 56945 56945 56945 56945 56945 56945 56945
 56945 56945 56945 56945 56945 56945 56945 56945 56945 56945 56945 56945
 56945 56945]
0 [ 9909  9502 56932 11211  7780  3030 11120 11093  6614 10067 13723 10067
 14358  5226  5224  9814 15023  4151  4290 56932  7780 56946  5224  9591
  4472 11211  2892   418  5664 13822  1945 13396  5307  6151 15488  4562
  4108  5226  2668 10621  7780 11906 11211 11120  6462  3245  5103  5226
  8876 15168]
4 [ 5226   425 14693 56932  9909  9502  1240  7780  4028 11211 56940  1233
   428  5240 11122 11211  4325 13487  5534  2892  8946 17873  5226 13579
 56932 56936 11149  7494 11211  2426  4550  4562  2890 13959  8984 10899
  2138 56937 56940 56945 56945 56945 56945 56945 56945 56945 56945 56945
 56945 56945]
3 [11120 10241  4037 16169 56931 56945 56945 56945 56945 56945 56945 56945
 56945 56945 56945 56945 56945 56945 56945 56945 56945 56945 56945 56945
 56945 56945 56945 56945 56945 56945 56945 56945 56945 56945 56945 56945
 56945 56945 56945 56945 56945 56945 56945 56945 56945 56945 56945 56945
 56945 56945]
32 [ 6151  2922  4472  5804 14406 56932 13811 14441  6151 13649  7809  7354
 12948 13396  6894 56932 13386  1040  5226 56946  4472  5224 25402 56934
 15528 56935 11211 11120 10714 56946 56940   373 16769 13396  5224 10778
 12033 10291  6162 15600 56940 56931 56945 56945 56945 56945 56945 56945
 56945 56945]
20 [ 5804  9839   736  5224  4813  1681  4472   406  4472 56946 10621 11120
   657  5490 13396 56946 56932  4884  8069    85  6656 13396 11120 12613
  9500  6821 56934 56946 56935  4472  2934 56931 56945 56945 56945 56945
 56945 56945 56945 56945 56945 56945 56945 56945 56945 56945 56945 56945
 56945 56945]
37 [ 5224 56940 21472 56940  4472 56946  5240 13171  9918 12543  1233  1240
  7494  5226 14662 11211 13554 12342 13371 56946   746 20646 11211 56932
  1233 15608  5224 10778 56932 56946  5804  7197  3073  4256  4472  5804
 11211 26928  2934  6862 10590 12735 11120 10767  5432 10067  6319 10621
  6802 11120]
14 [11120 11464  6695  4472  2119  4472  4957 12297 12297  4562 14759  6151
 11120  6543 56946 10621  4559  2890 56946 12297 12297 10621  5224  6952
  4472 11120 10366 10067  5053 56946 56946 12297 12297 56946  4472 11120
  4351 10621 10674 56946 56946 12297 12297 56946  2890  6412  3047 12672
  5538 13396]
3 [11120  4670    85  7582 13396  5224  2880  4472  3806 15023  5307  6151
 11120 14850  4472 11211  5224 13857  5226  5224 15682  4472  7556  4472
 11120  4675 56932 56940  6151 15254  4472  2890  1958  6017  4472  9480
 10291 11120 13917 56940 56932   373 11721  5226  5309 11669  4666  1225
 56932 14691]
20 [ 4151  6505 13700   939  6151 14505 13817 56932 15287 56932 15083  4472
  8493 14559 11791 56932 14260 11120  2976  5240   985  4332  4472 11120
  1274  4472  9424  4472  5259  6151 12379  5452 56932    20 11211 15417
 56932  3585 11120   226  9243 56931 56945 56945 56945 56945 56945 56945
 56945 56945]
7 [ 4562  8493 10526 14299 56932  5804  3947 56946 13441  8993  4151 13430
 12392  4472  1231  1431 10621 56932  5534  1240 56946  1925  2972 56932
 30323  4095 13822  3361  4649  4472 12168 56931 56945 56945 56945 56945
 56945 56945 56945 56945 56945 56945 56945 56945 56945 56945 56945 56945
 56945 56945]
31 [13396 13676 56932 12321 13382 11211  8493 11851 10291  9543  5224  8844
  6480  9322 10067  2610  2944 56932  4562  5574  4472 11120 18180 10621
 11921  7594  4472  3384 24958 56932 38831 56946   848 56946 56946 56932
 56946  5226   450  5224  7371  6151  1231  1431 56931 56945 56945 56945
 56945 56945]
5 [ 5224 13242  8159 11211   229  3924 13371  2890  5738  5226 11304 10621
  1240  3623 45317  4562  5224  2703  4472  1231  6319  1233 12764 11117
 14982 10291  5804  4185  3204 56931 56945 56945 56945 56945 56945 56945
 56945 56945 56945 56945 56945 56945 56945 56945 56945 56945 56945 56945
 56945 56945]
27 [ 1925  2716  2890 12737 15326  4537  5331   683  2704 56932  5804  2402
 56946  5217  4151 56942  6151  4151 56942  1362 11120 12493 14571  4472
 11103  1084 56932   723 10820  5224 13276  4161 11120 15323 10067  3612
  4472 56946 56932 11211  7193 13822 10554  5217 13732 56931 56945 56945
 56945 56945]
2 [ 5224 14802 56946 56931 15938 56945 56945 56945 56945 56945 56945 56945
 56945 56945 56945 56945 56945 56945 56945 56945 56945 56945 56945 56945
 56945 56945 56945 56945 56945 56945 56945 56945 56945 56945 56945 56945
 56945 56945 56945 56945 56945 56945 56945 56945 56945 56945 56945 56945
 56945 56945]
22 [  428  1240 18447  5226  5224  7249 13554  4472 11120 15084 46894 56946
 56932  1925 10282  2890 56946  4472 11120  4986 10930 25048 13530 56932
 15083  4472  2890   623  4472 56946 56946  5226  4622  4518 24563 13396
 11120 12596  8328 56931 56945 56945 56945 56945 56945 56945 56945 56945
 56945 56945]
36 [ 5224 14012  4264 56946 10621  5224  2944  3913 10537 56932  4938 12948
  9538  5226 13732  1231 11093  1855 56932 14139  8050 56932 11211  1240
   262  5224  4522 56932  8420 11211   425 12935 11211   746  1602 10621
 13342  6151  5224 13151  5240 56940  8493  3841 56940 56931 56945 56945
 56945 56945]
2 [10513 56932 15498 56932  4472  5513 13449 56932 10621  8792 56932  2890
 14657  4472  6244 56932  4472  6099  7848 56932 56946  6151  2037 10611
  5804 14378 12535  1925  8036  1925  7811  2122 56931 56945 56945 56945
 56945 56945 56945 56945 56945 56945 56945 56945 56945 56945 56945 56945
 56945 56945]
2 [11120 12613  7434  5226 13732  5224  4291  6151  1231  2222  1975 56931
 56945 56945 56945 56945 56945 56945 56945 56945 56945 56945 56945 56945
 56945 56945 56945 56945 56945 56945 56945 56945 56945 56945 56945 56945
 56945 56945 56945 56945 56945 56945 56945 56945 56945 56945 56945 56945
 56945 56945]
15 [ 5224  5347  3667 14114  5355 56932  5226  5224  1030 56942 56932 10621
  5224 15914  5513 56946 56932  5226  5224 56942 56932 56946 10291  5224
  2523   510 56932  8630 11211  5224 53270  3667 10318 14812  6747 10291
  5224  1056  6232  5226  5224 56942 56931 56945 56945 56945 56945 56945
 56945 56945]
2 [11120  4687 25440 10333  5226  3421 31486 11211 14811  5331  5224  7057
  4472 11120 33651  9823  4472 11120  5956 56931 56945 56945 56945 56945
 56945 56945 56945 56945 56945 56945 56945 56945 56945 56945 56945 56945
 56945 56945 56945 56945 56945 56945 56945 56945 56945 56945 56945 56945
 56945 56945]
3 [11120  4687    85  4443 13396  2890 12500 11999 56931 56945 56945 56945
 56945 56945 56945 56945 56945 56945 56945 56945 56945 56945 56945 56945
 56945 56945 56945 56945 56945 56945 56945 56945 56945 56945 56945 56945
 56945 56945 56945 56945 56945 56945 56945 56945 56945 56945 56945 56945
 56945 56945]
24 [ 4151  2131 19721   290  5224 56940  2641  5226  6226  5224 11078 56940
 11211  5224  6516 10067  7581  4188  2610 56932  9823  4472  1651  8953
 36299 56932  8902  6151  2135  6151 15099  4472 14724 56931 56945 56945
 56945 56945 56945 56945 56945 56945 56945 56945 56945 56945 56945 56945
 56945 56945]
49 [ 5224 13247 10067  7346  4472 10185 11211  7457  1925 11052  5804   420
 13349 11211  1765  5226  5224  4667  1633  5224 21014 56932 13396  9245
  4613  4472  3421  1551  8509 14378 10013 10067  3612 13987 56932  7780
 11898 11120 38192 10291 11211  7898 12733  5226 13450   207  5226 11120
  8200 56946]
26 [14931 11744 56932 23247  8159 11211 56940  5804   453 16747  4472  3432
 56932  8216 13371  5224 56946 56932  4151  3713 21267   848  4151  3713
 21426  5989 56946  5226  5224  1702 12482  5224 10107  3432  4472 11120
  6670 56932   907  6151 11211  1240 12015  2488 11211  5240  8493 24058
 56940 56931]
3 [  425  9168    85  6811  5226 11120  1147  4472  5804  8561 15244 11211
 14423  8246  5226 11120 10947  6255 10291  6416  2890 16571  6151 11120
  4000  4472  2403  4151  6530 56932  9000  4550  5224   653  4472  5199
  6391  8159 11211 11674    85  2890 56940 56946 56940 56931 56945 56945
 56945 56945]
16 [ 5224 14555  4019  7249  5240  8493 10213  8148  4472 10922 56932 11211
 12764  7780 24627  4472 56946 10555 56932 13371 11120 12040 10067 12956
  4472 14767   848  5224  5972  4472 12733 56931 56945 56945 56945 56945
 56945 56945 56945 56945 56945 56945 56945 56945 56945 56945 56945 56945
 56945 56945]
30 [12889  6151 47797 56932 10922 14204 11211  6330  2890  6560  4472 56942
 11804  4472 17235  8100 56942 11804  4472  5699 56932 56942 11804  4472
  5669 12297 12297 10621  4161    85  9312 13396  6388 15023 11120  7441
  4472 56942 11804  4472  5699 11211 11120  7070 56946  9490 11014  6151
 56946 56931]
17 [ 5226  1156  6151 11120 11311  4472  3046  7956  5224  7057 14631  4472
  5804 10542 56932  4151  6118 56946  3245 11211  5224 14399  5240  1958
 56932 12889  1240  3731 12543 10722  4160  5226  6036  6151  5804  5126
 13396  5804 11211   582 39277  5224  9283  4472 14072 11211  4026 11211
  3669  6151]
24 [ 8409  3156  5226 11211 11120  8139  4472 11120   358   373  5226 11400
  5226 13439 56932 10621  1233  1240  4473   425  3874 10621  4151 56946
 11144  1925 56946 10621  1925  9111 56932 56940  1469  4977 56940 56932
  1117  5224 14479 56931 56945 56945 56945 56945 56945 56945 56945 56945
 56945 56945]
38 [10291 13487 56932  6151 14378  3861  8819 56932  5224  8614  6197    65
  4388 11120  7300  4472 12035 10867 56946 56932 11211  5088  6151  2478
 11120  4109 10067 10527  4472 11120  5158   635 10291 11755  1883  4562
  2865 12342  3023 56931 56945 56945 56945 56945 56945 56945 56945 56945
 56945 56945]
1 [ 7940 56946  7780  8806  5224 14399  4562  8468 10621  7780  7581  3450
  6151 11120  4687 56940  4472  1242  6151   273 56940 56932  8212 56946
 56932 11211  1240  6980 14260   424  9591 56940  7780 14069  2890 13305
  3510 56940 13974  4472 11120  9745 56931 56945 56945 56945 56945 56945
 56945 56945]
11 [ 9000   425  9287 56932  4472 12121 47056 11211   494  5226 56946 19311
  4562  5224  3612 14749 56932  9929 14184  5224  6216  6151  1231  2928
  4562  2890  9214  5226  2732 56931 56945 56945 56945 56945 56945 56945
 56945 56945 56945 56945 56945 56945 56945 56945 56945 56945 56945 56945
 56945 56945]
48 [13396  1231 12135 56932 11120  1035 15161  4472  5430 56932 15066  4472
  8598 56932 14039  6997 11211 11120  4687  5240 14653  4472  4151  6505
  2844 56932 56940  8993 11211 11120   990  1240 27171 13974 10067  4842
  8984 56940 56932  6151 11122 11211  6299 11211 11120  6805  2551  5676
 56946  1233]
26 [56940   603  6151 11120  4988  4562 11120  4188  3288 11211 12171  7782
  8823 56931 12764  5240  2890   821 18068 10291 10809  5226  5804  1304
 56932 11122 56946  4472 12024  7147  1233  7016 56940 56932 11499 56931
 56945 56945 56945 56945 56945 56945 56945 56945 56945 56945 56945 56945
 56945 56945]
42 [ 5165  6151 11120  6275 11211  1049  7305  5226 10105  5226 11120  3174
  5224   982  4472 56940 12611 13396  5224 13893  4518  9591 56940 56932
 14260  5226  5804 10700 11211 56946 13396 56940 56946 13822 10555  7956
 11120 11668 10621 11120  6471  1396 28610  1925  5566  3676 10621  6151
 10733  4472]
5 [56940  1240 56946  8630  4125 56946 56931 11120 11169  8889  5240 11211
  5224 14687 12764  5240 14915  4415 10621 11211  5226  9198 11554 10475
  4472  4291 56932   424  5240    13 56946  9000 56946  5226 11211 10321
  8832 56940 56931 56945 56945 56945 56945 56945 56945 56945 56945 56945
 56945 56945]
32 [56940  1240 56946  8630  4125 56946 56931 11120 11169  8889  5240 11211
  5224 14687 12764  5240 14915  4415 10621 11211  5226  9198 11554 10475
  4472  4291 56932   424  5240    13 56946  9000 56946  5226 11211 10321
  8832 56940 56931 56945 56945 56945 56945 56945 56945 56945 56945 56945
 56945 56945]
27 [ 9000  8373  4472  5804   420 14058 13847  4472 11872 11120  5329  7936
  6151  5489 56932 56942   357 10067  1673 55412 56932 12835  7956  5224
 36490 10067 14139 44238 16844  4472  4151  4961 56934 16465 56935 56931
 56945 56945 56945 56945 56945 56945 56945 56945 56945 56945 56945 56945
 56945 56945]
4 [14735  1240 56946 10621 56946  4562 11120 12767 10621  5224 13741 26430
  4472  8328 10291 11184  6151  5489 11211  1240  4716 14931 11921 10291
 12049  3479 14931  4323  9000  5226 11765 56932  1633  5224 27908  4472
  5804  9163 56931 56945 56945 56945 56945 56945 56945 56945 56945 56945
 56945 56945]
45 [13420 12764  8321  4421 56932 13396 56946 56932  6151  4151  1347  4472
  4295  4472 11211  1231  4670  4472  9770  5224 56946  5226  1231  5352
  4472  3628 15312  5226  4151  8849 11730  7175 14843  2890 56940 14606
 11279 56940  5226 11120 15249    36 11211  5804 13452 56946   775 56931
 56945 56945]
30 [ 5226  1231  9283  4472  4709 56932 11120 36562  5001 31843 48315 56932
 13845  6151  6226 11122  7426 10621 17157 10067 56946 56932    96  6151
  4337 56946 10621  1231  9745 20730 27548 19392 56934  3280  4472  3455
 10156 56935 56931 56945 56945 56945 56945 56945 56945 56945 56945 56945
 56945 56945]
13 [ 5224  1702  5296 56932 13676 10067  8288  5567  4472 11120  8946 15875
 56932 28488  5224 56942  4472   995 56932 10621  4562 12342  1240  8317
  6755  6151 11120 21751  2890 13723  4472  1395  2095 11211  8509 11120
 27599 15515 47306  6151  4151 11817 17255 56932 13554  5226  1723 13371
  5226  5224]
8 [ 3863  5831  8650  5226 14842 10621  1231  3852 47888  4472 10768  6151
 11120 14623 10067   940 56931 56945 56945 56945 56945 56945 56945 56945
 56945 56945 56945 56945 56945 56945 56945 56945 56945 56945 56945 56945
 56945 56945 56945 56945 56945 56945 56945 56945 56945 56945 56945 56945
 56945 56945]
28 [ 5226  1156  6151 11120 14053 11211  6667 10291 11120  7444  3934 11120
  8001 15568  4472  5657  8803 13396  5224  3835  5769 15164 56932 11499
 11211  5226  5224  1437 56946 10611  5224 56942 10621  5224 56942 13396
 14108 10621 11211 56946 13396  2396  4472 14122 12314 15257 56940  8493
 13450  7671]
2 [11120 18724 15878  4562 13160 11211  8619  6839 16145 12494 10621  2820
 43125 10067  6319 56931 56945 56945 56945 56945 56945 56945 56945 56945
 56945 56945 56945 56945 56945 56945 56945 56945 56945 56945 56945 56945
 56945 56945 56945 56945 56945 56945 56945 56945 56945 56945 56945 56945
 56945 56945]
26 [ 2890  2595  4472   316 15201  6151 14196 11211  5804 10084  4258 13093
 56946 56932  4472 56942  5137 56933   559  3908 56946 56932  4472 56942
 56932 10621   604  3444 56946 56932  4472 56942 56932  6205 13371  5224
  8016  4264   852 56946 56932  4472 56942 56932 14423 10758  5224   972
 10621 12499]
3 [ 1723 10621   140  4098  5226 11966  3213 56940 12161  4472  7903 56940
  1925 15316  4472  7891  4472 11120  3046  4472 56942 56931 56945 56945
 56945 56945 56945 56945 56945 56945 56945 56945 56945 56945 56945 56945
 56945 56945 56945 56945 56945 56945 56945 56945 56945 56945 56945 56945
 56945 56945]
38 [ 1793 11120  5887  9490 30930  5226  5224  5995 14378  5137  4472  1795
 10291 11120  8548 24242 56946 56932  8276  4472 56940 56946 56940 56932
 11211   373  4867 56932 10621 10291  5804  7568  8231  5226 13048  2861
  3667  4233 56946 10222 56932  3667   780 56946 56932 13529  9640 56946
 56932  3667]
21 [ 5224   587    85  2519 13280   420  5137 56932  8509  8493  6855  6151
 11120  5918  4472 11134 10067  2792  4472 11120  5956 11703 56946 56932
  1925 11211  4302  5224  9230 56946 56931 56945 56945 56945 56945 56945
 56945 56945 56945 56945 56945 56945 56945 56945 56945 56945 56945 56945
 56945 56945]
39 [56940 12764  1469 11721 11813  5542 10291 11211  8945   635 56934  1808
 56935 56946 11120 13300 56932 11372 11211 12403  6151  6226  5224  5972
 56931  5224  2689  6260  6197  5457 12937  4151  2961  6862 56932   494
 56932 12764  8789  6406  8689 10291 11211 11120 14294 12764  2061 13396
 11120 56942]
13 [ 5226   424  4492    11 11211 56940 12764 14190 56940 11211  5224  2631
  5692 56946 10621  6491 11211  1925 18319  4472  2890 14339  4415 56940
  7709 11293   494  6151  6416 11211 14338  4472 12183  4694 18959  5534
  2890   653 17565 12764  4962  4562 13822 17358 56940 56931 56945 56945
 56945 56945]
6 [15394 17005  3245 11211 11120  9868 34727 56946  4472  5224  3472 56934
  4472  5272  6151 11120 10773 56935 56932 11122 11211 13334  4151  9056
  8550 56931 56945 56945 56945 56945 56945 56945 56945 56945 56945 56945
 56945 56945 56945 56945 56945 56945 56945 56945 56945 56945 56945 56945
 56945 56945]
14 [ 4151  2789  4472  4225 13089 10557  2890  8716 10067 56942 13396 14108
  5226  8289  6260  5226 15210  4562  5224 12675  7977  4472 56942 56932
  4161  5804 56942 11804  4472  5895 56932  1288   217  6118 10067 10386
 56931 56945 56945 56945 56945 56945 56945 56945 56945 56945 56945 56945
 56945 56945]
3 [ 1335  1240   373 31174 13371  2890 13645  4472 13893 10291  5224 10386
  7013 10621 10291  5804  4185  5137  1240  9054  2890  3269  8716  4472
 11120  4194  4472  4284  7018  6151  7608  4472 11120 11199 56931 56945
 56945 56945 56945 56945 56945 56945 56945 56945 56945 56945 56945 56945
 56945 56945]
33 [ 6151  4151 12877 56932  1240  4563 14445  4562 13649 56942  1882 10722
  4472  4151  8155 11211   930 12522 11120 15886  4472  7384  5224 19441
 13935 56932 13396 11122 11211 10611  5488   420 14862 30324  6950  2890
 14643  4472  4507  4472 13801 56931 56945 56945 56945 56945 56945 56945
 56945 56945]
21 [13396  8593 56932  3655 11120  3778  4472 11211   211  5224  5071  2106
  1240 56946 11669 14687 10067  4842  4472 13893 56932 17511  4472 11120
  6256  4472  8493  1527  4472  6757 10611 14210 10655  6862 56946  5226
 11122 11211  1240  1626  6151  8248 56932  4127 10621  1728 10291 11120
  9745 56931]
11 [11120 14556  4472    26 10621  5039  8916 10067 14358 56932 13211 11195
 56932  5165   217  1925   653 10621  6151  5804  1046 15404 11211 56940
  2162  1302  5226  4151  3336 10125  5226 11120  6255  2568 10621 11211
 56946  5226  4151 10531 11211  1396  2029  3432 56940 56931 56945 56945
 56945 56945]
11 [11120 14556  4472    26 10621  5039  8916 10067 14358 56932 13211 11195
 56932  5165  1925   653 10621  6151  5804  1046 15404 11211 56940  2162
  1302  5226  4151  3336 10125  5226 11120  6255  2568 10621 11211 56946
  5226  4151 10531 11211  1396  2029  3432 56940 56932  6205 13371 10291
 12486 11120]
20 [ 7444 10336  7780  2729  5226 14390  2890  2445  4472 10732 10291  7642
  1231 13450  1106 10621  9636 56932 15023    52  6154  5226 56942  2890
 12362  5226 13822 13767 14909 10067 56942 13396 14108 56932  4161  5804
 56942 11804  4472  5699 56932 14691   217  1231 13488  9823 56932  5513
 13788 56931]
8 [11120  3795  8321 11211 10753  5226 11669  3719 56946 13396  5224 15168
 56932  6151 56942 10440 13396  4000 56932  5224 19506  4472 11120 56946
 56931 56945 56945 56945 56945 56945 56945 56945 56945 56945 56945 56945
 56945 56945 56945 56945 56945 56945 56945 56945 56945 56945 56945 56945
 56945 56945]
40 [ 5224  6516  4472  7581 10621  4569  6151 11120 14720  3037 15071 10291
  2890  9518  3146  4472   653  4562  5224 56942 13396 14108  4472  5804
  2322  4118  5226 11120  8290  7037  4472  5804 13283  4256  6151 11120
 11211  1240  7951  5224  6260   972  5226 11648 14931  1431 11372    24
 56931 56945]
2 [56940 11122 56946 56933 12764 11299 11372  2890  2052  5226  4602 56932
 11372  2890  2052 14427 56940 56932  9127 43591  1633  8448  4472 56942
  4472 13822  5747 11211 18000 14931 12686 12552  5217  5224  6260  8788
 56931 56945 56945 56945 56945 56945 56945 56945 56945 56945 56945 56945
 56945 56945]
4 [ 5224 10242  4472  7581 56946 11211 11120  1274  5226 11120  2894  4472
  9394 10700 10067   424  6913 10291  1723  8493 10177 56940  7253 56940
  4472 10147 56940  4173 56940 56932 15083  4472 11211 13396 56940 14324
  7606  5226  5224  6260 10621  8165  5226  5137  4979 56940 56932   418
  7581 56940]
21 [ 7868 11499 14106  5226  1668  4472  2858 56932 11122 13171  4415  4472
   425  8665 12764 15593  5240 11211 56940  7780  8192  6891 10621  2183
  5217  5224 12754 14358 56932  4562  6270 10621 10076 13371  1088  4121
  4472   425  4687  5226 11120 11211 12764   746 12490  5226  4303  4472
  5804  7025]
37 [   11 11211  5224   653 56940  3686  3245 14184  7121  6151 11122 11211
   373  1452  2890  3053  6151 14198  3733 13371   865  5804 13767  2898
 11211  1396  2831  5804 56946  4472 11120 15426   848  5430 11211   746
  8192  8246 10621 11211  1240 15394  1396  7391  4472 11120  1618  1925
   653 56940]
43 [   11 11211  5224   653 56940  3686  3245 14184  7121  6151 11122 11211
   373  1452  2890  3053  6151 14198  3733 13371   865  5804 13767  2898
 11211  1396  2831  5804 56946  4472 11120 15426   848  5430 11211   746
  8192  8246 10621 11211  1240 15394  1396  7391  4472 11120  1618  1925
   653 56940]
35 [ 5224 56946 15919 26690 14817  9541  4472  2890 17789 56932  5224 56946
 16474 56946 56932  5224 10246  2067 10621  5224 24168 56946 19592 30705
 29193 56932 13478 25713 56932 10291 11211  5804 15364  4472  3229 56946
 13396 56946  6151  5804 56946  4472 13998 56931 56945 56945 56945 56945
 56945 56945]
46 [56940  6950 14180  5224  3612 56931 11122 11211 14548  5240  1970 56932
 56946 10621 12613 56940 56932  1603  5224  5715 15442  2867 56932 13386
  3245 15201 12764  6416 56940   269 56940  4472 11211  5224  4685  4472
  9450  9875    13  5076  1240   418  4405 13396  5224  1827  5513  4472
  3951 56931]
11 [56940  3222   373  5226 21601  4562 11211  4151 14030 56940  9658 32047
 56940 12764 13396 14324  5989   848 25502 56932 10954 13396 14324  4472
 14653 56940 56932  9528 11120  4332  7778 56932 11211  6299 11211 11674
 12764 14067 11211  1231  6319 12764   373 14612  4562  5224  4765  4472
  4151 11656]
15 [12764  5240  1958 11211  1240  7706  7530  6205  6151  2890  3187 11211
  7780 56946 10621 18115  1452  8993 15192  1925  7238 56931 56945 56945
 56945 56945 56945 56945 56945 56945 56945 56945 56945 56945 56945 56945
 56945 56945 56945 56945 56945 56945 56945 56945 56945 56945 56945 56945
 56945 56945]
13 [11669 21137  6950  1240  7709  4383   211  2890 10497 12407 28361 11211
 11122 17018 56931 56945 56945 56945 56945 56945 56945 56945 56945 56945
 56945 56945 56945 56945 56945 56945 56945 56945 56945 56945 56945 56945
 56945 56945 56945 56945 56945 56945 56945 56945 56945 56945 56945 56945
 56945 56945]
23 [ 5226   424 13909  1240   290  5804  8752  4472 15805 10621  4472 11646
   216 23397 11211 56932 13396 11464 56932  5226  1231 11938 12866  6725
  5226 13579 56931 56945 56945 56945 56945 56945 56945 56945 56945 56945
 56945 56945 56945 56945 56945 56945 56945 56945 56945 56945 56945 56945
 56945 56945]
41 [ 1793 56932 29767  5165  6151  9019 11211 39759 11120 12040  4472  8493
  6805 10212  4472 11791 56940 10291 10851   405  8165 56940 10621 15005
  1925   653  4472 11211 10475 56940 56946 56940  6151 11120 14294  4472
  4004 56932  1233 56940 11562 56946 56940  5226 12676  6151  2135  5224
 13004  4472]
3 [ 5804   340 14423  1514 13396 10958  3863 10621 13396  1400 56946 56932
  6151  5804 56942 10621 56942 10013 56932  8170 56931 56945 56945 56945
 56945 56945 56945 56945 56945 56945 56945 56945 56945 56945 56945 56945
 56945 56945 56945 56945 56945 56945 56945 56945 56945 56945 56945 56945
 56945 56945]
12 [56940 12889  1969  5850  2890  9198  4472  1510 12297  6299 12297 11122
 56946 10621  9373 18884 10291  8740   424   273  4472 12921  6151 11120
  9707 10067   870 56940 56931 56945 56945 56945 56945 56945 56945 56945
 56945 56945 56945 56945 56945 56945 56945 56945 56945 56945 56945 56945
 56945 56945]
44 [ 5224  2792  4472 56946 11220  1793  6151 56946 11120  3778  4472  7099
  5226 15276  4472 11120  7465 56946 56932  7956  6226 56946 10621 56946
 56932 56940 11211  7780  5492  5226  5804  4393  5137  2890  3172  4472
  5243  4472  5804 12960  5226  5804 11211 13611 56946 56940 56932 13396
 11122 11211]
12 [ 9000 11127  5226 11211 56940  2890  3000  4472 11120 12031 11342 56940
  1872  6151 14040 11120  5089  6151  2890 14198  6121  5226 11120  4188
 12135  4472  4151 14625 56932 56940  6151 14849  4472  8493   128   967
  1925  8425  5226  9394 10700 56940 56931 56945 56945 56945 56945 56945
 56945 56945]
15 [ 5804  1046 12764 56946 13396  5224  9322  4472 11120 12673 56932 13371
  5226  2890  1242  8515  7898  8330 56932  1969  8433 13396  5224 10277
  4472  9985 56932 11211  1240 56946  1925 19767 10621  9122    61 32898
 56932 10621  5804 31955 46932   425 12921 56931 56945 56945 56945 56945
 56945 56945]
5 [ 5804  7025  4472 11120  8163 56946  1925  7581  5224 11255  2689  2890
  3804  4472 56942  6937  4472  5699 56932 11211  8493  1004 56946  5804
  8732   194  4472 11120  6569 11207  5226 56942  6937 56932  5224  3421
 13396 14108  8871 11211   424  2689 56931 56945 56945 56945 56945 56945
 56945 56945]
29 [ 5224   870 10067 10217  1447 11581 56932 56940 56946 56940 56946 56932
  1240  3623  1811 15023  2135  5224  9691  5226  4151  9001  4472 11120
   476  4472  2551  4562  5224 56946 56942  8957 56932  5226  3196 56932
 14260  5224  9541  4472  7037  1240 15410  5226  8302 56931 56945 56945
 56945 56945]
29 [ 5224 10246 56932  6197 14337  5224  6260  7977  4472 13330  6151 11294
  5226  5224  4566  4472  4712 10291 14021  4562 11120  5158  8484  4472
 11120  2680 56932 10291  4401 48829  4562  9338  5226  1231 11093  5329
 13371  8086  4472 11120 14443 13344  6151  5224  5347  4758 14781 56932
  3828 14773]
7 [ 6151 56946 12764 11117  7780  9591 11066 26600 20749 56932  6197 11211
  5804  1170 14051  1240   746 14212  4472 12350 56931 56945 56945 56945
 56945 56945 56945 56945 56945 56945 56945 56945 56945 56945 56945 56945
 56945 56945 56945 56945 56945 56945 56945 56945 56945 56945 56945 56945
 56945 56945]
12 [ 5226  4451  4472  4151 12541 10067 13440 56932  4151 13910  8540  2529
 24684 56931 56945 56945 56945 56945 56945 56945 56945 56945 56945 56945
 56945 56945 56945 56945 56945 56945 56945 56945 56945 56945 56945 56945
 56945 56945 56945 56945 56945 56945 56945 56945 56945 56945 56945 56945
 56945 56945]
7 [ 5224 15063  1240  1785  5534  5804  8330 24091  4289  4290  2649 10291
  6416  2890  7346  4472  9745 56931 56945 56945 56945 56945 56945 56945
 56945 56945 56945 56945 56945 56945 56945 56945 56945 56945 56945 56945
 56945 56945 56945 56945 56945 56945 56945 56945 56945 56945 56945 56945
 56945 56945]
4 [ 5226  2668  4151 14030 28653  2890  8834 13396 14108 56932  8630 11211
  5226  8295  1240  3731   264  5226  5224 12675 14198 11211  5226  5224
 13676  3297 56934  9226  2890 13857 10067 56942 13396 14108 56935 56931
 56945 56945 56945 56945 56945 56945 56945 56945 56945 56945 56945 56945
 56945 56945]
35 [15058  6151 11120  7316  4472 11211 12071 15145  2342 13396  5224 12956
  4472 11120   418 56932 12277    85  6454  2861 56940 12024  8024 12764
  6485  6151 11669 12956 56932 13396 11122 11211 12764  7709  2529  6444
 13396 12342 11372  7709   134  5226   227  4472  4656 56940 56931 56945
 56945 56945]
14 [13685 14504  5226  1231 10043 11211 56940  3572 14968 11120  6946  2370
  5224 14358 32747  6151  2890 13937  4472 18011 56940 56932 56940  1709
 14102 11120  3252  7945  6151  2890  1437  8033  4562 10442  7956 14299
 56946 56940 10621 56940  4151 14729 56946 11120 13269  6151  6686  6151
  7198  4472]
26 [ 5224  2792 10246 56932 13029 13420 56932 10651  1231   445 13396 11120
 14720  5224  6260 13348 20490  1925  9322 10067  6319  5226  2890  2625
  5942 10621 26284  5226  7821    50 56932  6862 14691  4472 11211  8209
 56932 13396 11122 11211  4770  4472   445 56932 13822 15344  5226 56946
  4472  8851]
4 [11120 14248 15535    85 15593  6151  9981 10393  4472   193 13280 13171
  4472  2890  2689 56932  5226 14724  4472 56942 56932 14260 11120 12449
   343  2317  8871 24174 56932  9000 13822  9684 14811  1452 13441 10326
 56931 56945 56945 56945 56945 56945 56945 56945 56945 56945 56945 56945
 56945 56945]
11 [56940 12764 14394  1368 15583  4562  5804 10025 11516 56931 56946 16109
 13371  8150 11211 10463  1231  7626 56940 56932 10395 56931 56945 56945
 56945 56945 56945 56945 56945 56945 56945 56945 56945 56945 56945 56945
 56945 56945 56945 56945 56945 56945 56945 56945 56945 56945 56945 56945
 56945 56945]
9 [15023 56942  2347  5226  5544  9939 56932  5224   653 56946 14931  6403
  6151  8928 56946 56946  4472 42186  6151  3572 56931 56945 56945 56945
 56945 56945 56945 56945 56945 56945 56945 56945 56945 56945 56945 56945
 56945 56945 56945 56945 56945 56945 56945 56945 56945 56945 56945 56945
 56945 56945]
15 [15023 56942  2347  5226  5544  9939 56932  5224   653 56946 14931  6403
  6151  8928 56946 56946  4472 42186  6151  3572 56931 56945 56945 56945
 56945 56945 56945 56945 56945 56945 56945 56945 56945 56945 56945 56945
 56945 56945 56945 56945 56945 56945 56945 56945 56945 56945 56945 56945
 56945 56945]
34 [ 8630 56946  5224  8450  7956  5224  5328 56932 13554  9222 13371  4188
 10045 12297 12297  1231 11783  4569  6151 14124 12297 12297 12013 11211
 56932 56946 13386 56946  5226  4151  5839  4290  4934 56932 56946  4472
  5804 10276  1711 10291 10702  5226 11648 56931 56945 56945 56945 56945
 56945 56945]
11 [ 5226  5224  7144  4472 15425 56932  4472 56942  1990 56932  9413 12202
  4562  6928 15664  5804 12530  4472  7537 56931 56945 56945 56945 56945
 56945 56945 56945 56945 56945 56945 56945 56945 56945 56945 56945 56945
 56945 56945 56945 56945 56945 56945 56945 56945 56945 56945 56945 56945
 56945 56945]
11 [  424    85  7218  4472  1231  5003  5226  5224  3719  5226 11211  9241
 13424  4472  6488 10611  3434  4472  6619 10621 11344 13712 10067   447
 56931 56945 56945 56945 56945 56945 56945 56945 56945 56945 56945 56945
 56945 56945 56945 56945 56945 56945 56945 56945 56945 56945 56945 56945
 56945 56945]
11 [56940 12764  1340  5414 56932  5224 10521 56946  4472 11120  1140 56946
  5224  1728  4472 11669  8148 56940  1096 10252 56931 56945 56945 56945
 56945 56945 56945 56945 56945 56945 56945 56945 56945 56945 56945 56945
 56945 56945 56945 56945 56945 56945 56945 56945 56945 56945 56945 56945
 56945 56945]
18 [12764  2451 56932  8493 15100  4472  4676  7741  4784  3971 11211  1231
  1431 56932  5224  6519 13396 12181  4337  9666 56932  5240  5224  4569
 13171 56946  6151  4903  3733 56932 11664  1233  4151  4290  4472 12379
  5452  1240 11147  4550 56932 56946 13396 56946  6151 56946  1925  6477
  4569 12855]
13 [12630 56946 56932  2411  1782  4472 11120 11461  8542 14103 56932  7709
    52  1428 56931 56945 56945 56945 56945 56945 56945 56945 56945 56945
 56945 56945 56945 56945 56945 56945 56945 56945 56945 56945 56945 56945
 56945 56945 56945 56945 56945 56945 56945 56945 56945 56945 56945 56945
 56945 56945]
4 [ 5224  2445  9193 11562 16908  5589  4571 56932   907  6151  5804 13171
  4472   420  5137  4472 18660 10621  5226 11122 11211  3645  4472  2689
  6197  1240   746 56946 56942 15461 56932  2890 56942 13396 14108 13171
  5226  4262 56946 56931 56945 56945 56945 56945 56945 56945 56945 56945
 56945 56945]
37 [56940  5804  3204  1240  3239  5226  2293 10013  6862   494  4562 14777
  5574  5804 17087 11400 56931 11674  1168 56932   753 11211  4746  6151
 11400 56931  6196  8993  1059 11100  5226 11400 56932  9000  5280  4151
 12541 33289 56931 11120  8139  5240 11120 25691 56940 56932  1117 56931
 56945 56945]
1 [13396 10711 56931 15938 15938 56945 56945 56945 56945 56945 56945 56945
 56945 56945 56945 56945 56945 56945 56945 56945 56945 56945 56945 56945
 56945 56945 56945 56945 56945 56945 56945 56945 56945 56945 56945 56945
 56945 56945 56945 56945 56945 56945 56945 56945 56945 56945 56945 56945
 56945 56945]
25 [ 5224 15038  4472  2828  1240  5151  5226  2890  3719  5226 11211 15520
 14190    77 12559 14315 56932 11664  7868  8493 13675 15100  1231 15459
  5240  8803 13396 14442  5224 56942 13396 14108  4472 11120 13553 10621
  2890 56942 13396 14108 11204  1231 13269 10067 10778 56931 56945 56945
 56945 56945]
7 [ 5804 56942  9135  4472 11120 16085 14423  5239 10621  5018 56931 56945
 56945 56945 56945 56945 56945 56945 56945 56945 56945 56945 56945 56945
 56945 56945 56945 56945 56945 56945 56945 56945 56945 56945 56945 56945
 56945 56945 56945 56945 56945 56945 56945 56945 56945 56945 56945 56945
 56945 56945]
9 [ 5804 56942  9135  4472 11120 16085 14423  5239 10621  5018 56931 56945
 56945 56945 56945 56945 56945 56945 56945 56945 56945 56945 56945 56945
 56945 56945 56945 56945 56945 56945 56945 56945 56945 56945 56945 56945
 56945 56945 56945 56945 56945 56945 56945 56945 56945 56945 56945 56945
 56945 56945]
10 [11120  9654  4472 11120  5001  3703  7780  9312 11120 14768  5748  6151
  9687 13396  5224   413 13661 56932 11211  5226  1231 13844  4472 12948
 10627  2890  2047  5226 15276  4472  5224  6336  9586 11191 56932 12475
 13371  8099  4993  4472  3572 56932  5226  5224 11211  4665 13371  5860
 56942  6361]
18 [ 5224  5351  1240  4810  6151  9687 10611 56942   433  4562  1170  4472
 10225  2246 11211  6197  4563  8192 12571   848  1240 14608   892 10025
  3815 56931 56945 56945 56945 56945 56945 56945 56945 56945 56945 56945
 56945 56945 56945 56945 56945 56945 56945 56945 56945 56945 56945 56945
 56945 56945]
11 [11120    19 10177 56932 13171  3682 56932  5240 11211 10267 10146 37611
  4472  2890  8436 11211 18915  4151 14162 10621 11211  2890  4816   322
  1240 56946  4472 56946 10267 12921 56931 56945 56945 56945 56945 56945
 56945 56945 56945 56945 56945 56945 56945 56945 56945 56945 56945 56945
 56945 56945]
2 [ 5488 15461 18362  6151 35410 11669 14555 12761 11211   582 56946  5804
   464  1345  4472 11120 13902 56931 56945 56945 56945 56945 56945 56945
 56945 56945 56945 56945 56945 56945 56945 56945 56945 56945 56945 56945
 56945 56945 56945 56945 56945 56945 56945 56945 56945 56945 56945 56945
 56945 56945]
33 [11211  5226  7182 56932 10621  5217  2890  8224  1095 56932   577 11117
 11154  4562 10977 56932  5207  8964  8373  3765    61  2861 11211  5224
  3208  4472 11120   176 10067 20141  8993  1240   373 56946 56932 10621
 11211 11120  3363 56932 13371 11120  4109 56932  5240  8493 15759 13896
 56931 56945]
13 [ 1793 56932  9792  7494 19574 11402  5226  7898 12379  8139 11211 11117
  8619 17286  9677  4472   455 56932   494  4562  8871  2322  1305 56932
  8552  6151 11120   314 10067  1767 10471 56931 56945 56945 56945 56945
 56945 56945 56945 56945 56945 56945 56945 56945 56945 56945 56945 56945
 56945 56945]
9 [ 5224 10242  9823  4472 11120  1752 15512 13991 56932 15256 56946 10621
  1231  5042  4472  8567 56932  5355  1402 56932  1240 13414 10291 11263
   217  5224  8033  6151 11120  1976  8973 56931 56945 56945 56945 56945
 56945 56945 56945 56945 56945 56945 56945 56945 56945 56945 56945 56945
 56945 56945]
16 [11120  9168  4472  7774   195  4472 11120  1147  4472  5804  3882 11117
  4105  6151 15424  2958 15242 14931  6403  5226 11120 12031 10621  8826
 11211  1231  6319   373  7446  5226  2890 56940  2241 12033  3314 56940
 56932 10621 11211  5804  3618 56940 14811  2831 11120 12673   309  4472
  4693 56940]
37 [15471 11499 11211 11120 11921 15161  4472   694 13084   582  5471  4562
  2890 56940 10255  3448 56940  5226  5224  4177  4472 15461 56932  9000
 11211  5224 15175  4472  5804  8561   234   582  2037 56940  5226  5046
 56932 12065  4472  4390 13627 56940 56931 56945 56945 56945 56945 56945
 56945 56945]
10 [11122 11211 12764  3159  5240 11211  7906 11122 11211   373 56946  5226
  5224   626  4472  1231 15367 12764 15145  8053  9071 10954  8053 11211
  2343  2890 56946  4472 23420 56931 56945 56945 56945 56945 56945 56945
 56945 56945 56945 56945 56945 56945 56945 56945 56945 56945 56945 56945
 56945 56945]
14 [56940  8025  5684  6341 43621 11211  5224  6757 12764  5240  5224 12675
 10621 15219 15669  5226 11120 10346 56940 56932  6299  5224  2471  2944
 56931 56945 56945 56945 56945 56945 56945 56945 56945 56945 56945 56945
 56945 56945 56945 56945 56945 56945 56945 56945 56945 56945 56945 56945
 56945 56945]
24 [15648 11211  3260 13171  8877  6151 11120 12695 10067 11964  5692  5172
  8493  7442  4472  4188  5226 11120 11211 11117  1295 11211  1231  4136
 17975  5226  5242 56946  6151  3572 56931 56945 56945 56945 56945 56945
 56945 56945 56945 56945 56945 56945 56945 56945 56945 56945 56945 56945
 56945 56945]
41 [ 2930 56932 13482  6151 13822 18748  4472 10025 56942  9464 10067 33130
 56932  4050  1231  9925  6151  7608  4472 56946  4562 10025  4562  2848
  1170  4472 13194   848  4300 56932   848  4562  5046 56932 10621 13396
  5609  4472 11120 11199 56932 18535  7500 56946 56931 56945 56945 56945
 56945 56945]
24 [ 7397 56932  5226  5224  7900  4472 12877 10067  7966 56932  8361  7412
  2118 13371  5804  9532  4472  5804 14378  3204 11211  2834 11120 16431
 45319  5226 11963 11211   425 15145 11120  7253  5918  4472 11120  1723
 19588 11211 12764  7494   724 12434  4562 13579 56932 10621 11211  6631
 15145 11120]
7 [  340  2861 56946 56932 56946 56932 29959 56946  5226  5224  1229 15949
 56932  5224 11629 56946  5226  5224  2175  4472 56946 10621  1240  3645
 17657 56933 56946 56932 56946 56932  3951  6894 56932  4472  8303 56932
 15023 11066  4472 41017  7956 54916 56931 56945 56945 56945 56945 56945
 56945 56945]
15 [  340  2861 56946 56932 56946 56932 29959 56946  5226  5224  1229 15949
 56932  5224 11629 56946  5226  5224  2175  4472 56946 10621  1240  3645
 17657 56933 56946 56932 56946 56932  3951  6894 56932  4472  8303 56932
 15023 11066  4472 41017  7956 54916 56931 56945 56945 56945 56945 56945
 56945 56945]
22 [56946  6432 10621  9640  4472  5224  1511 56932  8904  4472  2545  4562
  3572 56932   746  8192  7393  5226  4109  9742 15023  2529 10758 13280
  2890  2689  5226  8493  4687  3268  2370  5224 10255  2074 56931 56945
 56945 56945 56945 56945 56945 56945 56945 56945 56945 56945 56945 56945
 56945 56945]
19 [ 5224 14479  7948 56932  5584 10929 56932 12764  6021  5471  1969  4562
  5804  6628 11581  4233  7845 10621 13567  3427 56932 12889 56946  6151
  3333 56946 56932  1967 56946 56932 11384 15491 10621 12909 10182 56932
 13478  8025  1021 10067  4339  1633  5224 56946 13329 56931 56945 56945
 56945 56945]
6 [56940  5240  3314 11211  5224   653 56946 56932 13396  7932 56932  1233
   753  1427  1658  4472 14122  4004 56940 56932   730 56931 56945 56945
 56945 56945 56945 56945 56945 56945 56945 56945 56945 56945 56945 56945
 56945 56945 56945 56945 56945 56945 56945 56945 56945 56945 56945 56945
 56945 56945]
15 [ 5224  3849  3077 15591  8493  4127 13396  5946 10291  5804 14210 10655
 10621  5804 56946 56946  4472  8493  5474  4472 24806 15404 56931 56945
 56945 56945 56945 56945 56945 56945 56945 56945 56945 56945 56945 56945
 56945 56945 56945 56945 56945 56945 56945 56945 56945 56945 56945 56945
 56945 56945]
40 [11120  1620 18142 56932  5226  3983  4472  8354 10621  4562  5224 14746
  7956  4151 14130 56932 15201  1925  1782 13154  2861 56940 12024 18349
  8993  6236 11211  8946  1557  4472  3433 56940 56932  5280 56932 13482
  6151 13822  3010 56932 42348  6151  5224  5689  4472  5224  2792   671
 10291 11434]
15 [ 5804  3421  7394 56932  4562  8064  4472  8030 10343 10621 10685 56932
 11430 11211  2529  7639  5226  5224 11988 56942  4472 13330 56931 56945
 56945 56945 56945 56945 56945 56945 56945 56945 56945 56945 56945 56945
 56945 56945 56945 56945 56945 56945 56945 56945 56945 56945 56945 56945
 56945 56945]
12 [15023  5224  7661  4472   420 11804  4472  5699 56932  5804  1312  5597
  6218  5226  5224  5875 13371  7864 14376 10067  4154 56946 56932 11211
  1240 10463  4562 11120 18135 56931 56945 56945 56945 56945 56945 56945
 56945 56945 56945 56945 56945 56945 56945 56945 56945 56945 56945 56945
 56945 56945]
3 [  865 12195  4472 28667  1362 10621  1362  5226  1231 15422 56931 56945
 56945 56945 56945 56945 56945 56945 56945 56945 56945 56945 56945 56945
 56945 56945 56945 56945 56945 56945 56945 56945 56945 56945 56945 56945
 56945 56945 56945 56945 56945 56945 56945 56945 56945 56945 56945 56945
 56945 56945]
15 [56946   732 11211  4151 12732 15121 11211  5224  7966  4868  6151  9687
  5226 11120  4932  8968  5224  1778  4472  4151 14633  4472  9557  4472
  4631 10621  9123 15049 10621  1231  4584   826 56931 56945 56945 56945
 56945 56945 56945 56945 56945 56945 56945 56945 56945 56945 56945 56945
 56945 56945]
5 [   11 11211  8361  3667  4233 22408  5226 56942  5224  5683  3849 13396
  5224 11211  3241 11120   314 56932  7876 13822 13976 10621 56940 11120
 11633  5331  1231  8965 33281 56940 56931 56945 56945 56945 56945 56945
 56945 56945 56945 56945 56945 56945 56945 56945 56945 56945 56945 56945
 56945 56945]
29 [56946 56932 12467 10067  1526  4472 11120  2204 16762 56946 56932  7780
 19760  5226 11120  6570  5217 11211  3717  5224  2729 10621 56932   907
  6151  1231   406 56932  5240   985 13371  8493 12031  4472  9205   681
 13396 14694  1388 56931 56945 56945 56945 56945 56945 56945 56945 56945
 56945 56945]
2 [ 1925  2529  4869 28047  5242  3394 56931 56945 56945 56945 56945 56945
 56945 56945 56945 56945 56945 56945 56945 56945 56945 56945 56945 56945
 56945 56945 56945 56945 56945 56945 56945 56945 56945 56945 56945 56945
 56945 56945 56945 56945 56945 56945 56945 56945 56945 56945 56945 56945
 56945 56945]
6 [11120  8494  4472  4151  5581 13261 20239  6151 12424 14729  6382 56932
 10611 11904  5224  6333  4472  4284  7750 43482 22116 56932  3416  4151
  6118 56931 56945 56945 56945 56945 56945 56945 56945 56945 56945 56945
 56945 56945 56945 56945 56945 56945 56945 56945 56945 56945 56945 56945
 56945 56945]
7 [ 5224 15860  5513 56946 14717  5224  5798 48195  4472 11660 56931 56945
 56945 56945 56945 56945 56945 56945 56945 56945 56945 56945 56945 56945
 56945 56945 56945 56945 56945 56945 56945 56945 56945 56945 56945 56945
 56945 56945 56945 56945 56945 56945 56945 56945 56945 56945 56945 56945
 56945 56945]
4 [ 6151 15099  4472  5224  6260 14724 56932 11120  8108 56946 56932 11211
  5226  1884  7494  3073 11350 56932  8882  6151 14777  8589 47273  8493
 11518  4472   683 56942 11804  4472  5699 13396 11120 12673 14251  2861
  4563  3301  5224 11955  6151  5224 16688  4472  4151 11388 56931 56945
 56945 56945]
36 [ 5224  5432   567 56932 11211 13233 13261  8086  5224 11255   972  2370
  5224  9102 13396 11120  5332 10067 15156 16684 56946 56932  1040 11211
 11120 14299  5240  8503  4472  5804 11282  4472   424  5806 56932 11211
 13482  4562 11120 10067 27155  5240 11120 13171  9158  4472  6221 11120
  8200 10621]
35 [56946 56946   217 56932  8509 13649  2185  7956 11120 13450 11091  4472
  2668 56932 11211  6151 14914 12284  1240  2542  5224  7977  6260  5226
  8573 56934 12379  5452 56935  5224  2792  2631  4472  2464 56932 14716
 56946 56932 10621  5224 14357  4472  9535  4472 11120  9849 56932  9557
 56844 56931]
9 [ 7868 56946 56932 56940  1240    58  4472 11211  2464 56946  4472 14847
  1925 13105 11085 11211 11606 10290 11120  9849 10621 11211   546  5217
  5224  7560  4472 11120  6275 12957  4472 13732 56934 56946 56935 56932
  6534 13396  5224  3538 11085  4472  5224 25634 56932 11211   373  5226
 14614  4472]
24 [11120 14299  6299 11211  4151  3455 56946 56940 14219  5226 11211  5224
  8870   987  8493 24415 56946 56932 13396 11122 11211 12764  7709  2529
  4463 13921  4332  4472 13822   949 56940 56931 56945 56945 56945 56945
 56945 56945 56945 56945 56945 56945 56945 56945 56945 56945 56945 56945
 56945 56945]
4 [11120 13171  4415  5240 44477  9202  8208 56932  4472 56942  5137 10621
  4472  7313   583 56932 11211    85 25403  4472 13822 10685  5226  5224
  8435 56932  1618 10621  1216 56932  7868 15648 11120 13724 10067 15175
  4472 45127 56931 56945 56945 56945 56945 56945 56945 56945 56945 56945
 56945 56945]
20 [ 6950  5226   424 10386  1240 14343  5804  1163  5489 13371  8493  8046
  6151 11120  4000  4472  2863 56932  9000  5240  1255 13396 14442  2890
  6203  4472  5804 15261 56931 56945 56945 56945 56945 56945 56945 56945
 56945 56945 56945 56945 56945 56945 56945 56945 56945 56945 56945 56945
 56945 56945]
38 [ 5804 10585 47731  1396  4472 14399  5226 12486  5804   620  4472 17678
 56932 11211 13396    19 12135 12171   746 12249  1170  5226 11120 13107
 56946  4472 11120  4932 56932  9000 14343 11211 11673  5474   582  2529
 32694 10621 56946  4562 11554  4693  4472 11120  7361  7638  4472  5804
  4284 56931]
19 [56946  5147 11211  5224   653 11606  7775  5224  5683  3849 13396 11120
 14779  4472 10816 10291 11211  7706  2529  8806 13396  5224  3104  4472
 10050  4693 10067 56942  4472 14842 56931 56945 56945 56945 56945 56945
 56945 56945 56945 56945 56945 56945 56945 56945 56945 56945 56945 56945
 56945 56945]
16 [ 5226 56942 56932 11120 14623  5683  1033  9801  5224 10855  4472  7380
 56932 11211  9490  8192  3853  5226  3320 56931 56945 56945 56945 56945
 56945 56945 56945 56945 56945 56945 56945 56945 56945 56945 56945 56945
 56945 56945 56945 56945 56945 56945 56945 56945 56945 56945 56945 56945
 56945 56945]
22 [ 5224  1283  4472  4188  8366 56932 56942 11804  4472  5699 56932  7780
  8192  7529  4562  5224  3835 15164  4472 14030 10621 13261 56946  5226
 56942  5137 56931 56945 56945 56945 56945 56945 56945 56945 56945 56945
 56945 56945 56945 56945 56945 56945 56945 56945 56945 56945 56945 56945
 56945 56945]
7 [15023 11673   455  5224 15494 16392    85  6154  5226 11120  7276  4472
 56946  4472  5804  3243 12804  4562  5224  9283   748 10621  5226 56942
 11949  2426  6151 11120 14443 17311  5226 11120 11211 45166  1925 11203
 10067  1926 56932  5224  6821 56946 56946  4562  5224 11211  1765 56931
 56945 56945]
23 [ 4125  5226 15422 11590 56932  2085 56932  4562 10653  4472  6087 10621
  8616 56932 15023    52  6260  3421  3861  8757 14931  5527 11372  8395
 56931 56945 56945 56945 56945 56945 56945 56945 56945 56945 56945 56945
 56945 56945 56945 56945 56945 56945 56945 56945 56945 56945 56945 56945
 56945 56945]
37 [ 5224  1782 10067 13723 10208 10718  5226 15252 56932  8747   285 56932
 13037   217  5224 11549 10067 11183 14491 13927 10291  2739  2890 14555
   653 56932 15023 11120  6393  4392 10067 10379 11211  4605  5224  9101
 12701  2849 56946 56931 56945 56945 56945 56945 56945 56945 56945 56945
 56945 56945]
23 [10420 56932   753 11211  6839 56932  3655  2200 12666 56932 11211  4151
  1919 14729  4495  1240  4960 10067 13185 56932 10621 11211  5449  6356
  5226 14914 11124   683 56942 11804  4472  5699 11352 56931 56945 56945
 56945 56945 56945 56945 56945 56945 56945 56945 56945 56945 56945 56945
 56945 56945]
22 [ 2890  5322 10067  1651  4472  5224  4323 56932  4337 56946 56932 10376
 11211  8834 13021 13171 11211 56798  5226 17852   746  8192  2701  6151
 14021  5226 15243 10621  1240 15394  7780  3009  6151  2890  9763  7903
 56932  9000  4779 12676  6151 11211 11120  8108 10291 11120  2496  4472
 11120 12460]
27 [56940 56946  6151 35152  1233 12764  9490 56946  4151 11656  4472 13030
 11211 56946 11120  3277 56932  5224  3597 11349 12567 11211  4125 14347
  4472 12764 56946   497 56940 56932  9445  5224 12133 15275 56931 56945
 56945 56945 56945 56945 56945 56945 56945 56945 56945 56945 56945 56945
 56945 56945]
10 [ 5224 14139  9517  4472 13732  7951 12948  1231  8614 12176  9422 56932
  8493 11311  6119 10291  5231  5224  2689 56942  4562 12672 13171 11211
  8493 10506  7505  4472 10150 56931 56945 56945 56945 56945 56945 56945
 56945 56945 56945 56945 56945 56945 56945 56945 56945 56945 56945 56945
 56945 56945]
32 [ 5226  5224  4842 11690 56946 56932 11211 13073  8493  1004 11211  4151
  8081 13391 13299 56932  4151  8849  4472  9471  2170 39140 56942  5895
  6151 56942  5895 10621  4151  4472  2664  6842 50736 56942  5895  6151
 56942  5895 56931 56945 56945 56945 56945 56945 56945 56945 56945 56945
 56945 56945]
6 [ 2890 13723  4472 12770 14662  5226 15445 11211  5224 10242  4472  7581
  4472  6467 56932 11966  2128  4472 14393 56932  7780 15328  6151  3969
 11211 56940  1233  5226 11120  3174   635  5224 14358  7494  5224 56946
  4472  5804  2322 56932  3245 11117  4346  5224 56946  4472  5804 12770
 56940 56932]
3 [ 5224  2703  5347 56946 13396  8290  1004  1925 10119  4472  3421   357
 15023  5224 10988  4472 11120 14693  4472   420  5226  5224 12687  2370
 14016 10067  6260 56942  4472 14724 56932  3828  5224  3612  8536  1765
 13396 56946  5226  6880 56931 56945 56945 56945 56945 56945 56945 56945
 56945 56945]
38 [ 5224  2792  4472 11120 11840 56932 17052 56946 56932  5147 12948  6151
  5804 10624  2649  5224 12507 13260  6151  5804 14777  9939 10067  2220
 10067 13723 15879  4472 11120   990  4472  4151  9643 24491  4472 11120
  3174 56946 56946  4951 56946 56934  9961 56935 10621  4472 11120  3050
 56946  9301]
19 [ 3245 15394  4275 11211 15599  4562 56940  7327 10621  7947 56940  4151
  7809  4472  7330  3091 56932 10291 13853 56946  5804 15157 56931 56945
 56945 56945 56945 56945 56945 56945 56945 56945 56945 56945 56945 56945
 56945 56945 56945 56945 56945 56945 56945 56945 56945 56945 56945 56945
 56945 56945]
30 [ 5224  1215  9332  4562  5804  5286  4472 11120 13675 15100 10067  2445
  3733  7956 12217 56932 11211 13938  4472  2047 11211  5240 10996   424
 13723  4472 12843  5224 11211 13171 10505 56932 12555 10611 56942 10621
 56942  5137 56932 12662 56932  5423 10621 15389 56931 56945 56945 56945
 56945 56945]
19 [15648 11211 13371  1969  4125 11120  7316  4472 11263  4562  5224   776
 56932 11211    65  4151 15271  6072 56932 56946  4562  5804 15370  4472
   424  5076 10621  4472   826  1132  6151  2890 14399  4562  8025 56931
 56945 56945 56945 56945 56945 56945 56945 56945 56945 56945 56945 56945
 56945 56945]
21 [56940  1925 56946  9394  7290  5226  2890 12675  7174 56932  8902 15168
  6151 11211  2144  2890  1381 10300 11211  4091  2529 15920 13371  5224
 15038  1925  3849 56940 56932 15201  7856 56931 56945 56945 56945 56945
 56945 56945 56945 56945 56945 56945 56945 56945 56945 56945 56945 56945
 56945 56945]
9 [ 5804  8732 13396  3054 56932  4472 56942  6937 56932 11702  4562 14018
  5224  9874  5942  4472 56942  6937 56931 56945 56945 56945 56945 56945
 56945 56945 56945 56945 56945 56945 56945 56945 56945 56945 56945 56945
 56945 56945 56945 56945 56945 56945 56945 56945 56945 56945 56945 56945
 56945 56945]
40 [ 5226  5224 10103  4966  3245  2430  3662 56932  5224  4569  4263  6151
  7423 56932 13386 56932  7868  7898 15646  4293  4461 56932  9840  5506
  5226  5224  2792  4472 11120  5956 56940  4472  9591 56940  5226 13440
  4472 11211  5224  2189 12000  5226 11120  8290  7037 56932  6418  6151
 11120 13205]
7 [13371  5226  5804  5199  2260  4472 14417  8671 10621 12047 56946 56932
  4151 14633  8992  4585  7917  4472  7258 10621  4151  8373  4581 10067
  5076  5597  2890 13056  4472  6101 13802 56932  6221  8493  3933 15526
 56932  3145  5226 14923   436 10291 14500  1925  5622  9809 12118  4472
 11120 13075]
37 [13371  5226  5804  5199  2260  4472 14417  8671 10621 12047 56946 56932
  4151 14633  8992  4585  7917  4472  7258 10621  4151  8373  4581 10067
  5076  5597  2890 13056  4472  6101 13802 56932  6221  8493  3933 15526
 56932  3145  5226 14923   436 10291 14500  1925  5622  9809 12118  4472
 11120 13075]
13 [ 5224 11829 10067 12956 11761 56932  4758 11581  6532 10224 56932  7780
  8192 13221  8015 10067  3158  4472 11120  1752  4549  4472  2186  4472
  4052 56932 11211 12027  6151  4151 56942 11725  4472 12474  4472  8689
 56931 56945 56945 56945 56945 56945 56945 56945 56945 56945 56945 56945
 56945 56945]
4 [10621 12937  4151 28321 28075  5226 11120 56946  4472 11120  1724 14260
  4472  2317 17681 11120 11169 14564 10621  4151  2123  3039 56931 56945
 56945 56945 56945 56945 56945 56945 56945 56945 56945 56945 56945 56945
 56945 56945 56945 56945 56945 56945 56945 56945 56945 56945 56945 56945
 56945 56945]
5 [56936   848 11211  5804 12785 56946  4562 10534 56946 56937 56931 56945
 56945 56945 56945 56945 56945 56945 56945 56945 56945 56945 56945 56945
 56945 56945 56945 56945 56945 56945 56945 56945 56945 56945 56945 56945
 56945 56945 56945 56945 56945 56945 56945 56945 56945 56945 56945 56945
 56945 56945]
7 [10621 13396  6226   428  7780  8192  4550  8530 56931 56945 56945 56945
 56945 56945 56945 56945 56945 56945 56945 56945 56945 56945 56945 56945
 56945 56945 56945 56945 56945 56945 56945 56945 56945 56945 56945 56945
 56945 56945 56945 56945 56945 56945 56945 56945 56945 56945 56945 56945
 56945 56945]
37 [12015  4470 14662  4472 11211 11120  4811 11752 56932 11122 11211  2816
  5224   911 10067  9857 56932  4615  4472 10160  7956 11325  9137  4562
 11120 56946  4472  8493  4472  4151  2562 11211 12455 13507  5534 12764
   373  6160   417   848 56946  5804  9242  4562  2890 11104  4472   367
 56931 56945]
1 [13396 10711 56932  5224  5683 13579  7709  8606    19  1004  5224 30738
  5224   972 11211 10111 56932 14260   424  5683 13579 12764  5240  4472
 56946 56932  9000  6151  5224  8871  4392    85 15111  4472  7291  5224
 46871 56946 10621 11120 11529 56946  4472  5804 19287 56931 56945 56945
 56945 56945]
27 [13396  7932  2861  5224 11255 11281  4472 11120  7833  8576  3686 14356
 56946  1002 56932 10621  5400  4472  5804 50179 16044 10067  3597 15894
 21442  9840 14356 19101  4562  8874 56931 56945 56945 56945 56945 56945
 56945 56945 56945 56945 56945 56945 56945 56945 56945 56945 56945 56945
 56945 56945]
33 [ 4562 16502 18926   848  5226 56946 56946 56932 20792  4472  1231  1691
   848 56946 56932   948  4472  4188   848  8870 56946 12297  7494 12407
  5199  6161  5226  1231    52 12297  2067 55193   373 17206  2890  5778
 56946  4472 11120 45220  4472 10644 11554 56931 56945 56945 56945 56945
 56945 56945]
9 [12297 13396 11149  3671  4472 20039 31678  1240 11562 38840  5226  5224
  5138 56946 10067 14914 56946 56932   848 11122 11211 15145 56932 11211
  7494 11211  6744  5544  2814 11120 16400  4693  4472 56946 56932   443
  9096 56937 56945 56945 56945 56945 56945 56945 56945 56945 56945 56945
 56945 56945]
5 [ 4472 12752 11211 23960 56946 56946 32364 17193 56931 56945 56945 56945
 56945 56945 56945 56945 56945 56945 56945 56945 56945 56945 56945 56945
 56945 56945 56945 56945 56945 56945 56945 56945 56945 56945 56945 56945
 56945 56945 56945 56945 56945 56945 56945 56945 56945 56945 56945 56945
 56945 56945]
2 [ 5534   865 45629 13396  4151  4931  1240  3240 56946 10621 56946 11211
  5317  6151   245  5804 15691  7750  4472  4151  1325 11211  1257 11120
  1713 16073 14750 15168  6151 56946 11211  8540  9825  4186 36642 56931
 56945 56945 56945 56945 56945 56945 56945 56945 56945 56945 56945 56945
 56945 56945]
4 [13396 11120 12673  1569  4314 13396  4151 14633  4472 30827 56932  3245
  5226  1906 56932  2890 15367   284  4472   420   260   935 13396 16190
 16387  3166 56934 56942 12297 56942 56935  5226  5224 11211 12297  5224
 10169 10621  5224 14847  4563  8192 42868 13371  2890  6226 10813 12297
 56933  5240]
2 [14914 12691 11108  5804 15297 10611  3333 10621  1201 56932 14655 10621
   882 56943 56945 56945 56945 56945 56945 56945 56945 56945 56945 56945
 56945 56945 56945 56945 56945 56945 56945 56945 56945 56945 56945 56945
 56945 56945 56945 56945 56945 56945 56945 56945 56945 56945 56945 56945
 56945 56945]
19 [ 5224 11010  4472 11120 11093   545  5972 56932  5226 56942 56932  4810
 12407  9198 15083  6151 11211 11120  3935 56946  4562 13822  1357 14543
  5804  6312 22857  4472  2142 10621   545  2861  5804 56946  4472  5804
 15297  4472  2587 10621  5804   352 15401  4472    21  6105 56946 13396
  2890 14555]
18 [ 1240  6760 10067 56946 11199  8970 15455  6959 56932 13342 13396  8373
 13618 56932  6235 56946 10621 14552 56946 56932 10067   988  9671  3750
 56932 12614  6151 11120  6275  4472  8483 56931 56945 56945 56945 56945
 56945 56945 56945 56945 56945 56945 56945 56945 56945 56945 56945 56945
 56945 56945]
26 [ 5534  4151  4931 56946 11211  5713 11120 27835  9226  2890 11023 13016
 56932 13371  2890 41128 23171   848  4151  3391  4472   424  3461 56932
   424  5240 34799  5226 15350 11741 11211  9908  6151 11120  5595  4472
  2890 23213 13396  5224 18254 19984 12297 12297  2890 18026 12381 14217
  6151  6256]
28 [ 5224  8987 13803 11211  1240   373 13218  5226  6226  5224  1926  5226
  5224  5351  4472  9379   453  4521 56932 14662  3245  5226 10644  6319
  4562  1414  4472 11791 10038  5226 12424  6467 10621  5226  5224 13368
 56931 56945 56945 56945 56945 56945 56945 56945 56945 56945 56945 56945
 56945 56945]
28 [14931 11744 56932  5240 11122 11211  4770  7454  5226  5224  6173 56946
  4472 11122  9021  5226 11120  2713  4472 56946 10621 56932 12543  2030
 56932  5534  5224  1871  2277  6151 56946  5226  4756  4472 13822  4509
 56932  5226  5224 11943 56946  4472 11120  8290 12135 56931 56945 56945
 56945 56945]
3 [ 5226   424  4492 30707 56946 11211 11122 11211   217  4235  6471 12764
  5240 10954 11120 56946  4472  2826  4472 18637 13961   848   563 11817
 56932 13478  5804  4705   805  5226 10267 12371  2890  4492 12407 28675
 56932   494 22608   848   159 56931 56945 56945 56945 56945 56945 56945
 56945 56945]
24 [ 8946 11120 12238  1004  5226 11120  7645  4472 14113  5226 11211  2890
 13723  6123 10578  1638 13822  8865 10291  5506  5226  5844 12031  6862
 19964  5226 11120  7626 12683 56931 56945 56945 56945 56945 56945 56945
 56945 56945 56945 56945 56945 56945 56945 56945 56945 56945 56945 56945
 56945 56945]
8 [ 5804 17198 12109 11211 56946  7397 14363 56946 56946 11714  5226 11120
 13733 10621 14363 56946  1234 34823  6151 11120 56946 56943 56945 56945
 56945 56945 56945 56945 56945 56945 56945 56945 56945 56945 56945 56945
 56945 56945 56945 56945 56945 56945 56945 56945 56945 56945 56945 56945
 56945 56945]
9 [  753  8150 11211  8159 11211  6205  7709 12764  6950 28667  4161  5224
 13913 10954  3421  5137 13171 56931 56945 56945 56945 56945 56945 56945
 56945 56945 56945 56945 56945 56945 56945 56945 56945 56945 56945 56945
 56945 56945 56945 56945 56945 56945 56945 56945 56945 56945 56945 56945
 56945 56945]
36 [10621 56932  1793 56932  1240  7780 32702  6151 13822 56946  5226  5224
 19782  2861 12297 12764 12455  5224 21612 56932 12764 15034  5224  5340
 56932  5240 37397 10621  8964 11122 12675 11211  5804  5596  5483  9000
 56946 56931 56945 56945 56945 56945 56945 56945 56945 56945 56945 56945
 56945 56945]
16 [13396 12672 11211 12764 13859  7325 56932    65 11120  8822  4472 11211
 11120  7002  9490  8192 11065  2370  8596 13396  6917  3958 56932 10291
 12764 11174  1231  1343 56931 56945 56945 56945 56945 56945 56945 56945
 56945 56945 56945 56945 56945 56945 56945 56945 56945 56945 56945 56945
 56945 56945]
8 [ 5226 13822 13644  4472  9942  5215 56932  7362  3709  4151 15002  6151
 11120 13269  4472 11120  6288  4472 14378 56932 56946  4472 11279 10621
  4562  5224  6447 10067  3542  5226  5224  7255 56931 56945 56945 56945
 56945 56945 56945 56945 56945 56945 56945 56945 56945 56945 56945 56945
 56945 56945]
17 [ 5224 19473 16092  4603 11887  2091  9398  6151 11120  7440 10621  5224
  6661 56932  9000  4151  6392 56946 13068 13371  8493 13156  4065 56932
 13371  2890  1651 14398  5226 11120  6549 56932  6151  1601 10291 11768
 11120  7253  2204  8227 10621  7376 11211 23746  5226  5224  1926 56931
 56945 56945]
19 [13487  5804  6101  7394  6862 56946 56946  8493 14251  4472  5487 56932
  2890 33279 22329  4472  8958  4472 13276 17975 10611  5804 12063 36356
 10621  5804 56946  1240 56946  7956  5224 56946 10067  9084 10291   594
  1925 28211 56931 56945 56945 56945 56945 56945 56945 56945 56945 56945
 56945 56945]
8 [11674  2669 13396 56946 11120 13704 56946 10621 49902  6416  8503 13371
 56946  5226 12024 12077 56932  9000 11669 49270 56939 56946 10067 11211
 18199  4693 12015 56946 56931 56945 56945 56945 56945 56945 56945 56945
 56945 56945 56945 56945 56945 56945 56945 56945 56945 56945 56945 56945
 56945 56945]
26 [ 8596 11117 52684 56932 12889 12764 13859  4472 12627  9490 18982  1231
    27 11674  4472 11211  6205 12764  1240 56946 56932 14260 15676 11117
  9490  8823 56946  3260 56931 56945 56945 56945 56945 56945 56945 56945
 56945 56945 56945 56945 56945 56945 56945 56945 56945 56945 56945 56945
 56945 56945]
8 [ 2890  2455   897 10621  6151 12937  1850 10870 56946 14279  5226 11120
  3489 56931 56945 56945 56945 56945 56945 56945 56945 56945 56945 56945
 56945 56945 56945 56945 56945 56945 56945 56945 56945 56945 56945 56945
 56945 56945 56945 56945 56945 56945 56945 56945 56945 56945 56945 56945
 56945 56945]
