26 [ 6118 10067 10386   746  5664  1231 56946  7956 11120    48  1436  4472
  1756  5226  4756  4472  8493 15284  1106  2982  1925 10386 10067 12649
 56932 11211  4161  4550  1240  7780 13843  6151 38029 12736 10621  7352
 56932 10611 11646  9643 56931 56945 56945 56945 56945 56945 56945 56945
 56945 56945]
16 [ 1656  4689  6205  1925  2052  4472  1746  3843 11211 51438  6151  2890
  8033   848 10714  3186 10611 12569 10291  1127 10621 14342 14729  4472
  8561 15244 56934  8415 14746 12906 56935  5226  1723 10621  5226  9394
 10700  8620 56932   980   658 56931 56945 56945 56945 56945 56945 56945
 56945 56945]
6 [ 5804 17198 12109 11211 56946  7397 14363 56946 56946 11714  5226 11120
 13733 10621 14363 56946  1234 34823  6151 11120 56946 56943 56945 56945
 56945 56945 56945 56945 56945 56945 56945 56945 56945 56945 56945 56945
 56945 56945 56945 56945 56945 56945 56945 56945 56945 56945 56945 56945
 56945 56945]
49 [13487  1240 56946 12937  4151 15564 56932 10621  4091  8606 14931 49607
 11122 11211 11120 14251 11117  3655 13371 11122 13171 34595  2861  1987
  8493 27627 14931 10768 13396 12645  4472  5224 11155  4472  7362  3709
 56932 11122 56946 13396  1901 56932 10621  5226  5224 14408 11211 12342
  5016  5226]
