0 [13482  6151  4151  5581 10067 12980 10067 11455 56932 10025 56942 10440
  4472  5352  1024  5226 11120 14774  4472 56946 56932  3828  1240  9347
   420  9552 10611 14455  6133  6862 12990 56932  5226 56942 56932 56942
 56932 10621 56942 56932  4007  4562  5056 10621  5056   619  4472 15243
 56946 56931]
13 [ 5224 11010 10067  3053  4472 11120  6488 10067  4584 10067  2792  1909
  7380  6619  7780 15076  6950  6151  9537 11211 11041 10570 13396 12764
 12802   848  4518 11211  9388 12764  1240  9633  4472  3260  4472 11122
 11211  2048  5226  5224  1926 56931 56945 56945 56945 56945 56945 56945
 56945 56945]
6 [13396 11122 13554 13897 11606 56946 12031   848 18511 10291  1920  8493
 13450 33595 56931 56945 56945 56945 56945 56945 56945 56945 56945 56945
 56945 56945 56945 56945 56945 56945 56945 56945 56945 56945 56945 56945
 56945 56945 56945 56945 56945 56945 56945 56945 56945 56945 56945 56945
 56945 56945]
38 [ 1231  4154 11117  6236 11211  4603  2890 24795 56934  4472 12752 11122
  4472 56946 56935 56932 10621 12543  8946  2890  7985  5534 18958  6151
  1231 22086 15340 13662 15340 10291  4085  6151 13732 56932 56940  6151
  8493  4623 10753  6151  5224  5689  4472  5224 27559  4472 56946 56940
 56932 10621]
10 [13371 13441  8993 56932  5226  5224  3719 12429 10621  5534  2030 11122
  4595  1231  3612 56932  5224 13242 10341 16655  6151 56946 10621  8532
 11120  4622 10067 12168 14045 56932  4562 13478  5804 16904 11211 18243
  5224  5138 10621  5224 12691  4472  2890  7238 11211  6197  7780  9591
  7645  5226]
9 [11120  9033  9004    85 18165 10621  1633  8493  1500  5609 21255 56932
 11122  4472 24291  1765  1379 11089 56931 56945 56945 56945 56945 56945
 56945 56945 56945 56945 56945 56945 56945 56945 56945 56945 56945 56945
 56945 56945 56945 56945 56945 56945 56945 56945 56945 56945 56945 56945
 56945 56945]
28 [ 1925  2716  2890 12737 15326  4537  5331   683  2704 56932  5804  2402
 56946  5217  4151 56942  6151  4151 56942  1362 11120 12493 14571  4472
 11103  1084 56932   723 10820  5224 13276  4161 11120 15323 10067  3612
  4472 56946 56932 11211  7193 13822 10554  5217 13732 56931 56945 56945
 56945 56945]
13 [11120 14948  4472  5804 14543 56932  4151 13864 56932  5804  6174  4472
  9455 56946  3589  9537  3861 56932  5534  4125  5904 15377 56931 56945
 56945 56945 56945 56945 56945 56945 56945 56945 56945 56945 56945 56945
 56945 56945 56945 56945 56945 56945 56945 56945 56945 56945 56945 56945
 56945 56945]
15 [13396  1231 12135 56932 11120  1035 15161  4472  5430 56932 15066  4472
  8598 56932 14039  6997 11211 11120  4687  5240 14653  4472  4151  6505
  2844 56932 56940  8993 11211 11120   990  1240 27171 13974 10067  4842
  8984 56940 56932  6151 11122 11211  6299 11211 11120  6805  2551  5676
 56946  1233]
13 [  311 11211  5224 56946 56940 12764  5207 13126 56940 14260 56940   373
   440  7253 10621  7133  6151  4151  6731  5226 14088 21617 56932  7253
 10621  7133  5226  8493 11623  2700 56932 11120 10067   552 56940 56932
  5226 15168  4472  8606 56940  2890  8907 10067  2610 10067  7581 56940
 10621  4472]
23 [  311 11211  5224 56946 56940 12764  5207 13126 56940 14260 56940   373
   440  7253 10621  7133  6151  4151  6731  5226 14088 21617 56932  7253
 10621  7133  5226  8493 11623  2700 56932 11120 10067   552 56940 56932
  5226 15168  4472  8606 56940  2890  8907 10067  2610 10067  7581 56940
 10621  4472]
0 [15256 10341  1040  5226  1668  4472  2858 11211  4562 11120 12267  4472
  5456 13371 14555 10242  9823 10067  4942 56940  1240  7780 11898  5226
  5224  9541  2890 14408  4472  1961  5226  5224 11211  1240 11526 13401
  4151  9552  4472 14623 56940 56932 11122 11211  6151  1231  5995 56932
 13482  4562]
0 [15256 10341 15648 11211  4562 11120 56940  7037 10621  5611 56940 11117
  7780 12559  2890 56940   982 14175 56940 14260  1630 11211 56932 56940
  5226   919   661 56940 56932  4562  5224  1381 10124  7780 56940 12559
 56946   184  9502 56940 56932  8637 13396 11120 11211  2132  1240  9490
  7723  5224]
6 [ 1240 56946  2440 10420  2370 56946 56946 13507  9722 56932 23005  4472
  7099  4472 56946 10291  5224 22503  4472 20676 10621 10291 13386 11120
  5887 56946  9490   880  7381  5137  4472  4123 56932 10621  2370 16198
 56946 56932 56940 56946 56940 56932 18018  6515  4472  5804 10798  2772
 56934 12764]
0 [   20 11211  5226  5224  7992  4472  1723 56932 11669 20233 12764  5815
 13371  1713 18077 56931 56945 56945 56945 56945 56945 56945 56945 56945
 56945 56945 56945 56945 56945 56945 56945 56945 56945 56945 56945 56945
 56945 56945 56945 56945 56945 56945 56945 56945 56945 56945 56945 56945
 56945 56945]
48 [ 5224 12944 56932 11581  2964  3409 56932 11211  7780  8192  3860  6151
  8493 11518  4472 56942  5699 10621  7361  4472 11120 15167  4472  4953
  8509  2890  2689 56932 14435  5224 11814 11120  1296 10067 56942  4472
 14724 10067  6260  2689  5534  4237  1231 56946 12297  4890 14860 14983
 14315  4472]
2 [ 5224 11955  5609 13396  1196  3245  1321  2890  8425 56932  5217 56942
  5895  6151 56942  5895 56931 56945 56945 56945 56945 56945 56945 56945
 56945 56945 56945 56945 56945 56945 56945 56945 56945 56945 56945 56945
 56945 56945 56945 56945 56945 56945 56945 56945 56945 56945 56945 56945
 56945 56945]
34 [56940  5240  2890  3612  2890  9198 11515 56932  9000  7334  2890  7415
  5138 10621  7494  8150 12407 13747 56931 12473 11211 10677  5224  9541
  4562  1379 10647 14260  1233 12764 56932  5207 56946 56932  6927 56940
 56932 15005 10180 56931 56945 56945 56945 56945 56945 56945 56945 56945
 56945 56945]
1 [ 4716  6997 11211  5224 56942 13396 14108 10067  9925  4125  6151 15276
  4472 56946 10621  6950  5224 56942 13396 14108  6558  6151 13815  6151
 14198 13346 56932 10621 11211 11120  8373  9490  7934  5226  4151 11197
 12605 56931 56945 56945 56945 56945 56945 56945 56945 56945 56945 56945
 56945 56945]
39 [ 7930 56932 15023 56946  2890 56946 56932  2529  9288 56933 15201 11211
  7494  8493 56940  7415 10098 56940  4562  3433   671 56932 13171 11211
  9937 13396 12342 56933  6299 11211  3245  5240 15340 10067  2792  4472
  1352 56932 14524 15043 14751 56932   848 13396   377 56932 10621 15201
 11211  4562]
12 [ 5226  2702 56932  1240  4319 11211  5534 11120  4127 12764  7706 11434
   675  5617 13396 11646  6118 56932  5224  7581  5676 13176  6151  6191
  6151  4151  8155 11211  8185  5492  7764 10877   848  1610  5226  1231
 10423 13371 11575  3233  4472  2890   837  4472  8728 56932  6205 13371
  6151  4151]
34 [56940  1723  5172  4472 11120  2894  8493  8987  1870 11211  7780 11162
 11148  2890  7093 41135 56931   229 12407 10408 23910 11673 12673 13734
  6151 10025 10700 11211 13396 14324  7606  1240   746  8823 46069 16485
  4472  5487 13974 10067 16034  4472 11120  2551  1506 56940 56932  3120
 56931 56945]
26 [ 9371 11211 11120  8001  5660  4472 11120 12031  7978 10067  5234 14357
  4472  3054 10621   965 10621  7423 10067   653  5226 11120  6255  2568
 56932  9390 56946 56932  1240   585  6151 11211  7706  2529  4332  4472
 10193  5226  5224 14239  4472 56946 56932 10621 11711  1231 14390  6151
 56940 11120]
31 [11211 11120 12925  9038  4472  4487  7494 13822  5052  5226  5804  3365
 10067  7423 11100 10067   653  5769 10621  5234 10242  9823 10067 14358
 56932  5224  8174  3908 56946 56932  4716 56946  6997  8509  5224  1950
  4472 11120 14877 56932  5224 14555  9541 14843 13396  7982 10621 13822
 10053  3622]
11 [12297 12297 56936  5804 38436  4472   545  4585  4693  2890  9198  7811
 12852 56937 12297 12297 56931 56945 56945 56945 56945 56945 56945 56945
 56945 56945 56945 56945 56945 56945 56945 56945 56945 56945 56945 56945
 56945 56945 56945 56945 56945 56945 56945 56945 56945 56945 56945 56945
 56945 56945]
24 [56940 11090 11211 14900 11120 13097 13371  1601  4472  9540 56931 12764
  1240  6760  4472  4831  3260 56932 11664  5240  8493 14804 11211 14915
 14315  5848  3899  4151  7374 11211 42726  4472  6256  6151  4151  1539
  4043 56940 56932 15201 12778  6151   424   413 56932  9650  4472 11211
 56940  1240]
48 [ 4562  5224 14357 56946  3245  1396 56942 13098 56932 10611  8025 56932
  5224 10208 56946 56946 56933  5224  2792  4472  4151 14349  4472  4398
 56932  6099 56946 56933  5224  9283  8373  4472 15610  5226  7118 56932
 35011  9502  4472 54629 56932 10621  5224 14944  4472 56946 56932 14114
 56946 56931]
2 [12764 14939    20  2890 12675  4814  5226 13732 11211  5226 11877   848
  5226 11986 56931 56945 56945 56945 56945 56945 56945 56945 56945 56945
 56945 56945 56945 56945 56945 56945 56945 56945 56945 56945 56945 56945
 56945 56945 56945 56945 56945 56945 56945 56945 56945 56945 56945 56945
 56945 56945]
22 [ 5804 11699  4472  4472 11120  2591   736  2861 56940 10644  6319  5240
  5224  7217 16537 10621  2106  3828 10644 16048   373 39329  8148 10621
 53970 10621  4472  3828 12171 56932  5226 11813  3719 10621 13450 56932
  7780  9591  5224  8870  5858  4472 56946 56940 56931 56945 56945 56945
 56945 56945]
24 [ 5804 11699  4472  4472 11120  2591   736  2861 56940 10644  6319  5240
  5224  7217 16537 10621  2106  3828 10644 16048   373 39329  8148 10621
 53970 10621  4472  3828 12171 56932  5226 11813  3719 10621 13450 56932
  7780  9591  5224  8870  5858  4472 56946 56940 56931 56945 56945 56945
 56945 56945]
1 [56940  6997 11211  5207  7780  3720  5224  1437 14260  8946 14792  9496
  4562   420 13349 56940 56932  6299  5224 14479 56932 11211  1240  3623
 56940 28983 46063 56940 56931 56945 56945 56945 56945 56945 56945 56945
 56945 56945 56945 56945 56945 56945 56945 56945 56945 56945 56945 56945
 56945 56945]
28 [11120 12878 56946 56946  4472  2555 56934 56946 56935 10621  4984   746
 14043  1925  7966  4472 11120  5918 56934  5688 56935 11211 12830  4472
 13171   692  1925  3660 56946  7587  2106 56932  2890  3900  7577 10067
 11211  3245  2752 12135 10624 11197 56932 14218  7054 10621 15404 56931
 56945 56945]
9 [ 2890  1926 16383 14483 56932  2890  3343 12624  8823 56946 56932  7782
 12752 11120  1476 11211 56946 56934 51198 11120  7645  3733  4562  5224
 10565 56932 56946 11120  3058  1906 11098  4562  5240 14657  2041 56935
 11120 13107  4472 12345 13689 56931 56945 56945 56945 56945 56945 56945
 56945 56945]
8 [ 5224  3612  3676 10067  2792  1218 56932 14524 15043 14751 56932 10621
  8493  3933 10067  7538 11343  5432 56934  1403 56935  7829 12948  5226
 11517  8493  6614  8572 12682 10291 12208  2259 13251  6151 11120  4415
 12925  1106 11211  4807  6151 11120  3806 10067  6319  4566 56931 56945
 56945 56945]
0 [13482  4562  5224  3612 37764 56932  3245  1240 12680  5226  5224  6812
  5224 12835 10067  6260  7415  5798  4472  1723 56932 35377 56946 56932
 11211  1668 13482  4562  5224  9923 21105 56946 56932 56946  4472 11120
 24028 56946 56931 56945 56945 56945 56945 56945 56945 56945 56945 56945
 56945 56945]
10 [56940 11325 27166  5597 10067  2908  4472 16980  8268 56931  6997 11211
 15083  4151  3765 18430 10621  3919 11211  8503 12764  7494 13171 10587
 11211  9483  6151  8606  4472  6226 56940 56932   668   424   948 56932
  8334 13280 56942  5137  5226 14564 14557 56931 56945 56945 56945 56945
 56945 56945]
18 [11120  7253  5226 11120 11093 12135 10454 26292  4472  2890  3928 15175
  4472 56946 56932 11211 30477 56946 56946 10621 16659  5224 11629   375
 56934 56946 56935 56931 56945 56945 56945 56945 56945 56945 56945 56945
 56945 56945 56945 56945 56945 56945 56945 56945 56945 56945 56945 56945
 56945 56945]
7 [ 5226 11120 11938 56932  5804  8330 13512 56946 10621 11120  4687  1240
 56946 56931 56945 56945 56945 56945 56945 56945 56945 56945 56945 56945
 56945 56945 56945 56945 56945 56945 56945 56945 56945 56945 56945 56945
 56945 56945 56945 56945 56945 56945 56945 56945 56945 56945 56945 56945
 56945 56945]
0 [15256  4472 56946 10621  1231 12457 49108 39677  8493  4727  5226  5224
  8598  4472  8808  4472 13579 56932 12407  8448 10067  6212 56932  5534
  1240 10532  5224 10639 56931 56945 56945 56945 56945 56945 56945 56945
 56945 56945 56945 56945 56945 56945 56945 56945 56945 56945 56945 56945
 56945 56945]
40 [ 5224  2792  4472 11120 11840 56932 17052 56946 56932  5147 12948  6151
  5804 10624  2649  5224 12507 13260  6151  5804 14777  9939 10067  2220
 10067 13723 15879  4472 11120   990  4472  4151  9643 24491  4472 11120
  3174 56946 56946  4951 56946 56934  9961 56935 10621  4472 11120  3050
 56946  9301]
10 [ 5224  5806  1240 23804  7956  5224 19645 10067 12908 48585 56946 10621
  8902 11120  7069  4472 11211  5226  1490  3719  9840 56946 10067 12168
 48504 56931 56945 56945 56945 56945 56945 56945 56945 56945 56945 56945
 56945 56945 56945 56945 56945 56945 56945 56945 56945 56945 56945 56945
 56945 56945]
35 [ 5224 12675 12337 11211  1240  6125 10291  9701  4151  3062  4472  8427
   848  4472 11757 56932 10621 11211  4550  1240 35131  3245  4562  5224
  2693 56932  4562  8493 22621 11211  5240  8503  4472  5804   234  7811
 33568 13396  5224  9429 56931 56945 56945 56945 56945 56945 56945 56945
 56945 56945]
0 [ 6997 11211  5226  1231  1569 12764  9490  2356 56932 13371  9068 56946
 28988 56932 11211 18591  6151 11120    19  6999 56932  2091  7415   635
 11211  3661  4562 13171 24131 10621  7811 18616 11211 11120 12759 13814
 56946 13396 19023 56931 56945 56945 56945 56945 56945 56945 56945 56945
 56945 56945]
37 [ 9000  4392 56932  7956  5224 19645   313 56932 11120 56946 56946 10621
 56946  5226 11211  1240  7780  5465  5224 13579 14204  5224  7937 10621
 11120   356 10495 10291 12861  2370  1231 56946 56932  1231 56946 10621
  1231  9096 56946  4562  4151  8865  4472  5804 56946  2861 13083 19575
 56932  1379]
7 [10621 11122 18983 10067  3612 56932  5240 14503 30346 56932  4562  2890
   804  4472  6480 12297 56946 12297 56932  6260  4472  7167 56932 33177
 56932 14931 13171 56946 10291  5224 11995 11211 14923 56946 19006  4472
  5095  4472 31118 10621  5224  2932  6151 11211 56932  4472  5000 56932
 11117  6502]
3 [  553 56932 14915  9096 56931 56945 56945 56945 56945 56945 56945 56945
 56945 56945 56945 56945 56945 56945 56945 56945 56945 56945 56945 56945
 56945 56945 56945 56945 56945 56945 56945 56945 56945 56945 56945 56945
 56945 56945 56945 56945 56945 56945 56945 56945 56945 56945 56945 56945
 56945 56945]
21 [ 5226  1490 13440 56932 11120  3561  5240  2890  4518 46357 56932 10621
 56932 13371 18557 11211  4151  6978  1240  1396  2571 19560 56932 11120
  2142  5207  7780 12351  4472 11120  6272 11786 13371 10291  4425  3561
  7671 56931 56945 56945 56945 56945 56945 56945 56945 56945 56945 56945
 56945 56945]
28 [ 2308 56932   111  7780 14520  2890 13152 10291   877  6108 10401  4472
 56946 56932 11122 11211  6913  2890  9716  3443 56932  1233  4518  9379
  5657  4472  4573   865 10562  8344 56932 12764 14260  1240 56946 56932
 10954 14260  1240  2850  5224 12297 10008 12297  6151  9505  9441 56931
 56945 56945]
7 [56946 56932  5226 12328 56932  7212 14915 14315  8493 10177 11028 15447
 10621 13396 13290 11270  5226  5224  7532  2106  4472 13822  6557 56931
 56945 56945 56945 56945 56945 56945 56945 56945 56945 56945 56945 56945
 56945 56945 56945 56945 56945 56945 56945 56945 56945 56945 56945 56945
 56945 56945]
10 [56946 56932  5226 12328 56932  7212 14915 14315  8493 10177 11028 15447
 10621 13396 13290 11270  5226  5224  7532  2106  4472 13822  6557 56931
 56945 56945 56945 56945 56945 56945 56945 56945 56945 56945 56945 56945
 56945 56945 56945 56945 56945 56945 56945 56945 56945 56945 56945 56945
 56945 56945]
1 [12297  6997 11211  5226 56942 13290  8221  2890 11627 14915  2101  4472
 11120  3174  4472 10511 56933  9000  5224  9591  5240 11211  6110  5137
 13171  8818  5226  2551  5224 11554  7376  1240 20867  5226  2890 56946
  4472 56946  3828 12764  6000  5224 10371  8148  6151  7608  4472 11120
  8324  3809]
1 [ 8655 56946  5240  9278  4472 11120  5332  9963 56931 56945 56945 56945
 56945 56945 56945 56945 56945 56945 56945 56945 56945 56945 56945 56945
 56945 56945 56945 56945 56945 56945 56945 56945 56945 56945 56945 56945
 56945 56945 56945 56945 56945 56945 56945 56945 56945 56945 56945 56945
 56945 56945]
34 [11120  7815  4472 15149  4876  6151 13386 13478  7630  1356 13396  5224
    87 12297 12297  4472  5804  3078  4755 12297 12297  1240  5911 13396
    77  7467  6151 11107  5226 11120  1795  6151  8155 14915  5936   272
 13371 14524  4472  5804 12408 56932 14915 56946 10297 13371 12959  9356
 10621 14915]
43 [11120  7815  4472 15149  4876  6151 13386 13478  7630  1356 13396  5224
    87 12297 12297  4472  5804  3078  4755 12297 12297  1240  5911 13396
    77  7467  6151 11107  5226 11120  1795  6151  8155 14915  5936   272
 13371 14524  4472  5804 12408 56932 14915 56946 10297 13371 12959  9356
 10621 14915]
4 [ 5804 32272 11122 39556  7811 11211 14099 56931 56945 56945 56945 56945
 56945 56945 56945 56945 56945 56945 56945 56945 56945 56945 56945 56945
 56945 56945 56945 56945 56945 56945 56945 56945 56945 56945 56945 56945
 56945 56945 56945 56945 56945 56945 56945 56945 56945 56945 56945 56945
 56945 56945]
9 [ 2890  2455   897 10621  6151 12937  1850 10870 56946 14279  5226 11120
  3489 56931 56945 56945 56945 56945 56945 56945 56945 56945 56945 56945
 56945 56945 56945 56945 56945 56945 56945 56945 56945 56945 56945 56945
 56945 56945 56945 56945 56945 56945 56945 56945 56945 56945 56945 56945
 56945 56945]
12 [ 5534  2773  5804 14117 10653  4472   425  5820 23877  1132  6151  7335
 32171 13256  4472 11122  1704 56932 56946  6151  1231 31609 56932  6151
 11120  2748 14035  4472 13822 14543 56932 11120 18919  4472 14122 56946
 11211  2890  2689 15023    13  4563 19957 10291 12342 56932 56946 11120
 13609 56932]
