0 [14315  5226 11120  9868  4472  1231  7415 13439 56932  1240  7997  6151
 11358 48803  7363 51726 15794 13502  4151 12850 18416  5226   587 11211
  4473  1231  7132 12297 12297  4246 13396 11120  4836 10067 11239 56932
 56946 56946 12297 12297 56932  8493 29743  4006  4472  2260 56946 56931
 56945 56945]
7 [ 2034  8902 12543 13171  3073  6151  3667 12333 56932  6151 13386  4075
  7423 11100 56932  1793  4472  3676 56931 56945 56945 56945 56945 56945
 56945 56945 56945 56945 56945 56945 56945 56945 56945 56945 56945 56945
 56945 56945 56945 56945 56945 56945 56945 56945 56945 56945 56945 56945
 56945 56945]
30 [10513 56932 15498 56932  4472  5513 13449 56932 10621  8792 56932  2890
 14657  4472  6244 56932  4472  6099  7848 56932 56946  6151  2037 10611
  5804 14378 12535  1925  8036  1925  7811  2122 56931 56945 56945 56945
 56945 56945 56945 56945 56945 56945 56945 56945 56945 56945 56945 56945
 56945 56945]
0 [ 6927 11211  5224  3597 13811  1240  8210  4472 11401  4472 56946 56932
  1233  5240 11211 12764 11122  7780  9591  6197 56931 56945 56945 56945
 56945 56945 56945 56945 56945 56945 56945 56945 56945 56945 56945 56945
 56945 56945 56945 56945 56945 56945 56945 56945 56945 56945 56945 56945
 56945 56945]
34 [ 5224 12533 11211   154  3245  5226 14016 56932   658 56932  3222 56932
  9050 56932 14113 56932  1352 10621  1723 56932 14662 10611  5804 13042
 11211 11122  6150  4562  5224 13723  3453 11746 56932 15027 13606  4922
 12807 13891  7365 56932 10621 14097 56943 11145  3892 56932 10611 10025
 56931 56945]
10 [10291 11211 11120  8008 10067  6710 12764  1240 56946 56932  7811 13261
 14855  4472 11981  4472  1231  1437 10621 11211  1240  5162 10291 15232
 56931 56945 56945 56945 56945 56945 56945 56945 56945 56945 56945 56945
 56945 56945 56945 56945 56945 56945 56945 56945 56945 56945 56945 56945
 56945 56945]
8 [   11 11211   425 12921 13675 56940  7782 13651  9481 56940 10621 56940
  5217 11211  5224 12956 11761 11949 14667  5804 13283 56932 56946 12024
  6287  4472   445 56940 56931 56945 56945 56945 56945 56945 56945 56945
 56945 56945 56945 56945 56945 56945 56945 56945 56945 56945 56945 56945
 56945 56945]
3 [ 3245  8321 14855  6997 11211 56940   424   653 11372 11813   653 56940
 12677  6151 11120 55512 10100  4472  6305  6151 11120 10134   635 56940
  5226 14923  3719 56940 56931 56945 56945 56945 56945 56945 56945 56945
 56945 56945 56945 56945 56945 56945 56945 56945 56945 56945 56945 56945
 56945 56945]
0 [ 6927  4472    52  5788 13396  7449  2890 17406  6151  2740 10291  5390
  5804  4679  4055  4472  2732 10621 11120  7316  4472  6001  6151  1352
  6151 17051  5224  7249  1673  5432 11211 11066  5226  1231 22515 33319
 12297 11120  5265  4472  9214 12297  1018  1240  5796 10291 37228  5226
   425  1578]
0 [ 6927 56931 15938 15938 15938 56945 56945 56945 56945 56945 56945 56945
 56945 56945 56945 56945 56945 56945 56945 56945 56945 56945 56945 56945
 56945 56945 56945 56945 56945 56945 56945 56945 56945 56945 56945 56945
 56945 56945 56945 56945 56945 56945 56945 56945 56945 56945 56945 56945
 56945 56945]
46 [ 5224 12232  2729  7780  8192 10291  5224  2775  4800 35568 56934  8429
 56942  3197 56935 56932  3497  4472  8493  2994 13269 56932  9000  6197
 12764  4091  8606  3260  2370  5804 56946 27998 10621 17899 56932 10621
  5224  7615    85 10291  5224  4978 35377 56946 56934 51185 56946 56946
 56935 56931]
30 [ 6997 11211  5226  1231  1569 12764  9490  2356 56932 13371  9068 56946
 28988 56932 11211 18591  6151 11120    19  6999 56932  2091  7415   635
 11211  3661  4562 13171 24131 10621  7811 18616 11211 11120 12759 13814
 56946 13396 19023 56931 56945 56945 56945 56945 56945 56945 56945 56945
 56945 56945]
13 [11120  7833  3727 56932 11211  7494 10291 11120 10789  8493   467  4472
 10350 56946 56932  7780  3609  2296  6151  5804 12534  4562 56942  5699
 13396 10267  7337  2565  5226  4151 14633 56946 10621 56946 10067 13579
  5226 15019 56931 56945 56945 56945 56945 56945 56945 56945 56945 56945
 56945 56945]
1 [ 5224 11100  8321 32047 10540  2254 10621  1231  8284 11117  4810 56932
  5226  8493   792 56932  6151 14663  2370  8493 26743 56931 56945 56945
 56945 56945 56945 56945 56945 56945 56945 56945 56945 56945 56945 56945
 56945 56945 56945 56945 56945 56945 56945 56945 56945 56945 56945 56945
 56945 56945]
7 [ 5488 56946  2593 56932  9862  4732 14512 12657 56946  4472 13485  5226
  4151 14162 11819  8552  6151 11120 13171  4100  4935  9182 56931 56945
 56945 56945 56945 56945 56945 56945 56945 56945 56945 56945 56945 56945
 56945 56945 56945 56945 56945 56945 56945 56945 56945 56945 56945 56945
 56945 56945]
22 [13396 11122 11211 11848  1925 14687  4472 11120  5332   750 56932 11211
  7328  5224  3172 56932 10183  7780 12355  5307  6151 56946  7564   211
  2890 11533  8022 13090  2861 11120   702  4562 10043  4472 10933  4472
 56946 11715 56931 56945 56945 56945 56945 56945 56945 56945 56945 56945
 56945 56945]
4 [ 9000  5224 13247    85 10753 56932 10621 11120  2262 10067  2672    65
  8493   281  5226 11120 11079 10067 31278 56931 56945 56945 56945 56945
 56945 56945 56945 56945 56945 56945 56945 56945 56945 56945 56945 56945
 56945 56945 56945 56945 56945 56945 56945 56945 56945 56945 56945 56945
 56945 56945]
