7 [ 5224  1782 10067  5328 56946  6151  5804 17705  4472 11211 12764 11526
 17286 56940  2275 56940  5400 56931 56945 56945 56945 56945 56945 56945
 56945 56945 56945 56945 56945 56945 56945 56945 56945 56945 56945 56945
 56945 56945 56945 56945 56945 56945 56945 56945 56945 56945 56945 56945
 56945 56945]
14 [ 5226 11120 11093 16505  5226  5224  9322 10067 16831  1240  4563 34380
  5804 36970 14777 10621 14560 56932 12889  1240 20706  5226  8555  5804
 14117  4102 56931 56945 56945 56945 56945 56945 56945 56945 56945 56945
 56945 56945 56945 56945 56945 56945 56945 56945 56945 56945 56945 56945
 56945 56945]
20 [ 7868  9535 56932  4151 10633  1925   315  4472  4151  5581 14241 16385
  5804 56942 11804 10621  5226  2890  2689 10621  5609  1240   746  8806
 10555  4472  4803 13396 56942 11804 56931 56945 56945 56945 56945 56945
 56945 56945 56945 56945 56945 56945 56945 56945 56945 56945 56945 56945
 56945 56945]
30 [10621 56932  1793 56932  1240  7780 32702  6151 13822 56946  5226  5224
 19782  2861 12297 12764 12455  5224 21612 56932 12764 15034  5224  5340
 56932  5240 37397 10621  8964 11122 12675 11211  5804  5596  5483  9000
 56946 56931 56945 56945 56945 56945 56945 56945 56945 56945 56945 56945
 56945 56945]
