6 [ 6358 56932 12764 10067  4312 56932  1168  4472  5804  8039 56931 56945
 56945 56945 56945 56945 56945 56945 56945 56945 56945 56945 56945 56945
 56945 56945 56945 56945 56945 56945 56945 56945 56945 56945 56945 56945
 56945 56945 56945 56945 56945 56945 56945 56945 56945 56945 56945 56945
 56945 56945]
47 [11120 11464  6695  4472  2119  4472  4957 12297 12297  4562 14759  6151
 11120  6543 56946 10621  4559  2890 56946 12297 12297 10621  5224  6952
  4472 11120 10366 10067  5053 56946 56946 12297 12297 56946  4472 11120
  4351 10621 10674 56946 56946 12297 12297 56946  2890  6412  3047 12672
  5538 13396]
2 [12297 12297  1168 11122   753  2861 56936 11117 42040  4151   514 56946
 10067 13398 56937 12297 12297 56931 56945 56945 56945 56945 56945 56945
 56945 56945 56945 56945 56945 56945 56945 56945 56945 56945 56945 56945
 56945 56945 56945 56945 56945 56945 56945 56945 56945 56945 56945 56945
 56945 56945]
46 [ 5226  1156  6151  5224  4842  8984 56932  5224 56942  1240  9028  8147
  4562 56942  5283  5225 10611 28519 10621  7821 11295 56932  4562 11122
 11211  1240 56946  5226  2890  1601 55060 11120 11844  4472  4842 56932
 13749 10067 56942 13396 14108 56932 11122 11211  5240 56940 12672  7475
 56940 56932]
10 [ 5224 56946  1024 10621  5224  2792  8984  3244  8373  6650 12672  1751
 15058  6151  5224 14687 10067  5340  5226  5224 13440 11262 56931 56945
 56945 56945 56945 56945 56945 56945 56945 56945 56945 56945 56945 56945
 56945 56945 56945 56945 56945 56945 56945 56945 56945 56945 56945 56945
 56945 56945]
5 [11120 15815  9416  9891 56932 12672  2138  4472 11120 15809 56932   373
 16789  2902 13396  2890  6785 15288 11211 56932 13482  4562 11646  6110
  4273 13171  4472 56946 56932  1240 12680 10611  5804 20232 13171  2140
 10067  1926 56932  4562  2890   911  4472 14442  5609 36235 56931 56945
 56945 56945]
22 [ 5226 15107 56932  5534  1132  1925  1950  4472  5804  1416 15023  4151
   514 12230 56932  8946  5224  1581  4472  8493  4476  7269 12672 11967
 56931 56945 56945 56945 56945 56945 56945 56945 56945 56945 56945 56945
 56945 56945 56945 56945 56945 56945 56945 56945 56945 56945 56945 56945
 56945 56945]
