1 [ 4472  9198  5815 11211  4151  8165  5708  2745  9511  6151  9678  5224
 10511 12297 12297 13171 13276  5226  5804  2974 12297 12297 10621  6151
  2158  5804  5657  4472  7425 12297 12297  8870  1728  4472  7243 13402
 10621   414 13171 13084 12297 12297 56931 56945 56945 56945 56945 56945
 56945 56945]
4 [56940  5226 11674 14394  1379  5226  4561 56940 56932  1346 12810 56946
 56932   198 15328  4472  3222 10291  5002  5226  5224 10103  2433 10291
 56940 11669  4624  4047 11211    85  1032 56940 56931 56945 56945 56945
 56945 56945 56945 56945 56945 56945 56945 56945 56945 56945 56945 56945
 56945 56945]
15 [ 5224  8570  5240  2890 56946 10291  8025  1233 12473  5226 14662 11211
  1240   373  9784  9198   848  3260 10291 11211    68  8597  9444  9388
 15554 56931 56945 56945 56945 56945 56945 56945 56945 56945 56945 56945
 56945 56945 56945 56945 56945 56945 56945 56945 56945 56945 56945 56945
 56945 56945]
5 [56940  5240  2890  3612  2890  9198 11515 56932  9000  7334  2890  7415
  5138 10621  7494  8150 12407 13747 56931 12473 11211 10677  5224  9541
  4562  1379 10647 14260  1233 12764 56932  5207 56946 56932  6927 56940
 56932 15005 10180 56931 56945 56945 56945 56945 56945 56945 56945 56945
 56945 56945]
19 [ 5224  9243  6690  1717  9840 14496  6151 11120  1562  4472  3740  5574
 56932  6197 11211  5226  9379  8445   865  8089  5226 11120 12101 10621
 10291  5224 12687  2370  5804 13358  8503  4472  8025  1240  7494 11211
  5014   375 56932 10291 11122  7082  7494 13171  3615  3667 13532 56931
 56945 56945]
10 [12297 12297 56936  5804 38436  4472   545  4585  4693  2890  9198  7811
 12852 56937 12297 12297 56931 56945 56945 56945 56945 56945 56945 56945
 56945 56945 56945 56945 56945 56945 56945 56945 56945 56945 56945 56945
 56945 56945 56945 56945 56945 56945 56945 56945 56945 56945 56945 56945
 56945 56945]
30 [11120 11140 56946  1240 11220  6151  4151 14633 10621  2622  5226  8493
  2038 12964  4472 11397 56942 12517 11211 56946  5224  4291  6151  1446
  3673 56932  5226  2890  3716  4472  9198 13171  4472 56942 10440 56931
 56945 56945 56945 56945 56945 56945 56945 56945 56945 56945 56945 56945
 56945 56945]
3 [ 5088 37129  2890  9198  5804  3758 14260 12543 12764  1240  9490 30666
  4472  5224  6226 10067 13676  2972 56931 56945 56945 56945 56945 56945
 56945 56945 56945 56945 56945 56945 56945 56945 56945 56945 56945 56945
 56945 56945 56945 56945 56945 56945 56945 56945 56945 56945 56945 56945
 56945 56945]
3 [ 5217  5280 56932  9198   848  3260  1340 11211  1000  1996 22502  1661
 10621  1996 25215 12033  4562  5804  4472  5513  1384   848 14524 56946
 56932 13371 12764 15145  5224  4339  4561  4562 11120  7182 10621 11673
 12360  5226  5224 10620 14802  4472 11211 56946  6574 10621 11211 10267
 11950  2986]
4 [13396 11674 56932  1233  9198  7703  1009  4472 11120 14088 14238  4472
  2591 56946 56932  7703  3969  1379  4472  1231  9630  1661 56932  6956
 10621  7945 56931 56945 56945 56945 56945 56945 56945 56945 56945 56945
 56945 56945 56945 56945 56945 56945 56945 56945 56945 56945 56945 56945
 56945 56945]
17 [13396 11674 56932  1233  9198  7703  1009  4472 11120 14088 14238  4472
  2591 56946 56932  7703  3969  1379  4472  1231  9630  1661 56932  6956
 10621  7945 56931 56945 56945 56945 56945 56945 56945 56945 56945 56945
 56945 56945 56945 56945 56945 56945 56945 56945 56945 56945 56945 56945
 56945 56945]
30 [ 8493 35433 56932  2890  7360  5683 56932  8493   176  4472 33699 56932
  8493 19166 55806 56932  2890 56946 56946 56932  2890 36363   848  8493
 10506 19223  4472 15743  1340 12407  9198 11211  1000 10611  1168  5226
 11122 11211  1240  1626  6151  1231 30862  4472 14028 13344  6151  4151
 37709 32161]
2 [12764  5240  9198 56931 15938 56945 56945 56945 56945 56945 56945 56945
 56945 56945 56945 56945 56945 56945 56945 56945 56945 56945 56945 56945
 56945 56945 56945 56945 56945 56945 56945 56945 56945 56945 56945 56945
 56945 56945 56945 56945 56945 56945 56945 56945 56945 56945 56945 56945
 56945 56945]
28 [ 5226  9068  3719  1240  9490  4492 13256  4472 11120 15675  8494 10067
 28437 56932  9000  4550 56932  5534 11120 28240  4472  9068  3280  1240
  9490 54807  9198  6151  9198  5226  5224 13499 10067 11554 56932 13441
   420  5137  4472  7626    20 56932  1240  9490 14068  6197  6151 11211
  4151  3765]
