2 [13396 11122 13554 13897 11606 56946 12031   848 18511 10291  1920  8493
 13450 33595 56931 56945 56945 56945 56945 56945 56945 56945 56945 56945
 56945 56945 56945 56945 56945 56945 56945 56945 56945 56945 56945 56945
 56945 56945 56945 56945 56945 56945 56945 56945 56945 56945 56945 56945
 56945 56945]
16 [11120  9033  9004    85 18165 10621  1633  8493  1500  5609 21255 56932
 11122  4472 24291  1765  1379 11089 56931 56945 56945 56945 56945 56945
 56945 56945 56945 56945 56945 56945 56945 56945 56945 56945 56945 56945
 56945 56945 56945 56945 56945 56945 56945 56945 56945 56945 56945 56945
 56945 56945]
19 [56940  5224 14687 12764  1240  7709  2791  4562 11122  4472  4550 56932
  9000 12015 11152  1379 14260  1240 34414  1379 56946 10621  1240  5714
  5804  8373  3204  5452 10621  1240 24143  5804 11211  1240 23667  2838
 56940 56932    11 56931 56945 56945 56945 56945 56945 56945 56945 56945
 56945 56945]
49 [ 5224  9230  4472 13893 10621 13424 15404 56932  9810 13317 56932  3120
   217 11211  5224  1958  8033 10611  5224  4942  6862  8567   753 11211
  3116 13371 56940  8493  4687 12031 56932 11211 12764 12015 14190 10291
  4188   207 11372   430 10954 11211   373  5226  1231  7376  1903 10621
 13396 13554]
25 [56940  5240  2890  3612  2890  9198 11515 56932  9000  7334  2890  7415
  5138 10621  7494  8150 12407 13747 56931 12473 11211 10677  5224  9541
  4562  1379 10647 14260  1233 12764 56932  5207 56946 56932  6927 56940
 56932 15005 10180 56931 56945 56945 56945 56945 56945 56945 56945 56945
 56945 56945]
31 [ 7868  5224 13004 56932 11120  3290  5240  1593  5224  8876  2689 12764
  8871  4472 56942  6841  4472 10766 56946 56934   490 56935 56932   683
  8373 11804  4472  7136  5226  7029  4472  5045 10621  9173 10207 56932
 10621  2288  5280  4161 56942  6841 56932   683  8834 11804  4472  5283
 56931 56945]
12 [11120  4687 56932 14931 11744 56932  7709 12764  6416  1437 13396  2529
 10540  5272 56931 56945 56945 56945 56945 56945 56945 56945 56945 56945
 56945 56945 56945 56945 56945 56945 56945 56945 56945 56945 56945 56945
 56945 56945 56945 56945 56945 56945 56945 56945 56945 56945 56945 56945
 56945 56945]
34 [ 5224 11390   501  5226  1723 56932  8748 12757 56932 10376 12948  5226
 10792 11211 56932  8493  1004  5224  5234  4817 11513 13952  7780  9002
  7665  6151  1231  6319 56932  5224   653   501  7494 56940  1379  7425
 56940  5226 12836 13822 12336  4562  1723 56931 56945 56945 56945 56945
 56945 56945]
11 [ 4151  4094 11211  2007 38825  5226  5224  7147 10007  9198  6151  9198
  1996 10767 56931 56945 56945 56945 56945 56945 56945 56945 56945 56945
 56945 56945 56945 56945 56945 56945 56945 56945 56945 56945 56945 56945
 56945 56945 56945 56945 56945 56945 56945 56945 56945 56945 56945 56945
 56945 56945]
25 [ 4693  4472 11211  9666 56946  1231   445 12348 56932   505  8946  2890
  6997  1848  5226 16110 56932 17128 10621  5930 56932  3828   217  1240
 56946 11916 56932 15428 10621 30315  5454 56932  8170 56931 56945 56945
 56945 56945 56945 56945 56945 56945 56945 56945 56945 56945 56945 56945
 56945 56945]
49 [ 9000  4392 56932  7956  5224 19645   313 56932 11120 56946 56946 10621
 56946  5226 11211  1240  7780  5465  5224 13579 14204  5224  7937 10621
 11120   356 10495 10291 12861  2370  1231 56946 56932  1231 56946 10621
  1231  9096 56946  4562  4151  8865  4472  5804 56946  2861 13083 19575
 56932  1379]
18 [ 5226  6226 13440 56932 14917  7325 56946 11120 14964 10067   175  4472
  6471  6151   273  4472 10667 12764 13554  4151 13993 13939  9254 13371
  5224  7532 10067  2597  5226 11211  1240   746  7683 10621  1231 11977
 11697 56931 56945 56945 56945 56945 56945 56945 56945 56945 56945 56945
 56945 56945]
