0 [ 7868  7780  9596  1231 15667 56932  5224 24711  4472 12576 56932  4472
 56942  5137 56932  1240   582  6151  8493 13896  2815 10621  5224  4373
  4472 13822 56946   373 38880  4562  8493  4655  3196 56931 56945 56945
 56945 56945 56945 56945 56945 56945 56945 56945 56945 56945 56945 56945
 56945 56945]
0 [ 7868 15648  5224 13488  4472 15461 56932 18313 14978 56932 56940  5226
 11813  3719 11514  5309 10291  5804  9271 56932 14260  5224 10119  4472
 12515 10067 14819  1358  6151 11120  1502 56940 56931 56945 56945 56945
 56945 56945 56945 56945 56945 56945 56945 56945 56945 56945 56945 56945
 56945 56945]
