#Palabras 	%Palabras 	%Ocurrencias
5000 		0.392127 	81.137433
10000 		0.784254 	86.287248
15000 		1.176381 	88.922786
20000 		1.568508 	90.581516
25000 		1.960635 	91.745969
30000 		2.352762 	92.615523
35000 		2.744889 	93.294053
40000 		3.137016 	93.841151
45000 		3.529143 	94.294340
50000 		3.921270 	94.677514
55000 		4.313397 	95.006654
60000 		4.705524 	95.293371
65000 		5.097651 	95.545736
70000 		5.489778 	95.769998
75000 		5.881905 	95.970495
80000 		6.274032 	96.150912
85000 		6.666160 	96.314325
90000 		7.058287 	96.463399
95000 		7.450414 	96.600390
100000 		7.842541 	96.726281
105000 		8.234668 	96.842719
110000 		8.626795 	96.950789
115000 		9.018922 	97.051580
120000 		9.411049 	97.145121
125000 		9.803176 	97.233129
130000 		10.195303 	97.315932
135000 		10.587430 	97.393855
140000 		10.979557 	97.467214
145000 		11.371684 	97.536331
150000 		11.763811 	97.601662
155000 		12.155938 	97.663777
160000 		12.548065 	97.723173
165000 		12.940192 	97.779272
170000 		13.332319 	97.832609
175000 		13.724446 	97.884392
180000 		14.116573 	97.932537
185000 		14.508700 	97.980005
190000 		14.900827 	98.024204
195000 		15.292954 	98.067357
200000 		15.685081 	98.108941
205000 		16.077208 	98.147779
210000 		16.469335 	98.186617
215000 		16.861462 	98.223322
220000 		17.253589 	98.257844
225000 		17.645716 	98.292366
230000 		18.037843 	98.326538
235000 		18.429970 	98.356745
240000 		18.822097 	98.386952
245000 		19.214224 	98.417159
250000 		19.606352 	98.447366
255000 		19.998479 	98.473947
260000 		20.390606 	98.499838
265000 		20.782733 	98.525730
270000 		21.174860 	98.551622
275000 		21.566987 	98.577513
280000 		21.959114 	98.601724
285000 		22.351241 	98.623300
290000 		22.743368 	98.644877
295000 		23.135495 	98.666453
300000 		23.527622 	98.688030
305000 		23.919749 	98.709606
310000 		24.311876 	98.731182
315000 		24.704003 	98.751783
320000 		25.096130 	98.769044
325000 		25.488257 	98.786305
330000 		25.880384 	98.803566
335000 		26.272511 	98.820827
340000 		26.664638 	98.838088
345000 		27.056765 	98.855350
350000 		27.448892 	98.872611
355000 		27.841019 	98.889872
360000 		28.233146 	98.907133
365000 		28.625273 	98.924394
370000 		29.017400 	98.937634
375000 		29.409527 	98.950580
380000 		29.801654 	98.963526
385000 		30.193781 	98.976472
390000 		30.585908 	98.989418
395000 		30.978035 	99.002364
400000 		31.370162 	99.015310
405000 		31.762289 	99.028255
410000 		32.154416 	99.041201
415000 		32.546544 	99.054147
420000 		32.938671 	99.067093
425000 		33.330798 	99.080039
430000 		33.722925 	99.092985
435000 		34.115052 	99.105931
440000 		34.507179 	99.118876
445000 		34.899306 	99.131822
450000 		35.291433 	99.142619
455000 		35.683560 	99.151250
460000 		36.075687 	99.159880
465000 		36.467814 	99.168511
470000 		36.859941 	99.177141
475000 		37.252068 	99.185772
480000 		37.644195 	99.194403
485000 		38.036322 	99.203033
490000 		38.428449 	99.211664
495000 		38.820576 	99.220294
500000 		39.212703 	99.228925
505000 		39.604830 	99.237555
510000 		39.996957 	99.246186
515000 		40.389084 	99.254817
520000 		40.781211 	99.263447
525000 		41.173338 	99.272078
530000 		41.565465 	99.280708
535000 		41.957592 	99.289339
540000 		42.349719 	99.297969
545000 		42.741846 	99.306600
550000 		43.133973 	99.315231
555000 		43.526100 	99.323861
560000 		43.918227 	99.332492
565000 		44.310354 	99.341122
570000 		44.702481 	99.349753
575000 		45.094608 	99.358383
580000 		45.486736 	99.367014
585000 		45.878863 	99.375645
590000 		46.270990 	99.384275
595000 		46.663117 	99.392906
600000 		47.055244 	99.401536
605000 		47.447371 	99.410167
610000 		47.839498 	99.418797
615000 		48.231625 	99.427428
620000 		48.623752 	99.434614
625000 		49.015879 	99.438929
630000 		49.408006 	99.443244
635000 		49.800133 	99.447560
640000 		50.192260 	99.451875
645000 		50.584387 	99.456190
650000 		50.976514 	99.460506
655000 		51.368641 	99.464821
660000 		51.760768 	99.469136
665000 		52.152895 	99.473451
670000 		52.545022 	99.477767
675000 		52.937149 	99.482082
680000 		53.329276 	99.486397
685000 		53.721403 	99.490713
690000 		54.113530 	99.495028
695000 		54.505657 	99.499343
700000 		54.897784 	99.503658
705000 		55.289911 	99.507974
710000 		55.682038 	99.512289
715000 		56.074165 	99.516604
720000 		56.466292 	99.520920
725000 		56.858419 	99.525235
730000 		57.250546 	99.529550
735000 		57.642673 	99.533865
740000 		58.034800 	99.538181
745000 		58.426928 	99.542496
750000 		58.819055 	99.546811
755000 		59.211182 	99.551127
760000 		59.603309 	99.555442
765000 		59.995436 	99.559757
770000 		60.387563 	99.564072
775000 		60.779690 	99.568388
780000 		61.171817 	99.572703
785000 		61.563944 	99.577018
790000 		61.956071 	99.581334
795000 		62.348198 	99.585649
800000 		62.740325 	99.589964
805000 		63.132452 	99.594279
810000 		63.524579 	99.598595
815000 		63.916706 	99.602910
820000 		64.308833 	99.607225
825000 		64.700960 	99.611541
830000 		65.093087 	99.615856
835000 		65.485214 	99.620171
840000 		65.877341 	99.624486
845000 		66.269468 	99.628802
850000 		66.661595 	99.633117
855000 		67.053722 	99.637432
860000 		67.445849 	99.641748
865000 		67.837976 	99.646063
870000 		68.230103 	99.650378
875000 		68.622230 	99.654693
880000 		69.014357 	99.659009
885000 		69.406484 	99.663324
890000 		69.798611 	99.667639
895000 		70.190738 	99.671955
900000 		70.582865 	99.676270
905000 		70.974992 	99.680585
910000 		71.367120 	99.684900
915000 		71.759247 	99.689216
920000 		72.151374 	99.693531
925000 		72.543501 	99.697846
930000 		72.935628 	99.702162
935000 		73.327755 	99.706477
940000 		73.719882 	99.710792
945000 		74.112009 	99.715107
950000 		74.504136 	99.719423
955000 		74.896263 	99.723738
960000 		75.288390 	99.728053
965000 		75.680517 	99.732369
970000 		76.072644 	99.736684
975000 		76.464771 	99.740999
980000 		76.856898 	99.745314
985000 		77.249025 	99.749630
990000 		77.641152 	99.753945
995000 		78.033279 	99.758260
1000000 	78.425406 	99.762576
1005000 	78.817533 	99.766891
1010000 	79.209660 	99.771206
1015000 	79.601787 	99.775521
1020000 	79.993914 	99.779837
1025000 	80.386041 	99.784152
1030000 	80.778168 	99.788467
1035000 	81.170295 	99.792783
1040000 	81.562422 	99.797098
1045000 	81.954549 	99.801413
1050000 	82.346676 	99.805728
1055000 	82.738803 	99.810044
1060000 	83.130930 	99.814359
1065000 	83.523057 	99.818674
1070000 	83.915184 	99.822990
1075000 	84.307312 	99.827305
1080000 	84.699439 	99.831620
1085000 	85.091566 	99.835935
1090000 	85.483693 	99.840251
1095000 	85.875820 	99.844566
1100000 	86.267947 	99.848881
1105000 	86.660074 	99.853197
1110000 	87.052201 	99.857512
1115000 	87.444328 	99.861827
1120000 	87.836455 	99.866142
1125000 	88.228582 	99.870458
1130000 	88.620709 	99.874773
1135000 	89.012836 	99.879088
1140000 	89.404963 	99.883404
1145000 	89.797090 	99.887719
1150000 	90.189217 	99.892034
1155000 	90.581344 	99.896349
1160000 	90.973471 	99.900665
1165000 	91.365598 	99.904980
1170000 	91.757725 	99.909295
1175000 	92.149852 	99.913611
1180000 	92.541979 	99.917926
1185000 	92.934106 	99.922241
1190000 	93.326233 	99.926556
1195000 	93.718360 	99.930872
1200000 	94.110487 	99.935187
1205000 	94.502614 	99.939502
1210000 	94.894741 	99.943818
1215000 	95.286868 	99.948133
1220000 	95.678995 	99.952448
1225000 	96.071122 	99.956763
1230000 	96.463249 	99.961079
1235000 	96.855376 	99.965394
1240000 	97.247504 	99.969709
1245000 	97.639631 	99.974025
1250000 	98.031758 	99.978340
1255000 	98.423885 	99.982655
1260000 	98.816012 	99.986970
1265000 	99.208139 	99.991286
1270000 	99.600266 	99.995601
1275000 	99.992393 	99.999916

Total de ocurrencias: 115867170
Total de palabras: 1275097
