17 [ 5226  8898  1506 13261 11120  5844  5276  1597 11120 14206  4472   710
 11120 15399 10621 14184  5226 14390  2890  8614  4472 11106 10621 12456
 10291  4151   253  4472  4151  8072  5226 11120  6549  4472  8898 11192
 56931 56945 56945 56945 56945 56945 56945 56945 56945 56945 56945 56945
 56945 56945]
31 [ 5224  9080 13012 14337 13396 11093  1004  1925  9102  4472 11120 14493
 56934 56946 56935  5226  9541  4150  4472 11120  5723 14443 10067  5138
  8984 10621 43968  1925  3612  4794  4472 13357 22421  5224  1673  6151
 11066  4472 14378  2185 10291 11120 14850 10067 11284 56931 56945 56945
 56945 56945]
9 [ 5224  9102  4472 11120 14493    65 11120 13734  4472 56946   264 11120
  8200  6151  1231 15276  5226  5224 12908 10067  9080 13012 56932  9000
 10705    82 56934 56946 56935 10621  8783 12734  5804   541  4472  9338
  4472  5683 13579 56932 13732 10621  5189 56931 56945 56945 56945 56945
 56945 56945]
27 [ 1925  2716  2890 12737 15326  4537  5331   683  2704 56932  5804  2402
 56946  5217  4151 56942  6151  4151 56942  1362 11120 12493 14571  4472
 11103  1084 56932   723 10820  5224 13276  4161 11120 15323 10067  3612
  4472 56946 56932 11211  7193 13822 10554  5217 13732 56931 56945 56945
 56945 56945]
8 [ 5165  6151 11120  6275 11211  1049  7305  5226 10105  5226 11120  3174
  5224   982  4472 56940 12611 13396  5224 13893  4518  9591 56940 56932
 14260  5226  5804 10700 11211 56946 13396 56940 56946 13822 10555  7956
 11120 11668 10621 11120  6471  1396 28610  1925  5566  3676 10621  6151
 10733  4472]
39 [ 5224 50687  4472 56946 11562 25579 56932  8373  3861 15083  4472 11211
  1240 56946  5224 15063  5226 11120  9212 18077 56946  4472 56946 56934
  2294 56935 56932  5983  9778 56946 15863 30325  6151  2890  9249 10621
  4563   286  4562  5345 11120 14397 56932  5226 28169    59 56932  1233
 56946  4151]
18 [15023 14857 11211 12937  4151  2786    61  4472 11120  2894  1240   746
  7575  4161  4550 14931  6416  5226 14662 11120  6098  4472 13822  7345
 56932 56946  1015 11211  5804 15618  4472 11120 12613   746  4472 11872
  8186  7956  1231  1437 56931 56945 56945 56945 56945 56945 56945 56945
 56945 56945]
36 [11120  3933 11895  4472 11120 10742 56932 11211  3946  5224  5234  6340
   936  3617  6672 56932  1240  8462 10067  6319  8373  3861  4693  4472
  5804 13283 15083  4472 11211 11120  8108 10471  3406  1231  2371  4472
 14667  8509  8834  3861  4151  4290 10291  8986  5224 10119  4472 11463
  4472  2322]
16 [ 5226  6098 10067 14358 56932  5240 11120  6462 56946 13386  7494  5224
 56940 31079 56940 10621 56946  6151  1231 40975  5224 56940  5340 23441
 56940 56931 56945 56945 56945 56945 56945 56945 56945 56945 56945 56945
 56945 56945 56945 56945 56945 56945 56945 56945 56945 56945 56945 56945
 56945 56945]
47 [ 1240 10566 11211  1233  4151 32558 13835  4472  9540 12764  2182 34335
  2890 14399 12297 12297 10621  1240  5083  3058 11211  6205 15145 12297
 12297 56932  5804  5286 10067 27049   209 10378  5224  5823  4472  5804
  8373  9979 22495  1233  5240  5224 10386 27200  6151 15255 13386 56946
 13822 13835]
5 [11120  6805  3196 11211  4868  6151  9687  5224 15719   373    41 13396
 12061 10621 10624  4472  5804  8561  4472  2496 56931 56945 56945 56945
 56945 56945 56945 56945 56945 56945 56945 56945 56945 56945 56945 56945
 56945 56945 56945 56945 56945 56945 56945 56945 56945 56945 56945 56945
 56945 56945]
19 [ 5226  8493 11093 16790    85 16736 10291 24103  5804 13424  1293  4562
  5224   940 13974  4472 11120 13812 56932  5591 12262 10621 11627 56932
  6205 13371  5804  7962 13901 56931 56945 56945 56945 56945 56945 56945
 56945 56945 56945 56945 56945 56945 56945 56945 56945 56945 56945 56945
 56945 56945]
48 [ 5224 10242  9823 10067  9541  6695 56932  5513 10581 56932  6747 12948
  5224 56940  1601  4472 13269 56940  4472 11120   445  4472  4151  4290
 15198  4562  8493  7001 15218  2861 14906  4472    25  5226  6036  1925
  2792 10621  4569 10067 14358  2944 56932  9909  9502  3863 56932 10291
  8676  1231]
32 [11120  2595 15512  4472  5609  5509  5226  5224  1950  4472  5804  1416
 56932 10830  7595 56932  6005 12948  1925   653  4472 56940 11066  4472
 10647  5226 12031 10067 14746 56940 10621  4472  9408  4472 13030  1203
 11120  1770 10067  2445  5343  3733 56931 56945 56945 56945 56945 56945
 56945 56945]
47 [15083 56932  6870  2890 12687  4562 11120 13524  3046 15227  4472 11120
 11556  4472   713 10621  3491 10067 56946  3934 56934 56946 56935 56932
  4884  1971 12905 16394 11117  5165 11211 13143  1925   653  1231 22306
  4472  8493  1126  4472  4151  4803 56932 56940 13371  5609 10291  2188
  8493  4188]
24 [11120 13110 10621 11120 14803  1240   746  5465  5226  8493 13314 12449
  6193 11211  1240  7033 12555  5226  7394  4708 10067  5778  2106 11211
  1557 11120 14940 10067  5879 56931 56945 56945 56945 56945 56945 56945
 56945 56945 56945 56945 56945 56945 56945 56945 56945 56945 56945 56945
 56945 56945]
4 [11120 11602 14598 11211  5406 11120  4932 14190 13980  4472 13389 11120
  8728 56931 56945 56945 56945 56945 56945 56945 56945 56945 56945 56945
 56945 56945 56945 56945 56945 56945 56945 56945 56945 56945 56945 56945
 56945 56945 56945 56945 56945 56945 56945 56945 56945 56945 56945 56945
 56945 56945]
