4 [ 5224  2792 10067 14457 10049 11120  1870 35259 13396 13478  5804  9464
 10621 11120   618  4472  5804 30631  4472  1561 56932 27175 10621 10634
 56932  6205 13371  4472  5804 16642  9617  4472 13478  5804 13349  4472
 11120 13476 56931 56945 56945 56945 56945 56945 56945 56945 56945 56945
 56945 56945]
8 [ 5804 13801  4472 11673 11556   746 11682  6151  2259  3104 13595  7956
  8493  1958  4022  4472  5973  3682 13396  4151   739  2291 15023  1127
  5224 11478  4472 14535 56931 56945 56945 56945 56945 56945 56945 56945
 56945 56945 56945 56945 56945 56945 56945 56945 56945 56945 56945 56945
 56945 56945]
