48 [11120 11464  6695  4472  2119  4472  4957 12297 12297  4562 14759  6151
 11120  6543 56946 10621  4559  2890 56946 12297 12297 10621  5224  6952
  4472 11120 10366 10067  5053 56946 56946 12297 12297 56946  4472 11120
  4351 10621 10674 56946 56946 12297 12297 56946  2890  6412  3047 12672
  5538 13396]
9 [11120 13908  4472 23190  5240 12407  6816  6151 11120 23089 13396  6293
  9094 13371 48924 56932  3197 56932  9545 10621 19461 56931 56945 56945
 56945 56945 56945 56945 56945 56945 56945 56945 56945 56945 56945 56945
 56945 56945 56945 56945 56945 56945 56945 56945 56945 56945 56945 56945
 56945 56945]
7 [11120  1019 10611  5224 13723  5822 56932  2902 13396  1231 15098 56932
 11120 12647  9244  6641  4472  1446  3673 56934 56946 56935 56932 10621
 56946 10149 56932  8642  5226 11966  4472   424  2689 10621    85  8803
  6151  3687  4472   424  7977 13396  5224  3900  7262 10067 10386 56932
 11120  3465]
27 [ 7868 19140  4472  3434  4472  4151   253  4472 11120 16619  1095 56932
 56942 28142  2472 56932 10611  8025  5544  7518 56932 13371 14022 10067
  2445 19261 56932  2729  5226 11938 13396  4151 31689 12856 10291 25885
  4472 11120  7384 56931 56945 56945 56945 56945 56945 56945 56945 56945
 56945 56945]
29 [ 7868 19140  4472  3434  4472  4151   253  4472 11120 16619  1095 56932
 56942 28142  2472 56932 10611  8025  5544  7518 56932 13371 14022 10067
  2445 19261 56932  2729  5226 11938 13396  4151 31689 12856 10291 25885
  4472 11120  7384 56931 56945 56945 56945 56945 56945 56945 56945 56945
 56945 56945]
36 [ 5224 56942  4472  1787 56932 11120  4760 15415  1925  1107 56942  3861
 10291 11211  4437  8373  4507  4472 56942  5669 56934 56942 11804  4472
  5699 56935 10621 56942  5669 56934 56942 11804  4472  5699 56935 56932
 56946 56932  8170 56932 13396  5224  3835 13329 10621  5224  3835  9450
  2074 56932]
11 [ 5224  5234  2792  4472  1725  4472  2346 12020 15089 56946 56932  2482
  5224  6260 56942  4472   995 13396  2890 13469  4472  7581  1095 56932
 15625   217  5226  1324 11120  4916  4472  4290 56940  4607 10621 11382
 56940  5226  1231  6319  4693  4472 14724 11255 56931 56945 56945 56945
 56945 56945]
