32 [ 5224   615  2944    85  6253 13396  5224 14012  7268  8268 56934 56946
 56932 56946 56935  5226 11120 11093 13046 10067  6171  5226  5224 11211
  5224 15363  4472  8583  4084  4062  4562  8493 12312  3196 56931 56945
 56945 56945 56945 56945 56945 56945 56945 56945 56945 56945 56945 56945
 56945 56945]
17 [11062  3655  1793 11211 10291 11211 11120 13902  5856  9338  5240 10493
 11211  5804  2133  5855  8493  4212 10611 11120 12031 10621 11120  3806
 56932  6197 11211  4151  2786 14820 10291  2890  6319 12764  8540 14865
  4472  2826 11448 56931 56945 56945 56945 56945 56945 56945 56945 56945
 56945 56945]
16 [10420 56932   746  1108  2890 13779 37669  7664  6151  4151  3491  4472
  5804 12943  4562  4151  1746 16807 56932 11211 56932  7868 10636  6098
 56932 12764  1240  4346  4562 11120 15107 56931 56945 56945 56945 56945
 56945 56945 56945 56945 56945 56945 56945 56945 56945 56945 56945 56945
 56945 56945]
