2 [11120  4670    85  7582 13396  5224  2880  4472  3806 15023  5307  6151
 11120 14850  4472 11211  5224 13857  5226  5224 15682  4472  7556  4472
 11120  4675 56932 56940  6151 15254  4472  2890  1958  6017  4472  9480
 10291 11120 13917 56940 56932   373 11721  5226  5309 11669  4666  1225
 56932 14691]
2 [ 5804   340 14423  1514 13396 10958  3863 10621 13396  1400 56946 56932
  6151  5804 56942 10621 56942 10013 56932  8170 56931 56945 56945 56945
 56945 56945 56945 56945 56945 56945 56945 56945 56945 56945 56945 56945
 56945 56945 56945 56945 56945 56945 56945 56945 56945 56945 56945 56945
 56945 56945]
2 [ 5224  7992    85  6404  5226  5804  6537 15244 11211 15608   425 15221
  2861  5163 56932  2027  9581 56932  9987 56946 10621  9415 56931 56945
 56945 56945 56945 56945 56945 56945 56945 56945 56945 56945 56945 56945
 56945 56945 56945 56945 56945 56945 56945 56945 56945 56945 56945 56945
 56945 56945]
