17 [ 9000 56932  9268 56932   217 13396   217  4151  8386  1396  5226  8965
 10621  5226  5804  4185  9939 56946  6151  2890 11010  4472   739 56946
 56931 56945 56945 56945 56945 56945 56945 56945 56945 56945 56945 56945
 56945 56945 56945 56945 56945 56945 56945 56945 56945 56945 56945 56945
 56945 56945]
17 [ 5224  9591  4472 11211  1231  3852 12764  1240 40445  4161 12948 12675
  9999 11211 12407  3361  8155 56946  1925  1087 56931 56945 56945 56945
 56945 56945 56945 56945 56945 56945 56945 56945 56945 56945 56945 56945
 56945 56945 56945 56945 56945 56945 56945 56945 56945 56945 56945 56945
 56945 56945]
