11 [  211  5224  8033  4472  1447  4758 56932  8225 10621  3222  1240   751
  6151  5515 56932  5331 13910 11295  3878 56932  4161 56942 25422  7500
  4472 15277 10621  4284   194  6151 10476 56932   672 56932  1725   509
 56932  5224  4973 56932 12366 56932 12430 56932  1313 56932  4001 56932
 10709 56932]
31 [ 4562   340  4472 11536 56946 56934 56946 56935 56933  7872 13985 56934
 56946 56935 10621  7412  6894 56934 56946 56935 56932  4472  7371 12743
 56932  5804 14765 10067  3612  5047 11117  4286 13396 12645  6151  5804
 11157  4472 13439 11211 13323  5224  9541  4562  8373  4472 13822  5574
 18350 56931]
6 [56936  5217  3286  5804  9547  1240 18703  5226  2663  8973  6151  5804
 22413 10291 47668 11211 15394  2816 13396 10210 56937 56931 56945 56945
 56945 56945 56945 56945 56945 56945 56945 56945 56945 56945 56945 56945
 56945 56945 56945 56945 56945 56945 56945 56945 56945 56945 56945 56945
 56945 56945]
21 [ 9000  6950  2214  1898 11120  5229  4472  2892  5534  5224  5688 14098
  4472  6141  5804  1954  4472  5804  8011 10621  1240 56841 14931  6403
  6151 11120 14299  4472  8493  3174 21682 56931 56945 56945 56945 56945
 56945 56945 56945 56945 56945 56945 56945 56945 56945 56945 56945 56945
 56945 56945]
10 [ 5224    13 11950 56932  5226 56946 56932  2890  7238  1240 14401  1925
 12489  4562  2890  7379 10611  4151  4756 56931 56945 56945 56945 56945
 56945 56945 56945 56945 56945 56945 56945 56945 56945 56945 56945 56945
 56945 56945 56945 56945 56945 56945 56945 56945 56945 56945 56945 56945
 56945 56945]
2 [12297  5207 56946  6151 12672 15498 12297 56931 56945 56945 56945 56945
 56945 56945 56945 56945 56945 56945 56945 56945 56945 56945 56945 56945
 56945 56945 56945 56945 56945 56945 56945 56945 56945 56945 56945 56945
 56945 56945 56945 56945 56945 56945 56945 56945 56945 56945 56945 56945
 56945 56945]
