33 [ 4151  6505 13700   939  6151 14505 13817 56932 15287 56932 15083  4472
  8493 14559 11791 56932 14260 11120  2976  5240   985  4332  4472 11120
  1274  4472  9424  4472  5259  6151 12379  5452 56932    20 11211 15417
 56932  3585 11120   226  9243 56931 56945 56945 56945 56945 56945 56945
 56945 56945]
7 [ 5224 11575  5240  2890  1136  5226 10341 10621 11279  4562  5224 13212
 10067 15412  8704 11211 10507 13396  5224  5309 56931 56945 56945 56945
 56945 56945 56945 56945 56945 56945 56945 56945 56945 56945 56945 56945
 56945 56945 56945 56945 56945 56945 56945 56945 56945 56945 56945 56945
 56945 56945]
8 [11120 14255   154  1233  1240 21289  5226 12025 29534  6151  5804   433
 11211 12764  2752 12135  4472  5804  8521  4472  5309 56931 56945 56945
 56945 56945 56945 56945 56945 56945 56945 56945 56945 56945 56945 56945
 56945 56945 56945 56945 56945 56945 56945 56945 56945 56945 56945 56945
 56945 56945]
