2 [ 5534 12015 56946  1925  8598  9283 56942 56932  3650 11211 11122  4585
 56946  6151  6221 25012 10621 11211  1240  9952  5224 14578 56931 56945
 56945 56945 56945 56945 56945 56945 56945 56945 56945 56945 56945 56945
 56945 56945 56945 56945 56945 56945 56945 56945 56945 56945 56945 56945
 56945 56945]
12 [11120  5611  4965  5240  4472 56942  5699 13396 56946 12889  5226  5754
  1200  6151 56942  5699 10621  5226   140  6151 56942  5699 56931 56945
 56945 56945 56945 56945 56945 56945 56945 56945 56945 56945 56945 56945
 56945 56945 56945 56945 56945 56945 56945 56945 56945 56945 56945 56945
 56945 56945]
26 [ 5224  4154  4472  8443 56932 13396  1231 12135 56932   730 12948 11211
 11372  1231 12467 11372  1231 13464  1240  8504 15083  4472 11211 11120
 11093  1240  9005  1925 12711 10621  4621  5224 14578  4472 11581  7116
  6151 11120 12695  4472 11120 14571  8905 56931 56945 56945 56945 56945
 56945 56945]
4 [11120 11140 56946  1240 11220  6151  4151 14633 10621  2622  5226  8493
  2038 12964  4472 11397 56942 12517 11211 56946  5224  4291  6151  1446
  3673 56932  5226  2890  3716  4472  9198 13171  4472 56942 10440 56931
 56945 56945 56945 56945 56945 56945 56945 56945 56945 56945 56945 56945
 56945 56945]
