35 [ 5226 11120 13287  5226 11211 56946 56934 56946 55589 56935 14747 20158
  6151 26574 56934 33407 56946 56935 10621 39232 56934 16252 26387 56935
 56932 11120  8290  4472  4151 12505  4868  8493 18391 13371  1233 11120
  8185  9836  5226  2890 24489 56931 56945 56945 56945 56945 56945 56945
 56945 56945]
8 [ 5224 11183  3667  4233  5388 10067  2625 11211 11122 16738  5217  1352
  4562  2890  3983  4472 13395 16855 10621 11120 13814 10696 10027  2890
 20115   897  6997 56931 56945 56945 56945 56945 56945 56945 56945 56945
 56945 56945 56945 56945 56945 56945 56945 56945 56945 56945 56945 56945
 56945 56945]
38 [ 6205 12675 56932  1240 15590  6151  9292  4151 14477  4562  7741 56932
  5199  6391 56932 11120 15489 56932  1324 56932 10621 16149 56932 10621
  5226  5224 13440  4472 11120 14792  5066 56932 56940 13831  6151  1879
  8509  5804  7381 14117  9939  4472 56942  8493   445 10526  4472  4900
  4472 14914]
34 [ 5226   425   792 11117  7689  1925  4369 10426 56932 15609  3176 56932
  7650  4472 11120 13675 13844 10067 56940  9541  4472  4151  8308 56940
 56932 14361 11120  2970 11122 11211  7868  5224 13004 13326 11122  5517
  6151 10945  5224 10726  4472 11120  1578 56931 56945 56945 56945 56945
 56945 56945]
27 [56940  1240 56946  8630  4125 56946 56931 11120 11169  8889  5240 11211
  5224 14687 12764  5240 14915  4415 10621 11211  5226  9198 11554 10475
  4472  4291 56932   424  5240    13 56946  9000 56946  5226 11211 10321
  8832 56940 56931 56945 56945 56945 56945 56945 56945 56945 56945 56945
 56945 56945]
49 [ 5224   870 10067  6145 13732 56932  5224 32306 56946 11136 10429 56932
  7780  4449   217  2890  3297  4472 28599 15058  6151 11120 13450 13396
 11120 11211  2049 11120  8858  9107 10067  5076  7948 10621  1240  7780
 16443  6151  8826 11211  5804  9576  1396  4518  5226  5224 18158 10621
 11211  5668]
27 [ 5224 50687  4472 56946 11562 25579 56932  8373  3861 15083  4472 11211
  1240 56946  5224 15063  5226 11120  9212 18077 56946  4472 56946 56934
  2294 56935 56932  5983  9778 56946 15863 30325  6151  2890  9249 10621
  4563   286  4562  5345 11120 14397 56932  5226 28169    59 56932  1233
 56946  4151]
23 [ 7868 12748 56932  5804   190  6776 11804  4472  5895  5226  2466 10291
  6156  6151  4151 14207  4472 13439  4472 11211 13822  4284  6804  4151
 12260  5226 56940 10228  6586 56946 10067  9527 10067  5589  7720 56940
 56931 56945 56945 56945 56945 56945 56945 56945 56945 56945 56945 56945
 56945 56945]
39 [40658 56946 56932  8262 10621  8771  4472 12424 15780  5708 56932 15201
  6151 14196 11211 56940  5224 56946  7780 12355  1920 56932 10291  5804
 43127  8871 36538 56932  8493  7626  7811 12297 12213 10471 10067  9541
 12297 10621   217 14694 13171  4007  4562 15426 56932 14746  1606 56932
 10621 14578]
37 [ 5226 11120  3252  4472 11120 13439 12348 56932 13905 15201 11211  5172
  4472 10076  4472 38649  2890  3430  5226  5224 11211  5224 56946  6792
 13822  1088 20703 56932  4472  4151 11211  6950  3971 10722 56932 14260
  4693  4151 10978  6151  5804  7568 13801  4472 11120  6462 11211 54613
  1231 13870]
40 [12889 11120 12267  4472 12753 14190 11349 56932  5226  6523 10067  9541
 10718 56932 11211 13684  5224  8876  9230 10502  5264 10621  4890  7346
  5769 10331   217  1231  8069 56932  1240 15622 11120  4670 11211  9614
 13554 56946 13371  5804  7568  3204 56946 56931 56945 56945 56945 56945
 56945 56945]
36 [10291  5224 13437  4472  8567  5226  4487 56932  5224  5139  6151 11120
  8665  8946 11120  7253   661 11211  4413  6188  5224   653  1633  5224
  8716  4472 11120  5997 10067 10386  2355 10621 11120 14053 11211 11120
 12673  2967  5226  5804 15544 56931 56945 56945 56945 56945 56945 56945
 56945 56945]
21 [56946 10621 56946  6151  1447  3667  4472 11120  3752 56932  9000  5804
  3536 12764  1340  5226 14662  6151 11120  6670 56933 11120 56946 56931
 56945 56945 56945 56945 56945 56945 56945 56945 56945 56945 56945 56945
 56945 56945 56945 56945 56945 56945 56945 56945 56945 56945 56945 56945
 56945 56945]
2 [11149   709  4151 19462 56931 56945 56945 56945 56945 56945 56945 56945
 56945 56945 56945 56945 56945 56945 56945 56945 56945 56945 56945 56945
 56945 56945 56945 56945 56945 56945 56945 56945 56945 56945 56945 56945
 56945 56945 56945 56945 56945 56945 56945 56945 56945 56945 56945 56945
 56945 56945]
11 [ 5224 15548  6394 12937  4151  2136   321  6151 11120 12536 56932 14122
 11211  1396  8993  4979  5226 11120 14088  4472  5804 14821  2356 56931
 56945 56945 56945 56945 56945 56945 56945 56945 56945 56945 56945 56945
 56945 56945 56945 56945 56945 56945 56945 56945 56945 56945 56945 56945
 56945 56945]
22 [12889  3401 11120  7243  7483 12764 25073  5226   425 10056  4472   304
 56940  8139 56940 10291  8689 56932  5224  2792 10067  5688 11120 10560
  4562 14201  5217   425 12262 56931 56945 56945 56945 56945 56945 56945
 56945 56945 56945 56945 56945 56945 56945 56945 56945 56945 56945 56945
 56945 56945]
13 [ 5224 56946  8016 12140  9019 56932 11211 14204  4472 56946  4562 21747
 10621  8373 32119 56932  3245  9490 19026 11120 16400   375 10067  3538
  5226  5224 12232 12270  4562 56946 11648 56932  1231 22784  3079  4472
 11120  1578 10621 56946 56934 56942 56935  1947  5224  9518 15144  4472
 11120  4722]
21 [ 2930 56932 13482  6151 13822 18748  4472 10025 56942  9464 10067 33130
 56932  4050  1231  9925  6151  7608  4472 56946  4562 10025  4562  2848
  1170  4472 13194   848  4300 56932   848  4562  5046 56932 10621 13396
  5609  4472 11120 11199 56932 18535  7500 56946 56931 56945 56945 56945
 56945 56945]
5 [ 1925 10809  2890 19441  4562 10025 10823 16444  4472   339 10621  2416
  5179  5804 14684  5137 14427 56932 10621  1240 10823 21134  4562  5804
  9171 56931 56945 56945 56945 56945 56945 56945 56945 56945 56945 56945
 56945 56945 56945 56945 56945 56945 56945 56945 56945 56945 56945 56945
 56945 56945]
19 [ 5804 56940 11344 56940  4900  4472  6739 12764 14871 12297  6151  1231
  5995 12297  6272  6117 10291  2300  5804  7568 12075  9871 11372 56932
  5226 14022 56932  6289 13171  3780  4472  4097 13146 12215  5224 14198
  4472   227 10067 13588 56931 56945 56945 56945 56945 56945 56945 56945
 56945 56945]
21 [14122  7809 18458   217 13371  8493  9160  5226  1446  3673 56932  3828
  5804  9135 10621  9376  4472  4151  6565  4472 23165  4151  4723  8630
  9153 11120 19159  4472 11120  4696  4472   424 16330 56931 56945 56945
 56945 56945 56945 56945 56945 56945 56945 56945 56945 56945 56945 56945
 56945 56945]
16 [ 4562 11120 13269  4472 42718 10067  7057  4472 11120 47676 56932   884
 15175 18348 10621  5804  7568  3911 32541 35683 11120 15459  4472 11120
  9745 13396  2890 14568  4472 56942  3861 56932  1925  9687  4472  5804
  4705  5224  8224  6667 11211  2529 12190  6151  5804   453 13801 33944
 56931 56945]
9 [56946 15648  6151  1231  4291  6151 15538 11211 56940 11122 13171  3269
  5240 11120  2985 11211  5151  5224   339 10067 13893  4449 56932  5226
  2890  7566  1925 11211  1240  3782 13171  4472  2890  6753  4472   278
  4472  6226  5224 11477 56940 56931 56945 56945 56945 56945 56945 56945
 56945 56945]
23 [   11 11211  8361  3667  4233 22408  5226 56942  5224  5683  3849 13396
  5224 11211  3241 11120   314 56932  7876 13822 13976 10621 56940 11120
 11633  5331  1231  8965 33281 56940 56931 56945 56945 56945 56945 56945
 56945 56945 56945 56945 56945 56945 56945 56945 56945 56945 56945 56945
 56945 56945]
16 [ 5226  3573 56932  1925 13823 56932  8834 12357   746  7431  2890   626
  4472 56946 56932  8630 10025  8373  7821   746  9591 11122 12754  5226
  8493 13988  8992 15913  6151 11120 12030  9243 56946 56931 56945 56945
 56945 56945 56945 56945 56945 56945 56945 56945 56945 56945 56945 56945
 56945 56945]
6 [56940 11120  8544 11697  4472 15243 11120  8540 11454  5804  7821 10569
 56932  9000 12764  5240 12407 25977 10291  5804 28519 56940 56931 56945
 56945 56945 56945 56945 56945 56945 56945 56945 56945 56945 56945 56945
 56945 56945 56945 56945 56945 56945 56945 56945 56945 56945 56945 56945
 56945 56945]
6 [ 5224  6260 56942  4472  8289 56932 10025 14378  9271  1487 11120  7626
  1925  2678  5224 15018  5226  5224 11211 26488 13396  2890 42931  4472
   683 56942  5056  5226 11120 14248  4472 20094 56931 56945 56945 56945
 56945 56945 56945 56945 56945 56945 56945 56945 56945 56945 56945 56945
 56945 56945]
1 [56940 11120  1340 17385  5226  4151 15056 56940 56932  1240 12567  5226
  5609  4472 56946 10621 56946  1925  2792  4472 11120 15661 56931 56945
 56945 56945 56945 56945 56945 56945 56945 56945 56945 56945 56945 56945
 56945 56945 56945 56945 56945 56945 56945 56945 56945 56945 56945 56945
 56945 56945]
1 [ 6205 11122  5376   217  5804  9135 10067  7450 56940  7346  1095 56940
 56932 15023  8493  6614  4562  5224  2792 10067 14084 56932  2930 48914
 56932 13386 15550 11120  6805 40459 11211 56946  4151 10531 18959 12043
 13396 14009  6051 56931 56945 56945 56945 56945 56945 56945 56945 56945
 56945 56945]
5 [12764 22000  5224 10843  4472 11120 36413 56931 56945 56945 56945 56945
 56945 56945 56945 56945 56945 56945 56945 56945 56945 56945 56945 56945
 56945 56945 56945 56945 56945 56945 56945 56945 56945 56945 56945 56945
 56945 56945 56945 56945 56945 56945 56945 56945 56945 56945 56945 56945
 56945 56945]
49 [ 1925    20 11211  5226  5804  9140 56932  5226   425 13450 56932 11120
  7038 56934  6151 56935 18012 13371 14022  4472  4151 22731 56946 56932
 11122 11211 15604  3245  5224 12284 56932  4693 16141 10291  5224 12562
 56946 56932  4472  8716  4472 56942  1925 17691 11120 14119 10621 56932
  4562  8596]
9 [ 5226 13822 13644  4472  9942  5215 56932  7362  3709  4151 15002  6151
 11120 13269  4472 11120  6288  4472 14378 56932 56946  4472 11279 10621
  4562  5224  6447 10067  3542  5226  5224  7255 56931 56945 56945 56945
 56945 56945 56945 56945 56945 56945 56945 56945 56945 56945 56945 56945
 56945 56945]
4 [ 5226 11674 13371  5226  6226   753  2890  6507 12407  1507 56931 56945
 56945 56945 56945 56945 56945 56945 56945 56945 56945 56945 56945 56945
 56945 56945 56945 56945 56945 56945 56945 56945 56945 56945 56945 56945
 56945 56945 56945 56945 56945 56945 56945 56945 56945 56945 56945 56945
 56945 56945]
