20 [ 4562  8493 10526 14299 56932  5804  3947 56946 13441  8993  4151 13430
 12392  4472  1231  1431 10621 56932  5534  1240 56946  1925  2972 56932
 30323  4095 13822  3361  4649  4472 12168 56931 56945 56945 56945 56945
 56945 56945 56945 56945 56945 56945 56945 56945 56945 56945 56945 56945
 56945 56945]
1 [56940 56946  1379  6151  4151   713 10621 13261  4472  4543  2910 10291
  5804  6381 56940 56932   730  5224 13488  4472  1414  4472 56946 56932
  5067 23839 56932  1362  4693  4472 11211  1240 12452  5224 14969 10621
  5804  6062 56946  6151 33288 56931 56945 56945 56945 56945 56945 56945
 56945 56945]
