19 [ 5224  3612  9210  8729  1231  2415 10291  1227  5224  9541 56932  9000
  5224  2610 13064  4653  5226  5804 10013  3559  4562  8373   340 10067
  7364 56946  5226 14442  7381 10013 10621  5534 18132 10025   372 10291
  5224  7261 10067 12687 13342 13396  5224  8984  9775 11281 56931 56945
 56945 56945]
24 [ 1925  8871 56942 14729 56946  4472 10766  4472  1313   746 35826  5226
  5804  4393   420  5137 56932 13083  4472 11904 13396  5224  2191 10067
  5331 11955 10067  6604  5226  5224  4842  5432 56932 14691   217 56932
  8788 56932  8493 13745 13402 56931 56945 56945 56945 56945 56945 56945
 56945 56945]
20 [11120  4836 10067  2792  9222  1694 56940 43560 56940 11211  1723 15145
  5224  6319  4562  5224 13343  4472 24285 13171  5331 10067  1926 10621
  4721  6151  5804 14331  4472  1231  9541  6151 56940  2188  8493  3174
  4472 10107  3432 10621 11120  9927  1893  4472  4151   713  5226  5224
  1926 10067]
48 [11120  5474  5226  5804  4185  3861  4472  4151 12938 56932 11211 56946
 10291 17377 56932   672 10621  7874 56932    85 26859 13396  4151 15300
  5224  6260 56942  4472   995 10621 26749  6151  8493   661  5142 13396
 11120 11556  4472 13730  8658  5432 56934 23772 56935  8509  8493  8458
  9887  5226]
