25 [ 5224  1107  5010  1231  4846 16129 11211 11120  1147  4472  4151  3336
  8343 56946  6151  1352   746  8192 11819 10621 11211  5224  5683   373
  4550 56946 56931 56945 56945 56945 56945 56945 56945 56945 56945 56945
 56945 56945 56945 56945 56945 56945 56945 56945 56945 56945 56945 56945
 56945 56945]
17 [11120 56946 56946  8493 10838  9049  4472  8865 10621 26065 10722 11243
  5226 12424 15461 18547  6151  9687  5224   972  5226 11120 14248 56931
 56945 56945 56945 56945 56945 56945 56945 56945 56945 56945 56945 56945
 56945 56945 56945 56945 56945 56945 56945 56945 56945 56945 56945 56945
 56945 56945]
19 [13478  5804  1031   365  6151 11211  5224 12479 56932 11211   601  8493
  4932  4472  8965  4200  3036 56932    85  7808 56931 56945 56945 56945
 56945 56945 56945 56945 56945 56945 56945 56945 56945 56945 56945 56945
 56945 56945 56945 56945 56945 56945 56945 56945 56945 56945 56945 56945
 56945 56945]
23 [15879  4472 11120 11066  4472 16634 56932 10621 13371 14022  4472 11965
 24079 56932  6950  5224 56942 13396 14108 10067 12646  1240  1630 41691
 56932  8630 11211  5224  7992   373 26520   848 10899 56946 10621 14931
 13010  4472  7897 56931 56945 56945 56945 56945 56945 56945 56945 56945
 56945 56945]
21 [ 5224  6604 32852  1240 56946  5226  5804  3846  3496  4472   626  4472
 10766 10621  1240 56946 13371 14914  5226  4151 18529  7657 10291  8593
 56931 56945 56945 56945 56945 56945 56945 56945 56945 56945 56945 56945
 56945 56945 56945 56945 56945 56945 56945 56945 56945 56945 56945 56945
 56945 56945]
14 [10827 56946   730 12948 11211 11120 13622  4472  1231  9211  5240  8402
 12627  1859  8952  4151 11871 56931 56945 56945 56945 56945 56945 56945
 56945 56945 56945 56945 56945 56945 56945 56945 56945 56945 56945 56945
 56945 56945 56945 56945 56945 56945 56945 56945 56945 56945 56945 56945
 56945 56945]
12 [ 1925  6117  4472  5804 13447 56932  5224  3237  4472 10789  1240  3971
 56946 56931 56945 56945 56945 56945 56945 56945 56945 56945 56945 56945
 56945 56945 56945 56945 56945 56945 56945 56945 56945 56945 56945 56945
 56945 56945 56945 56945 56945 56945 56945 56945 56945 56945 56945 56945
 56945 56945]
4 [ 9000 11120 12874    85 27912 10621 13960 56946  5217  1231  9322 56931
 56945 56945 56945 56945 56945 56945 56945 56945 56945 56945 56945 56945
 56945 56945 56945 56945 56945 56945 56945 56945 56945 56945 56945 56945
 56945 56945 56945 56945 56945 56945 56945 56945 56945 56945 56945 56945
 56945 56945]
31 [ 4472  9591 56932  5804 17651  1240 17407 56946  4562 56946  5226 56942
 56932 56942 12297 56946 10621  5224 56946  1240 56946  5226  5224 13602
 56946  4562 11122 11211 50677 11120 15910 56946 56931 56945 56945 56945
 56945 56945 56945 56945 56945 56945 56945 56945 56945 56945 56945 56945
 56945 56945]
28 [ 6210 12672 14915 15319 13371 11120  7658  4472 11120  6670  5226  5224
 13893 56932 10633 10291  4151  4835 10621 13018  5224 22167  4472  4151
  2677  4472  4151   713 56946 56931 56945 56945 56945 56945 56945 56945
 56945 56945 56945 56945 56945 56945 56945 56945 56945 56945 56945 56945
 56945 56945]
