17 [13396   428  1240 11117 11204  5217  2551  8493 11851  9500 11211 12764
 10405  6151 10700 12821  8871 18808  5226  5224 14408 15164 56932 13396
   428  1240 11117  4275 11211 14931  5115  1231  9168  4472  7581 25662
 10621 26646 56946 11120  1903  6151  1231 12867 56946 56931 56945 56945
 56945 56945]
37 [ 5224  9591  4472 11211 13822  8373  4711 56946  5226  6036  4472 11120
  3475  3268 11122  3717  6205 11120  5655  2861 56940 12015 13126  5224
 14807  4472  3475 56932 13371 56946 10621 13724 56932  9000 12764 10291
  5487 56946  5226 12342  6221 11120  7626 56940 56931 56945 56945 56945
 56945 56945]
34 [ 9000  5224 12425  5805  4472 10025   420  7320  5226 15316  2861  8373
  4562  6108  2131 56934  8503  4472  8025 56932 11885  4472 56946 10621
 18087 56932 13261  1231 11576   623 56935 10621  8493  8106 11578  5226
 23163 10621 56946 56931 56945 56945 56945 56945 56945 56945 56945 56945
 56945 56945]
23 [14931 11744 56932 10291  6185  4472 11668  4472 11120  9734 56932 10386
  3828 13171  8467  4472  3432 11418 56932  6950   753 56942  7691 13032
  5226 11120  5091 56931 56945 56945 56945 56945 56945 56945 56945 56945
 56945 56945 56945 56945 56945 56945 56945 56945 56945 56945 56945 56945
 56945 56945]
11 [ 6151  5804 10758  3245  1240 15394 56946  7898  3049  4472  7258 47101
  5226 11120 14779 10468 56931 56945 56945 56945 56945 56945 56945 56945
 56945 56945 56945 56945 56945 56945 56945 56945 56945 56945 56945 56945
 56945 56945 56945 56945 56945 56945 56945 56945 56945 56945 56945 56945
 56945 56945]
39 [  424  8566 14309  6151  5804 15261  6151 12764   341  5224 13440 56946
  5226 11120   445 10471  4161 14442  8493 12921  4693  4472  5804 13283
 56932  5534  8363  1231 13675 56946  2370  5804  9996  4562  8493 14988
  4472  7823 13036  2947  5226  5224  3053 11179 56931 56945 56945 56945
 56945 56945]
23 [ 5224 11555  2824 56932 11211  1240 17350  5226 11120 13439  1202  8105
  4472 56946 56932 10621  5804   453  5508  1240 56946 10621 11207  9881
  5226  5224 15817 12152   763 56931 56945 56945 56945 56945 56945 56945
 56945 56945 56945 56945 56945 56945 56945 56945 56945 56945 56945 56945
 56945 56945]
