5 [ 5224  3849  3077 15591  8493  4127 13396  5946 10291  5804 14210 10655
 10621  5804 56946 56946  4472  8493  5474  4472 24806 15404 56931 56945
 56945 56945 56945 56945 56945 56945 56945 56945 56945 56945 56945 56945
 56945 56945 56945 56945 56945 56945 56945 56945 56945 56945 56945 56945
 56945 56945]
15 [ 7898  4472  5804 15262 12764  8396 11211  5224 11426  2017 14260 11674
 43545  2890  4188 13803 13396  1231 12135 56931 56945 56945 56945 56945
 56945 56945 56945 56945 56945 56945 56945 56945 56945 56945 56945 56945
 56945 56945 56945 56945 56945 56945 56945 56945 56945 56945 56945 56945
 56945 56945]
