47 [13396  1231 12135 56932 11120  1035 15161  4472  5430 56932 15066  4472
  8598 56932 14039  6997 11211 11120  4687  5240 14653  4472  4151  6505
  2844 56932 56940  8993 11211 11120   990  1240 27171 13974 10067  4842
  8984 56940 56932  6151 11122 11211  6299 11211 11120  6805  2551  5676
 56946  1233]
2 [ 5224  9328  8642  6347 13171 10621 22806  2890  6480  3233 13802   775
  1231  3304  5226  5224  6480  8658  5226 13554 11211  5224  3612 15169
  8642 34194  5224  6480  5226 13662 56932 12407 19298  8509 11120 11093
 12135 56931 56945 56945 56945 56945 56945 56945 56945 56945 56945 56945
 56945 56945]
15 [ 2890  6176 11211 12764 14098  4472 11120  4356 11372  8493  8489  4472
 17582 10621  6205 56946  5123  6151  2018 12035 56946 11211 12015 56946
  8493  9553  1893 56932 13084 10621 16776 56931 56945 56945 56945 56945
 56945 56945 56945 56945 56945 56945 56945 56945 56945 56945 56945 56945
 56945 56945]
