9 [ 5226  5224  8288 12687  4472 11120 14614  4472 11753  4802  6151  8503
  4562  1352 56931 56945 56945 56945 56945 56945 56945 56945 56945 56945
 56945 56945 56945 56945 56945 56945 56945 56945 56945 56945 56945 56945
 56945 56945 56945 56945 56945 56945 56945 56945 56945 56945 56945 56945
 56945 56945]
10 [13396    19 12135 56932 11120 13675  4722  4472  8200  9840 56946  1925
  3786 10621  7898  3204  1925  4522 56932 10291 11211  6205  5224  7580
   848 10624  3947  5226 11120  7261  4472 11120  8200  4472  8263 10315
  6416 13171 11554 10291 11358 11120  7261 15161 56931 56945 56945 56945
 56945 56945]
