39 [56940  5224  7581  4472 10942  1240  5448 13371   661 10291  8826 11122
 13848  5226  5804  4393  5137 56932   980  5224 13185  4472 11120  4243
 10621 11120 12368  4472  5804  6312  4472 11120  8728 10621  5224  4245
  2433 56940 56932  1096  1925 11167 56932  5226  8493   989 14238   217
 56932  4522]
10 [ 5224  5798 10997  4472  3806  4472 56942 56932  6235  7304  5165   217
 11211  5224  3835  5769 15164 56934  7843 56935 15031  5224  2693 13171
 11211  4550 10291 13853 11211  8754 10540  5534  1240 10332 11120  4771
 10067  5566  9243 10621  1240  6248 11120   967 56931 56945 56945 56945
 56945 56945]
1 [56946 15648  6151  1231  4291  6151 15538 11211 56940 11122 13171  3269
  5240 11120  2985 11211  5151  5224   339 10067 13893  4449 56932  5226
  2890  7566  1925 11211  1240  3782 13171  4472  2890  6753  4472   278
  4472  6226  5224 11477 56940 56931 56945 56945 56945 56945 56945 56945
 56945 56945]
