1 [56940  1469  5226  2890  3719  4911 56940 56932 10376  5224 14299  1218
 56931 56945 56945 56945 56945 56945 56945 56945 56945 56945 56945 56945
 56945 56945 56945 56945 56945 56945 56945 56945 56945 56945 56945 56945
 56945 56945 56945 56945 56945 56945 56945 56945 56945 56945 56945 56945
 56945 56945]
16 [ 5804  8373  1240 28504 14931  3778  4472 13864 56932  2890 13434 56932
  8493  8786 10621 12752   373  5224  8503 56932  5226  5224  4667 10621
  5226 11120 13733 56932 10291  6001  1925    13 56931 56945 56945 56945
 56945 56945 56945 56945 56945 56945 56945 56945 56945 56945 56945 56945
 56945 56945]
