3 [11120  6805 15161  5147   217 56932  8788 56932 11211  7780  3924 11120
 12742  4472  2890 15316  4472  5997 13396  5224  7082 56946  8943 12139
 56934 14931 56935 56932  8468  6641 56934  5236 56935 10621 12613  6615
 14030 56934 56946 56935   805  5224  7057  4561  4472 12424 14729  2844
  4472 12381]
24 [ 7798  3655 11211  5804 15261 12764  1340   784 12459  4472 11211  5804
  2322 13396  5916 56946  6151   505 10621 11499 11211  5804  9996 11526
  3255  3245  3956 12937  4151 15090 11350 56931 56945 56945 56945 56945
 56945 56945 56945 56945 56945 56945 56945 56945 56945 56945 56945 56945
 56945 56945]
13 [56940  1659 11211  4299  3772  2890  8558  1130 56932 14260   424   653
  7780 13848 13190  5804  7025  8426  4472  1723 13974 10067  3172  4472
  9734 15164 56932  5226  5224 11211  7780  4629  2890 13305  4472  9310
 10067 12675 56940 56932  1759  5226  8493  8458  4472  2858 56931 56945
 56945 56945]
33 [11120 11840  8112 56946    85 12223  4562 56942 11804  4472   916 56934
 56942 11804  4472  5895 56935 13396  9851  1877 13949  5226 11120  3474
 11206 11109  4472 14113 56932  5224  9249  5974 56932  9732   217  4151
  6505  7873  4472 11120  5918 12693  4472 14381 56931 56945 56945 56945
 56945 56945]
24 [  930 56932 45009  5224  9322  4562  1870  4472  8493  1976  4472   587
 19014  6151  7608  4472 11120 41669 56932  4161 11211  2890 56946  1909
   915 13498  8244  5217  5224 34080 14777  5226   425  1976 56932  3828
 16105 10809   420 16491 56932  7868 11120  7276  3091 56931 56945 56945
 56945 56945]
9 [10722 14025 12443  5226  5224  9322 56932 12889 12764  9706 13882 11813
 10673 56931 56945 56945 56945 56945 56945 56945 56945 56945 56945 56945
 56945 56945 56945 56945 56945 56945 56945 56945 56945 56945 56945 56945
 56945 56945 56945 56945 56945 56945 56945 56945 56945 56945 56945 56945
 56945 56945]
9 [ 5226 11669  3719  4472 11120  6390 56932  5224  7238 36940 56940 10111
  2890   412 56939 56940 56931 56945 56945 56945 56945 56945 56945 56945
 56945 56945 56945 56945 56945 56945 56945 56945 56945 56945 56945 56945
 56945 56945 56945 56945 56945 56945 56945 56945 56945 56945 56945 56945
 56945 56945]
14 [ 6950 56942  4472  5804 56942  8433 13396 11120  5157 10067 13588 10067
 56946 56946  9706 12948 14793  5224 14181  4472  5804  7103 11211  6197
  4563 11014 56931 56945 56945 56945 56945 56945 56945 56945 56945 56945
 56945 56945 56945 56945 56945 56945 56945 56945 56945 56945 56945 56945
 56945 56945]
1 [13685 14504  5226  1231 10043 11211 56940  3572 14968 11120  6946  2370
  5224 14358 32747  6151  2890 13937  4472 18011 56940 56932 56940  1709
 14102 11120  3252  7945  6151  2890  1437  8033  4562 10442  7956 14299
 56946 56940 10621 56940  4151 14729 56946 11120 13269  6151  6686  6151
  7198  4472]
1 [ 8981 56946 15083 11211 11120 10615  4472  1551  5226  4123 12096    85
 10067 56946  4161 14842 56932  1233  4518 14046  1925 56946  4161  5224
 56942  4472  5198 56931 56945 56945 56945 56945 56945 56945 56945 56945
 56945 56945 56945 56945 56945 56945 56945 56945 56945 56945 56945 56945
 56945 56945]
