13 [ 4151 14368 56932  8373  4472  4151 13171  2983  4472  1352 56932  1240
 15515  1404  5226  5224 12908 11142 10291  5224 12189  7261  4472  8493
 10509  4255  4472   283 10621 13916 11211  9347  5226  9249  4472  9152
 10621  1446  3673  8509  6221 11120 12921 56931 56945 56945 56945 56945
 56945 56945]
13 [ 9000  5224 13247    85 10753 56932 10621 11120  2262 10067  2672    65
  8493   281  5226 11120 11079 10067 31278 56931 56945 56945 56945 56945
 56945 56945 56945 56945 56945 56945 56945 56945 56945 56945 56945 56945
 56945 56945 56945 56945 56945 56945 56945 56945 56945 56945 56945 56945
 56945 56945]
