13 [ 5224  1782 12152 56932  9810  1402 10867 56932 11261 10581 56932  6019
  5224  5823  6151 14524  2129  8009 56932  8099  8351 10067   858  4472
  9972 14527 56931 56945 56945 56945 56945 56945 56945 56945 56945 56945
 56945 56945 56945 56945 56945 56945 56945 56945 56945 56945 56945 56945
 56945 56945]
20 [ 5224 14578  6151  5804  7821  1240 56946   211 50879 25457 11211  7565
  5224 13276  8765  5226 10722  1362 10621  5224  2052  6151 12821 10621
 11345  4472  5804 56946 56931 56945 56945 56945 56945 56945 56945 56945
 56945 56945 56945 56945 56945 56945 56945 56945 56945 56945 56945 56945
 56945 56945]
