0 [12764  2451 56932  5226  5224  4842  4472  9917 56932  5224  2693  6870
  1231  1501 13344  1925  8538  1925  9431  6151 56942  5283 56931 56945
 56945 56945 56945 56945 56945 56945 56945 56945 56945 56945 56945 56945
 56945 56945 56945 56945 56945 56945 56945 56945 56945 56945 56945 56945
 56945 56945]
1 [12764  2451 56932  5226  5224  4842  4472  9917 56932  5224  2693  6870
  1231  1501 13344  1925  8538  1925  9431  6151 56942  5283 56931 56945
 56945 56945 56945 56945 56945 56945 56945 56945 56945 56945 56945 56945
 56945 56945 56945 56945 56945 56945 56945 56945 56945 56945 56945 56945
 56945 56945]
0 [ 6205 11211  5224  9102  7780 22438   424 12687 13371  5224 13171  3269
 56931 56945 56945 56945 56945 56945 56945 56945 56945 56945 56945 56945
 56945 56945 56945 56945 56945 56945 56945 56945 56945 56945 56945 56945
 56945 56945 56945 56945 56945 56945 56945 56945 56945 56945 56945 56945
 56945 56945]
0 [ 8630 56932  5804  1953  4472  5804  4701 12764   746  3517  4472 20100
  9379  3861 56932  4562 13728 14373 10611 56946 56932 26344 56932 56946
 10621 21153  2129 56932 13396  2890  5689 56932 10621   861 10621 16373
 13396    13 56931 56945 56945 56945 56945 56945 56945 56945 56945 56945
 56945 56945]
0 [ 8630  5240  9918 11120 11169 15583  4472  2658  4472  4821 10621  1231
 56946  4969  4472   928  4562  4151 21439 44092 10696  4472  1723 56932
 20645  4472 15252 56932 17934  4472  9161 10621  6810  4472  2919 56932
  5240  3058  4592 11120 13171  8484 27326 10611 56946  4472 15252 10621
   184  4472]
0 [ 6205 11211 56932 13396  1233 14686 56932 56946  5226  5219 56931 56945
 56945 56945 56945 56945 56945 56945 56945 56945 56945 56945 56945 56945
 56945 56945 56945 56945 56945 56945 56945 56945 56945 56945 56945 56945
 56945 56945 56945 56945 56945 56945 56945 56945 56945 56945 56945 56945
 56945 56945]
0 [12764  2451 56932  5543  1240  8944  6151  4151 10219 11211 53563  2890
  1431 13371  5224  5364 56931 56945 56945 56945 56945 56945 56945 56945
 56945 56945 56945 56945 56945 56945 56945 56945 56945 56945 56945 56945
 56945 56945 56945 56945 56945 56945 56945 56945 56945 56945 56945 56945
 56945 56945]
37 [ 4472 14399  4562  8857 13004 56932  4151  9684 17167  4472 10766  1218
 18458  4472 56946 56946  4472 56942  6468 10267  8493  5226 14842  4472
 56942  6151 56946 56946  5226  5224 12675  7977  4472   424  2689 56932
  5226 13554 11211  5804  8732 13396  4151  9684 10067  6604 18458  4472
 56942 11804]
1 [  848 15145 56932 56946  5224  5982 56931 56945 56945 56945 56945 56945
 56945 56945 56945 56945 56945 56945 56945 56945 56945 56945 56945 56945
 56945 56945 56945 56945 56945 56945 56945 56945 56945 56945 56945 56945
 56945 56945 56945 56945 56945 56945 56945 56945 56945 56945 56945 56945
 56945 56945]
14 [11120  7300  4472  5611 10295  5226 11931 28089  6891  8415 13396  5822
 56932  1233  4518 11120  9421 14662 10611 13822  3911  4562 13593 56932
 11840  2358 11211  3245 14662  4562 10274  5226 11120  4932 56931 56945
 56945 56945 56945 56945 56945 56945 56945 56945 56945 56945 56945 56945
 56945 56945]
49 [13396  1231 12135 56932 11120  1035 15161  4472  5430 56932 15066  4472
  8598 56932 14039  6997 11211 11120  4687  5240 14653  4472  4151  6505
  2844 56932 56940  8993 11211 11120   990  1240 27171 13974 10067  4842
  8984 56940 56932  6151 11122 11211  6299 11211 11120  6805  2551  5676
 56946  1233]
5 [11120 13916 12800  1240  8783 12764  2451  5224 56946 35396 11211  4868
 17635 56942  3204 12566 10621 11211  1296  1240  4338  4562  5224   567
 20298 17364 56934 56942 56935 56931 56945 56945 56945 56945 56945 56945
 56945 56945 56945 56945 56945 56945 56945 56945 56945 56945 56945 56945
 56945 56945]
6 [11120 13916 12800  1240  8783 12764  2451  5224 56946 35396 11211  4868
 17635 56942  3204 12566 10621 11211  1296  1240  4338  4562  5224   567
 20298 17364 56934 56942 56935 56931 56945 56945 56945 56945 56945 56945
 56945 56945 56945 56945 56945 56945 56945 56945 56945 56945 56945 56945
 56945 56945]
3 [56940  1240 56946  8630  4125 56946 56931 11120 11169  8889  5240 11211
  5224 14687 12764  5240 14915  4415 10621 11211  5226  9198 11554 10475
  4472  4291 56932   424  5240    13 56946  9000 56946  5226 11211 10321
  8832 56940 56931 56945 56945 56945 56945 56945 56945 56945 56945 56945
 56945 56945]
29 [ 7868  9640  6894 56932  4285  2631  4472  5804   278 56932 12764  1240
  6760  6950  4472  8493  2263  4472  8626 11372  4472  2890  3831  5351
  4472  1231 13322 56932 10954  3245  4472 56940  8493  4543  3196 56940
 10067   167 56932 11578  5226 56940  1231 12544 13396  5804   541 56940
 56931 56945]
49 [11120  9168 10448 10291 11211  5224 10242  9823  4472 11120  1391 56932
 45228 56327 56932 56946  5226  9379  3861  5224  8741  4472 56942 56940
  6270 16536 56940 10291 11120 56946  5240  5224 13185 10067  8965  5224
 12479 12355 10611  5804  6681  5224  2689  6260  5226  4151  1539  4472
 56946 10621]
0 [13371  5224  1778 56932 11120  6685 17627  7780  8192 56946 13396  7898
 56931 56945 56945 56945 56945 56945 56945 56945 56945 56945 56945 56945
 56945 56945 56945 56945 56945 56945 56945 56945 56945 56945 56945 56945
 56945 56945 56945 56945 56945 56945 56945 56945 56945 56945 56945 56945
 56945 56945]
0 [ 5534 12015 56946  1925  8598  9283 56942 56932  3650 11211 11122  4585
 56946  6151  6221 25012 10621 11211  1240  9952  5224 14578 56931 56945
 56945 56945 56945 56945 56945 56945 56945 56945 56945 56945 56945 56945
 56945 56945 56945 56945 56945 56945 56945 56945 56945 56945 56945 56945
 56945 56945]
0 [   20 11211  5226  5224  7992  4472  1723 56932 11669 20233 12764  5815
 13371  1713 18077 56931 56945 56945 56945 56945 56945 56945 56945 56945
 56945 56945 56945 56945 56945 56945 56945 56945 56945 56945 56945 56945
 56945 56945 56945 56945 56945 56945 56945 56945 56945 56945 56945 56945
 56945 56945]
19 [10420  5112 11120 15568  4472  4151  2789  6151 11631 10067  7770 56932
 11211  6955  2890 56942 13396 14108 56932  5226 13554 11211  4151 15629
  6151 11631 10067 13823 15633  2890 56942 56932  4562  2890  3269  8425
  4472  4151  2789  6151  1352 56932 11211 14955  2890 56942 13396 14108
 56931 56945]
19 [ 5224  9328  8642  6347 13171 10621 22806  2890  6480  3233 13802   775
  1231  3304  5226  5224  6480  8658  5226 13554 11211  5224  3612 15169
  8642 34194  5224  6480  5226 13662 56932 12407 19298  8509 11120 11093
 12135 56931 56945 56945 56945 56945 56945 56945 56945 56945 56945 56945
 56945 56945]
0 [14931 11744 56932 10291  6185  4472 11668  4472 11120  9734 56932 10386
  3828 13171  8467  4472  3432 11418 56932  6950   753 56942  7691 13032
  5226 11120  5091 56931 56945 56945 56945 56945 56945 56945 56945 56945
 56945 56945 56945 56945 56945 56945 56945 56945 56945 56945 56945 56945
 56945 56945]
1 [14931 11744 56932 10291  6185  4472 11668  4472 11120  9734 56932 10386
  3828 13171  8467  4472  3432 11418 56932  6950   753 56942  7691 13032
  5226 11120  5091 56931 56945 56945 56945 56945 56945 56945 56945 56945
 56945 56945 56945 56945 56945 56945 56945 56945 56945 56945 56945 56945
 56945 56945]
46 [ 5224  6516  4472  7581 10621  4569  6151 11120 14720  3037 15071 10291
  2890  9518  3146  4472   653  4562  5224 56942 13396 14108  4472  5804
  2322  4118  5226 11120  8290  7037  4472  5804 13283  4256  6151 11120
 11211  1240  7951  5224  6260   972  5226 11648 14931  1431 11372    24
 56931 56945]
0 [12764  2451 56932  5226 56942  1240 37370 13371 12684  5307  1925 56946
  6151  3559  4472  1702 10621 14809  5224 56946 10067 11763  6151  1231
  7243 56931 56945 56945 56945 56945 56945 56945 56945 56945 56945 56945
 56945 56945 56945 56945 56945 56945 56945 56945 56945 56945 56945 56945
 56945 56945]
0 [12764  2451 56932  8493 15100  4472  4676  7741  4784  3971 11211  1231
  1431 56932  5224  6519 13396 12181  4337  9666 56932  5240  5224  4569
 13171 56946  6151  4903  3733 56932 11664  1233  4151  4290  4472 12379
  5452  1240 11147  4550 56932 56946 13396 56946  6151 56946  1925  6477
  4569 12855]
1 [12764  2451 56932  8493 15100  4472  4676  7741  4784  3971 11211  1231
  1431 56932  5224  6519 13396 12181  4337  9666 56932  5240  5224  4569
 13171 56946  6151  4903  3733 56932 11664  1233  4151  4290  4472 12379
  5452  1240 11147  4550 56932 56946 13396 56946  6151 56946  1925  6477
  4569 12855]
18 [ 8981 56946 15083 11211 11120 10615  4472  1551  5226  4123 12096    85
 10067 56946  4161 14842 56932  1233  4518 14046  1925 56946  4161  5224
 56942  4472  5198 56931 56945 56945 56945 56945 56945 56945 56945 56945
 56945 56945 56945 56945 56945 56945 56945 56945 56945 56945 56945 56945
 56945 56945]
0 [12764  2451 56932  5224  7811 10620 10611  5804 14821  7689  6151  2330
 56932 11211 14773  5224 56946 56931 56945 56945 56945 56945 56945 56945
 56945 56945 56945 56945 56945 56945 56945 56945 56945 56945 56945 56945
 56945 56945 56945 56945 56945 56945 56945 56945 56945 56945 56945 56945
 56945 56945]
1 [12764  2451 56932  5224  7811 10620 10611  5804 14821  7689  6151  2330
 56932 11211 14773  5224 56946 56931 56945 56945 56945 56945 56945 56945
 56945 56945 56945 56945 56945 56945 56945 56945 56945 56945 56945 56945
 56945 56945 56945 56945 56945 56945 56945 56945 56945 56945 56945 56945
 56945 56945]
1 [10621 14914 13371  1240  7780  5756  5217  2892 12297 12297 11211 13974
  4472  3361 11970  1873  5804   266 10067  7581 14931 56946  1231  1381
  6151  8493  1126  5683 10291  5804 56946 12297 12297  1240 56946  5226
  2890 14555 38230 56946  5226 10025 13349  4472  1723 56931 56945 56945
 56945 56945]
0 [ 8630 11120 15822  4125  5226  1231 19356  4472  3852 56932    19 22445
 56932 11120   160 45363 56932 12305  6151 56946  1925 10846 11165 56932
 10067  7082  8946 12407 37477 56931 56945 56945 56945 56945 56945 56945
 56945 56945 56945 56945 56945 56945 56945 56945 56945 56945 56945 56945
 56945 56945]
38 [13974  4472  5804 12552 56946 56932 13526  5804 14513  4472   425  4212
  5226  4151  4558 10067 56946 56932  2729 11211  5226 56942  5224  6117
 46768  4472   424  4814 13006  5224 56942 13396 14108 15058  1925  2689
  2824 56932  5226 13554 11211  5224  6117 40384  1240 19715  5224 56942
 13396 14108]
39 [13974  4472  5804 12552 56946 56932 13526  5804 14513  4472   425  4212
  5226  4151  4558 10067 56946 56932  2729 11211  5226 56942  5224  6117
 46768  4472   424  4814 13006  5224 56942 13396 14108 15058  1925  2689
  2824 56932  5226 13554 11211  5224  6117 40384  1240 19715  5224 56942
 13396 14108]
1 [56940 11372  2890 11998  4472  6244  6151 11120 13806 56940 56932  1243
 12948 11958  4170 56932  1971  4472 11120  6805  4472  6503 10621   772
   326 10067  7966  4472 13732 56931 56945 56945 56945 56945 56945 56945
 56945 56945 56945 56945 56945 56945 56945 56945 56945 56945 56945 56945
 56945 56945]
0 [ 6205 11211 11372  1240  4695  5224 13755  6757 11372 11120  4656 13497
  5804  6724 56931 56945 56945 56945 56945 56945 56945 56945 56945 56945
 56945 56945 56945 56945 56945 56945 56945 56945 56945 56945 56945 56945
 56945 56945 56945 56945 56945 56945 56945 56945 56945 56945 56945 56945
 56945 56945]
23 [ 5224 14139  9517  4472 13732  7951 12948  1231  8614 12176  9422 56932
  8493 11311  6119 10291  5231  5224  2689 56942  4562 12672 13171 11211
  8493 10506  7505  4472 10150 56931 56945 56945 56945 56945 56945 56945
 56945 56945 56945 56945 56945 56945 56945 56945 56945 56945 56945 56945
 56945 56945]
30 [13607 11211  5534  9506  6151  8953  8782  5226 11149  6041 56946  5224
 12649  8782  5778  5716 12297  5224 11100 56932  5224 13946 12297 56932
  8782 12567 11211  5226  1490 13395  8630  8291 11279 56931 56945 56945
 56945 56945 56945 56945 56945 56945 56945 56945 56945 56945 56945 56945
 56945 56945]
0 [ 6205  5240 11211  4562 15640  5137  4518 34183 56932  2591 56946  5240
 13441  8493 34548 56932 23713  4562  5224 22670 56932 15640  5137 15083
 11211 12035 56946 56931 56945 56945 56945 56945 56945 56945 56945 56945
 56945 56945 56945 56945 56945 56945 56945 56945 56945 56945 56945 56945
 56945 56945]
23 [ 6205  5240 11211  4562 15640  5137  4518 34183 56932  2591 56946  5240
 13441  8493 34548 56932 23713  4562  5224 22670 56932 15640  5137 15083
 11211 12035 56946 56931 56945 56945 56945 56945 56945 56945 56945 56945
 56945 56945 56945 56945 56945 56945 56945 56945 56945 56945 56945 56945
 56945 56945]
3 [ 5224  3786 56932 14931 11744 56932  8057  2890  7307  3297  4472 11443
 10621  3260 13171 11211 11443 56931 56945 56945 56945 56945 56945 56945
 56945 56945 56945 56945 56945 56945 56945 56945 56945 56945 56945 56945
 56945 56945 56945 56945 56945 56945 56945 56945 56945 56945 56945 56945
 56945 56945]
4 [ 5224  3786 56932 14931 11744 56932  8057  2890  7307  3297  4472 11443
 10621  3260 13171 11211 11443 56931 56945 56945 56945 56945 56945 56945
 56945 56945 56945 56945 56945 56945 56945 56945 56945 56945 56945 56945
 56945 56945 56945 56945 56945 56945 56945 56945 56945 56945 56945 56945
 56945 56945]
15 [ 5224  3786 56932 14931 11744 56932  8057  2890  7307  3297  4472 11443
 10621  3260 13171 11211 11443 56931 56945 56945 56945 56945 56945 56945
 56945 56945 56945 56945 56945 56945 56945 56945 56945 56945 56945 56945
 56945 56945 56945 56945 56945 56945 56945 56945 56945 56945 56945 56945
 56945 56945]
0 [14931 11744 56932  5224  9591 13171  3269  4550  5240  5224 10729  4766
 10611 15686  4472 47233 56932  4884  5532  5240  8870 11211 11120  1781
  4472  5804  2237  4472 15590 10064 56946 56932  4562 11122 11211  5226
   424 13440  9379 14619  8540  2529  9251 28414   848 34922 56931 56945
 56945 56945]
1 [14931 11744 56932  5224  9591 13171  3269  4550  5240  5224 10729  4766
 10611 15686  4472 47233 56932  4884  5532  5240  8870 11211 11120  1781
  4472  5804  2237  4472 15590 10064 56946 56932  4562 11122 11211  5226
   424 13440  9379 14619  8540  2529  9251 28414   848 34922 56931 56945
 56945 56945]
2 [11372 28750 11372 12938 11372  3260 56931 56945 56945 56945 56945 56945
 56945 56945 56945 56945 56945 56945 56945 56945 56945 56945 56945 56945
 56945 56945 56945 56945 56945 56945 56945 56945 56945 56945 56945 56945
 56945 56945 56945 56945 56945 56945 56945 56945 56945 56945 56945 56945
 56945 56945]
4 [11372 28750 11372 12938 11372  3260 56931 56945 56945 56945 56945 56945
 56945 56945 56945 56945 56945 56945 56945 56945 56945 56945 56945 56945
 56945 56945 56945 56945 56945 56945 56945 56945 56945 56945 56945 56945
 56945 56945 56945 56945 56945 56945 56945 56945 56945 56945 56945 56945
 56945 56945]
0 [14442 13334  2091  1296 56932 11120 11436 10126 56932 10621  3052  2370
  5224  3447 56932  1240  9467 10067  9225 10961  4472  1231 12754  3818
 56931 56945 56945 56945 56945 56945 56945 56945 56945 56945 56945 56945
 56945 56945 56945 56945 56945 56945 56945 56945 56945 56945 56945 56945
 56945 56945]
