8 [13290  5924  4472 56940 14957 56940 56932 13290 11606 54850  2890  4200
  3196  6151 11120 25108 12973  4472 14778  9775 56931 56945 56945 56945
 56945 56945 56945 56945 56945 56945 56945 56945 56945 56945 56945 56945
 56945 56945 56945 56945 56945 56945 56945 56945 56945 56945 56945 56945
 56945 56945]
15 [ 1793 10067 14339 10426 12297 11120   694  4472  3582  5226 11120 13524
 12297 56932  5666 11949  3544 11120  7261  4472 11120 13172 10067 11183
  5224 56942  4472  4709  6151  4151 56942  1362  5226 56516 56934  5806
 56935 56931 56945 56945 56945 56945 56945 56945 56945 56945 56945 56945
 56945 56945]
