12 [11120  5887 10067 12956  4472  4428  4472  1324 56932 14946 56946 56932
  5165   217  2890 56946 10300  6151  8493 14564  2749  4472 14678   635
  2370 11120  8094  5234  3608 10067 56940 10255 13579 56940  4472  3572
  5733 10867 14781 56932 56940  7468 56940 56931 56945 56945 56945 56945
 56945 56945]
7 [ 5226  5224  1950 56932 14358 10621  4942  4634 15058  6151    38  5804
  1954 12825 56931 56945 56945 56945 56945 56945 56945 56945 56945 56945
 56945 56945 56945 56945 56945 56945 56945 56945 56945 56945 56945 56945
 56945 56945 56945 56945 56945 56945 56945 56945 56945 56945 56945 56945
 56945 56945]
