4 [ 5224 13723  6059  2944 10268 10067 56942  1925 56942  4472  8289  4185
  5226  5224  3086  4472  1324 56931 56945 56945 56945 56945 56945 56945
 56945 56945 56945 56945 56945 56945 56945 56945 56945 56945 56945 56945
 56945 56945 56945 56945 56945 56945 56945 56945 56945 56945 56945 56945
 56945 56945]
32 [ 4716  6997 11211  5224 56942 13396 14108 10067  9925  4125  6151 15276
  4472 56946 10621  6950  5224 56942 13396 14108  6558  6151 13815  6151
 14198 13346 56932 10621 11211 11120  8373  9490  7934  5226  4151 11197
 12605 56931 56945 56945 56945 56945 56945 56945 56945 56945 56945 56945
 56945 56945]
10 [ 5224 12754 38850 13382 11211  1231  3612 56940 11120 18083  4336 56940
 56931 56945 56945 56945 56945 56945 56945 56945 56945 56945 56945 56945
 56945 56945 56945 56945 56945 56945 56945 56945 56945 56945 56945 56945
 56945 56945 56945 56945 56945 56945 56945 56945 56945 56945 56945 56945
 56945 56945]
8 [11120  3795  8321 11211 10753  5226 11669  3719 56946 13396  5224 15168
 56932  6151 56942 10440 13396  4000 56932  5224 19506  4472 11120 56946
 56931 56945 56945 56945 56945 56945 56945 56945 56945 56945 56945 56945
 56945 56945 56945 56945 56945 56945 56945 56945 56945 56945 56945 56945
 56945 56945]
12 [ 5240 11120 15135 10621 10036  6475  4472  2890   893 11211 13822 15068
  9221  5217 11120  4277  4472  5224 15193  4472  4060 10621  1231  7220
  8556  4270 56946 56932  4814  4472  8493 13726  5226  7581  4472 13408
  3854 14931  8125  1633 11120  1906  4472  1231 11554 56931 56945 56945
 56945 56945]
5 [56936   848 11211  5804 12785 56946  4562 10534 56946 56937 56931 56945
 56945 56945 56945 56945 56945 56945 56945 56945 56945 56945 56945 56945
 56945 56945 56945 56945 56945 56945 56945 56945 56945 56945 56945 56945
 56945 56945 56945 56945 56945 56945 56945 56945 56945 56945 56945 56945
 56945 56945]
3 [10621 11122  3645  4228 56931 56945 56945 56945 56945 56945 56945 56945
 56945 56945 56945 56945 56945 56945 56945 56945 56945 56945 56945 56945
 56945 56945 56945 56945 56945 56945 56945 56945 56945 56945 56945 56945
 56945 56945 56945 56945 56945 56945 56945 56945 56945 56945 56945 56945
 56945 56945]
3 [12297  5224 45321 34395 56932  4125 56946 10621 56946 56932 13371  1233
   375  4472 13305 56931 56945 56945 56945 56945 56945 56945 56945 56945
 56945 56945 56945 56945 56945 56945 56945 56945 56945 56945 56945 56945
 56945 56945 56945 56945 56945 56945 56945 56945 56945 56945 56945 56945
 56945 56945]
