9 [13171   503  4996  7956  5224   658  4472  2167  1240  9567  5226  4151
   709 10067 12754 54717 56934 56942 56935 56931 56945 56945 56945 56945
 56945 56945 56945 56945 56945 56945 56945 56945 56945 56945 56945 56945
 56945 56945 56945 56945 56945 56945 56945 56945 56945 56945 56945 56945
 56945 56945]
9 [56940 13749 56932 13893  1379  4562 10025 16593 56931  9373  5226  2890
  1601  4472 26796  9774  5226 12024  2928 56931  5804 17165 10621  4151
 18754 10267  1004 12015  2816 13171 13396 12082 12675 56932 12764 13396
 12024  4625  3492  4562   719  2961 56940 56931 56945 56945 56945 56945
 56945 56945]
12 [11120 11093   455  4472  5804  5341  2370  5804  2992  5226 56942  5137
  4716  5226  2890  8288  2218 56932  7868   424 26166 56932 13396 56940
  5224 10620  4472  5892  4472 56946 38578 11211  9347  8493 13400  4562
 10053  9094 56940 56931 56945 56945 56945 56945 56945 56945 56945 56945
 56945 56945]
9 [ 9000  6226   428 56932 15648  5224  7423 56932   582 11434  5226  5224
  7217    36 10621  4562 11120   618  4472 11120 12815  5432 56932 56940
  4472 14399  4562  5804 15099  4472 12764 21154  5226 13424 15359 56940
 56931 56945 56945 56945 56945 56945 56945 56945 56945 56945 56945 56945
 56945 56945]
32 [ 5224  2471  4472 11120 15284  1106   730 56932  1793 56932 11211   425
 11124  6197  1240 11634  5226  4151    21  4472  1339 56932 16997 56932
 44190 56932 44843 56932 56946 10621 13624  1240 37953  5226 10222 56931
 56945 56945 56945 56945 56945 56945 56945 56945 56945 56945 56945 56945
 56945 56945]
11 [ 5224  5234  6340 13382 11211  5226  5804  4393  7381  9939  1240 56946
  5226 12424  4649 56932  9000  1040 11211  6197 11122  7780  2779 10621
 11211 11117 56946  1000 11211  1231 16581  5226  5224 11034 12764  7780
  5492 14041  5400 56932 13371 11122  7780  3858  5224  9591  4472 11211
  4151 10201]
13 [13371 14022  4472 11673  5039 56932  7146  7148 10067 16882 11430 11211
  2529 56946  5226  2890 15175 13326 10621  5226  5224 11988 15332  4472
 11120 56946 56932  6197 11211 21104 13043 49275 56931 56945 56945 56945
 56945 56945 56945 56945 56945 56945 56945 56945 56945 56945 56945 56945
 56945 56945]
7 [11120  4760 10545 11211  8373  2402  1240 56946  5226 13822  6090  5534
 56932  5224 13913  4472 56942 56932 56946  6151  5804  7394 56932 11211
  2733  8493 18623  4472  6142 56931 56945 56945 56945 56945 56945 56945
 56945 56945 56945 56945 56945 56945 56945 56945 56945 56945 56945 56945
 56945 56945]
4 [ 5224  6604 32852  1240 56946  5226  5804  3846  3496  4472   626  4472
 10766 10621  1240 56946 13371 14914  5226  4151 18529  7657 10291  8593
 56931 56945 56945 56945 56945 56945 56945 56945 56945 56945 56945 56945
 56945 56945 56945 56945 56945 56945 56945 56945 56945 56945 56945 56945
 56945 56945]
17 [56940 11120 12283 10291 15951 10067  7770  6950   582 56946  6151  9168
  4472 11211  1231  3542 12764 31708  5226  4756 10916 56940 56932  1015
 15795 56932 12133 10067  7415  9541  3733 56931 56945 56945 56945 56945
 56945 56945 56945 56945 56945 56945 56945 56945 56945 56945 56945 56945
 56945 56945]
21 [56946  5226 11120 17057 56932  4151 32757 56946 11120  9049  6272  4472
 21703 10291  2637 11211  4151 56946 10067 22308  1240 56946  5226  8493
 14277  5226  7070 56931 56945 56945 56945 56945 56945 56945 56945 56945
 56945 56945 56945 56945 56945 56945 56945 56945 56945 56945 56945 56945
 56945 56945]
20 [ 4472  9591 56932  5804 17651  1240 17407 56946  4562 56946  5226 56942
 56932 56942 12297 56946 10621  5224 56946  1240 56946  5226  5224 13602
 56946  4562 11122 11211 50677 11120 15910 56946 56931 56945 56945 56945
 56945 56945 56945 56945 56945 56945 56945 56945 56945 56945 56945 56945
 56945 56945]
14 [ 4472 12937   682 56932  1233  5804  8162  4472  2606  1240 19466 56932
  1231  7037  6497  5226   420  5137 56931 56945 56945 56945 56945 56945
 56945 56945 56945 56945 56945 56945 56945 56945 56945 56945 56945 56945
 56945 56945 56945 56945 56945 56945 56945 56945 56945 56945 56945 56945
 56945 56945]
