27 [10420 56932   746  1108  2890 13779 37669  7664  6151  4151  3491  4472
  5804 12943  4562  4151  1746 16807 56932 11211 56932  7868 10636  6098
 56932 12764  1240  4346  4562 11120 15107 56931 56945 56945 56945 56945
 56945 56945 56945 56945 56945 56945 56945 56945 56945 56945 56945 56945
 56945 56945]
4 [ 5488 13614 56932 11211  7422  4562  8493  4670 10067   653  4472 12809
  5224  4291  4472  5804 11516  2709 56932  2752 12135  4472 11120  8110
  5427  4472 14467  6151  5804  2709 10291 11211 10278 11120 11311  4472
 10556  2828 56931 56945 56945 56945 56945 56945 56945 56945 56945 56945
 56945 56945]
