24 [11120  5474  4472 12101  5226  5804  4393  8373  5137  5226  9379  3421
  2704  7780  8192  4472  7023  4472 56942 13712 56932  9000 14811  2831
  2890  9198  8871  4472 56942  1169 56931 56945 56945 56945 56945 56945
 56945 56945 56945 56945 56945 56945 56945 56945 56945 56945 56945 56945
 56945 56945]
5 [56940 31867 14694   177  6151 11120  1004 56932  4562 11120 12673 12220
  4472 13681  9000 13092 18599 56940 56931 56945 56945 56945 56945 56945
 56945 56945 56945 56945 56945 56945 56945 56945 56945 56945 56945 56945
 56945 56945 56945 56945 56945 56945 56945 56945 56945 56945 56945 56945
 56945 56945]
1 [13396 11122  2254 56932  5224  3835  5769  7462 10681 13210 10621   407
 10291  5224  8590 10621  8788 56931 56945 56945 56945 56945 56945 56945
 56945 56945 56945 56945 56945 56945 56945 56945 56945 56945 56945 56945
 56945 56945 56945 56945 56945 56945 56945 56945 56945 56945 56945 56945
 56945 56945]
18 [11120  5532 13006  4562 11120  4670 11211 17706  6151 11120 12394  4472
  8365 56934  1189 33595 56932 13396    19 12135 56935  1925  4189 11120
 17739  4472   713 56931 56945 56945 56945 56945 56945 56945 56945 56945
 56945 56945 56945 56945 56945 56945 56945 56945 56945 56945 56945 56945
 56945 56945]
14 [ 5534 12015 56946  1925  8598  9283 56942 56932  3650 11211 11122  4585
 56946  6151  6221 25012 10621 11211  1240  9952  5224 14578 56931 56945
 56945 56945 56945 56945 56945 56945 56945 56945 56945 56945 56945 56945
 56945 56945 56945 56945 56945 56945 56945 56945 56945 56945 56945 56945
 56945 56945]
4 [56940  5240  2890  3612  2890  9198 11515 56932  9000  7334  2890  7415
  5138 10621  7494  8150 12407 13747 56931 12473 11211 10677  5224  9541
  4562  1379 10647 14260  1233 12764 56932  5207 56946 56932  6927 56940
 56932 15005 10180 56931 56945 56945 56945 56945 56945 56945 56945 56945
 56945 56945]
18 [ 4151  6793  7523 13396  5224  7777 10246  1340 11211  1000  4562  5224
 12456  5530 10621  3036 56932  7956  6226  4151 13186  4472  4151  5425
  3865 56933 11120  9553  1205 56932 10621  5224 11627 10637  4472  2691
 56931 56945 56945 56945 56945 56945 56945 56945 56945 56945 56945 56945
 56945 56945]
9 [12297 12297 56936  5804 38436  4472   545  4585  4693  2890  9198  7811
 12852 56937 12297 12297 56931 56945 56945 56945 56945 56945 56945 56945
 56945 56945 56945 56945 56945 56945 56945 56945 56945 56945 56945 56945
 56945 56945 56945 56945 56945 56945 56945 56945 56945 56945 56945 56945
 56945 56945]
14 [56940 10644  9823  5676  5487  5226   658  4693 10067 56942  4472   995
 56932  4472 11122  5545 11122 56946 13396 11120 14251   848 13396 11120
 11921 56940 56932 15201  5224 13615 56931 56945 56945 56945 56945 56945
 56945 56945 56945 56945 56945 56945 56945 56945 56945 56945 56945 56945
 56945 56945]
19 [11120  7811   989  2861 11120  4472 18024 54591 10291  7325 13933 38836
  4562  4151  7764 10621  4562 11120 23877 10722  2814 56931 56945 56945
 56945 56945 56945 56945 56945 56945 56945 56945 56945 56945 56945 56945
 56945 56945 56945 56945 56945 56945 56945 56945 56945 56945 56945 56945
 56945 56945]
1 [ 5226 11120 11938 56932  5804  8330 13512 56946 10621 11120  4687  1240
 56946 56931 56945 56945 56945 56945 56945 56945 56945 56945 56945 56945
 56945 56945 56945 56945 56945 56945 56945 56945 56945 56945 56945 56945
 56945 56945 56945 56945 56945 56945 56945 56945 56945 56945 56945 56945
 56945 56945]
10 [   19 13721  4472  2062 15803  4472  5804  1069 56932  7956  6226  5804
 10067 13267  4472 11120 16210 56932  5804  3034 17218  4472  4151  9566
  5324 56931 56945 56945 56945 56945 56945 56945 56945 56945 56945 56945
 56945 56945 56945 56945 56945 56945 56945 56945 56945 56945 56945 56945
 56945 56945]
11 [ 5224 30057  5240 12672 12407  1529 10621 12764  7709  9406  6151 11120
   128 56932 10621  5804 56946 12013  4472 11120 13715  4472  1231 10177
  2861  5224 30057  5240 10291  6221 11120  7626 56931 56945 56945 56945
 56945 56945 56945 56945 56945 56945 56945 56945 56945 56945 56945 56945
 56945 56945]
2 [ 5088 37129  2890  9198  5804  3758 14260 12543 12764  1240  9490 30666
 10067  6226 10067 13676  2972 56931 56945 56945 56945 56945 56945 56945
 56945 56945 56945 56945 56945 56945 56945 56945 56945 56945 56945 56945
 56945 56945 56945 56945 56945 56945 56945 56945 56945 56945 56945 56945
 56945 56945]
5 [10621  7780 21075  8725  7956  6226  1925  4161  4550 42964  7295  9177
 56932  5224  7249  2944  4562  2890   911 16483  5226  4151 19843  4472
 11120 12031  1729 56931 56945 56945 56945 56945 56945 56945 56945 56945
 56945 56945 56945 56945 56945 56945 56945 56945 56945 56945 56945 56945
 56945 56945]
1 [ 4472 12937   682 56932  1233  5804  8162  4472  2606  1240 19466 56932
  1231  7037  6497  5226   420  5137 56931 56945 56945 56945 56945 56945
 56945 56945 56945 56945 56945 56945 56945 56945 56945 56945 56945 56945
 56945 56945 56945 56945 56945 56945 56945 56945 56945 56945 56945 56945
 56945 56945]
