17 [ 5224 12133  4472  4984  6351 11211 13280 11066  2890 10563 11085 11211
  6965  4151 14030  5226 11791 10621 11627 10621  1872  6151 11120 11840
  6151  8877  6151   453  9315 56931 56945 56945 56945 56945 56945 56945
 56945 56945 56945 56945 56945 56945 56945 56945 56945 56945 56945 56945
 56945 56945]
35 [ 5226  7809  6151 14196 56932  5224 10242    36  4472 11120  1752 10067
 12325  4472  2480 56932 14009  2200 56932 15201 11211 11120  4687 56940
  6667  8493  9852 10236 56940 13396 12135  4472  5804 12534  8493  1004
 11211 13711  5224  1584 10067 14399 56931 56945 56945 56945 56945 56945
 56945 56945]
9 [ 5224 13242 10067  5683 13579  1240 56946 10067  9541 10621  1723  6005
  1231 14035  5226  2972 56931 56945 56945 56945 56945 56945 56945 56945
 56945 56945 56945 56945 56945 56945 56945 56945 56945 56945 56945 56945
 56945 56945 56945 56945 56945 56945 56945 56945 56945 56945 56945 56945
 56945 56945]
46 [ 5224  2792  4472 56946 56932  6621 12748 56932 15005  4472 11211 56940
  5224 10511   224  4472  6935  7198  5224  7450 56946 10067 10438 56946
 56932 11211  1240 11836 13396  8493 13455  4472  5804 11210  4472  5272
 10621  3410 56932  6116  4472  1510  4472  5095 56932  5387 10621 56946
 56940 56931]
9 [  425 12764  5240 11120  5187  4472 56946 11120 12031 11372  4472 56946
 10644  9814 56931 56945 56945 56945 56945 56945 56945 56945 56945 56945
 56945 56945 56945 56945 56945 56945 56945 56945 56945 56945 56945 56945
 56945 56945 56945 56945 56945 56945 56945 56945 56945 56945 56945 56945
 56945 56945]
49 [ 5224  2880 11828  5226  8876 15168  6151  5804  4740 11211 56932  4693
  4472  9607 11120  4348 56932  4493  6151  5804   433  2831  5226 14662
 11211  8090 13371 11120 15315 56932 11120  9223 56932 11120 13491  5401
   848  7353  5647 10621  8612  1240  1784  4562 11120 10225  2246 56932
  1925    20]
48 [11120  2595  4472 11120 11556  4472 15544 14431 56934 12204 56935 56932
  5602 13566 56932  3655  6151 14196 11211 56940  1178 13396 11120 13704
  4472  5804  4679  9757 11211 12676  2890  8716  4472  4900 13371    95
  5226  3627 56934 10442 56935 10621 13732 56934  1723 56935 56932 14931
 11744 56932]
1 [ 5226 13440  4472 11211   375  9369 11355  1231 14115 56932  5224 19938
   229  5224 15250 11138 56946 56931 56945 56945 56945 56945 56945 56945
 56945 56945 56945 56945 56945 56945 56945 56945 56945 56945 56945 56945
 56945 56945 56945 56945 56945 56945 56945 56945 56945 56945 56945 56945
 56945 56945]
25 [56946   732 11211  4151 12732 15121 11211  5224  7966  4868  6151  9687
  5226 11120  4932  8968  5224  1778  4472  4151 14633  4472  9557  4472
  4631 10621  9123 15049 10621  1231  4584   826 56931 56945 56945 56945
 56945 56945 56945 56945 56945 56945 56945 56945 56945 56945 56945 56945
 56945 56945]
11 [56940 11120 12283 10291 15951 10067  7770  6950   582 56946  6151  9168
  4472 11211  1231  3542 12764 31708  5226  4756 10916 56940 56932  1015
 15795 56932 12133 10067  7415  9541  3733 56931 56945 56945 56945 56945
 56945 56945 56945 56945 56945 56945 56945 56945 56945 56945 56945 56945
 56945 56945]
1 [ 6151   661 11211  2417  5804  3861 56932 11120   445  5061 10621  4151
 13864 31867 10267  1004 13171  9158 56931 56945 56945 56945 56945 56945
 56945 56945 56945 56945 56945 56945 56945 56945 56945 56945 56945 56945
 56945 56945 56945 56945 56945 56945 56945 56945 56945 56945 56945 56945
 56945 56945]
18 [13974  4472  5804 12552 56946 56932 13526  5804 14513  4472   425  4212
  5226  4151  4558 10067 56946 56932  2729 11211  5226 56942  5224  6117
 46768  4472   424  4814 13006  5224 56942 13396 14108 15058  1925  2689
  2824 56932  5226 13554 11211  5224  6117 40384  1240 19715  5224 56942
 13396 14108]
36 [ 5224  6519 15907 14524 18066 56932  5234  6516  4472 11120 11602 56946
  4472 20120 56932 15201 11211 56940 47496 11211  1469  1452  3693 13371
  9893  4472 12328 56940 10621  2332 56940  5224 29399 11211 56946 10267
  1004 11211  1240  3484  5224 15623  4472  4151 10531 56940 56931 56945
 56945 56945]
43 [ 5224  6519  9101 14691 11211  2622 26256  4151  3021  4472  5804 15611
  9097 10291 25349  8493  7107 11211 28460  4151  7374  4472  2890 14399
  5226  6036  6151 11120  7891  4472 11120  8709  2230 56932 11211 29407
 11120 15670 10067  3104  4472  2496  3733 10621 10067 12956  3285 56931
 56945 56945]
12 [ 5804 13171 18331 56946  2890 56946  6151 11120 14630 56932  6151 11120
  9579 11211 56946  2890 56946   848 56946 56931 56945 56945 56945 56945
 56945 56945 56945 56945 56945 56945 56945 56945 56945 56945 56945 56945
 56945 56945 56945 56945 56945 56945 56945 56945 56945 56945 56945 56945
 56945 56945]
13 [ 9000  5224 14687 13171  3269 11861  5226 13933  9916  4151  9566 12167
  8493  1004 11211  4151  8865 14933 10381  9458  1231  3933 56931 56945
 56945 56945 56945 56945 56945 56945 56945 56945 56945 56945 56945 56945
 56945 56945 56945 56945 56945 56945 56945 56945 56945 56945 56945 56945
 56945 56945]
