49 [56940  4562  3907 56932  1793 56932 11285 11963 11211  4151  7764  2291
 13396  5804  9251  4472  8216  7821 12297 13083  2814  7394  4472 56942
  6151 56942  5137 12297   865  4472  8493 10960   124 56932 11664  1231
 12754  5879  5240  5224  7249 10169  6512  5226 13440  4472 11814 56940
 56932  1096]
3 [ 5226   424  4492 30707 56946 11211 11122 11211   217  4235  6471 12764
  5240 10954 11120 56946  4472  2826  4472 18637 13961   848   563 11817
 56932 13478  5804  4705   805  5226 10267 12371  2890  4492 12407 28675
 56932   494 22608   848   159 56931 56945 56945 56945 56945 56945 56945
 56945 56945]
