3 [ 5224 10249 12624 11633   425  4670 15023  5224   900 11211  3315 12948
  1925 17521 10067 17899  5226  5224  6812  4472 36445 56931 56945 56945
 56945 56945 56945 56945 56945 56945 56945 56945 56945 56945 56945 56945
 56945 56945 56945 56945 56945 56945 56945 56945 56945 56945 56945 56945
 56945 56945]
7 [13396  8593  1240  9028 11211 38996  6151 29257 15821 10291 11120  5603
  4401 56932  1925 15336  4562 20609  7956 11120 12613  2106 56932  5224
  8033  4472  4151   216 19586 10291 31948  5804  3073  7396  5226  6793
  4472 15133   202 56931 56945 56945 56945 56945 56945 56945 56945 56945
 56945 56945]
14 [ 4562 11120 12673  4333 56932  9000  4562  2890  5309 19973  8870  5224
  7939 56946  8057  4151 45489 10621  5224  8503  4472  1787  4472 56942
  8356  8493 10101  5226 49130 56932 11120 14792  4472 26744 56931 56945
 56945 56945 56945 56945 56945 56945 56945 56945 56945 56945 56945 56945
 56945 56945]
