9 [ 4151  6793  7523 13396  5224  7777 10246  1340 11211  1000  4562  5224
 12456  5530 10621  3036 56932  7956  6226  4151 13186  4472  4151  5425
  3865 56933 11120  9553  1205 56932 10621  5224 11627 10637  4472  2691
 56931 56945 56945 56945 56945 56945 56945 56945 56945 56945 56945 56945
 56945 56945]
42 [ 5224  2880 11828  5226  8876 15168  6151  5804  4740 11211 56932  4693
  4472  9607 11120  4348 56932  4493  6151  5804   433  2831  5226 14662
 11211  8090 13371 11120 15315 56932 11120  9223 56932 11120 13491  5401
   848  7353  5647 10621  8612  1240  1784  4562 11120 10225  2246 56932
  1925    20]
10 [15471 11499 11211 11120 11921 15161  4472   694 13084   582  5471  4562
  2890 56940 10255  3448 56940  5226  5224  4177  4472 15461 56932  9000
 11211  5224 15175  4472  5804  8561   234   582  2037 56940  5226  5046
 56932 12065  4472  4390 13627 56940 56931 56945 56945 56945 56945 56945
 56945 56945]
