18 [ 5224  4332  3268  4472  5804  2402 56946  5226 14123 56932 10827 10867
  8615 56932  6351 12948 11211 56940    85  2890  2642 12764 14566  6151
 11120  4816 12683 56940  5534  5224  9544 13396 11120 14675 11430  8122
  5224 15175  4472 15538  8509 14378  1362  5226  9028  4472 11211 10481
 13822 56946]
1 [12764  5240  1748 11211 12764  1240 22029 14260 13822  1414  6892 29331
  2199 56931 56945 56945 56945 56945 56945 56945 56945 56945 56945 56945
 56945 56945 56945 56945 56945 56945 56945 56945 56945 56945 56945 56945
 56945 56945 56945 56945 56945 56945 56945 56945 56945 56945 56945 56945
 56945 56945]
