21 [ 5224  7346  4472  4428  2995  5224  4666  2370 11120  4670  4472 11120
  6805 12934 56932 11211  5224  6260 56942  4472  1787  8209  4562  3421
  9939  6151  4892 10621  4562 14378  6151  7836 56931 56945 56945 56945
 56945 56945 56945 56945 56945 56945 56945 56945 56945 56945 56945 56945
 56945 56945]
14 [ 5224  5887 31107 11211  1231  6319 12764  1240  1841 13396  1811  4161
 11211  1240 56946  6151  5804  4908 10621  1240 51712  5224 13365  2820
 56946 56931 56945 56945 56945 56945 56945 56945 56945 56945 56945 56945
 56945 56945 56945 56945 56945 56945 56945 56945 56945 56945 56945 56945
 56945 56945]
