26 [ 5804  8373 12534 33944  3244   217  1231 21601  4562 11120  4194  4472
 11120  9745  1729  4472  8865  2805  3814  6151  9823 32724 56932  9000
  1240   484  4808  6151 15336  2890  2445  4472  1437  4562 11120  3448
  9243 56931 56945 56945 56945 56945 56945 56945 56945 56945 56945 56945
 56945 56945]
4 [12297 12297 56936  4125 15004  6151  6226 56937 12297 12297 56931 56945
 56945 56945 56945 56945 56945 56945 56945 56945 56945 56945 56945 56945
 56945 56945 56945 56945 56945 56945 56945 56945 56945 56945 56945 56945
 56945 56945 56945 56945 56945 56945 56945 56945 56945 56945 56945 56945
 56945 56945]
