17 [56940   425 13287  5240  2890 10803  1925 15412  4472  8626 10621  5224
 16994  1240  3014 14524  5226 11155  4472 14524 11183 56940 56931 56945
 56945 56945 56945 56945 56945 56945 56945 56945 56945 56945 56945 56945
 56945 56945 56945 56945 56945 56945 56945 56945 56945 56945 56945 56945
 56945 56945]
11 [ 5804 14619  6205  1902  3782 56932  1793  4472  5834  8472  5226 14035
  4472    84 11523 56934 12297 10008 12297 56935 56932  8493  4933  4243
  8241 11211  7880  2890  7415  4667  4472  5351  4472   453  4521  4562
  5834 10401 10621  8472 56931 56945 56945 56945 56945 56945 56945 56945
 56945 56945]
