26 [10611  4151  8089 13010 19805  5226  9379  9939 13396  5224   653 10621
 11120  8755  1240 17231  2890 11814 56946 56932  8493 34961 10621  2890
  1958 30994 11211  5226  1231 11950  1240 41888  5804 24880 56946 56931
 56945 56945 56945 56945 56945 56945 56945 56945 56945 56945 56945 56945
 56945 56945]
19 [56936 11149  4026  5804 10856 56946 56932  1233  5804  1332 32722 19456
  6151 11120 12673 12843 11211 13822  4883 11211 12764  1240 36913  4472
 16068 56937 56931 56945 56945 56945 56945 56945 56945 56945 56945 56945
 56945 56945 56945 56945 56945 56945 56945 56945 56945 56945 56945 56945
 56945 56945]
10 [ 5224  9874  5240 12555  4415  5804  6192  4472 12921 56932  5534  6950
   373  4472 13588  8493  7207 12135  4472  5804 13712 14049  1925  3015
 56931 56945 56945 56945 56945 56945 56945 56945 56945 56945 56945 56945
 56945 56945 56945 56945 56945 56945 56945 56945 56945 56945 56945 56945
 56945 56945]
29 [ 6118  4472  2480  3245   192 11120  8467  4472 56940  6737 56940 56932
 12889   484  1231  2985 13396  5224  9591  4472 11211 11120 13870   418
 11682  6151 15336  8493 11311 11211  5804 12534  8363  5226 13330 56931
 56945 56945 56945 56945 56945 56945 56945 56945 56945 56945 56945 56945
 56945 56945]
15 [ 5224 11575  5240  2890  1136  5226 10341 10621 11279  4562  5224 13212
 10067 15412  8704 11211 10507 13396  5224  5309 56931 56945 56945 56945
 56945 56945 56945 56945 56945 56945 56945 56945 56945 56945 56945 56945
 56945 56945 56945 56945 56945 56945 56945 56945 56945 56945 56945 56945
 56945 56945]
26 [11120  7300  4472  5611 10295  5226 11931 28089  6891  8415 13396  5822
 56932  1233  4518 11120  9421 14662 10611 13822  3911  4562 13593 56932
 11840  2358 11211  3245 14662  4562 10274  5226 11120  4932 56931 56945
 56945 56945 56945 56945 56945 56945 56945 56945 56945 56945 56945 56945
 56945 56945]
17 [11120 13916 12800  1240  8783 12764  2451  5224 56946 35396 11211  4868
 17635 56942  3204 12566 10621 11211  1296  1240  4338  4562  5224   567
 20298 17364 56934 56942 56935 56931 56945 56945 56945 56945 56945 56945
 56945 56945 56945 56945 56945 56945 56945 56945 56945 56945 56945 56945
 56945 56945]
9 [56940   603  6151 11120  4988  4562 11120  4188  3288 11211 12171  7782
  8823 56931 12764  5240  2890   821 18068 10291 10809  5226  5804  1304
 56932 11122 56946  4472 12024  7147  1233  7016 56940 56932 11499 56931
 56945 56945 56945 56945 56945 56945 56945 56945 56945 56945 56945 56945
 56945 56945]
26 [ 4562 56946 12557 10949  5226 10554 12392 56932 14423  2917 56946 10621
 56946  5804  5574 11211 35683 11120 11752  5226  5224  3612  4472   719
 13529  8374 11211 56932  8552  6151   425   455 56932 12045  8493 13450
  7383  5226  5224 11284 56931 56945 56945 56945 56945 56945 56945 56945
 56945 56945]
25 [13822  3824  1240  5771  5226  5224  1601  9448  6151 11120 14736  6151
  4151  8546  7151 10621  7289  4472 11120  5807  4472 10568  1490  4687
 12740 11211  2017  6151  1231 13789 56931 56945 56945 56945 56945 56945
 56945 56945 56945 56945 56945 56945 56945 56945 56945 56945 56945 56945
 56945 56945]
8 [ 5804  8752 10621  5804  1169 11959   746 14480 11211   217  9544 56932
  8290  4722  4472  2062 56932 56946  2193  5226  6226  5224  6319 56932
  4562  5224 14906  4472  6157 10621 19124  5226  4151  1088    21 56931
 56945 56945 56945 56945 56945 56945 56945 56945 56945 56945 56945 56945
 56945 56945]
3 [ 5224  8716 11353 11211  7780 10018 11120 10535  5334  8509  5804  4393
  3421  9939    85  1160 13396  5804  9362 10621  8892 13371 56940  2890
   974 12407 10831 56940 56931 56945 56945 56945 56945 56945 56945 56945
 56945 56945 56945 56945 56945 56945 56945 56945 56945 56945 56945 56945
 56945 56945]
24 [ 5224 56942  4472  5385 10067  6260  2689 56932 11120  3174 56946  3717
 10197 11120 15459  4472 11120 11840 56932 11120  3474  4472   658 10621
 11211 33899  4472 14746 12906  6151 56946  6175  4472   797 56931 56945
 56945 56945 56945 56945 56945 56945 56945 56945 56945 56945 56945 56945
 56945 56945]
29 [ 5224 13676 13857 10067 11955 10067 13365 13396 12135 10067  7843 12297
  5224  7206  5226 11122 11211  3645  4472  2689 12297  1240 10532  5224
  6260 56942  4472  8289 56932  5534  5804 32357  4472  4703  5724  9292
  4151 18267  4472 13822 15461  1088  4472 56946  5226  2890  9003  4472
  1601 56931]
34 [10291  5224 13437  4472  8567  5226  4487 56932  5224  5139  6151 11120
  8665  8946 11120  7253   661 11211  4413  6188  5224   653  1633  5224
  8716  4472 11120  5997 10067 10386  2355 10621 11120 14053 11211 11120
 12673  2967  5226  5804 15544 56931 56945 56945 56945 56945 56945 56945
 56945 56945]
5 [ 9302 13396 12752  8493  2263 11211  8964 11211 56946  8493 12874  5226
  5804 14543 10291 12764  4085  6151 11120   545 56931 56945 56945 56945
 56945 56945 56945 56945 56945 56945 56945 56945 56945 56945 56945 56945
 56945 56945 56945 56945 56945 56945 56945 56945 56945 56945 56945 56945
 56945 56945]
4 [ 5226 11120 12673 14693 11211 56946  1240  9507  1231  3879 12624 56932
 16422 56946 56931 56945 56945 56945 56945 56945 56945 56945 56945 56945
 56945 56945 56945 56945 56945 56945 56945 56945 56945 56945 56945 56945
 56945 56945 56945 56945 56945 56945 56945 56945 56945 56945 56945 56945
 56945 56945]
22 [ 4151 14729  8371 10877  1170  7254 13396 11120   657 10067 11955  5432
 10067 10766 56932 11664  6105  4562  1379  6604 28030 56932 11211 11430
 11211  1593  6151  2890  4200 12407 11379  1925  4472 13760 56932 15648
 22363 56931 56945 56945 56945 56945 56945 56945 56945 56945 56945 56945
 56945 56945]
19 [11120  3059  1240 10532  6151  4151 56942  1362  4472 11120  1296  6151
 56942 10440  4472 11120  5918  4472 56946  5534  2890   412 56946  6151
  2890 36645  5226  4890 28434  7616  2890 13723  4472 56942  6381 56932
   713 10621 17061 11211 56932 13371 10267  5244 56932  1240 56946  5217
 13822  3034]
22 [15023  5224 12687 56932  5224  9230  1024  4472 13424  9121 56932 45865
 12004 56932 10376 11211 12764  6916 56940   784  7525 33761 11211  5207
  4106  1009 11211  5240  1958  5307  6151  2890 14399  5226  8871  4472
 56942  3861 56940 56931 56945 56945 56945 56945 56945 56945 56945 56945
 56945 56945]
33 [ 5226  1231 10785 56932  5224 56946  9823  4472  2654  6485  5226   425
   989  6151  5224 13640 11211  1231 10101  3349 14412   853    59  7956
  5804  6361  4472  4276 13371  9852  6151  4151   621 11211 14629  5804
  6829  5217 11120  7070  4472  8945  2370 11120 14611  1912 56931 56945
 56945 56945]
12 [11120 14255   154  1233  1240 21289  5226 12025 29534  6151  5804   433
 11211 12764  2752 12135  4472  5804  8521  4472  5309 56931 56945 56945
 56945 56945 56945 56945 56945 56945 56945 56945 56945 56945 56945 56945
 56945 56945 56945 56945 56945 56945 56945 56945 56945 56945 56945 56945
 56945 56945]
35 [ 8593 14067 11211  5804 56942 55771  4472  4212 10611  4151  8373 35638
 56934 11120  4472 13732 10621 11120  4472 11067 56935 56932 40098  6151
 13171  4472 56942  5699 56932  5240  1009 56932  5224 12675 56946 11211
  1233  1240 13280 11120 15210  5226  5699 56931 56945 56945 56945 56945
 56945 56945]
23 [11122 11211 12764  3159  5240 11211  7906 11122 11211   373 56946  5226
  5224   626  4472  1231 15367 12764 15145  8053  9071 10954  8053 11211
  2343  2890 56946  4472 23420 56931 56945 56945 56945 56945 56945 56945
 56945 56945 56945 56945 56945 56945 56945 56945 56945 56945 56945 56945
 56945 56945]
14 [ 1670 19883  4472  1261  5224 12120  5769  4472 11120 14693 56942 56932
 11120  7253 11211  4161  4550 13074 13588  6151 11120  7079   669 56931
 56945 56945 56945 56945 56945 56945 56945 56945 56945 56945 56945 56945
 56945 56945 56945 56945 56945 56945 56945 56945 56945 56945 56945 56945
 56945 56945]
21 [11120 15822 12731  5226 47443 10621 14202  6151 11120 16824  4472  4151
 16168  4472 11120  7150  4472  1447 13662 38237 56932 11211  5226  5804
  5137 56942 19525  5226  5804  6537 56931 56945 56945 56945 56945 56945
 56945 56945 56945 56945 56945 56945 56945 56945 56945 56945 56945 56945
 56945 56945]
31 [ 5226  8406 56932 56946  2890 15770 13843  6151 11120   712  4472  5804
  3692 10067 11183 56932  5804 16680  4472 13732 56932 11211 12993  5226
   425  5346 11169 12135 10067  6710  6151 11211 15394  2879  5224 19576
 56932 10621  5226 56946  5224 11183 10097  5224  1673  4472  3400 18228
 10067 15837]
3 [ 5224 19905 56932 11211  8600 11120   967 10067  4842  4472  4151 17358
 56946  4472  4151 14729  6382 56932  9612 14931 10314  6151 56942 13349
 56931 56945 56945 56945 56945 56945 56945 56945 56945 56945 56945 56945
 56945 56945 56945 56945 56945 56945 56945 56945 56945 56945 56945 56945
 56945 56945]
42 [ 5217  5280 56932  9198   848  3260  1340 11211  1000  1996 22502  1661
 10621  1996 25215 12033  4562  5804  4472  5513  1384   848 14524 56946
 56932 13371 12764 15145  5224  4339  4561  4562 11120  7182 10621 11673
 12360  5226  5224 10620 14802  4472 11211 56946  6574 10621 11211 10267
 11950  2986]
8 [ 1231  3374  5240  8503  4472    68 14959 25687 11211 12543 11117  5011
  6151 11120  7037 10621 11211  3731  2890  7425 13171  8041  6151 11120
 17909 11211  6151 11120 19527 56931 56945 56945 56945 56945 56945 56945
 56945 56945 56945 56945 56945 56945 56945 56945 56945 56945 56945 56945
 56945 56945]
3 [11120 11602 14598 11211  5406 11120  4932 14190 13980  4472 13389 11120
  8728 56931 56945 56945 56945 56945 56945 56945 56945 56945 56945 56945
 56945 56945 56945 56945 56945 56945 56945 56945 56945 56945 56945 56945
 56945 56945 56945 56945 56945 56945 56945 56945 56945 56945 56945 56945
 56945 56945]
29 [ 8356  2890 14315 15992 56932 13371  1233 56946 11211  5804  8373 11117
 56946 12557 11120 33450  4472 24509 10067 15790 56932 11120 56946  4472
  2091  3745 16092 10621 56946 11211 56946  5224  9009 15843  4472  2705
 56932 20867  5224 28236  5226  8493 14788 29775  4472 21701 10621 56946
  4472  5275]
17 [ 5226  9068  3719  1240  9490  4492 13256  4472 11120 15675  8494 10067
 28437 56932  9000  4550 56932  5534 11120 28240  4472  9068  3280  1240
  9490 54807  9198  6151  9198  5226  5224 13499 10067 11554 56932 13441
   420  5137  4472  7626    20 56932  1240  9490 14068  6197  6151 11211
  4151  3765]
