17 [ 6118  8165 12990 14235 11211  5264  1240 56946  1633  2828  4472 11120
   611 11211  8783  5226  4151  1539  5224  1782 11262 56932 44851 14900
 56932  6151 13386 13897 12898 10067  5072 56932  5226 12135 13396  9292
 13822 13364 15023 11120  5660  5427 10067  6496 56931 56945 56945 56945
 56945 56945]
37 [11120 10957  4472  5734  4472  4821 10621  5723 56946  7780  4529  5226
  8756  6151  5804  9135 13171 15612  4472 11120 24131 15161 56932 56946
  5226 14040  8493  2507  4472  8144  3735  1633  4151 10267  1004 13171
  6625  4160  9254 10611  5804 10624  4472 11120  8368 25096 10621 13822
  4733 56931]
46 [11120  9168 10448 10291 11211  5224 10242  9823  4472 11120  1391 56932
 45228 56327 56932 56946  5226  9379  3861  5224  8741  4472 56942 56940
  6270 16536 56940 10291 11120 56946  5240  5224 13185 10067  8965  5224
 12479 12355 10611  5804  6681  5224  2689  6260  5226  4151  1539  4472
 56946 10621]
20 [ 6151  7261  4472  2689 56932  4151  5008  4472  5804  9452  4472  4151
  1088 10191 12947 17273  4151 18267  4472 11120 56946 10611  5224 56942
 10621  5224 56942 13396 14108 56931 56945 56945 56945 56945 56945 56945
 56945 56945 56945 56945 56945 56945 56945 56945 56945 56945 56945 56945
 56945 56945]
29 [13396  8593 56932  3655 11120  3778  4472 11211   211  5224  5071  2106
  1240 56946 11669 14687 10067  4842  4472 13893 56932 17511  4472 11120
  6256  4472  8493  1527  4472  6757 10611 14210 10655  6862 56946  5226
 11122 11211  1240  1626  6151  8248 56932  4127 10621  1728 10291 11120
  9745 56931]
