34 [ 5226 11120 14493 56932  4758 14289 56932 10242  9823  4472  2480  4472
 11120 14248 10621  3608 10067  7346  4472  9745  4472  2805  3814 56932
 15285  1231  2932  1633 11120  7316  4472 11211 11120  4194 52057  8493
  4687 37985 56931 56945 56945 56945 56945 56945 56945 56945 56945 56945
 56945 56945]
3 [ 8493 14564 56946 56946  1723  6151 15254  4472   217 10621   522  8415
  6151  8295 10621  5224 12728  4472 11120 14774 56932 12889 11120  5152
 10067 11554 21843  4472 12948  5226 11120  4188 12135 10067  6319  6645
  6151 14028 12683  3956 13478  5804 24122  4472 10942 56931 56945 56945
 56945 56945]
12 [12764  5240 14555 11211  2890 13723  4472  6415  2469  4562 14352  9630
  1037  8493 14693 11625  4472 12040 13845  6151 13478  5804 15244 56931
 56945 56945 56945 56945 56945 56945 56945 56945 56945 56945 56945 56945
 56945 56945 56945 56945 56945 56945 56945 56945 56945 56945 56945 56945
 56945 56945]
26 [14931 11744 56932 23247  8159 11211 56940  5804   453 16747  4472  3432
 56932  8216 13371  5224 56946 56932  4151  3713 21267   848  4151  3713
 21426  5989 56946  5226  5224  1702 12482  5224 10107  3432  4472 11120
  6670 56932   907  6151 11211  1240 12015  2488 11211  5240  8493 24058
 56940 56931]
34 [12764  2451 56932 15201 11211 56940  4151 13910 10291  6744  5224 15623
  7482 12764  1240 11138  5226  9379  8445 56940 10621 56940  5226 14347
  7171 56940 12297  6351 12297 56940 11120  8728  2839   373 23530 11120
  7891  3285 10495 10291 32498  5224  7581  4472  4151 11816 10621 10291
 10530  5224]
8 [13811  1096  5226 11120   989 11211  5224   653 56946  1171  5226 11120
 12031  4472  2389 10291 15573 11120 15559  9447 10621 11211 56940  4365
 13764  4151  4558 15404 11122 11211  4365  9002 56940 56931 56945 56945
 56945 56945 56945 56945 56945 56945 56945 56945 56945 56945 56945 56945
 56945 56945]
7 [13396 11122  2254 56932  5224  3835  5769  7462 10681 13210 10621   407
 10291  5224  8590 10621  8788 56931 56945 56945 56945 56945 56945 56945
 56945 56945 56945 56945 56945 56945 56945 56945 56945 56945 56945 56945
 56945 56945 56945 56945 56945 56945 56945 56945 56945 56945 56945 56945
 56945 56945]
2 [ 5804  6242  1487  1633  5804 11233 11120 13870 10067  8876  9211  5226
   681 10067  6319 56932  5224  4472  1001 56932 11211  6524 13441  5609
  5627  4472  5804 13171  4472  7381 11804  4472  2322 11211 10072  6151
 14055  6151 11120   925 10067  7581  5226 56942 56931 56945 56945 56945
 56945 56945]
14 [ 6988  9083 10621 13694 10594 56946  5224  1381  1925 56946  6151 11211
  5224 14358  2035  5804 56942  5739 11211  1240  6846  7617 10067   552
 56931 56945 56945 56945 56945 56945 56945 56945 56945 56945 56945 56945
 56945 56945 56945 56945 56945 56945 56945 56945 56945 56945 56945 56945
 56945 56945]
5 [ 5224  5234 13488 10067 10310 12769  1231  9860  1633  5224 11761 56931
 56945 56945 56945 56945 56945 56945 56945 56945 56945 56945 56945 56945
 56945 56945 56945 56945 56945 56945 56945 56945 56945 56945 56945 56945
 56945 56945 56945 56945 56945 56945 56945 56945 56945 56945 56945 56945
 56945 56945]
32 [ 5822 10621 13822 13801  1340  5224 56942 13396 14108  4472  4151  8849
 27434  4472 11120 47676 56932  9000  4779 24075  4472  1231 12135 14260
  4151  2171 10060 12764  5593 11211  8493  9745 56946  5224 13588  4472
   812  5226 13171  4472  8493 14073 56932 10621 11120  3448   635  6197
  7494  5224]
39 [ 5804  2208  4472  1723 10621  4151 14226  2025 10621 10830  5129  1296
  6151  5804 13236 13396  8571  4472  5462 56932 11211  4026 15168  5226
  8406 56934   140 56935 56932  3828  4151  3491 12722  4472  5462 56932
  1884 10621  1723  4730  5137  4472  6710 56931 56945 56945 56945 56945
 56945 56945]
10 [13607 11211  5534  9506  6151  8953  8782  5226 11149  6041 56946  5224
 12649  8782  5778  5716 12297  5224 11100 56932  5224 13946 12297 56932
  8782 12567 11211  5226  1490 13395  8630  8291 11279 56931 56945 56945
 56945 56945 56945 56945 56945 56945 56945 56945 56945 56945 56945 56945
 56945 56945]
2 [14914 12691 11108  5804 15297 10611  3333 10621  1201 56932 14655 10621
   882 56943 56945 56945 56945 56945 56945 56945 56945 56945 56945 56945
 56945 56945 56945 56945 56945 56945 56945 56945 56945 56945 56945 56945
 56945 56945 56945 56945 56945 56945 56945 56945 56945 56945 56945 56945
 56945 56945]
