11 [ 1296 56932  1925  9792 56932  4472 56942  5137 56932 56946  5224 27026
  4472  1231  9541  5226  5224   695  7261  4472   425 12689 56932  4562
 11122 11211  1240 15174    40  5226  5224  4569 12855  6151 11120 13439
 10343 56931 56945 56945 56945 56945 56945 56945 56945 56945 56945 56945
 56945 56945]
16 [ 4161  5224  3719 56932  5224   653  4472 13383 12764  7780 15118  4472
  5187  3091  6151 11120  4022  4472 10442 56931 56945 56945 56945 56945
 56945 56945 56945 56945 56945 56945 56945 56945 56945 56945 56945 56945
 56945 56945 56945 56945 56945 56945 56945 56945 56945 56945 56945 56945
 56945 56945]
27 [  428  1240 18447  5226  5224  7249 13554  4472 11120 15084 46894 56946
 56932  1925 10282  2890 56946  4472 11120  4986 10930 25048 13530 56932
 15083  4472  2890   623  4472 56946 56946  5226  4622  4518 24563 13396
 11120 12596  8328 56931 56945 56945 56945 56945 56945 56945 56945 56945
 56945 56945]
9 [ 5804 14048 56932  8271  4562  8493 13133  4562  5224  2519 10067  5982
  2944 56932  1240   107   217 56932  6151  4151 14560  4472 11120 14675
 56932  5226  2890 10803  1925 14854 13373  5226  5224  4252  4472 11120
  5978  4472 13732 56931 56945 56945 56945 56945 56945 56945 56945 56945
 56945 56945]
9 [ 5224 10242  9823  4472 56946   530  6609  5226 11120   409  4472 11120
 13553 10621  1898 11120 11469  7416  4472  5804  7394 13371  4534  4472
 11851  6151 11120  5899  4472  8330 56931 56945 56945 56945 56945 56945
 56945 56945 56945 56945 56945 56945 56945 56945 56945 56945 56945 56945
 56945 56945]
6 [ 3245 56946  6151 11120 56940  2176 15459 56940  4472 11120 15284 10468
 20416 56932  6151 11120 11211  6005  4472 12208 25224  6151 11120 14294
  4472  4004  5534   424  3900  4870  6151  9687  8493 13384  4472 11120
 12673 56931 56945 56945 56945 56945 56945 56945 56945 56945 56945 56945
 56945 56945]
32 [ 4151  6793  7523 13396  5224  7777 10246  1340 11211  1000  4562  5224
 12456  5530 10621  3036 56932  7956  6226  4151 13186  4472  4151  5425
  3865 56933 11120  9553  1205 56932 10621  5224 11627 10637  4472  2691
 56931 56945 56945 56945 56945 56945 56945 56945 56945 56945 56945 56945
 56945 56945]
11 [11211 11120 12925  9038  4472  4487  7494 13822  5052  5226  5804  3365
 10067  7423 11100 10067   653  5769 10621  5234 10242  9823 10067 14358
 56932  5224  8174  3908 56946 56932  4716 56946  6997  8509  5224  1950
  4472 11120 14877 56932  5224 14555  9541 14843 13396  7982 10621 13822
 10053  3622]
12 [ 5224  7011 10067  9322 56932  4179 12528 56932  5147 12948 11211  1490
  8888  4472 15460 10621  4109  5153 56940   375  4472 11120  3077 56940
 10621   229  4128  4472 56940 12937  4151  4694  2772 56940 56931 56945
 56945 56945 56945 56945 56945 56945 56945 56945 56945 56945 56945 56945
 56945 56945]
1 [ 4151 14030 10067  7581 56932 11120  2496  2106 10621  5804 14304 15244
  5226  5224  2689 56942 56946  5226 12937  4151  3388  6653  4195  5226
  2668 10621 11122  1613 13171  5226  7419 56932  7868  5804  7795  4472
  5869  6187  4472 11120  5908 10468 11211  1240   290  5226  5224 15316
  4472   266]
5 [13396  5224  5545 56932  4151 14030  4472  9379 14304 10621  3713 11959
 23850 15058  1925  2689  2824  5226   420  3388  6653 56934 13171  5226
 10336 56932 12889  3245  5226  5224  6319  5692 10621  4487 56935 10621
  5226  4151    21  4472  8859 10621  3162 56931 56945 56945 56945 56945
 56945 56945]
1 [11120 12643  4472  9841 13334  8493  5500  8144  5432 15023 11120  4073
 10067  5234  2792  7466  3941  6151  8663  7795  1925 15548  7956  5224
 12218  4472  1231  3012 56931 56945 56945 56945 56945 56945 56945 56945
 56945 56945 56945 56945 56945 56945 56945 56945 56945 56945 56945 56945
 56945 56945]
15 [ 9000  6950  2214  1898 11120  5229  4472  2892  5534  5224  5688 14098
  4472  6141  5804  1954  4472  5804  8011 10621  1240 56841 14931  6403
  6151 11120 14299  4472  8493  3174 21682 56931 56945 56945 56945 56945
 56945 56945 56945 56945 56945 56945 56945 56945 56945 56945 56945 56945
 56945 56945]
1 [11120 13332  4472 21660  1240 27447  5226 11120 18018   952 10621 14860
 56946  4472  3639 15244  5226 11120 15459 10067 13723 21660 54310 17939
 56934 10985 56935 56931 56945 56945 56945 56945 56945 56945 56945 56945
 56945 56945 56945 56945 56945 56945 56945 56945 56945 56945 56945 56945
 56945 56945]
6 [ 5804  1312 12943  1240  9567  5331 18135  4472 11120 12106 17968  4472
  2074 56932 10621  6151 11120  9028  4472 11211  5224  2342  8464  5224
  3172 56931 56945 56945 56945 56945 56945 56945 56945 56945 56945 56945
 56945 56945 56945 56945 56945 56945 56945 56945 56945 56945 56945 56945
 56945 56945]
6 [10827 56946   730 12948 11211 11120 13622  4472  1231  9211  5240  8402
 12627  1859  8952  4151 11871 56931 56945 56945 56945 56945 56945 56945
 56945 56945 56945 56945 56945 56945 56945 56945 56945 56945 56945 56945
 56945 56945 56945 56945 56945 56945 56945 56945 56945 56945 56945 56945
 56945 56945]
1 [11120 10043  4472  4151  2661 13473  5804  9446  1240  7780  5465  5226
  5224  2952  2690 11211  8783  7431  5224 12886  8722 10067 10386 13210
 56931 56945 56945 56945 56945 56945 56945 56945 56945 56945 56945 56945
 56945 56945 56945 56945 56945 56945 56945 56945 56945 56945 56945 56945
 56945 56945]
