3 [56940 56936 13933  7780  9002  4746  6205  5226  8493 14623 14915 19008
 56937 56940 56931 56945 56945 56945 56945 56945 56945 56945 56945 56945
 56945 56945 56945 56945 56945 56945 56945 56945 56945 56945 56945 56945
 56945 56945 56945 56945 56945 56945 56945 56945 56945 56945 56945 56945
 56945 56945]
7 [ 4151  6793  7523 13396  5224  7777 10246  1340 11211  1000  4562  5224
 12456  5530 10621  3036 56932  7956  6226  4151 13186  4472  4151  5425
  3865 56933 11120  9553  1205 56932 10621  5224 11627 10637  4472  2691
 56931 56945 56945 56945 56945 56945 56945 56945 56945 56945 56945 56945
 56945 56945]
39 [ 4562 11120 13269  4472 42718 10067  7057  4472 11120 47676 56932   884
 15175 18348 10621  5804  7568  3911 32541 35683 11120 15459  4472 11120
  9745 13396  2890 14568  4472 56942  3861 56932  1925  9687  4472  5804
  4705  5224  8224  6667 11211  2529 12190  6151  5804   453 13801 33944
 56931 56945]
