11 [ 5226   424 13440 56932  5676 56946  5226  5224  7956  4472  1231 14753
  4472 11120  1062 10291 11211  1240 12730  5226 14662  5226  5224  3172
  4472 13408 56931 56945 56945 56945 56945 56945 56945 56945 56945 56945
 56945 56945 56945 56945 56945 56945 56945 56945 56945 56945 56945 56945
 56945 56945]
5 [12297 12297 56936  7494 14923 13296 56937 12297 12297 56931 56945 56945
 56945 56945 56945 56945 56945 56945 56945 56945 56945 56945 56945 56945
 56945 56945 56945 56945 56945 56945 56945 56945 56945 56945 56945 56945
 56945 56945 56945 56945 56945 56945 56945 56945 56945 56945 56945 56945
 56945 56945]
4 [ 7868  7780  9596  1231 15667 56932  5224 24711  4472 12576 56932  4472
 56942  5137 56932  1240   582  6151  8493 13896  2815 10621  5224  4373
  4472 13822 56946   373 38880  4562  8493  4655  3196 56931 56945 56945
 56945 56945 56945 56945 56945 56945 56945 56945 56945 56945 56945 56945
 56945 56945]
6 [ 1233  1723   848   140 56946 13822 12161 51719 11120 12867  4472  5072
 11211 13749  6533 11120  1770  4472 11120  3046 56931 56945 56945 56945
 56945 56945 56945 56945 56945 56945 56945 56945 56945 56945 56945 56945
 56945 56945 56945 56945 56945 56945 56945 56945 56945 56945 56945 56945
 56945 56945]
13 [ 5224  9328  8642  6347 13171 10621 22806  2890  6480  3233 13802   775
  1231  3304  5226  5224  6480  8658  5226 13554 11211  5224  3612 15169
  8642 34194  5224  6480  5226 13662 56932 12407 19298  8509 11120 11093
 12135 56931 56945 56945 56945 56945 56945 56945 56945 56945 56945 56945
 56945 56945]
5 [56940  1659 11211  4562 10636   434 10621 10644 13893 11122 13831  6151
  9514 56940 56931 56945 56945 56945 56945 56945 56945 56945 56945 56945
 56945 56945 56945 56945 56945 56945 56945 56945 56945 56945 56945 56945
 56945 56945 56945 56945 56945 56945 56945 56945 56945 56945 56945 56945
 56945 56945]
46 [15083  4472   420  7134  4472  8306 28081 34134 13396 11120  6488 10621
  5224 56946 56932 16762 14970  6151 56946 56946 56932  2890  6695 10621
  2411  1782 11427 11211  5217 13330  7494 11120 36753   627  4472 10530
 11120 12031 10621 11120  3806  4472   425  2204  5217  1231 12695 56931
 56945 56945]
29 [  424  8566 14309  6151  5804 15261  6151 12764   341  5224 13440 56946
  5226 11120   445 10471  4161 14442  8493 12921  4693  4472  5804 13283
 56932  5534  8363  1231 13675 56946  2370  5804  9996  4562  8493 14988
  4472  7823 13036  2947  5226  5224  3053 11179 56931 56945 56945 56945
 56945 56945]
13 [ 4151 11376 10067 12122 10621 10067  5692  4473  6678 56946   217  4562
 13822  7083 10621  8643 11120 11140  4472 11120  7261 10067  8876  5972
  4472  2675  4472 11120  8129 56931 56945 56945 56945 56945 56945 56945
 56945 56945 56945 56945 56945 56945 56945 56945 56945 56945 56945 56945
 56945 56945]
37 [13396    19 12135 56932  9379  6523 14473 11211 11120  6675  4472  5272
  1925 13913  4472  5804 10798  4472  7394  4472  6387 56932  5410 10621
 10621  4249  5226 11471 56932  4026  8493   281 10291 11293  6151  9687
 13822 14436 56931 56945 56945 56945 56945 56945 56945 56945 56945 56945
 56945 56945]
