21 [ 5224 13488 10067  1248 15648  6151 14196 11211  5804 15989 10067  1437
 12669 12407 15611  6151  5804 10067  6260 56932 11664  5240 12407  6477
 11211  5224  1387 12764 14856  7409 56932 11372  1240  5207  7871  4562
 14007 14164 56946 56931 56945 56945 56945 56945 56945 56945 56945 56945
 56945 56945]
30 [11211 11120 12925  9038  4472  4487  7494 13822  5052  5226  5804  3365
 10067  7423 11100 10067   653  5769 10621  5234 10242  9823 10067 14358
 56932  5224  8174  3908 56946 56932  4716 56946  6997  8509  5224  1950
  4472 11120 14877 56932  5224 14555  9541 14843 13396  7982 10621 13822
 10053  3622]
