2 [11120 10056 14773  6151  2740 10621  1240  4338   217  6151 11870  5226
 11120 15569  4472 11120 13172 10067  1926 56932 11211  1645   420 15229
 56931 56945 56945 56945 56945 56945 56945 56945 56945 56945 56945 56945
 56945 56945 56945 56945 56945 56945 56945 56945 56945 56945 56945 56945
 56945 56945]
10 [12297 12297  1793 56932  6151 13691 11120  1976 12764 11117 56946 56931
 56945 56945 56945 56945 56945 56945 56945 56945 56945 56945 56945 56945
 56945 56945 56945 56945 56945 56945 56945 56945 56945 56945 56945 56945
 56945 56945 56945 56945 56945 56945 56945 56945 56945 56945 56945 56945
 56945 56945]
1 [ 3245 56946  6151 11120 56940  2176 15459 56940  4472 11120 15284 10468
 20416 56932  6151 11120 11211  6005  4472 12208 25224  6151 11120 14294
  4472  4004  5534   424  3900  4870  6151  9687  8493 13384  4472 11120
 12673 56931 56945 56945 56945 56945 56945 56945 56945 56945 56945 56945
 56945 56945]
11 [ 5224   870 10067  5683 13579 56932 13662 10067  5928 56932 11117 14039
   375  4472 11120  1562 11211  1240 12765  1296  3786  1925  9102 27155
  6151 13686  6894 10621 14524 15105 56932  6151  5804 11211  4473 12413
  5226 13072 10067  9541  4472 16932 10067 11255  8788 56931 56945 56945
 56945 56945]
11 [12511   730 11211  5224 15548 14012 13396   273 56940  7780  9002  8555
  6151 11120 13480 56932 11211  8159  4562  6221  2496 11211  5240  1231
  3012 56940 56931 56945 56945 56945 56945 56945 56945 56945 56945 56945
 56945 56945 56945 56945 56945 56945 56945 56945 56945 56945 56945 56945
 56945 56945]
4 [12297  6151 11149  8540 14484 56937 56945 56945 56945 56945 56945 56945
 56945 56945 56945 56945 56945 56945 56945 56945 56945 56945 56945 56945
 56945 56945 56945 56945 56945 56945 56945 56945 56945 56945 56945 56945
 56945 56945 56945 56945 56945 56945 56945 56945 56945 56945 56945 56945
 56945 56945]
