2 [56940  1240 56946  8630  4125 56946 56931 11120 11169  8889  5240 11211
  5224 14687 12764  5240 14915  4415 10621 11211  5226  9198 11554 10475
  4472  4291 56932   424  5240    13 56946  9000 56946  5226 11211 10321
  8832 56940 56931 56945 56945 56945 56945 56945 56945 56945 56945 56945
 56945 56945]
31 [12889 11120 12267  4472 12753 14190 11349 56932  5226  6523 10067  9541
 10718 56932 11211 13684  5224  8876  9230 10502  5264 10621  4890  7346
  5769 10331   217  1231  8069 56932  1240 15622 11120  4670 11211  9614
 13554 56946 13371  5804  7568  3204 56946 56931 56945 56945 56945 56945
 56945 56945]
22 [11120  2512  9054 11211  5224  5566  4472 11120  3806  5972 56932 11211
    85 10067 56942 13396 14108  5224  6260  2689 56932  1240 56946  4161
  5224 56942 13396 14108  5226  5224 56942 10621  1240 56946  1925 56942
 13396 14108  1925  2689 11576 56931 56945 56945 56945 56945 56945 56945
 56945 56945]
2 [11120 14255   154  1233  1240 21289  5226 12025 29534  6151  5804   433
 11211 12764  2752 12135  4472  5804  8521  4472  5309 56931 56945 56945
 56945 56945 56945 56945 56945 56945 56945 56945 56945 56945 56945 56945
 56945 56945 56945 56945 56945 56945 56945 56945 56945 56945 56945 56945
 56945 56945]
28 [ 5804 14117  1240  4076  5226  5187  4472  7764  3267  5226  5224 12754
 12371  6164 56932  8630 11211  5804  5263 56932  1925  8795  6151  1231
 11555  6498 56932  1240  4076  5975 13371  5932  3412  6151  7608  4472
  1231  7066 56931 56945 56945 56945 56945 56945 56945 56945 56945 56945
 56945 56945]
