5 [ 5224  3612  9210  8729  1231  2415 10291  1227  5224  9541 56932  9000
  5224  2610 13064  4653  5226  5804 10013  3559  4562  8373   340 10067
  7364 56946  5226 14442  7381 10013 10621  5534 18132 10025   372 10291
  5224  7261 10067 12687 13342 13396  5224  8984  9775 11281 56931 56945
 56945 56945]
24 [13396 12135  4472  5804 10916 56932  5804 12969  4472 56946  2381  7956
 11120 12077  5224 15623  4472  5804   508 10621  3286  6667 15168  1231
  8324 56931 56945 56945 56945 56945 56945 56945 56945 56945 56945 56945
 56945 56945 56945 56945 56945 56945 56945 56945 56945 56945 56945 56945
 56945 56945]
7 [ 5224  6145 13732 56932  8552  6151  1231  5551  7956  5224 56946 11304
  5226  5224   468  5206 56934 56946 56935 10621 11120  7838 10067  5683
 13579 13344  1925 13829  4472  1397 56932  9801  5224  8288  2729  4472
 11120 15338 11211  1765 11120  6255  4722 56931 56945 56945 56945 56945
 56945 56945]
24 [12764  2451 56932  5226 56942  1240 37370 13371 12684  5307  1925 56946
  6151  3559  4472  1702 10621 14809  5224 56946 10067 11763  6151  1231
  7243 56931 56945 56945 56945 56945 56945 56945 56945 56945 56945 56945
 56945 56945 56945 56945 56945 56945 56945 56945 56945 56945 56945 56945
 56945 56945]
10 [11120  4760 10545 11211  8373  2402  1240 56946  5226 13822  6090  5534
 56932  5224 13913  4472 56942 56932 56946  6151  5804  7394 56932 11211
  2733  8493 18623  4472  6142 56931 56945 56945 56945 56945 56945 56945
 56945 56945 56945 56945 56945 56945 56945 56945 56945 56945 56945 56945
 56945 56945]
7 [ 5224  5234 13488 10067 10310 12769  1231  9860  1633  5224 11761 56931
 56945 56945 56945 56945 56945 56945 56945 56945 56945 56945 56945 56945
 56945 56945 56945 56945 56945 56945 56945 56945 56945 56945 56945 56945
 56945 56945 56945 56945 56945 56945 56945 56945 56945 56945 56945 56945
 56945 56945]
5 [56946  6950 11828 11211  1231 11163  1240  6963 56940  5534   418  8493
  2440  3052 56940 56932  6197 11211 13822 11699   746 15576  5224 13247
 56931 56945 56945 56945 56945 56945 56945 56945 56945 56945 56945 56945
 56945 56945 56945 56945 56945 56945 56945 56945 56945 56945 56945 56945
 56945 56945]
20 [ 5224  9699 56946  6151  5831   553  5226  1231  5187  4472   378  8493
  4722  4472  8973    97 10621 11949  3775  1231  2415 56931 56945 56945
 56945 56945 56945 56945 56945 56945 56945 56945 56945 56945 56945 56945
 56945 56945 56945 56945 56945 56945 56945 56945 56945 56945 56945 56945
 56945 56945]
