10 [ 3245  5224  4842  4472  9249  4472  9152 56932  4890 13343  5240  5224
 56946 56932  2340  2890 56946 10621  4695  6151 56942 13349 56931 56945
 56945 56945 56945 56945 56945 56945 56945 56945 56945 56945 56945 56945
 56945 56945 56945 56945 56945 56945 56945 56945 56945 56945 56945 56945
 56945 56945]
6 [ 5226 11120  4932  4472  3290  1240 12993   683 11151 12764 31758  4472
 14352 13455 56932  9000  5804 14058 56932 11211 56932  1925  6495 56932
 56946  5224   587 10067 51803 56932 12764 56946 11120  3778  4472 22000
  5224 24179  4472 11120 13300 56931 56945 56945 56945 56945 56945 56945
 56945 56945]
8 [ 5224   966 10067  2631  5769 56932 11664 56932  5240  5224 12675 11211
  5224 10067  9541  6695 56934 14358 56935  2861 56946  1925  5328  4161
 15335  5226  4151 11003 11120 11920 12031 10067  6319  5692 56931 56945
 56945 56945 56945 56945 56945 56945 56945 56945 56945 56945 56945 56945
 56945 56945]
30 [15083  4472   420  7134  4472  8306 28081 34134 13396 11120  6488 10621
  5224 56946 56932 16762 14970  6151 56946 56946 56932  2890  6695 10621
  2411  1782 11427 11211  5217 13330  7494 11120 36753   627  4472 10530
 11120 12031 10621 11120  3806  4472   425  2204  5217  1231 12695 56931
 56945 56945]
24 [11122 11211 12764  3159  5240 11211  7906 11122 11211   373 56946  5226
  5224   626  4472  1231 15367 12764 15145  8053  9071 10954  8053 11211
  2343  2890 56946  4472 23420 56931 56945 56945 56945 56945 56945 56945
 56945 56945 56945 56945 56945 56945 56945 56945 56945 56945 56945 56945
 56945 56945]
12 [56946 15648  6151  1231  4291  6151 15538 11211 56940 11122 13171  3269
  5240 11120  2985 11211  5151  5224   339 10067 13893  4449 56932  5226
  2890  7566  1925 11211  1240  3782 13171  4472  2890  6753  4472   278
  4472  6226  5224 11477 56940 56931 56945 56945 56945 56945 56945 56945
 56945 56945]
6 [ 4049 56946 56942  5581 56946 11211   766  1231  1651  4161  5224  2689
 56942 56932  5226  5408  4562  5224 12301 10291  9770  5224 14860 56932
 11120 13107 10621 11120 14327  4472    68  7162 56932  1240 14691   217
 56932 13348 56931 56945 56945 56945 56945 56945 56945 56945 56945 56945
 56945 56945]
20 [15083 13512  5804   649  4472 13424  9121 56932  4151  4822  9330 10621
 56932 13498 56932  4151 11582 56932 11211 12764   865  4151   514 11308
  1365 13587 13396  5140 56932 10954  4151 14218 12764  7873 56931 56945
 56945 56945 56945 56945 56945 56945 56945 56945 56945 56945 56945 56945
 56945 56945]
