5 [ 1231  4154 11117  6236 11211  4603  2890 24795 56934  4472 12752 11122
  4472 56946 56935 56932 10621 12543  8946  2890  7985  5534 18958  6151
  1231 22086 15340 13662 15340 10291  4085  6151 13732 56932 56940  6151
  8493  4623 10753  1925  5689 10067 27559  4472 56946 56940 56932 10621
 11022  1231]
1 [56940  7494 12424  6046 56932  8493  3475  1975 10621  5224 16090  4472
  8493  3174 56932 11211  5240 11120 10636 56931  3245   753 12424  8279
  4472 12611 56931  3650 11211 13478    68  5318  5597 12407 12978 56940
 56931 56945 56945 56945 56945 56945 56945 56945 56945 56945 56945 56945
 56945 56945]
33 [ 5432  5226 56942  4649 10621 12835  4562  5224  2151  4472  8373  5134
 56932  8493 13172 10067 11183 56932  2890 11284  4472  2551 56932  8373
 16288 51274 10621  5544  5134  1791 56932  7780  4472  2529  2890  2792
 14915  1090 13371 11122    85  5226  1231  7802  4472   821 56931 56945
 56945 56945]
16 [ 5263 15083 56932  1240  1441 11120 14402  1925  4667  5226  5793 13396
 11122 11211  7630 11211  8946  2890 56940  1533 56940 10067  9541 56931
 56945 56945 56945 56945 56945 56945 56945 56945 56945 56945 56945 56945
 56945 56945 56945 56945 56945 56945 56945 56945 56945 56945 56945 56945
 56945 56945]
29 [13371 14022  4472 11673  5039 56932  7146  7148 10067 16882 11430 11211
  2529 56946  5226  2890 15175 13326 10621  5226  5224 11988 15332  4472
 11120 56946 56932  6197 11211 21104 13043 49275 56931 56945 56945 56945
 56945 56945 56945 56945 56945 56945 56945 56945 56945 56945 56945 56945
 56945 56945]
22 [12511   730 11211  5224 15548 14012 13396   273 56940  7780  9002  8555
  6151 11120 13480 56932 11211  8159  4562  6221  2496 11211  5240  1231
  3012 56940 56931 56945 56945 56945 56945 56945 56945 56945 56945 56945
 56945 56945 56945 56945 56945 56945 56945 56945 56945 56945 56945 56945
 56945 56945]
27 [ 6151  5995  4472 14694 15646 56932 11120 14564 12031 10067   653 10291
  4562  5804  3153  4472 56942  5137 13280 15223  5226 11211  9379  3153
  2254 52430  4472  2529  5224  7811  9587  4472  4151 16626  4043  4472
 11120  5089 56932 10621 11211  5226  1231  6971 12669 21976 13396  5804
 24697  6151]
36 [ 5224  2792  4472  3162 56932 11211 12948  2313  5224  8033  4562  5224
 51563  4472 11046  3266 56932  4044  6151 11120 11752  4472  1305 10621
  5634 56932 10621 14576 11211 11120  2684  4472  5314  6151  1231   653
 28093  2890  9591 12152  5226 11120  7182   635 56940 14260   229 11120
 11093  1004]
6 [56940 14394 27445 10621   424  3534  4603  5224 16907 56940 56931 56945
 56945 56945 56945 56945 56945 56945 56945 56945 56945 56945 56945 56945
 56945 56945 56945 56945 56945 56945 56945 56945 56945 56945 56945 56945
 56945 56945 56945 56945 56945 56945 56945 56945 56945 56945 56945 56945
 56945 56945]
0 [ 5240 11120 15135 10621 10036  6475  4472  2890   893 11211 13822 15068
  9221  5217 11120  4277  4472  5224 15193  4472  4060 10621  1231  7220
  8556  4270 56946 56932  4814  4472  8493 13726  5226  7581  4472 13408
  3854 14931  8125  1633 11120  1906  4472  1231 11554 56931 56945 56945
 56945 56945]
12 [11120 56946 11120  9490 56946  4161  5224  1601  4472 12764 56946 11211
   375 11120 12673 56932 10621 11120  9490  7039 56946 10621 44600 56932
 10621 19567 10067  1926 56931 56945 56945 56945 56945 56945 56945 56945
 56945 56945 56945 56945 56945 56945 56945 56945 56945 56945 56945 56945
 56945 56945]
