9 [ 5224  2792  4472  7178 56932 18245 56946 56932  7780 10659 10291  4151
 56942 11613  4472   217  1925 14555   653  4472 11611 14428  5224  8788
 13396  4151   420  1088 14862  8165 12605 56932 10621  1240  9028 11211
 56900  5224  3849  4472  4290 55370 10291  5224 56942  4472   995 56931
 56945 56945]
3 [ 5224  2703  5347 56946 13396  8290  1004  1925 10119  4472  3421   357
 15023  5224 10988  4472 11120 14693  4472   420  5226  5224 12687  2370
 14016 10067  6260 56942  4472 14724 56932  3828  5224  3612  8536  1765
 13396 56946  5226  6880 56931 56945 56945 56945 56945 56945 56945 56945
 56945 56945]
