8 [ 6950 15201 11211  5226  1231  7107  4472  1437  7367   420 10555 56932
 14931  5249  5224  4152 56931 56945 56945 56945 56945 56945 56945 56945
 56945 56945 56945 56945 56945 56945 56945 56945 56945 56945 56945 56945
 56945 56945 56945 56945 56945 56945 56945 56945 56945 56945 56945 56945
 56945 56945]
0 [ 7952  5226  5804  8373   340 10067   468  5206 10621  4392   915  2890
 13554 12996 10291 14335  4151   471  1925 56946 56931 56945 56945 56945
 56945 56945 56945 56945 56945 56945 56945 56945 56945 56945 56945 56945
 56945 56945 56945 56945 56945 56945 56945 56945 56945 56945 56945 56945
 56945 56945]
36 [13396 13676 56932 12321 13382 11211  8493 11851 10291  9543  5224  8844
  6480  9322 10067  2610  2944 56932  4562  5574  4472 11120 18180 10621
 11921  7594  4472  3384 24958 56932 38831 56946   848 56946 56946 56932
 56946  5226   450  5224  7371  6151  1231  1431 56931 56945 56945 56945
 56945 56945]
5 [11120  9421 13355  5611 10295  7476  5226  5224  4842  4566  4472 13817
  7060  5226  5224 56942 15023 11120  2684  4472  5822  6151  1231  1224
 56932  7868  5804 10804  4472 11120  3174 27906  6151 14196 13396  1231
 13488  4472 11369 23178 56932  3908  9502 56946 56931 56945 56945 56945
 56945 56945]
8 [ 5226  8493  7276  9742 26130  5224 11950 56942  7367  5804 56942  7691
 56946 56932  9000  8493 12921 15083 56932  5226 11120  7276  7638 56932
  6950  4585 56942 56931 56945 56945 56945 56945 56945 56945 56945 56945
 56945 56945 56945 56945 56945 56945 56945 56945 56945 56945 56945 56945
 56945 56945]
4 [ 5224  8288  3179 14204 15168  5226  2027 56946 19169 56946 56934 12334
 12820 56935 56931 56945 56945 56945 56945 56945 56945 56945 56945 56945
 56945 56945 56945 56945 56945 56945 56945 56945 56945 56945 56945 56945
 56945 56945 56945 56945 56945 56945 56945 56945 56945 56945 56945 56945
 56945 56945]
5 [11120 14950 10621 11120  3561 49072 12948  4562 18126 16276  5226  4151
 13551  4472 15538 10621 13968 56931 56945 56945 56945 56945 56945 56945
 56945 56945 56945 56945 56945 56945 56945 56945 56945 56945 56945 56945
 56945 56945 56945 56945 56945 56945 56945 56945 56945 56945 56945 56945
 56945 56945]
7 [15023 11673   455  5224 15494 16392    85  6154  5226 11120  7276  4472
 56946  4472  5804  3243 12804  4562  5224  9283   748 10621  5226 56942
 11949  2426  6151 11120 14443 17311  5226 11120 11211 45166  1925 11203
 10067  1926 56932  5224  6821 56946 56946  4562  5224 11211  1765 56931
 56945 56945]
