20 [ 5224 14573  4472  5814 10621  5804 10624  4472  4151  8929  4472  8285
 14722  4151 14373 10291  9514  2890 14399 11211  4106 11263  5224 14555
 12886  4472  5804 14650 56931 56945 56945 56945 56945 56945 56945 56945
 56945 56945 56945 56945 56945 56945 56945 56945 56945 56945 56945 56945
 56945 56945]
16 [ 5224  3786 56932  6890  2023  1240 11667  4562  5224  2792  8016 56932
 14561  9502 56932 10291  1443 11211  5224   653  5349 56940  4472   826
 56940  4151  1625 12618  6151  5804 10758 56932 14260 14931  3694 12764
  2495  7303  5224 12761  1925  8595 56931 56945 56945 56945 56945 56945
 56945 56945]
27 [ 5224   653  9028 14040 11120  7626  5611  4472 11120  8163  5226  5804
   620 12200  5224 11255  2689 56932  5226 14693  4562  5804 10067  7992
  4472  2551 56932  2831  5226 14662 11211  4151  5008  4472  5657 10291
  5224 56942 56946 13396  5804  9315   365  6151  6884  9697  4472  5804
  5657  6151]
22 [ 5224  2880 11828  5226  8876 15168  6151  5804  4740 11211 56932  4693
  4472  9607 11120  4348 56932  4493  6151  5804   433  2831  5226 14662
 11211  8090 13371 11120 15315 56932 11120  9223 56932 11120 13491  5401
   848  7353  5647 10621  8612  1240  1784  4562 11120 10225  2246 56932
  1925    20]
11 [10827 56946   730 12948 11211 11120 13622  4472  1231  9211  5240  8402
 12627  1859  8952  4151 11871 56931 56945 56945 56945 56945 56945 56945
 56945 56945 56945 56945 56945 56945 56945 56945 56945 56945 56945 56945
 56945 56945 56945 56945 56945 56945 56945 56945 56945 56945 56945 56945
 56945 56945]
18 [ 3245 15394  4275 11211 15599  4562 56940  7327 10621  7947 56940  4151
  7809  4472  7330  3091 56932 10291 13853 56946  5804 15157 56931 56945
 56945 56945 56945 56945 56945 56945 56945 56945 56945 56945 56945 56945
 56945 56945 56945 56945 56945 56945 56945 56945 56945 56945 56945 56945
 56945 56945]
