26 [ 5224  6909  2812 13155 56946 15331   424 56940 13469  4472  7581 12683
 56940  5226 15276  4472 11120 12815  4472  1281 56946 56932 13371  7780
  2057  1231  5039 56931 56945 56945 56945 56945 56945 56945 56945 56945
 56945 56945 56945 56945 56945 56945 56945 56945 56945 56945 56945 56945
 56945 56945]
20 [ 5224  6251  4472 13223 12387  2986 11515 56932  4562  5615  4472 11616
 10621 10025 56946 13396  1231  5632  1329 10621 14869 56931 56945 56945
 56945 56945 56945 56945 56945 56945 56945 56945 56945 56945 56945 56945
 56945 56945 56945 56945 56945 56945 56945 56945 56945 56945 56945 56945
 56945 56945]
29 [ 9000  5224 12425  5805  4472 10025   420  7320  5226 15316  2861  8373
  4562  6108  2131 56934  8503  4472  8025 56932 11885  4472 56946 10621
 18087 56932 13261  1231 11576   623 56935 10621  8493  8106 11578  5226
 23163 10621 56946 56931 56945 56945 56945 56945 56945 56945 56945 56945
 56945 56945]
29 [56940   603  6151 11120  4988  4562 11120  4188  3288 11211 12171  7782
  8823 56931 12764  5240  2890   821 18068 10291 10809  5226  5804  1304
 56932 11122 56946  4472 12024  7147  1233  7016 56940 56932 11499 56931
 56945 56945 56945 56945 56945 56945 56945 56945 56945 56945 56945 56945
 56945 56945]
14 [ 1424  3245  1040 11211  4125 56940 12407  1811 56940 15023  1231 56940
 56946 56940  6390  4562  1402  7427 56931 56945 56945 56945 56945 56945
 56945 56945 56945 56945 56945 56945 56945 56945 56945 56945 56945 56945
 56945 56945 56945 56945 56945 56945 56945 56945 56945 56945 56945 56945
 56945 56945]
49 [ 5226 11120  3252  4472 11120 13439 12348 56932 13905 15201 11211  5172
  4472 10076  4472 38649  2890  3430  5226  5224 11211  5224 56946  6792
 13822  1088 20703 56932  4472  4151 11211  6950  3971 10722 56932 14260
  4693  4151 10978  6151  5804  7568 13801  4472 11120  6462 11211 54613
  1231 13870]
23 [10420 56932   746  1108  2890 13779 37669  7664  6151  4151  3491  4472
  5804 12943  4562  4151  1746 16807 56932 11211 56932  7868 10636  6098
 56932 12764  1240  4346  4562 11120 15107 56931 56945 56945 56945 56945
 56945 56945 56945 56945 56945 56945 56945 56945 56945 56945 56945 56945
 56945 56945]
4 [13685 14504  5226  1231 10043 11211 56940  3572 14968 11120  6946  2370
  5224 14358 32747  6151  2890 13937  4472 18011 56940 56932 56940  1709
 14102 11120  3252  7945  6151  2890  1437  8033  4562 10442  7956 14299
 56946 56940 10621 56940  4151 14729 56946 11120 13269  6151  6686  6151
  7198  4472]
49 [ 5224 10988  4472 11120 10714  7035 10291 11434  4562  5224   653  4472
  4151   420   171  4934 10621  5224  7057  4472  4151 11876  8239  6197
  5773  5226  2890 14175  5935 10611  5224  2792  4472 15610 56932  4233
 15255 56932 10621  5224 10242  9823 56932  7631 12967 56932 11211  7951
  1231  6393]
21 [11120  9654  4472 11120  5001  3703  7780  9312 11120 14768  5748  6151
  9687 13396  5224   413 13661 56932 11211  5226  1231 13844  4472 12948
 10627  2890  2047  5226 15276 10067  6336  9586 11191 56932 12475 13371
  8099  4993  4472  3572 56932  5226  5224 11211  4665 13371  5860 56942
  6361  4472]
31 [56940  5226  9660 56932  5224 10246 56946  7845  6667  1231 13734  4472
  5390 11120  5158  4562  5224 11203   344  9672 56932  8630  3072 13629
 56932 11203 13665 56932  6667  1231 11093 14299  1633  5224 10102 56946
  4067 56940 56932  1964  3119 56931 56945 56945 56945 56945 56945 56945
 56945 56945]
23 [56940 11120  3174  5685 12764  1240  8761  5224 10975  4472 12749 12031
 10621  4472 10241 11211 56932  4562 10636  2379 56932  4562  6373  6423
 10621  4562 11120  4073 13896  1925  5071 56932  1469   307 56940 56932
 11020 56931 56945 56945 56945 56945 56945 56945 56945 56945 56945 56945
 56945 56945]
15 [ 4151 11376 10067 12122 10621 10067  5692  4473  6678 56946   217  4562
 13822  7083 10621  8643 11120 11140  4472 11120  7261 10067  8876  5972
  4472  2675  4472 11120  8129 56931 56945 56945 56945 56945 56945 56945
 56945 56945 56945 56945 56945 56945 56945 56945 56945 56945 56945 56945
 56945 56945]
14 [ 6372  4472  6373 15562 13171 11254 56932 11120 13809  5240 11120  2064
  4472  6905  7122 56931 56945 56945 56945 56945 56945 56945 56945 56945
 56945 56945 56945 56945 56945 56945 56945 56945 56945 56945 56945 56945
 56945 56945 56945 56945 56945 56945 56945 56945 56945 56945 56945 56945
 56945 56945]
22 [10529 56932 27527  4472  9158 56932  5240 41007 13396  2188 18013  6151
 11120 17871  4472  1231  8844 46516 56932 32334  5226  1231 56946 56931
 56945 56945 56945 56945 56945 56945 56945 56945 56945 56945 56945 56945
 56945 56945 56945 56945 56945 56945 56945 56945 56945 56945 56945 56945
 56945 56945]
21 [ 9000  5224 14687 13171  3269 11861  5226 13933  9916  4151  9566 12167
  8493  1004 11211  4151  8865 14933 10381  9458  1231  3933 56931 56945
 56945 56945 56945 56945 56945 56945 56945 56945 56945 56945 56945 56945
 56945 56945 56945 56945 56945 56945 56945 56945 56945 56945 56945 56945
 56945 56945]
6 [ 8596 12673  4125 12012  4472  1231  6290 56931 56945 56945 56945 56945
 56945 56945 56945 56945 56945 56945 56945 56945 56945 56945 56945 56945
 56945 56945 56945 56945 56945 56945 56945 56945 56945 56945 56945 56945
 56945 56945 56945 56945 56945 56945 56945 56945 56945 56945 56945 56945
 56945 56945]
5 [ 5224 35464  3936  4562  1231  4727 14915 56946 13371 48963 56931 56945
 56945 56945 56945 56945 56945 56945 56945 56945 56945 56945 56945 56945
 56945 56945 56945 56945 56945 56945 56945 56945 56945 56945 56945 56945
 56945 56945 56945 56945 56945 56945 56945 56945 56945 56945 56945 56945
 56945 56945]
