19 [ 5226   424 13440 56932  5676 56946  5226  5224  7956  4472  1231 14753
  4472 11120  1062 10291 11211  1240 12730  5226 14662  5226  5224  3172
  4472 13408 56931 56945 56945 56945 56945 56945 56945 56945 56945 56945
 56945 56945 56945 56945 56945 56945 56945 56945 56945 56945 56945 56945
 56945 56945]
6 [ 6151 15099 10067 56942 56932  5534 10611  5226 15230 11120 14564  3077
  4472 13276 56932  5224  1989  8378 14378 11871  1555  3894 11211  1240
  2728  4472  9165  6151  5804  4349 10621 11756 11211  5658  5804  1197
  4472  5595 56931 56945 56945 56945 56945 56945 56945 56945 56945 56945
 56945 56945]
