5 [ 8630  5240  9918 11120 11169 15583  4472  2658  4472  4821 10621  1231
 56946  4969  4472   928  4562  4151 21439 44092 10696  4472  1723 56932
 20645  4472 15252 56932 17934  4472  9161 10621  6810  4472  2919 56932
  5240  3058  4592 11120 13171  8484 27326 10611 56946  4472 15252 10621
   184  4472]
14 [ 5226 11120  5411 56932  1793  4472 11673  4451 56932  5815  3245 10291
  9428  4151 12336  4472 11120  3737  4562 10700 11211  8396  6416  8493
 15583  4472 12283  4562 11120 10714 14931 11250  6151  8493  9927 56931
 56945 56945 56945 56945 56945 56945 56945 56945 56945 56945 56945 56945
 56945 56945]
