7 [ 4151  2789  4472  4225 13089 10557  2890  8716 10067 56942 13396 14108
  5226  8289  6260  5226 15210  4562  5224 12675  7977  4472 56942 56932
  4161  5804 56942 11804  4472  5895 56932  1288   217  6118 10067 10386
 56931 56945 56945 56945 56945 56945 56945 56945 56945 56945 56945 56945
 56945 56945]
25 [ 4151  2789  4118  4286  4472  5804 56942 11804  4472  5895  5226 56942
  6151  5804 56942 11804  5226  5224  7871  2689 56932 11122 11211  6913
  8493 15568 10067 56942 13396 14108 56931 56945 56945 56945 56945 56945
 56945 56945 56945 56945 56945 56945 56945 56945 56945 56945 56945 56945
 56945 56945]
