8 [ 8630 56932  5804  1953  4472  5804  4701 12764   746  3517  4472 20100
  9379  3861 56932  4562 13728 14373 10611 56946 56932 26344 56932 56946
 10621 21153  2129 56932 13396  2890  5689 56932 10621   861 10621 16373
 13396    13 56931 56945 56945 56945 56945 56945 56945 56945 56945 56945
 56945 56945]
2 [ 5804  2444   746  9002  2529  4496  5226  9209 15351 46775 10067 11925
  7426  2861  7910 56932 29326 56932 10768 10621 37338 56931 56945 56945
 56945 56945 56945 56945 56945 56945 56945 56945 56945 56945 56945 56945
 56945 56945 56945 56945 56945 56945 56945 56945 56945 56945 56945 56945
 56945 56945]
