5 [ 4151  2789  4472  4225 13089 10557  2890  8716 10067 56942 13396 14108
  5226  8289  6260  5226 15210  4562  5224 12675  7977  4472 56942 56932
  4161  5804 56942 11804  4472  5895 56932  1288   217  6118 10067 10386
 56931 56945 56945 56945 56945 56945 56945 56945 56945 56945 56945 56945
 56945 56945]
19 [ 5804  4236 11295 12297  3917 10621    56 12297  4472  5804  4900 10067
 56946 56932  5224 39113 10621 11120 19300 10557 11071  6884  5226 56942
 56932  7868  2890 13004  4532 13396 11120  9745  3733 56946 56931 56945
 56945 56945 56945 56945 56945 56945 56945 56945 56945 56945 56945 56945
 56945 56945]
