9 [11120 11791 14504 11211 11120  6275 56940  1240  7780 14453  4472  5187
 14107  5226  5804  4393 56942  5137 56940 56931 56945 56945 56945 56945
 56945 56945 56945 56945 56945 56945 56945 56945 56945 56945 56945 56945
 56945 56945 56945 56945 56945 56945 56945 56945 56945 56945 56945 56945
 56945 56945]
33 [ 5224 12956  1096 11211 56932  6151 14849  4472 11211 11120 14753  4472
 11120  4476  3037 56940 15074 56940 56932 11120   124  4472  4151   621
  7956 11120 56940  8728  7594 10621   942 56940    85 10972  4472  5187
 56940  4223 10621 10294 56940 10621  4562 10722  7718 56931 56945 56945
 56945 56945]
