43 [56940  1659 11211  4299  3772  2890  8558  1130 56932 14260   424   653
  7780 13848 13190  5804  7025  8426  4472  1723 13974 10067  3172  4472
  9734 15164 56932  5226  5224 11211  7780  4629  2890 13305  4472  9310
 10067 12675 56940 56932  1759  5226  8493  8458  4472  2858 56931 56945
 56945 56945]
11 [ 6118 10067 10386   201  4472   641 56932 14473 11211  5224 56940 13469
  4472 12284 56940  4472 28395  7780 15076 34275 56932  6197 11211 56946
 11120 13450  4037  5179  2890 14555 13959  5226  5224 11211  1240  8540
 26702  7811  4151 11817 56946 10067  9541 56931 56945 56945 56945 56945
 56945 56945]
15 [31584   373 10611  4151 20703  4472 11120 37040 56932 12555  5217 56942
 56932  5534  8493  6805  4472 11791 12953 11211  5224 14860 10067 13893
 17885  4125 12407 23301 56931 56945 56945 56945 56945 56945 56945 56945
 56945 56945 56945 56945 56945 56945 56945 56945 56945 56945 56945 56945
 56945 56945]
23 [ 5224 10386   201  8159 11211 56932 15083 10067  3104  4472 12948 10621
 10067 13004  4472  5804  7298 56932 56940  1240  7780 56946 11120  3063
  4472 17422 56940  5226   196 56931 56945 56945 56945 56945 56945 56945
 56945 56945 56945 56945 56945 56945 56945 56945 56945 56945 56945 56945
 56945 56945]
1 [ 8152 13469  4472 12284  4562  4151  2677 56931 56945 56945 56945 56945
 56945 56945 56945 56945 56945 56945 56945 56945 56945 56945 56945 56945
 56945 56945 56945 56945 56945 56945 56945 56945 56945 56945 56945 56945
 56945 56945 56945 56945 56945 56945 56945 56945 56945 56945 56945 56945
 56945 56945]
