0 [15079 10067 12980 56931 15938 56945 56945 56945 56945 56945 56945 56945
 56945 56945 56945 56945 56945 56945 56945 56945 56945 56945 56945 56945
 56945 56945 56945 56945 56945 56945 56945 56945 56945 56945 56945 56945
 56945 56945 56945 56945 56945 56945 56945 56945 56945 56945 56945 56945
 56945 56945]
27 [ 5804 56946  1240 14608  5226 11120 14571  4472  2027  8567 56932 13344
  6151  8493  4472  4151 15271  7191  4472 11120  8604 56932 10621  5226
 11120 16409 10067 16706 10067 15712 56932  5226 11120 13733  4472 11120
 56946 56931 56945 56945 56945 56945 56945 56945 56945 56945 56945 56945
 56945 56945]
11 [ 1240  4962  4562  8593  5224  2449  4472  7038 13396 14659  4472  5012
  4472  6548  4255  6151  6548  6740  6151 11122  2041 10067 13571 56931
 56945 56945 56945 56945 56945 56945 56945 56945 56945 56945 56945 56945
 56945 56945 56945 56945 56945 56945 56945 56945 56945 56945 56945 56945
 56945 56945]
