47 [11120 11464  6695  4472  2119  4472  4957 12297 12297  4562 14759  6151
 11120  6543 56946 10621  4559  2890 56946 12297 12297 10621  5224  6952
  4472 11120 10366 10067  5053 56946 56946 12297 12297 56946  4472 11120
  4351 10621 10674 56946 56946 12297 12297 56946  2890  6412  3047 12672
  5538 13396]
24 [ 4161 11120  4916  4472 11669  1950 56932  5224  6516 10067  2631  8174
  1630 11211   582  6911  8493  5404 12031 56940 11211 12764 56946 10291
  3260  5224  3172 56946 56940 10621 11211  1240  7471  6151  9495  5224
 13305  4472 12712  5224  9541  5226  9379  9939 56931 56945 56945 56945
 56945 56945]
3 [ 5224  6822 56932 11674  1168 56932 10272  5226  5224  4252  1231  8987
  3345 56931 56945 56945 56945 56945 56945 56945 56945 56945 56945 56945
 56945 56945 56945 56945 56945 56945 56945 56945 56945 56945 56945 56945
 56945 56945 56945 56945 56945 56945 56945 56945 56945 56945 56945 56945
 56945 56945]
10 [ 5224 56946  1024 10621  5224  2792  8984  3244  8373  6650 12672  1751
 15058  1925 14687 10067  5340  5226  5224 13440 11262 56931 56945 56945
 56945 56945 56945 56945 56945 56945 56945 56945 56945 56945 56945 56945
 56945 56945 56945 56945 56945 56945 56945 56945 56945 56945 56945 56945
 56945 56945]
2 [15648 11211  3260 13171  8877  6151 11120 12695 10067 11964  5692  5172
  8493  7442  4472  4188  5226 11120 11211 11117  1295 11211  1231  4136
 17975  5226  5242 56946  6151  3572 56931 56945 56945 56945 56945 56945
 56945 56945 56945 56945 56945 56945 56945 56945 56945 56945 56945 56945
 56945 56945]
13 [56940 11120 13476 11562  1452    20  4472  8273 10621  8581  6151 14849
  4472  6226 56940 56932  6792 56931 56945 56945 56945 56945 56945 56945
 56945 56945 56945 56945 56945 56945 56945 56945 56945 56945 56945 56945
 56945 56945 56945 56945 56945 56945 56945 56945 56945 56945 56945 56945
 56945 56945]
13 [ 5088 37129  2890  9198  5804  3758 14260 12543 12764  1240  9490 30666
 10067  6226 10067 13676  2972 56931 56945 56945 56945 56945 56945 56945
 56945 56945 56945 56945 56945 56945 56945 56945 56945 56945 56945 56945
 56945 56945 56945 56945 56945 56945 56945 56945 56945 56945 56945 56945
 56945 56945]
22 [ 5226 15107 56932  5534  1132  1925  1950  4472  5804  1416 15023  4151
   514 12230 56932  8946  5224  1581  4472  8493  4476  7269 12672 11967
 56931 56945 56945 56945 56945 56945 56945 56945 56945 56945 56945 56945
 56945 56945 56945 56945 56945 56945 56945 56945 56945 56945 56945 56945
 56945 56945]
