13 [ 6118  4472  2480  3245   192 11120  8467  4472 56940  6737 56940 56932
 12889   484  1231  2985 13396  5224  9591  4472 11211 11120 13870   418
 11682  6151 15336  8493 11311 11211  5804 12534  8363  5226 13330 56931
 56945 56945 56945 56945 56945 56945 56945 56945 56945 56945 56945 56945
 56945 56945]
10 [ 5226 11646 12541 56932 11120  6855  4472  1296 10067  5806 31136  2890
 56946 56946  5226  5224  5879 56931 56945 56945 56945 56945 56945 56945
 56945 56945 56945 56945 56945 56945 56945 56945 56945 56945 56945 56945
 56945 56945 56945 56945 56945 56945 56945 56945 56945 56945 56945 56945
 56945 56945]
22 [ 5224 11183  3667  4233  5388 10067  2625 11211 11122 16738  5217  1352
  4562  2890  3983  4472 13395 16855 10621 11120 13814 10696 10027  2890
 20115   897  6997 56931 56945 56945 56945 56945 56945 56945 56945 56945
 56945 56945 56945 56945 56945 56945 56945 56945 56945 56945 56945 56945
 56945 56945]
5 [ 5224  2880 10067  5609  5509  1841 15038  3405 10621 14479 10621 13261
  5224 35507  1633  4151 11725 10067 10963 10291  5620  4151  4968  4472
   853 56931 56945 56945 56945 56945 56945 56945 56945 56945 56945 56945
 56945 56945 56945 56945 56945 56945 56945 56945 56945 56945 56945 56945
 56945 56945]
5 [ 7868 12748 56932  5804   190  6776 11804  4472  5895  5226  2466 10291
  6156  6151  4151 14207  4472 13439  4472 11211 13822  4284  6804  4151
 12260  5226 56940 10228  6586 56946 10067  9527 10067  5589  7720 56940
 56931 56945 56945 56945 56945 56945 56945 56945 56945 56945 56945 56945
 56945 56945]
19 [ 5217  5224   972 56932  3421  2709 56932 10611  8025  2890 14505  4472
 56942  5137 56932 10621  8373 56946 56932  1487 11120  7626  5226 13447
  1899  4472  2912 14266 56931 56945 56945 56945 56945 56945 56945 56945
 56945 56945 56945 56945 56945 56945 56945 56945 56945 56945 56945 56945
 56945 56945]
6 [15083 56932  3667 14114  8568 12764  3623   784 25012 13396 56946  1925
  9878 10067 16447 16950  8568 56931 56945 56945 56945 56945 56945 56945
 56945 56945 56945 56945 56945 56945 56945 56945 56945 56945 56945 56945
 56945 56945 56945 56945 56945 56945 56945 56945 56945 56945 56945 56945
 56945 56945]
9 [ 5226  3573 56932  1925 13823 56932  8834 12357   746  7431  2890   626
  4472 56946 56932  8630 10025  8373  7821   746  9591 11122 12754  5226
  8493 13988  8992 15913  6151 11120 12030  9243 56946 56931 56945 56945
 56945 56945 56945 56945 56945 56945 56945 56945 56945 56945 56945 56945
 56945 56945]
23 [11120  1489  5360 11120  1650  4472  2890  4666    59  2370  5224  2445
  4472  9961  9301 14440  1925 14338 11211 11120 11840 12764  7780 21652
 11120  5807  4472  6663  4562  2965  6151  5804  8330 56931 56945 56945
 56945 56945 56945 56945 56945 56945 56945 56945 56945 56945 56945 56945
 56945 56945]
18 [11120 13724  4472 11120  8466  4131  4472 56946 56932 11120 14088  6059
  4472  3261 14781 17014 56932  7780  4204  5804 42283  4472 11304 13396
  1231  2418 56931 56945 56945 56945 56945 56945 56945 56945 56945 56945
 56945 56945 56945 56945 56945 56945 56945 56945 56945 56945 56945 56945
 56945 56945]
8 [ 5488  1417 10621 13007  5834 10156 10067 56946  9567  1231 12226  5226
  8493 13450 11686 10621 14222 11211  4962  5804 10971  2258 56931 56945
 56945 56945 56945 56945 56945 56945 56945 56945 56945 56945 56945 56945
 56945 56945 56945 56945 56945 56945 56945 56945 56945 56945 56945 56945
 56945 56945]
0 [18552 14378  5137  4472 15459 34278 10621  1240  6376 11120  7069  4472
 11211  9490  2779  3455 10291  4151 11211 17152 11211 12764  4125  5321
 13396 13822  5052 56931 56945 56945 56945 56945 56945 56945 56945 56945
 56945 56945 56945 56945 56945 56945 56945 56945 56945 56945 56945 56945
 56945 56945]
