14 [56946  5065  6151 10429  2545  4562 11120 14564 13524 56932 12889  5668
  1240  7930 56946 13396  5224 56940  6757 11757 56940  3924  4472  1231
  1431 56931 56945 56945 56945 56945 56945 56945 56945 56945 56945 56945
 56945 56945 56945 56945 56945 56945 56945 56945 56945 56945 56945 56945
 56945 56945]
9 [ 4151 14030 56946 28201 56942 11804 10621  5804 12822 56946 13396  4507
 56932 11646 56946 10621 11962 56946 56932  1425  5804 56942 11804 56931
 56945 56945 56945 56945 56945 56945 56945 56945 56945 56945 56945 56945
 56945 56945 56945 56945 56945 56945 56945 56945 56945 56945 56945 56945
 56945 56945]
10 [ 5224  5566  4472  2460 10291  5804  4185  7381  5137 56932 26126  5226
  5224 56942 13396 14108 13797 56932  7868  5224 13488  9823 56932 13649
  9684  4472  7023  4472 56942 11804  4472  7821 56931 56945 56945 56945
 56945 56945 56945 56945 56945 56945 56945 56945 56945 56945 56945 56945
 56945 56945]
16 [11120 56946 56946  8493 10838  9049  4472  8865 10621 26065 10722 11243
  5226 12424 15461 18547  6151  9687  5224   972  5226 11120 14248 56931
 56945 56945 56945 56945 56945 56945 56945 56945 56945 56945 56945 56945
 56945 56945 56945 56945 56945 56945 56945 56945 56945 56945 56945 56945
 56945 56945]
8 [11120 31601  4472  9537  8445  4472  4241 15354 17750 13396 11120 12267
  4472 56946 56946  5224 39781  4472  7898  1416  5534  5224  2792 15394
  3064 56940 56946 56940 10621 11979  1925 11964  4472 56940 15743  4472
 12536 56940  8509  8493  4472 13822 14596  7672  1633 11120  1976 56931
 56945 56945]
10 [12424  6002 14718  6151 13822  6616  6151 11120 13161 56932  2207 13396
 11156 56931 56945 56945 56945 56945 56945 56945 56945 56945 56945 56945
 56945 56945 56945 56945 56945 56945 56945 56945 56945 56945 56945 56945
 56945 56945 56945 56945 56945 56945 56945 56945 56945 56945 56945 56945
 56945 56945]
