32 [56940 11120  7626  5240  2890  3343 56940 56932 56946  5224 56946  9909
 56946 56932  9253 10067  8435  1925  2792  4472 11120  5956 56932 10928
  8712 13824 56932 11211  4562  1231  4836 19600 16584  1925  5234  9736
  3091  4472 11120 16776 10155 56931 56945 56945 56945 56945 56945 56945
 56945 56945]
20 [ 5804 13171 15612 47576 56934 21018  4472 23855 56935 10067  1926  1240
 11138  1404  5217 12948  5226  5806 10291  5418 16584  6151  5804  9964
  4472  2576 56931 56945 56945 56945 56945 56945 56945 56945 56945 56945
 56945 56945 56945 56945 56945 56945 56945 56945 56945 56945 56945 56945
 56945 56945]
