20 [ 5224  9211  5692  4472  9786  6005  6151 42373  4472 22803 56940 13371
  1523  4472 13894 56940 11211  5224 14687  1240 28897  6151 11120    26
  5226  5804  3587  4472  4670  4472 11120  2894 56931 56945 56945 56945
 56945 56945 56945 56945 56945 56945 56945 56945 56945 56945 56945 56945
 56945 56945]
5 [11120  6067 10067 14687  7780 11087  1925  4760 11211  1240 12441  5226
 13732  4472  5804 56946  8612 56931 56945 56945 56945 56945 56945 56945
 56945 56945 56945 56945 56945 56945 56945 56945 56945 56945 56945 56945
 56945 56945 56945 56945 56945 56945 56945 56945 56945 56945 56945 56945
 56945 56945]
30 [ 5224 56946  7198 10703 56932  9000 17589  1148 14802 56933  5224  5738
 56932 53746 10621 56946 13371 14914 13396  5804 22334 11211 11236  4472
  1231 56946 56946 56932  6950  1240 18541  6151  1168 12675 10621 12764
 37879    13 12479 11211  5224  4472  1231 12759  8284 56932 11372 14102
    19 13277]
