11 [ 5226  5224  7144  4472 15425 56932  4472 56942  1990 56932  9413 12202
  4562  6928 15664  5804 12530  4472  7537 56931 56945 56945 56945 56945
 56945 56945 56945 56945 56945 56945 56945 56945 56945 56945 56945 56945
 56945 56945 56945 56945 56945 56945 56945 56945 56945 56945 56945 56945
 56945 56945]
4 [ 3245 15394  4275 11211 15599  4562 56940  7327 10621  7947 56940  4151
  7809  4472  7330  3091 56932 10291 13853 56946  5804 15157 56931 56945
 56945 56945 56945 56945 56945 56945 56945 56945 56945 56945 56945 56945
 56945 56945 56945 56945 56945 56945 56945 56945 56945 56945 56945 56945
 56945 56945]
