10 [23030 41276 13396  5224  1926 56932 56946 56932  4745 56932 56946  6151
 13478  5804 50556  5861 10067 11477 56932 15676 14970  5224 25893 56931
 56945 56945 56945 56945 56945 56945 56945 56945 56945 56945 56945 56945
 56945 56945 56945 56945 56945 56945 56945 56945 56945 56945 56945 56945
 56945 56945]
23 [10420  5112 11120 15568  4472  4151  2789  6151 11631 10067  7770 56932
 11211  6955  2890 56942 13396 14108 56932  5226 13554 11211  4151 15629
  6151 11631 10067 13823 15633  2890 56942 56932  4562  2890  3269  8425
  4472  4151  2789  6151  1352 56932 11211 14955  2890 56942 13396 14108
 56931 56945]
