5 [15023  1231 14723  1800  4562  1166  2865  3543 56932  7628 10180 11428
  5226  5224 15412  4472  3475  4562  1231  8288 13518 56932  5224    45
 11810 56932  6659 12948  5226 11120  8691 14460 10067  3358  4472 15412
  8984 56931 56945 56945 56945 56945 56945 56945 56945 56945 56945 56945
 56945 56945]
11 [11120 13269  4472 56946 10067  6550    85 13171  8493   661  4472 26748
 11211    19  4992 10621  1240 14662  4562  1231 14115  5224  3786  5226
  5224 12908   797  6212 56931 56945 56945 56945 56945 56945 56945 56945
 56945 56945 56945 56945 56945 56945 56945 56945 56945 56945 56945 56945
 56945 56945]
