18 [  425 14804  4472  9786  7780  9511  6151 56940 12486  3624  5804 10472
  8007  5226 11120 11244  4472  4151  7809  4472  1062 56940 56932  7868
  5224  2880 56931 56945 56945 56945 56945 56945 56945 56945 56945 56945
 56945 56945 56945 56945 56945 56945 56945 56945 56945 56945 56945 56945
 56945 56945]
1 [ 5804   266 10067 56942  3245 13009  2890  5566 10067 56946 10621  8493
  5089 10067 56946 56931 56945 56945 56945 56945 56945 56945 56945 56945
 56945 56945 56945 56945 56945 56945 56945 56945 56945 56945 56945 56945
 56945 56945 56945 56945 56945 56945 56945 56945 56945 56945 56945 56945
 56945 56945]
29 [11120  9745  2775 56946 56946  5147  5224  9544 11211  7780 15328  6151
  2890 14399  4472  1242 10291  1231   990  4562 11120  9694 56946 11211
  4319  5224 12328  4472 56942  8849  4472 56946 13396 10267  8493  4472
 11120  9745 50633 56931 56945 56945 56945 56945 56945 56945 56945 56945
 56945 56945]
35 [ 5224 14399  3245  6913 11211  5804  3911 42341  2890  7661  4472 14792
  4472 56942 17235  8100 56934 56942  5895 56935 10621  2890 56946  3196
  4472 56942 17235  8100 56934   683 56942  5895 56935 13396 10267  5039
  4472 56946 56931 56945 56945 56945 56945 56945 56945 56945 56945 56945
 56945 56945]
6 [ 6118  4472  2480  3245   192 11120  8467  4472 56940  6737 56940 56932
 12889   484  1231  2985 13396  5224  9591  4472 11211 11120 13870   418
 11682  6151 15336  8493 11311 11211  5804 12534  8363  5226 13330 56931
 56945 56945 56945 56945 56945 56945 56945 56945 56945 56945 56945 56945
 56945 56945]
13 [ 5224  6519 10067  4942 13396 11623 10621 56946 15512  4472 11120  6805
  4472 12831 10067 14084 56932 10958 37873 56932  7780   880 11120  3820
  5226 11120  1976  8973 10067  9230  4472  2667 56932  3908  2004  6270
 56932  4562  5224   273  4472 11211 13004  7956  5224 15316  4472 14693
  4472 11807]
40 [ 5226 11120  5918  4472 17307 56932  6151 56942  5056  4472 15765  4873
  5804  2208 10308   424   972 13371 12135  4472  1231  7107 11444 56932
 11120  8133  4472   217  3786  5821  8493 14119  4472 56942 15980  5331
 10966 56932  7868  5804  5556 10414 56931 56945 56945 56945 56945 56945
 56945 56945]
19 [11120  7210  4472   261 14201 12948 56932  4472 13478  3183 56932  5224
  2471  4332  4472 11120 10767 10621 11120  8281 10067  5076 56932  8236
 56946 56932  7930 11211 11120  6240 10067 14479  2273 19233  1925  9541
 10067  3786  2861 56940  5224  1437  4472 15590 10044 12764  4498 10067
 11575  4472]
3 [ 8630 56932  5804  1953  4472  5804  4701 12764   746  3517  4472 20100
  9379  3861 56932  4562 13728 14373 10611 56946 56932 26344 56932 56946
 10621 21153  2129 56932 13396  2890  5689 56932 10621   861 10621 16373
 13396    13 56931 56945 56945 56945 56945 56945 56945 56945 56945 56945
 56945 56945]
5 [ 5224  3793  5913  2443  5224  5003  4472 13488 14479 10067  5076 15275
  6418  6151 11120  2176 11303 11211  2049  5224  3612 56931 56945 56945
 56945 56945 56945 56945 56945 56945 56945 56945 56945 56945 56945 56945
 56945 56945 56945 56945 56945 56945 56945 56945 56945 56945 56945 56945
 56945 56945]
3 [ 5226 11120 13675  9234 13034 10067  8876  3629 10067  2689 56932   851
  1240  6066  8493  8425 10067 56946 56931 56945 56945 56945 56945 56945
 56945 56945 56945 56945 56945 56945 56945 56945 56945 56945 56945 56945
 56945 56945 56945 56945 56945 56945 56945 56945 56945 56945 56945 56945
 56945 56945]
25 [ 6205 13396  7932 56932 15556  1004  5804 56946 13901  1776  4562  5804
 15400 56946 10621 11120  3671 12133  5226    68 15400 12764 12650 14375
  4151   739  4472  5804 56946 56931 56945 56945 56945 56945 56945 56945
 56945 56945 56945 56945 56945 56945 56945 56945 56945 56945 56945 56945
 56945 56945]
32 [ 5226   425   792 11117  7689  1925  4369 10426 56932 15609  3176 56932
  7650  4472 11120 13675 13844 10067 56940  9541  4472  4151  8308 56940
 56932 14361 11120  2970 11122 11211  7868  5224 13004 13326 11122  5517
  6151 10945  5224 10726  4472 11120  1578 56931 56945 56945 56945 56945
 56945 56945]
13 [ 6118 10067 10386   201  4472   641 56932 14473 11211  5224 56940 13469
  4472 12284 56940  4472 28395  7780 15076 34275 56932  6197 11211 56946
 11120 13450  4037  5179  2890 14555 13959  5226  5224 11211  1240  8540
 26702  7811  4151 11817 56946 10067  9541 56931 56945 56945 56945 56945
 56945 56945]
6 [ 5224  2880 10067  5609  5509  1841 15038  3405 10621 14479 10621 13261
  5224 35507  1633  4151 11725 10067 10963 10291  5620  4151  4968  4472
   853 56931 56945 56945 56945 56945 56945 56945 56945 56945 56945 56945
 56945 56945 56945 56945 56945 56945 56945 56945 56945 56945 56945 56945
 56945 56945]
14 [11120 11556  3733  4472 10191 12947 56934 56946 56935  1040   217 11211
 56940 11120 11851 10236 56940 10291  5804  1170  8343  4472 14113   373
  5226 14928  7452  5226  5804  5118 10621 12764  5226  5224  8716  4472
  5804  9578 56931 56945 56945 56945 56945 56945 56945 56945 56945 56945
 56945 56945]
1 [ 4151 11487 10067 12908  8310   746  8449  5224  8255  1778  4472 11120
 10043  6151 14849  4472 12764  9514  5224 11614  4472 11120 11643 56932
  7956  6226  5226  4151  3455  6517 56931 56945 56945 56945 56945 56945
 56945 56945 56945 56945 56945 56945 56945 56945 56945 56945 56945 56945
 56945 56945]
7 [15083  4472 13728 14373 10621  8493  7415 14329 12031 10067  6319 56932
  2530  4562 11120  5844 10067  6171 56932 11120 56946  1240 39009 13396
 11120  5157 10067  6171 10621  5224 13185  4472 11120   226 56931 56945
 56945 56945 56945 56945 56945 56945 56945 56945 56945 56945 56945 56945
 56945 56945]
1 [ 4151  2789  4118  4286  4472  5804 56942 11804  4472  5895  5226 56942
  6151  5804 56942 11804  5226  5224  7871  2689 56932 11122 11211  6913
  8493 15568 10067 56942 13396 14108 56931 56945 56945 56945 56945 56945
 56945 56945 56945 56945 56945 56945 56945 56945 56945 56945 56945 56945
 56945 56945]
24 [11120  6805 10212 11211   650  4151 10193 12947  8509  5224   653  4472
  9091   690 11785   217 56932  1362  4693  4472 11122  1076 56932 11120
  9234  4472  2922  1925  5234  6340 56932  1925  3452  2890  5935 10611
 13822  9135 56931 56945 56945 56945 56945 56945 56945 56945 56945 56945
 56945 56945]
1 [11120 56946  4472 56946  7587 56946  4472  8689 56934 56946 56935 14576
 11211  5804  8433  8540  2626  6151 11120 14779 12743 56932  1925 14338
 11211 11120  9745   393  8586   907  6151  2135  5804 20411 12491 10067
 56946 56931 56945 56945 56945 56945 56945 56945 56945 56945 56945 56945
 56945 56945]
6 [ 5224  2792 10067 14457 10049 11120  1870 35259 13396 13478  5804  9464
 10621 11120   618  4472  5804 30631  4472  1561 56932 27175 10621 10634
 56932  6205 13371  4472  5804 16642  9617  4472 13478  5804 13349  4472
 11120 13476 56931 56945 56945 56945 56945 56945 56945 56945 56945 56945
 56945 56945]
11 [ 5822 10621 13822 13801  1340  5224 56942 13396 14108  4472  4151  8849
 27434  4472 11120 47676 56932  9000  4779 24075  4472  1231 12135 14260
  4151  2171 10060 12764  5593 11211  8493  9745 56946  5224 13588  4472
   812  5226 13171  4472  8493 14073 56932 10621 11120  3448   635  6197
  7494  5224]
9 [ 5804  2208 34478   217 11120  4727 13845  6151 11120 14088  4472  9557
 56946 11211 11095 13822 15271  1925 14802  6151 15254  4472  1296  5226
  5224 15175  4472  9527 13814 10696 56931 56945 56945 56945 56945 56945
 56945 56945 56945 56945 56945 56945 56945 56945 56945 56945 56945 56945
 56945 56945]
17 [11120  6855  4472 13211 12954  1240  4695  4562  8493 11727 56932  6151
 11120 11211 10762   683 56942 14331 10067 14358 56932  1633  4938  1346
  5804  2260  5226 11211 56940  5224  4188  7973  4472   424  9541  8946
  5224  4472 13822 14331 10621   217  8908 12672 12407  3269 10291  5224
  7871 10621]
48 [11120  6855  4472 13211 12954  1240  4695  4562  8493 11727 56932  6151
 11120 11211 10762   683 56942 14331 10067 14358 56932  1633  4938  1346
  5804  2260  5226 11211 56940  5224  4188  7973  4472   424  9541  8946
  5224  4472 13822 14331 10621   217  8908 12672 12407  3269 10291  5224
  7871 10621]
2 [11120  7811   989  2861 11120  4472 18024 54591 10291  7325 13933 38836
  4562  4151  7764 10621  4562 11120 23877 10722  2814 56931 56945 56945
 56945 56945 56945 56945 56945 56945 56945 56945 56945 56945 56945 56945
 56945 56945 56945 56945 56945 56945 56945 56945 56945 56945 56945 56945
 56945 56945]
17 [10621 14914 13371  1240  7780  5756  5217  2892 12297 12297 11211 13974
  4472  3361 11970  1873  5804   266 10067  7581 14931 56946  1231  1381
  6151  8493  1126  5683 10291  5804 56946 12297 12297  1240 56946  5226
  2890 14555 38230 56946  5226 10025 13349  4472  1723 56931 56945 56945
 56945 56945]
2 [ 2296  4151  6994 56946  7956 13579 13371 14025  4472 13305  4562  2890
  1537   475 13974 56932  5240 11107 11120  2663  4472  5804  8330  5226
  2890 11105 13722 56931 56945 56945 56945 56945 56945 56945 56945 56945
 56945 56945 56945 56945 56945 56945 56945 56945 56945 56945 56945 56945
 56945 56945]
19 [ 5800  6101 23353  6151 11120 48792 21575 56932  5804 14543 56946 11120
  5532 10067 28211  4562 15058  6151  4151 29223  4472  5804 10095 10621
  5804 54616 56931 56945 56945 56945 56945 56945 56945 56945 56945 56945
 56945 56945 56945 56945 56945 56945 56945 56945 56945 56945 56945 56945
 56945 56945]
