37 [ 4758 13529  8443  4472   671 56932 42069 10067 16772 56932  1040 12948
 11211  5804 10333  1240 56946 10067 56942  4472 14724  1925 56942  4472
 11966 56932 56942  3861 13171  4472 11122  7485 56932 10621 11211  5224
 12684  5240 10021  5224  9283  4472  8330 56934 10611   366 10621  8752
 56935  4161]
6 [10621  5240 11211  4550  5804 23313  6492 15157 10291 29494  5804 56946
 56932 10621   865  5314  5804 11211  5207 18503  1231  8298 56946 56931
 56945 56945 56945 56945 56945 56945 56945 56945 56945 56945 56945 56945
 56945 56945 56945 56945 56945 56945 56945 56945 56945 56945 56945 56945
 56945 56945]
