16 [ 5224  5566  4472  2460 10291  5804  4185  7381  5137 56932 26126  5226
  5224 56942 13396 14108 13797 56932  7868  5224 13488  9823 56932 13649
  9684  4472  7023  4472 56942 11804  4472  7821 56931 56945 56945 56945
 56945 56945 56945 56945 56945 56945 56945 56945 56945 56945 56945 56945
 56945 56945]
4 [ 5804 14619  6205  1902  3782 56932  1793  4472  5834  8472  5226 14035
  4472    84 11523 56934 12297 10008 12297 56935 56932  8493  4933  4243
  8241 11211  7880  2890  7415  4667  4472  5351  4472   453  4521  4562
  5834 10401 10621  8472 56931 56945 56945 56945 56945 56945 56945 56945
 56945 56945]
