39 [ 5804  7596  1902 13396  5224 14358  5226 13579  6955 56940  5224  7811
 11575 10067  9541  5226 13579  5226 56942  5137  4472  7182 56940 56932
 15201  6151 14196  5224  2792 10067 14358  5226 11120 14073 56932  1254
 56946 56932 13386 56946  5224 56940  9338 56940  4472  5804  1305  6151
 11120 56940]
13 [  211  5224  8033  4472  1447  4758 56932  8225 10621  3222  1240   751
  6151  5515 56932  5331 13910 11295  3878 56932  4161 56942 25422  7500
  4472 15277 10621  4284   194  6151 10476 56932   672 56932  1725   509
 56932  5224  4973 56932 12366 56932 12430 56932  1313 56932  4001 56932
 10709 56932]
9 [13290  5924  4472 56940 14957 56940 56932 13290 11606 54850  2890  4200
  3196  6151 11120 25108 12973  4472 14778  9775 56931 56945 56945 56945
 56945 56945 56945 56945 56945 56945 56945 56945 56945 56945 56945 56945
 56945 56945 56945 56945 56945 56945 56945 56945 56945 56945 56945 56945
 56945 56945]
15 [ 7952  5226  5804  8373   340 10067   468  5206 10621  4392   915  2890
 13554 12996 10291 14335  4151   471  1925 56946 56931 56945 56945 56945
 56945 56945 56945 56945 56945 56945 56945 56945 56945 56945 56945 56945
 56945 56945 56945 56945 56945 56945 56945 56945 56945 56945 56945 56945
 56945 56945]
17 [12764  2451 56932  5226 56942  1240 37370 13371 12684  5307  1925 56946
  6151  3559  4472  1702 10621 14809  5224 56946 10067 11763  6151  1231
  7243 56931 56945 56945 56945 56945 56945 56945 56945 56945 56945 56945
 56945 56945 56945 56945 56945 56945 56945 56945 56945 56945 56945 56945
 56945 56945]
7 [12889  3601  5224  8172 10067   653  4472  3890 11120 13174  4199  6151
 11120  9752 56932  5224  1215  8946  4602 56931 56945 56945 56945 56945
 56945 56945 56945 56945 56945 56945 56945 56945 56945 56945 56945 56945
 56945 56945 56945 56945 56945 56945 56945 56945 56945 56945 56945 56945
 56945 56945]
13 [12379  5452 15285   217  1231  2985 13396 11120  4670 10067   653  8984
  4472  8663 56942 11804  4472  5895  1925  2445  4472  9584  4472 14113
 56932  1925    20 11211 13396 11120  4472 10025 10700  3462 11211  3245
  5129  6151  4151  6505  3436 56931 56945 56945 56945 56945 56945 56945
 56945 56945]
21 [10621 14914 13371  1240  7780  5756  5217  2892 12297 12297 11211 13974
  4472  3361 11970  1873  5804   266 10067  7581 14931 56946  1231  1381
  6151  8493  1126  5683 10291  5804 56946 12297 12297  1240 56946  5226
  2890 14555 38230 56946  5226 10025 13349  4472  1723 56931 56945 56945
 56945 56945]
