24 [ 5804  6312  9529  5226  2218  4035 14423  5224  6576 10621 11120 23715
  4472  5892  4472  9424  4472 10330  5226  4151  6505 10067  7581 56932
  8630  5226  5224  7217 12506 56932  5224  7538 11343  5432 11367 56932
 12948 56932 13348 56932 11120 14259 10067 14399  4562 15014 56932  4472
   681 14792]
8 [13396  1231  1056 14482 11981  4472  1004  5226  5534 13554  5224  9230
  4472 12336  9121 56932  4758 13662  9992 56932  9968 56940  2595 56940
 10067   653 56932 13371  5224  2792  4472 11120  6805  3356  3733 56934
  3346 56935 56932   848 56946 56932 10958 12838 56932 11211  5240 13386
  1933  7494]
31 [ 1925  6117  4472 11211 56932 13371 13478 56932   746 40762  4472   683
  3861  4472 12413 56932 15567   861 10621 56946  7053   752  5226 27852
  4562 11122 11211 11673 12267  2986 13171 11211 43667 56931 56945 56945
 56945 56945 56945 56945 56945 56945 56945 56945 56945 56945 56945 56945
 56945 56945]
27 [13396 11674  5224  9691 11783  1925 11211  1240 10469  1925  9599  7412
  4562 11120 11946  5974  4472  9161 10621  3245  4562  1540  4472  8854
 12764  5240 13171 11211  8493 19890 25305 56932 26170  4472  6256 56932
  6151 14849  4472 11211 12569  7394  1396  1452 56946 13371  2481  7344
 56931 56945]
4 [ 6205 11211 56932 13396  1233 14686 56932 56946  5226  5219 56931 56945
 56945 56945 56945 56945 56945 56945 56945 56945 56945 56945 56945 56945
 56945 56945 56945 56945 56945 56945 56945 56945 56945 56945 56945 56945
 56945 56945 56945 56945 56945 56945 56945 56945 56945 56945 56945 56945
 56945 56945]
6 [ 3582  5207 15201 11211 12764 14394 11372 10213  4472 11122 11211 56946
 56931 56945 56945 56945 56945 56945 56945 56945 56945 56945 56945 56945
 56945 56945 56945 56945 56945 56945 56945 56945 56945 56945 56945 56945
 56945 56945 56945 56945 56945 56945 56945 56945 56945 56945 56945 56945
 56945 56945]
10 [14016  7462 10067  8876 56946 10067  9541  9000 56932 12889 11372  4855
  1132  6151 17854  6151  3252 56932 15574  4188  8108  5226  5224  4667
  4562  4188  7057  5226 11120  4953  4472 11120  4988 56931 56945 56945
 56945 56945 56945 56945 56945 56945 56945 56945 56945 56945 56945 56945
 56945 56945]
2 [11062  3655  1793 11211 10291 11211 11120 13902  5856  9338  5240 10493
 11211  5804  2133  5855  8493  4212 10611 11120 12031 10621 11120  3806
 56932  6197 11211  4151  2786 14820 10291  2890  6319 12764  8540 14865
  4472  2826 11448 56931 56945 56945 56945 56945 56945 56945 56945 56945
 56945 56945]
12 [  731 56932  5226  7809  6151 14374 56942 10368 13396 14196 56932  1040
  1793 11211 56940  5224 56946  5240  2166  5534 11120 13450 10067  9541
  5240  4073 56940 56932 10621  7620 13396 56940  8493  5404  5041 10621
 56946 10291  4746  4472   424 56946  4472 14694  5137 56940 56931 56945
 56945 56945]
47 [ 5822 10621 13822 13801  1340  5224 56942 13396 14108  4472  4151  8849
 27434  4472 11120 47676 56932  9000  4779 24075  4472  1231 12135 14260
  4151  2171 10060 12764  5593 11211  8493  9745 56946  5224 13588  4472
   812  5226 13171  4472  8493 14073 56932 10621 11120  3448   635  6197
  7494  5224]
2 [56940  6205 11211  8908  4883 13487 56940 56932 56946   671  4562  5804
 10910  3947 56931 56945 56945 56945 56945 56945 56945 56945 56945 56945
 56945 56945 56945 56945 56945 56945 56945 56945 56945 56945 56945 56945
 56945 56945 56945 56945 56945 56945 56945 56945 56945 56945 56945 56945
 56945 56945]
20 [ 7868  7795 10067  2880 10067  9322  1240   746 17078 56942  7392 11448
  6788 13396  4151  8089   216  4472 13336 56932  6205 13371  5226 13822
 25761  5226  5224 11034 56931 56945 56945 56945 56945 56945 56945 56945
 56945 56945 56945 56945 56945 56945 56945 56945 56945 56945 56945 56945
 56945 56945]
21 [ 7868  7795 10067  2880 10067  9322  1240   746 17078 56942  7392 11448
  6788 13396  4151  8089   216  4472 13336 56932  6205 13371  5226 13822
 25761  5226  5224 11034 56931 56945 56945 56945 56945 56945 56945 56945
 56945 56945 56945 56945 56945 56945 56945 56945 56945 56945 56945 56945
 56945 56945]
29 [ 5226  5804 10700  4562  5804  3243  1930  4472 56946 56932 15648 56932
 11120  9535  5240 11120  4332  4472  2890 56946  4472 11120 11791 56932
  9000  5226  1723 12764  1200 11372  6151 11120 14602 56931 56945 56945
 56945 56945 56945 56945 56945 56945 56945 56945 56945 56945 56945 56945
 56945 56945]
48 [ 3245 12200 13098  4472    38 13371  5513  6894 17899 10621  5513 56946
 56932  1793  4472 11120 32260  4472  5668  5226  2027 11569 56932  3972
 56946 56933 18748  4472 11120 14653 13371   261 56946 10621 11384 56946
 56933  5224  5234  4472 11120 13439 10621  7939 11103  9502 53582 56933
  6205 13371]
49 [ 3245 12200 13098  4472    38 13371  5513  6894 17899 10621  5513 56946
 56932  1793  4472 11120 32260  4472  5668  5226  2027 11569 56932  3972
 56946 56933 18748  4472 11120 14653 13371   261 56946 10621 11384 56946
 56933  5224  5234  4472 11120 13439 10621  7939 11103  9502 53582 56933
  6205 13371]
8 [ 2890  6176 11211 12764 14098  4472 11120  4356 11372  8493  8489  4472
 17582 10621  6205 56946  5123  6151  2018 12035 56946 11211 12015 56946
  8493  9553  1893 56932 13084 10621 16776 56931 56945 56945 56945 56945
 56945 56945 56945 56945 56945 56945 56945 56945 56945 56945 56945 56945
 56945 56945]
21 [10621  5240 11211  5224 17569 56932  5226 12342 10621  5226  1231 12297
 12238 12297 56932  5240   217  1969  2890  9463 13171 11211  8493 55748
 56933  2890 10103  4472 12191 13171 11211  4472  8157 56931 56945 56945
 56945 56945 56945 56945 56945 56945 56945 56945 56945 56945 56945 56945
 56945 56945]
30 [10621  5240 11211  5224 17569 56932  5226 12342 10621  5226  1231 12297
 12238 12297 56932  5240   217  1969  2890  9463 13171 11211  8493 55748
 56933  2890 10103  4472 12191 13171 11211  4472  8157 56931 56945 56945
 56945 56945 56945 56945 56945 56945 56945 56945 56945 56945 56945 56945
 56945 56945]
43 [ 6151  2890  2444  4144    44    13 56932 10621    13 13171 56932 56946
  5226   932  5804  4533  4472 11120 12759  7626 56932  5226  8493  2928
 14931   273 56933  5226  8493  2507  4472   545  4472  4151  6144  5226
 11120 11211 11597  8865 10267  1004 13171 10621 13171 13627 56931 56945
 56945 56945]
10 [ 7397 56932  5226  5224 13823 23307 56932 12764 25230 13171 11211 11120
  2176 15078 56931 56945 56945 56945 56945 56945 56945 56945 56945 56945
 56945 56945 56945 56945 56945 56945 56945 56945 56945 56945 56945 56945
 56945 56945 56945 56945 56945 56945 56945 56945 56945 56945 56945 56945
 56945 56945]
10 [ 5226  6523  4472 11120 10509 56946  1240  1630  9198  8871 11211 15526
 11211  5804 10579  3605  5226 13910  4472 11293  6151  9687 13822  3136
 10621  1379  8871  4472 14182  5224  1079 13946  2861  1326  4472 10344
 10291  8593 13554  5226  1723 13371  5226  5224 13823  4472  5754 56931
 56945 56945]
