1 [11120  8494  4472  4151  5581 13261 20239  6151 12424 14729  6382 56932
 10611 11904  5224  6333  4472  4284  7750 43482 22116 56932  3416  4151
  6118 56931 56945 56945 56945 56945 56945 56945 56945 56945 56945 56945
 56945 56945 56945 56945 56945 56945 56945 56945 56945 56945 56945 56945
 56945 56945]
30 [ 5534  9625 15201 10291 11120  7645  2091 15944  2735  4472  2865 11117
 40187 10067  5138 56932 12764  1240  4125 50529  5529  6151  2890 11640
  4562   893 11211  1240 56946 10067  2052 10067 11554 10291  3142  2890
 15168  7785 56932 10954  6151   577 12407  4643  6151 12342 12675 56931
 56945 56945]
