25 [11120  6805 15161  5147   217 56932  8788 56932 11211  7780  3924 11120
 12742  4472  2890 15316  4472  5997 13396  5224  7082 56946  8943 12139
 56934 14931 56935 56932  8468  6641 56934  5236 56935 10621 12613  6615
 14030 56934 56946 56935   805  5224  7057  4561  4472 12424 14729  2844
  4472 12381]
6 [ 1240 46153  5224  8614 10067  7538 10291  5224 11627  4472  5804  3034
 13274 56931 56945 56945 56945 56945 56945 56945 56945 56945 56945 56945
 56945 56945 56945 56945 56945 56945 56945 56945 56945 56945 56945 56945
 56945 56945 56945 56945 56945 56945 56945 56945 56945 56945 56945 56945
 56945 56945]
9 [ 1240 46153  5224  8614 10067  7538 10291  5224 11627  4472  5804  3034
 13274 56931 56945 56945 56945 56945 56945 56945 56945 56945 56945 56945
 56945 56945 56945 56945 56945 56945 56945 56945 56945 56945 56945 56945
 56945 56945 56945 56945 56945 56945 56945 56945 56945 56945 56945 56945
 56945 56945]
8 [ 5226   424 13440 56932  5676 56946  5226  5224  7956  4472  1231 14753
  4472 11120  1062 10291 11211  1240 12730  5226 14662  5226  5224  3172
  4472 13408 56931 56945 56945 56945 56945 56945 56945 56945 56945 56945
 56945 56945 56945 56945 56945 56945 56945 56945 56945 56945 56945 56945
 56945 56945]
13 [ 5226  7809  6151 14196 56932  5224 10242    36  4472 11120  1752 10067
 12325  4472  2480 56932 14009  2200 56932 15201 11211 11120  4687 56940
  6667  8493  9852 10236 56940 13396 12135  4472  5804 12534  8493  1004
 11211 13711  5224  1584 10067 14399 56931 56945 56945 56945 56945 56945
 56945 56945]
23 [ 4151  1347  4472 12004 56932  6151 13386  1404   217 56932  8590 56932
 11120  2858 15227 56932 14219  4562 11120  7300  9379  3861  5226  2525
  4472  8493  2198  4472   366  4472  4151  4822  9330 10291 11830  4562
  4151  6505  4472   424  6319  7956  4151 13010  4472 10731    68  7162
  5226  5224]
1 [15229  5226  5224 15175  4151 56942 15229  4472  7661  4472  2090 56934
  4932 13935 56935  4472 11120  5918 56932  8415  5226  5224 15175   322
 56932 10621  4151 56942  4472  5804 56946 12200 56942  6950  5226  5224
 11988 14179 56946 10621 56942  9570  5226   420  2140  2899  5226 11120
 56946 56932]
2 [ 1296 56932  1925  9792 56932  4472 56942  5137 56932 56946  5224 27026
  4472  1231  9541  5226  5224   695  7261  4472   425 12689 56932  4562
 11122 11211  1240 15174    40  5226  5224  4569 12855  6151 11120 13439
 10343 56931 56945 56945 56945 56945 56945 56945 56945 56945 56945 56945
 56945 56945]
7 [ 5224  9874  5240 12555  4415  5804  6192  4472 12921 56932  5534  6950
   373  4472 13588  8493  7207 12135  4472  5804 13712 14049  1925  3015
 56931 56945 56945 56945 56945 56945 56945 56945 56945 56945 56945 56945
 56945 56945 56945 56945 56945 56945 56945 56945 56945 56945 56945 56945
 56945 56945]
14 [ 5224  6519 10067  4942 13396 11623 10621 56946 15512  4472 11120  6805
  4472 12831 10067 14084 56932 10958 37873 56932  7780   880 11120  3820
  5226 11120  1976  8973 10067  9230  4472  2667 56932  3908  2004  6270
 56932  4562  5224   273  4472 11211 13004  7956  5224 15316  4472 14693
  4472 11807]
15 [ 5224 13723  6059  2944 10268 10067 56942  1925 56942  4472  8289  4185
  5226  5224  3086  4472  1324 56931 56945 56945 56945 56945 56945 56945
 56945 56945 56945 56945 56945 56945 56945 56945 56945 56945 56945 56945
 56945 56945 56945 56945 56945 56945 56945 56945 56945 56945 56945 56945
 56945 56945]
24 [ 5226 11120  9639  4472  1758  8810 14011 56932  5804  3097  6644 10621
  5483  7187  6985  1231  2975  5226 11120  6255 13844  4472  5804  9468
  4472  1723  4472  5049 56932  1925 12081 11120  1147  4472  5804  3147
 56931 56945 56945 56945 56945 56945 56945 56945 56945 56945 56945 56945
 56945 56945]
34 [11120 11464  6695  4472  2119  4472  4957 12297 12297  4562 14759  6151
 11120  6543 56946 10621  4559  2890 56946 12297 12297 10621  5224  6952
  4472 11120 10366 10067  5053 56946 56946 12297 12297 56946  4472 11120
  4351 10621 10674 56946 56946 12297 12297 56946  2890  6412  3047 12672
  5538 13396]
14 [ 8630  5240  9918 11120 11169 15583  4472  2658  4472  4821 10621  1231
 56946  4969  4472   928  4562  4151 21439 44092 10696  4472  1723 56932
 20645  4472 15252 56932 17934  4472  9161 10621  6810  4472  2919 56932
  5240  3058  4592 11120 13171  8484 27326 10611 56946  4472 15252 10621
   184  4472]
21 [ 8630  5240  9918 11120 11169 15583  4472  2658  4472  4821 10621  1231
 56946  4969  4472   928  4562  4151 21439 44092 10696  4472  1723 56932
 20645  4472 15252 56932 17934  4472  9161 10621  6810  4472  2919 56932
  5240  3058  4592 11120 13171  8484 27326 10611 56946  4472 15252 10621
   184  4472]
29 [ 8630  5240  9918 11120 11169 15583  4472  2658  4472  4821 10621  1231
 56946  4969  4472   928  4562  4151 21439 44092 10696  4472  1723 56932
 20645  4472 15252 56932 17934  4472  9161 10621  6810  4472  2919 56932
  5240  3058  4592 11120 13171  8484 27326 10611 56946  4472 15252 10621
   184  4472]
33 [ 8630  5240  9918 11120 11169 15583  4472  2658  4472  4821 10621  1231
 56946  4969  4472   928  4562  4151 21439 44092 10696  4472  1723 56932
 20645  4472 15252 56932 17934  4472  9161 10621  6810  4472  2919 56932
  5240  3058  4592 11120 13171  8484 27326 10611 56946  4472 15252 10621
   184  4472]
45 [ 8630  5240  9918 11120 11169 15583  4472  2658  4472  4821 10621  1231
 56946  4969  4472   928  4562  4151 21439 44092 10696  4472  1723 56932
 20645  4472 15252 56932 17934  4472  9161 10621  6810  4472  2919 56932
  5240  3058  4592 11120 13171  8484 27326 10611 56946  4472 15252 10621
   184  4472]
49 [ 8630  5240  9918 11120 11169 15583  4472  2658  4472  4821 10621  1231
 56946  4969  4472   928  4562  4151 21439 44092 10696  4472  1723 56932
 20645  4472 15252 56932 17934  4472  9161 10621  6810  4472  2919 56932
  5240  3058  4592 11120 13171  8484 27326 10611 56946  4472 15252 10621
   184  4472]
2 [ 5224  9102  4472 11120 14493    65 11120 13734  4472 56946   264 11120
  8200  6151  1231 15276  5226  5224 12908 10067  9080 13012 56932  9000
 10705    82 56934 56946 56935 10621  8783 12734  5804   541  4472  9338
  4472  5683 13579 56932 13732 10621  5189 56931 56945 56945 56945 56945
 56945 56945]
6 [11120  5887 10067 12956  4472  4428  4472  1324 56932 14946 56946 56932
  5165   217  2890 56946 10300  6151  8493 14564  2749  4472 14678   635
  2370 11120  8094  5234  3608 10067 56940 10255 13579 56940  4472  3572
  5733 10867 14781 56932 56940  7468 56940 56931 56945 56945 56945 56945
 56945 56945]
9 [ 5224  6251  4472 13223 12387  2986 11515 56932  4562  5615  4472 11616
 10621 10025 56946 13396  1231  5632  1329 10621 14869 56931 56945 56945
 56945 56945 56945 56945 56945 56945 56945 56945 56945 56945 56945 56945
 56945 56945 56945 56945 56945 56945 56945 56945 56945 56945 56945 56945
 56945 56945]
15 [ 7440 11859  7578  1296  1925  4252  4472 11120  5978  4562  4151  1761
  4472  2890  9084  4472 15225 56931 56945 56945 56945 56945 56945 56945
 56945 56945 56945 56945 56945 56945 56945 56945 56945 56945 56945 56945
 56945 56945 56945 56945 56945 56945 56945 56945 56945 56945 56945 56945
 56945 56945]
16 [12297 12297 56936 10621 11149   753  4472  5804   453 56946 10067  4842
  8984 56932 13371 11740  4472  2770 10621 11120 10045  4472 15590 22553
 56937 12297 12297 56931 56945 56945 56945 56945 56945 56945 56945 56945
 56945 56945 56945 56945 56945 56945 56945 56945 56945 56945 56945 56945
 56945 56945]
21 [12297 12297 56936 10621 11149   753  4472  5804   453 56946 10067  4842
  8984 56932 13371 11740  4472  2770 10621 11120 10045  4472 15590 22553
 56937 12297 12297 56931 56945 56945 56945 56945 56945 56945 56945 56945
 56945 56945 56945 56945 56945 56945 56945 56945 56945 56945 56945 56945
 56945 56945]
34 [15023  1231 14723  1800  4562  1166  2865  3543 56932  7628 10180 11428
  5226  5224 15412  4472  3475  4562  1231  8288 13518 56932  5224    45
 11810 56932  6659 12948  5226 11120  8691 14460 10067  3358  4472 15412
  8984 56931 56945 56945 56945 56945 56945 56945 56945 56945 56945 56945
 56945 56945]
20 [11120  7790  4562  1164  4472 13456 56932  5224 13398 10635  4472  5804
  2611 10621 11120 12964  1323  4472  5224 11554  4472  5804  5359 56946
 13974  4472  2890 56946 11211  2002  1231  8467  4678  5226  9209  3224
  8860 10621 11211  4059  2890 14555 13959  4562  7508 10291 56942  8155
 56931 56945]
8 [ 2890 13723  4472  5804 13171 13035  9135 10067 13344 11452 11117  6005
  4472  2529  5224  3474  4332 10067 12362 10621 11117 56946  4562  1781
  1807 12764  2545 17969  4562 11120 13077 10291 38210 13822 21879 56931
 56945 56945 56945 56945 56945 56945 56945 56945 56945 56945 56945 56945
 56945 56945]
14 [  261 56946  5240  5224 14555 22143  4472 11120  1500 11211  4550  6043
  5224 56946 10067  4174  5226 15168 10067  4793 12741 56931 56945 56945
 56945 56945 56945 56945 56945 56945 56945 56945 56945 56945 56945 56945
 56945 56945 56945 56945 56945 56945 56945 56945 56945 56945 56945 56945
 56945 56945]
4 [ 8509 11120  6255  5818  4472  9410 56932  5804 11754  4472  7581   848
  4472   653  4472 11120  2894 56946  1925 11964 15164 10621  1925  3104
  6151 11211 56946 56932  5226  5224 14568 13171  9888  1958 56932  4151
  8373 14596  4694 56932  6205 13371 11120  9443  6151 11120 11798 32168
  4472  5804]
1 [12711  4472 11498 56942 12297 12297 12297 12297 12297 12297 56942 56931
 56945 56945 56945 56945 56945 56945 56945 56945 56945 56945 56945 56945
 56945 56945 56945 56945 56945 56945 56945 56945 56945 56945 56945 56945
 56945 56945 56945 56945 56945 56945 56945 56945 56945 56945 56945 56945
 56945 56945]
29 [ 1352 56932  5224  4188  4285 10621 15639  5972  4472 10766 56932  9353
   217 56932  3786 56932 11211 13776 10899  5224  2445  4472 11016  4472
  9835  3301 13396 11120 11556  4472  5804 10700  9362  4472 10766 56934
 56946 56935 10291 13853  8493  4188   657  5226  4151  4558 13901 10067
  6604 56931]
21 [ 9000  5224 12425  5805  4472 10025   420  7320  5226 15316  2861  8373
  4562  6108  2131 56934  8503  4472  8025 56932 11885  4472 56946 10621
 18087 56932 13261  1231 11576   623 56935 10621  8493  8106 11578  5226
 23163 10621 56946 56931 56945 56945 56945 56945 56945 56945 56945 56945
 56945 56945]
10 [ 5224 12425 10621 15832    96   217  5224  8436 56941 18185  4472  5207
 56946 56941 56932  8493   990  4472 15809 56932  1207 10621  5978  1217
 56931 56945 56945 56945 56945 56945 56945 56945 56945 56945 56945 56945
 56945 56945 56945 56945 56945 56945 56945 56945 56945 56945 56945 56945
 56945 56945]
20 [ 5226   425   792 11117  7689  1925  4369 10426 56932 15609  3176 56932
  7650  4472 11120 13675 13844 10067 56940  9541  4472  4151  8308 56940
 56932 14361 11120  2970 11122 11211  7868  5224 13004 13326 11122  5517
  6151 10945  5224 10726  4472 11120  1578 56931 56945 56945 56945 56945
 56945 56945]
24 [33574  8373 10013 10291  5224  7261 56932  5224 17921 12492  2890 12168
  1925  1408  4472 11120 10056  5853 56932  4233 23144 56932 13396   375
  4472  6480 10621  5668  8902  2890 56946 11211 16659 11120 16400   375
 10067  4667 56931 56945 56945 56945 56945 56945 56945 56945 56945 56945
 56945 56945]
12 [ 5224  3612  4472 12613   635  5065   217 11120 11093  3376 10067  6171
  4472 10043   501  1925  4894  1925  3353  4472 56946 56932  4472  9164
 56932 13396 56946 56932  5226 11120  4722 14924 10067  5138  3733 56931
 56945 56945 56945 56945 56945 56945 56945 56945 56945 56945 56945 56945
 56945 56945]
29 [ 5226  7386 56932  5224 12365  4472  9146  7780 20444 26767 13822  1825
  5226  5224  2792  4472 10442 56932 10556  2828 56932 10621  5226  5224
  7423 10621  4569 12855 56932  1925  9792 56932 37705  5226 11211 56940
  5011 56942  3861 10291  5224   273  4472 11120  8946 56946 56940 56932
  8630 11211]
28 [ 9000  6226   428 56932 15648  5224  7423 56932   582 11434  5226  5224
  7217    36 10621  4562 11120   618  4472 11120 12815  5432 56932 56940
  4472 14399  4562  5804 15099  4472 12764 21154  5226 13424 15359 56940
 56931 56945 56945 56945 56945 56945 56945 56945 56945 56945 56945 56945
 56945 56945]
28 [ 6151 14849 10067  3443 11085 56932   784 33722  2801  7780  8192 15111
  4472 21383  5224  2222  4472  2890  5589 48071 56932  4472  2890 56946
   848  4472  2890 56946  4472 56946 56931 56945 56945 56945 56945 56945
 56945 56945 56945 56945 56945 56945 56945 56945 56945 56945 56945 56945
 56945 56945]
34 [ 5226  1231  9283  4472  4709 56932 11120 36562  5001 31843 48315 56932
 13845  6151  6226 11122  7426 10621 17157 10067 56946 56932    96  6151
  4337 56946 10621  1231  9745 20730 27548 19392 56934  3280  4472  3455
 10156 56935 56931 56945 56945 56945 56945 56945 56945 56945 56945 56945
 56945 56945]
21 [ 5224 50687  4472 56946 11562 25579 56932  8373  3861 15083  4472 11211
  1240 56946  5224 15063  5226 11120  9212 18077 56946  4472 56946 56934
  2294 56935 56932  5983  9778 56946 15863 30325  6151  2890  9249 10621
  4563   286  4562  5345 11120 14397 56932  5226 28169    59 56932  1233
 56946  4151]
2 [56940 11120  2370 12097 10067 13676 11950  3245 13261  8273 56940 56932
 15201 56931 56945 56945 56945 56945 56945 56945 56945 56945 56945 56945
 56945 56945 56945 56945 56945 56945 56945 56945 56945 56945 56945 56945
 56945 56945 56945 56945 56945 56945 56945 56945 56945 56945 56945 56945
 56945 56945]
8 [11120  9168 10448 10291 11211  5224 10242  9823  4472 11120  1391 56932
 45228 56327 56932 56946  5226  9379  3861  5224  8741  4472 56942 56940
  6270 16536 56940 10291 11120 56946  5240  5224 13185 10067  8965  5224
 12479 12355 10611  5804  6681  5224  2689  6260  5226  4151  1539  4472
 56946 10621]
40 [11120  1971 10067 56946  5835 56932 13396    13  5689 56932 11120 13622
  4472  1231  9541  4472  8678  6151  5804  1551 10621 11120 13174  5226
 15623  5769  4472 11120   445 10471  4472  1231 11668 12031 10291  4151
  4290  6151 11120  9832  4472 10110 10621  5082  6221   207  1925 15058
 56931 56945]
27 [ 6151  5804 56942  5137 15893 16709 25041 56932  5224  8876 56940 11629
  4472  9214 56940  4472 11120  7645 10621  5224  8876  8491 13221  2231
  4472 11120  4152 10067  2274 14749 56931 56945 56945 56945 56945 56945
 56945 56945 56945 56945 56945 56945 56945 56945 56945 56945 56945 56945
 56945 56945]
4 [ 4758 14105 56932 14357  4472  3054 10621  9809  4472 11120 13524  4472
  9192 56932 10024 11120 11798  4472 11120  8069  4472 11304  6151  5804
 56946 10067 56942 56932  3610   217 13396  5224  4556  5226 14975 56934
  9694 56935 56932  4562  8493  2928  4472  7538 56940  5226 11120 11211
 12764  4365]
3 [ 5224  3835  9551  4472 14134 56932 56946  1283   826 10621 11646 13858
 12947  6151  5804  2140 11779  6151  7608 10067  8614 12255 56940 11120
 56946 56940 56932  8493  2507  4472  3657  4472  1283 11211  4473  4200
  6151  4151  8155 56940 13396 11122 11211   865 10621 12764 13396 11122
 11211  1340]
46 [ 8554 10561  5226  3290  6151 56942  5263  4472 11120  4696  5043 56932
 11211  2348  5804 56942 10440 10067  1863  8310  5226  2890 11554  4472
  8493  4000 56932 56942 10013 10621 56942  5263 56932  4562  8493  2415
  4472 56942  5263  7956 10897 10922 56932 11211   299  6151  9694  4562
  8493  5265]
16 [ 5224  6260  3786 56942  4472  4709 13396 11120  8818 56932 12015 56946
  6151 10202  5224  7900 10067 12649 56931 56945 56945 56945 56945 56945
 56945 56945 56945 56945 56945 56945 56945 56945 56945 56945 56945 56945
 56945 56945 56945 56945 56945 56945 56945 56945 56945 56945 56945 56945
 56945 56945]
41 [ 5224  8086 10067  2342  4472 11122 12743 56942  4472 13732 56932   797
  4220 56932  7780    37  8493  2440  5226 11120 11211  9095 11120  7563
 11697 56932 11211  4105 56940 11120 10506 10668  4472 11120 15167  4472
  2514 11211 11120  8108   202  4472 13276  1645  4472  5187 11926 10621
 14931 11813]
9 [ 5224 10417 15540  4151   739 11211  7494  5224  8033  4472 13359  5226
 11120  3174 56931 56945 56945 56945 56945 56945 56945 56945 56945 56945
 56945 56945 56945 56945 56945 56945 56945 56945 56945 56945 56945 56945
 56945 56945 56945 56945 56945 56945 56945 56945 56945 56945 56945 56945
 56945 56945]
37 [ 5224  4569  4472  2892  6151 11120 12695 10067   653 56932 15195 56946
 56932  1240  7780  5788  1691  4472 12033 56946 10621  6128  5254  5226
  5804 56942  5137  5226 11211  7780  8192  2141  4472  1361 10621  4472
 12695  4472 11120  9849 56932  9000  1231  8909 10471  5240  8493  2543
  6197 11211]
3 [56940 56946  5226   618  4562 11120 56946 56932 11120 12815 56946  5226
 14564 14557 10621  4562 11646 14218  2649 13901 10291  7303  8493 14329
 11211  5514  5224  4291  4472 11120  7182  6151 11835 56940 56932 15201
  5224  2792  4472 11120 56946 56932 16770 14183 56931 56945 56945 56945
 56945 56945]
33 [ 5224 56946 15919 26690 14817  9541  4472  2890 17789 56932  5224 56946
 16474 56946 56932  5224 10246  2067 10621  5224 24168 56946 19592 30705
 29193 56932 13478 25713 56932 10291 11211  5804 15364  4472  3229 56946
 13396 56946  6151  5804 56946  4472 13998 56931 56945 56945 56945 56945
 56945 56945]
41 [ 5224 56946 15919 26690 14817  9541  4472  2890 17789 56932  5224 56946
 16474 56946 56932  5224 10246  2067 10621  5224 24168 56946 19592 30705
 29193 56932 13478 25713 56932 10291 11211  5804 15364  4472  3229 56946
 13396 56946  6151  5804 56946  4472 13998 56931 56945 56945 56945 56945
 56945 56945]
1 [ 9220  4472 11120 15243  1346 11211 11120 15422 22643 13396 11120  2198
  4472 11120  2894  5226 11120  8001  8458  4472  4822  9330  7956 12328
 20375 56940  7952  5226  2370 10067  3432  4472 11120  5430  3537 56940
 56931 56945 56945 56945 56945 56945 56945 56945 56945 56945 56945 56945
 56945 56945]
19 [ 9220  4472 11120 15243  1346 11211 11120 15422 22643 13396 11120  2198
  4472 11120  2894  5226 11120  8001  8458  4472  4822  9330  7956 12328
 20375 56940  7952  5226  2370 10067  3432  4472 11120  5430  3537 56940
 56931 56945 56945 56945 56945 56945 56945 56945 56945 56945 56945 56945
 56945 56945]
8 [ 5224  9230  1024 10067  9322 56932  9823 12388  1925 11167 56932  5010
 11120  9805 13396 10025   420  5137 10067  7581  4472 10942 56932  7781
  5226  5224  6319  5217 56942 56932  1925 14338 11211  5240 10493 10291
  2369  2370  5224  5340 56931 56945 56945 56945 56945 56945 56945 56945
 56945 56945]
40 [56940  5224  7581  4472 10942  1240  5448 13371   661 10291  8826 11122
 13848  5226  5804  4393  5137 56932   980  5224 13185  4472 11120  4243
 10621 11120 12368  4472  5804  6312  4472 11120  8728 10621  5224  4245
  2433 56940 56932  1096  1925 11167 56932  5226  8493   989 14238   217
 56932  4522]
5 [11120  9709 10611 11120 15959  4472  1447  5831 10621 56946  4472 30060
 56932  5226 11120 13307  4472 12578 56946 56932 14435  6928  8895 10621
 11120  4932 27058  4472 56946 56932   105  5804  6312  4472 11120 10409
 56931 56945 56945 56945 56945 56945 56945 56945 56945 56945 56945 56945
 56945 56945]
10 [11120  9709 10611 11120 15959  4472  1447  5831 10621 56946  4472 30060
 56932  5226 11120 13307  4472 12578 56946 56932 14435  6928  8895 10621
 11120  4932 27058  4472 56946 56932   105  5804  6312  4472 11120 10409
 56931 56945 56945 56945 56945 56945 56945 56945 56945 56945 56945 56945
 56945 56945]
9 [11120  9745  7861  8703 12135  4472  4151  7396  7453  4472 56946  3420
 56934 56946 56935 56932  8493 14082 11840  4998  5226   995 10067  2689
  6260 13396  5822  5226  1839 10468 56931 56945 56945 56945 56945 56945
 56945 56945 56945 56945 56945 56945 56945 56945 56945 56945 56945 56945
 56945 56945]
25 [ 5224   870 10067 10217  1447 11581 56932 56940 56946 56940 56946 56932
  1240  3623  1811 15023  2135  5224  9691  5226  4151  9001  4472 11120
   476  4472  2551  4562  5224 56946 56942  8957 56932  5226  3196 56932
 14260  5224  9541  4472  7037  1240 15410  5226  8302 56931 56945 56945
 56945 56945]
11 [ 5224  9541  6989  4472 11120  2589  7207  4722  4472 11120  8200  4472
 10241  4472 10977  4472  5138  1500 11834 56946  1447 14524  1240    28
  5224  8788 56942  4472 14842  6151  4151 56942  1362 56931 56945 56945
 56945 56945 56945 56945 56945 56945 56945 56945 56945 56945 56945 56945
 56945 56945]
13 [ 5224  9541  6989  4472 11120  2589  7207  4722  4472 11120  8200  4472
 10241  4472 10977  4472  5138  1500 11834 56946  1447 14524  1240    28
  5224  8788 56942  4472 14842  6151  4151 56942  1362 56931 56945 56945
 56945 56945 56945 56945 56945 56945 56945 56945 56945 56945 56945 56945
 56945 56945]
7 [ 5224 11255 56942  4472 14724  5224  7346  4472 12031 11342 10067  3835
  4472  8365   773  1233 18059   848 12764  5804  5657  4472  7425 56931
 56945 56945 56945 56945 56945 56945 56945 56945 56945 56945 56945 56945
 56945 56945 56945 56945 56945 56945 56945 56945 56945 56945 56945 56945
 56945 56945]
10 [ 5224 11255 56942  4472 14724  5224  7346  4472 12031 11342 10067  3835
  4472  8365   773  1233 18059   848 12764  5804  5657  4472  7425 56931
 56945 56945 56945 56945 56945 56945 56945 56945 56945 56945 56945 56945
 56945 56945 56945 56945 56945 56945 56945 56945 56945 56945 56945 56945
 56945 56945]
25 [ 5224  9230 12624  4472 14299 56932 15082 56946 56932 11499 56932  6151
  1231  1004 56932 11211  5224 14399  4472 46989 11562  1452  2890  5589
  1601  4472  9540 56932 12889 13382 11211 56932  6151 11120  7440  4472
  5804  5470 56932 11120 12135 11211  4807  1925   667  4472 14233  7709
    52  8109]
1 [13371 14022  4472 11673  5039 56932  7146  7148 10067 16882 11430 11211
  2529 56946  5226  2890 15175 13326 10621  5226  5224 11988 15332  4472
 11120 56946 56932  6197 11211 21104 13043 49275 56931 56945 56945 56945
 56945 56945 56945 56945 56945 56945 56945 56945 56945 56945 56945 56945
 56945 56945]
2 [11120 56946  4472 56946  7587 56946  4472  8689 56934 56946 56935 14576
 11211  5804  8433  8540  2626  6151 11120 14779 12743 56932  1925 14338
 11211 11120  9745   393  8586   907  6151  2135  5804 20411 12491 10067
 56946 56931 56945 56945 56945 56945 56945 56945 56945 56945 56945 56945
 56945 56945]
34 [ 5226   425  1968  1240  1831 11896  7956  5804  1163 10067 56946 56932
  3873 12494 56932  1793  4472  7096  4562 10091  4472  6226  5224  1926
 56934  8503  4472  8025  5240  4472  8689 56935 10621  5804 15099  4472
   424 14659 56931 56945 56945 56945 56945 56945 56945 56945 56945 56945
 56945 56945]
7 [  513  5835 11211  5226  5224  6669  4964  4472 15038 56946  1240 56946
  2890  8614  6816  1925 56946 56946 56932  8806  5226  5224  2824  6669
  4472 15038 10621  4884 20247  4472 56942 11804  1240 30496  6151 11120
 25452  4472  1877 10621  6151 11120 37289  4472  4151  1877 13949 56931
 56945 56945]
24 [  513  5835 11211  5226  5224  6669  4964  4472 15038 56946  1240 56946
  2890  8614  6816  1925 56946 56946 56932  8806  5226  5224  2824  6669
  4472 15038 10621  4884 20247  4472 56942 11804  1240 30496  6151 11120
 25452  4472  1877 10621  6151 11120 37289  4472  4151  1877 13949 56931
 56945 56945]
4 [ 6118 10067 11988  1095  4472   797 10352  3245  5804  2511 10067  3242
  4472 13952  5226  5224 15175 56931 56945 56945 56945 56945 56945 56945
 56945 56945 56945 56945 56945 56945 56945 56945 56945 56945 56945 56945
 56945 56945 56945 56945 56945 56945 56945 56945 56945 56945 56945 56945
 56945 56945]
22 [ 4562  5224 14357 56946  3245  1396 56942 13098 56932 10611  8025 56932
  5224 10208 56946 56946 56933  5224  2792  4472  4151 14349  4472  4398
 56932  6099 56946 56933  5224  9283  8373  4472 15610  5226  7118 56932
 35011  9502  4472 54629 56932 10621  5224 14944  4472 56946 56932 14114
 56946 56931]
36 [ 5224 32571 56932  4562  4361  4472 15711 19718 56932  4689 10067 14624
 10067 21641  5224 56942  4472  8949 56932  4254  4562 56940  1925  8871
 14378  6841  4472 15389 56940 56932  7868  5224  5373 10067  2445  3733
  7956 12217 56932  3201  3993 56931 56945 56945 56945 56945 56945 56945
 56945 56945]
8 [ 5224  5373 10067   653 10291  5224  2445  3733  7956 12217 56932  3201
  3993 56932 14576 12948 11120  2038 56932 38203 10621 33692  4687  5432
 56931 56945 56945 56945 56945 56945 56945 56945 56945 56945 56945 56945
 56945 56945 56945 56945 56945 56945 56945 56945 56945 56945 56945 56945
 56945 56945]
2 [ 5224  2880  4472  3806 14691   217  4472 11211  5224  8716  4472  5804
  4900  1925 13475  5226  8949  6260   221  2890  8425  4472  2890 56942
 13396 14108 56932  5226 15583  4562  5224  7977  2824 56931 56945 56945
 56945 56945 56945 56945 56945 56945 56945 56945 56945 56945 56945 56945
 56945 56945]
19 [11120 10244  4472  7581 56932 12812  6973 56932 56946   217  4562  5224
  6516  4472 11120  2198 13336 56932  9129  1925 10302 56932  5226  5224
 14139  4472 11120 12149  5918  4472 13550  1506  5226  5224 11211  1240
  1612  4151  1539 56931 56945 56945 56945 56945 56945 56945 56945 56945
 56945 56945]
6 [15471 11499 11211 11120 11921 15161  4472   694 13084   582  5471  4562
  2890 56940 10255  3448 56940  5226  5224  4177  4472 15461 56932  9000
 11211  5224 15175  4472  5804  8561   234   582  2037 56940  5226  5046
 56932 12065  4472  4390 13627 56940 56931 56945 56945 56945 56945 56945
 56945 56945]
17 [ 5224  3279  4472 13120  1240  1947  5224 56942  4472  4709  4562  5224
  5823  4472 11120  4816 12683  4472 13276 56931 56945 56945 56945 56945
 56945 56945 56945 56945 56945 56945 56945 56945 56945 56945 56945 56945
 56945 56945 56945 56945 56945 56945 56945 56945 56945 56945 56945 56945
 56945 56945]
6 [11120  7891  3285    85  5224 14969  4472  7538 10067  5935 56931 56945
 56945 56945 56945 56945 56945 56945 56945 56945 56945 56945 56945 56945
 56945 56945 56945 56945 56945 56945 56945 56945 56945 56945 56945 56945
 56945 56945 56945 56945 56945 56945 56945 56945 56945 56945 56945 56945
 56945 56945]
4 [14931 11744 56932 11120  9028  7709  2529  2038 56932 11664 11120  6098
 20793 10611  5804 19426 10621 13996  5226   177  7312  5240 11211  6950
 11120  3852  4472  3433   671 56946  4151 12336 11295 10611 15232 10621
 12379  5452 56931 56945 56945 56945 56945 56945 56945 56945 56945 56945
 56945 56945]
2 [ 5224  4685  4472  9450 56932  8552  6151  2890 12168  5226 12759  3252
  4472 56946  5226  5224  1030 56942 56932  7578  6151  5487  5226  4932
 15161 56932  5226  5224  7615 56014  4472 11120 11753 56932 15023 11141
 13396 56946  6151  2890  9328 11211 10360  1231 17187  7838  4472 11120
  8200 56946]
9 [11120  2595 15512  4472  5609  5509  5226  5224  1950  4472  5804  1416
 56932 10830  7595 56932  6005 12948  1925   653  4472 56940 11066  4472
 10647  5226 12031 10067 14746 56940 10621  4472  9408  4472 13030  1203
 11120  1770 10067  2445  5343  3733 56931 56945 56945 56945 56945 56945
 56945 56945]
8 [56940  1469  5235  4562 11120  2457 10067   653  4472  1723  1925  2445
  4472 14113  4562 56942 11804  4472  5895 56940 56932 15201   217  2067
 14740 56932  2595 10067  9211  4472  7581 56931 56945 56945 56945 56945
 56945 56945 56945 56945 56945 56945 56945 56945 56945 56945 56945 56945
 56945 56945]
26 [ 5804  2208 34478   217 11120  4727 13845  6151 11120 14088  4472  9557
 56946 11211 11095 13822 15271  1925 14802  6151 15254  4472  1296  5226
  5224 15175  4472  9527 13814 10696 56931 56945 56945 56945 56945 56945
 56945 56945 56945 56945 56945 56945 56945 56945 56945 56945 56945 56945
 56945 56945]
9 [ 5224  6604 32852  1240 56946  5226  5804  3846  3496  4472   626  4472
 10766 10621  1240 56946 13371 14914  5226  4151 18529  7657 10291  8593
 56931 56945 56945 56945 56945 56945 56945 56945 56945 56945 56945 56945
 56945 56945 56945 56945 56945 56945 56945 56945 56945 56945 56945 56945
 56945 56945]
11 [ 5224  6604 32852  1240 56946  5226  5804  3846  3496  4472   626  4472
 10766 10621  1240 56946 13371 14914  5226  4151 18529  7657 10291  8593
 56931 56945 56945 56945 56945 56945 56945 56945 56945 56945 56945 56945
 56945 56945 56945 56945 56945 56945 56945 56945 56945 56945 56945 56945
 56945 56945]
11 [ 5804 11770 26348 10291  9703  5224 15316  4472  1131  4472  1877  4472
 13732 56932 13300 56932  5226  1231  6098 56932  4472 11211  5224  2623
  5240 56946 56931 56945 56945 56945 56945 56945 56945 56945 56945 56945
 56945 56945 56945 56945 56945 56945 56945 56945 56945 56945 56945 56945
 56945 56945]
15 [14627  5082 11120  4022 13402  4472  2158  5804  8039 10621  5147  8493
  5908 10468  5226  4803  4472  5609 52140 56931 56945 56945 56945 56945
 56945 56945 56945 56945 56945 56945 56945 56945 56945 56945 56945 56945
 56945 56945 56945 56945 56945 56945 56945 56945 56945 56945 56945 56945
 56945 56945]
17 [15083 56932  6870  2890 12687  4562 11120 13524  3046 15227  4472 11120
 11556  4472   713 10621  3491 10067 56946  3934 56934 56946 56935 56932
  4884  1971 12905 16394 11117  5165 11211 13143  1925   653  1231 22306
  4472  8493  1126  4472  4151  4803 56932 56940 13371  5609 10291  2188
  8493  4188]
12 [ 5224  1381 14577 56932  5951  1925 10067 14358 56932 51658 11120 11334
  4472  3077  4472  5804  5634 10291 11211  5226  6221  1723  1240 56946
  5804   464 11059 10621 54216  4472 15993  9136 56931 56945 56945 56945
 56945 56945 56945 56945 56945 56945 56945 56945 56945 56945 56945 56945
 56945 56945]
2 [11120  9212  4472 11120  9893 14102  4472  9701  5699   424 13610 56931
 56945 56945 56945 56945 56945 56945 56945 56945 56945 56945 56945 56945
 56945 56945 56945 56945 56945 56945 56945 56945 56945 56945 56945 56945
 56945 56945 56945 56945 56945 56945 56945 56945 56945 56945 56945 56945
 56945 56945]
13 [11120 15822 12731  5226 47443 10621 14202  6151 11120 16824  4472  4151
 16168  4472 11120  7150  4472  1447 13662 38237 56932 11211  5226  5804
  5137 56942 19525  5226  5804  6537 56931 56945 56945 56945 56945 56945
 56945 56945 56945 56945 56945 56945 56945 56945 56945 56945 56945 56945
 56945 56945]
19 [56940 11120 12283 10291 15951 10067  7770  6950   582 56946  6151  9168
  4472 11211  1231  3542 12764 31708  5226  4756 10916 56940 56932  1015
 15795 56932 12133 10067  7415  9541  3733 56931 56945 56945 56945 56945
 56945 56945 56945 56945 56945 56945 56945 56945 56945 56945 56945 56945
 56945 56945]
18 [ 5226  8406 56932 56946  2890 15770 13843  6151 11120   712  4472  5804
  3692 10067 11183 56932  5804 16680  4472 13732 56932 11211 12993  5226
   425  5346 11169 12135 10067  6710  6151 11211 15394  2879  5224 19576
 56932 10621  5226 56946  5224 11183 10097  5224  1673  4472  3400 18228
 10067 15837]
18 [ 5224  1283  4472  4188  8366 56932 56942 11804  4472  5699 56932  7780
  8192  7529  4562  5224  3835 15164  4472 14030 10621 13261 56946  5226
 56942  5137 56931 56945 56945 56945 56945 56945 56945 56945 56945 56945
 56945 56945 56945 56945 56945 56945 56945 56945 56945 56945 56945 56945
 56945 56945]
35 [ 2890  5078  4472  8593    85 11120 14138 11211 56946  6151   285  4151
 14218  1796  1633  5224  8598 56932  4693  4472  1231   989  4562  5224
 11183 56932  3828 32687  3702  4562 11120  6780  4472 56940 12764  6151
 11120  5769  2358 56940 56932 10621 56946  4009  2370  5224 14555   653
 56931 56945]
22 [56946 11949  3772 11120  2280 14260  4151 10624  4472 14122  8589 12707
 12764 10762 12948  6151  8493  1404  3927  5226  5224 15175  4472  3665
  4472 11120  1976  4472 14679  4472  7874 56931 56945 56945 56945 56945
 56945 56945 56945 56945 56945 56945 56945 56945 56945 56945 56945 56945
 56945 56945]
24 [56946 11949  3772 11120  2280 14260  4151 10624  4472 14122  8589 12707
 12764 10762 12948  6151  8493  1404  3927  5226  5224 15175  4472  3665
  4472 11120  1976  4472 14679  4472  7874 56931 56945 56945 56945 56945
 56945 56945 56945 56945 56945 56945 56945 56945 56945 56945 56945 56945
 56945 56945]
2 [ 5224    16   273  4472 11140  4472 10150  5226 11120 14571  4472  8689
  1240  7112 13396 11120  6578  7300  4472  1046 10067  5879  3733  4472
 11602 56932  7868  6118 10067  7966  4472 13732 56931 56945 56945 56945
 56945 56945 56945 56945 56945 56945 56945 56945 56945 56945 56945 56945
 56945 56945]
14 [ 8493 13745  5127 56932  8047  6151  4151 14971 10611 12569 10191 56932
 10272  1925  5609 11211  5224 14399  5240  3712 10621 11211  5224  5078
  3091  4472 11120   990  9840 11434  1296 56932 13348 56932 13396 11120
  1296 56931 56945 56945 56945 56945 56945 56945 56945 56945 56945 56945
 56945 56945]
25 [ 5224  2792  4472 15232 56932  3433   671 56932   161 12948 13482  6151
  8493 14508  4472  7381  5137 10621 10460  8493  4361 13149  1633 11120
 10101  4472  7025  4472 12379  5452  5226  5224 15175  4472 11120 15489
 56931 56945 56945 56945 56945 56945 56945 56945 56945 56945 56945 56945
 56945 56945]
27 [ 5224  2792  4472 15232 56932  3433   671 56932   161 12948 13482  6151
  8493 14508  4472  7381  5137 10621 10460  8493  4361 13149  1633 11120
 10101  4472  7025  4472 12379  5452  5226  5224 15175  4472 11120 15489
 56931 56945 56945 56945 56945 56945 56945 56945 56945 56945 56945 56945
 56945 56945]
11 [ 2890 12956  6695 40231  6151 15254  4472   217  5226 11120 14294  4472
 15538  5224 13019  4472   852 48962 16501 56932  3848  6151 10430  5226
 56942 15023  8493 11495 13396  8493  8163 17606  5226   424  8429  4472
 15538 56931 56945 56945 56945 56945 56945 56945 56945 56945 56945 56945
 56945 56945]
24 [ 4151 11376 10067 12122 10621 10067  5692  4473  6678 56946   217  4562
 13822  7083 10621  8643 11120 11140  4472 11120  7261 10067  8876  5972
  4472  2675  4472 11120  8129 56931 56945 56945 56945 56945 56945 56945
 56945 56945 56945 56945 56945 56945 56945 56945 56945 56945 56945 56945
 56945 56945]
26 [ 4151 11376 10067 12122 10621 10067  5692  4473  6678 56946   217  4562
 13822  7083 10621  8643 11120 11140  4472 11120  7261 10067  8876  5972
  4472  2675  4472 11120  8129 56931 56945 56945 56945 56945 56945 56945
 56945 56945 56945 56945 56945 56945 56945 56945 56945 56945 56945 56945
 56945 56945]
12 [13396  7932 56932  8493 12921  5226 11120 17727  5683 10067 14139 11192
  4472  2163 56932  4562 11581  4382 36723  1925 56946  4472 11120 16919
 56931 56945 56945 56945 56945 56945 56945 56945 56945 56945 56945 56945
 56945 56945 56945 56945 56945 56945 56945 56945 56945 56945 56945 56945
 56945 56945]
13 [ 1402  3502 11120  2928  5226  5804 10440  3559 10067  1681  6151 11120
  9639  4472 56946 56946 56931 56945 56945 56945 56945 56945 56945 56945
 56945 56945 56945 56945 56945 56945 56945 56945 56945 56945 56945 56945
 56945 56945 56945 56945 56945 56945 56945 56945 56945 56945 56945 56945
 56945 56945]
4 [ 6955  5804 14117 56934  6151 56935  5224  3432  4472  4573   194  4472
  3889   848 56946  6151  5804 11211  1240 10469  6151 12297 10008 12297
 56931 56945 56945 56945 56945 56945 56945 56945 56945 56945 56945 56945
 56945 56945 56945 56945 56945 56945 56945 56945 56945 56945 56945 56945
 56945 56945]
14 [ 1925    20 11211  5226  5804  9140 56932  5226   425 13450 56932 11120
  7038 56934  6151 56935 18012 13371 14022  4472  4151 22731 56946 56932
 11122 11211 15604  3245  5224 12284 56932  4693 16141 10291  5224 12562
 56946 56932  4472  8716  4472 56942  1925 17691 11120 14119 10621 56932
  4562  8596]
