23 [11120 10957  4472  5734  4472  4821 10621  5723 56946  7780  4529  5226
  8756  6151  5804  9135 13171 15612  4472 11120 24131 15161 56932 56946
  5226 14040  8493  2507  4472  8144  3735  1633  4151 10267  1004 13171
  6625  4160  9254 10611  5804 10624  4472 11120  8368 25096 10621 13822
  4733 56931]
15 [ 8373  4472  5488 21263 56932  1925  8871 56932   865 10067  7944  3910
 10621  1240  9567  2518  5226 11120 12135 11379 10621 12506 56932  8170
 56932 10067  5960 13171 13187 10621 11519 56932 15311  4562  5224  4136
  4472 44288 56931 56945 56945 56945 56945 56945 56945 56945 56945 56945
 56945 56945]
