5 [ 5226   424 13440 56932  5676 56946  5226  5224  7956  4472  1231 14753
  4472 11120  1062 10291 11211  1240 12730  5226 14662  5226  5224  3172
  4472 13408 56931 56945 56945 56945 56945 56945 56945 56945 56945 56945
 56945 56945 56945 56945 56945 56945 56945 56945 56945 56945 56945 56945
 56945 56945]
3 [13822  3824  1240  5771  5226  5224  1601  9448  6151 11120 14736  6151
  4151  8546  7151 10621  7289  4472 11120  5807  4472 10568  1490  4687
 12740 11211  2017  6151  1231 13789 56931 56945 56945 56945 56945 56945
 56945 56945 56945 56945 56945 56945 56945 56945 56945 56945 56945 56945
 56945 56945]
25 [ 5226 12379  5452 53847  5226  1242 56932 14931 11744 56932  9135  4472
  4151  8373  7429 56932 12889  1240   874  1233  6572  5226 56946   848
  1240 56946  5226    13 15168 56931 56945 56945 56945 56945 56945 56945
 56945 56945 56945 56945 56945 56945 56945 56945 56945 56945 56945 56945
 56945 56945]
32 [15471 11499 11211 11120 11921 15161  4472   694 13084   582  5471  4562
  2890 56940 10255  3448 56940  5226  5224  4177  4472 15461 56932  9000
 11211  5224 15175  4472  5804  8561   234   582  2037 56940  5226  5046
 56932 12065  4472  4390 13627 56940 56931 56945 56945 56945 56945 56945
 56945 56945]
