28 [ 2480 10621  4984 56946   217  1231  5139  6151 11120  3737 10621 12166
  5224  3299   826  4472  5804   352  7956  7430  8509  5804 56942   949
 39015 10067 11100  4472  4709 56931 56945 56945 56945 56945 56945 56945
 56945 56945 56945 56945 56945 56945 56945 56945 56945 56945 56945 56945
 56945 56945]
8 [ 4695  4562 11120  8290  4188  8522 10067  6371 56942 11669 11950 56931
 56945 56945 56945 56945 56945 56945 56945 56945 56945 56945 56945 56945
 56945 56945 56945 56945 56945 56945 56945 56945 56945 56945 56945 56945
 56945 56945 56945 56945 56945 56945 56945 56945 56945 56945 56945 56945
 56945 56945]
21 [ 1233  1240     4  5804  9097  3318 10621  8801 56932  5224 13343  4472
  5804  4900   401  8666  2890 56942 13396 14108  5224  7977  6260 10621
  2890 56942 13396 14108  5226  3740  9939 56932  9445 56931 56945 56945
 56945 56945 56945 56945 56945 56945 56945 56945 56945 56945 56945 56945
 56945 56945]
2 [ 5224  8533 11966   256 14360 56932 10067   776  4472  1723 56932    85
  4204 13371  5224 12232  7811  8491  4472 17377 56932  4562 56942 13349
 56931 56945 56945 56945 56945 56945 56945 56945 56945 56945 56945 56945
 56945 56945 56945 56945 56945 56945 56945 56945 56945 56945 56945 56945
 56945 56945]
19 [ 5804  3421  7394 56932  4562  8064  4472  8030 10343 10621 10685 56932
 11430 11211  2529  7639  5226  5224 11988 56942  4472 13330 56931 56945
 56945 56945 56945 56945 56945 56945 56945 56945 56945 56945 56945 56945
 56945 56945 56945 56945 56945 56945 56945 56945 56945 56945 56945 56945
 56945 56945]
20 [ 5804  3421  7394 56932  4562  8064  4472  8030 10343 10621 10685 56932
 11430 11211  2529  7639  5226  5224 11988 56942  4472 13330 56931 56945
 56945 56945 56945 56945 56945 56945 56945 56945 56945 56945 56945 56945
 56945 56945 56945 56945 56945 56945 56945 56945 56945 56945 56945 56945
 56945 56945]
21 [ 5804  3421  7394 56932  4562  8064  4472  8030 10343 10621 10685 56932
 11430 11211  2529  7639  5226  5224 11988 56942  4472 13330 56931 56945
 56945 56945 56945 56945 56945 56945 56945 56945 56945 56945 56945 56945
 56945 56945 56945 56945 56945 56945 56945 56945 56945 56945 56945 56945
 56945 56945]
15 [ 2890 13723  4472 12770 14662  5226 15445 11211  5224 10242  4472  7581
  4472  6467 56932 11966  2128  4472 14393 56932  7780 15328  6151  3969
 11211 56940  1233  5226 11120  3174   635  5224 14358  7494  5224 56946
  4472  5804  2322 56932  3245 11117  4346  5224 56946  4472  5804 12770
 56940 56932]
