18 [ 1925  3479  5224 15120 56932  5804  8373 12535  1240  2542  4562 13822
  3491 11211 10762  1925 15120 10621  5495  4562  5804  1482 56931 56945
 56945 56945 56945 56945 56945 56945 56945 56945 56945 56945 56945 56945
 56945 56945 56945 56945 56945 56945 56945 56945 56945 56945 56945 56945
 56945 56945]
34 [ 5224 13488 10067  1248 15648  6151 14196 11211  5804 15989 10067  1437
 12669 12407 15611  6151  5804 10067  6260 56932 11664  5240 12407  6477
 11211  5224  1387 12764 14856  7409 56932 11372  1240  5207  7871  4562
 14007 14164 56946 56931 56945 56945 56945 56945 56945 56945 56945 56945
 56945 56945]
