25 [ 5804  8373 12534 33944  3244   217  1231 21601  4562 11120  4194  4472
 11120  9745  1729  4472  8865  2805  3814  6151  9823 32724 56932  9000
  1240   484  4808  6151 15336  2890  2445  4472  1437  4562 11120  3448
  9243 56931 56945 56945 56945 56945 56945 56945 56945 56945 56945 56945
 56945 56945]
16 [56946 56932  6151 13386  5804  5133  2754  2890 10620 56940 56946 56940
 56932  9169  5226 11211   373 56940 11898  6151  1490  1019 56940  4562
 11120  7384  4562  5224   273  4472 56940  8555  8493 11851 11211 56946
  1925  6319 56940 56931 56945 56945 56945 56945 56945 56945 56945 56945
 56945 56945]
6 [ 5534  1240 12045 56932 11120  5404  4770 12407 28418 56931 56945 56945
 56945 56945 56945 56945 56945 56945 56945 56945 56945 56945 56945 56945
 56945 56945 56945 56945 56945 56945 56945 56945 56945 56945 56945 56945
 56945 56945 56945 56945 56945 56945 56945 56945 56945 56945 56945 56945
 56945 56945]
11 [  311 11211  5224 56946 56940 12764  5207 13126 56940 14260 56940   373
   440  7253 10621  7133  6151  4151  6731  5226 14088 21617 56932  7253
 10621  7133  5226  8493 11623  2700 56932 11120 10067   552 56940 56932
  5226 15168  4472  8606 56940  2890  8907 10067  2610 10067  7581 56940
 10621  4472]
24 [56940  1240 26756 10291  8993  5226  5804 18774  4472 11120  7645 10067
  9809  4562  3391 56946 56932  6226  5224  1926  9142  1231  4136 10621
  9373  5403  4472 11211 12171 46364  5226  5224 18240 56940 56932 15201
 56946 56931 56945 56945 56945 56945 56945 56945 56945 56945 56945 56945
 56945 56945]
4 [ 1424  3245  1040 11211  4125 56940 12407  1811 56940 15023  1231 56940
 56946 56940  6390  4562  1402  7427 56931 56945 56945 56945 56945 56945
 56945 56945 56945 56945 56945 56945 56945 56945 56945 56945 56945 56945
 56945 56945 56945 56945 56945 56945 56945 56945 56945 56945 56945 56945
 56945 56945]
25 [31584   373 10611  4151 20703  4472 11120 37040 56932 12555  5217 56942
 56932  5534  8493  6805  4472 11791 12953 11211  5224 14860 10067 13893
 17885  4125 12407 23301 56931 56945 56945 56945 56945 56945 56945 56945
 56945 56945 56945 56945 56945 56945 56945 56945 56945 56945 56945 56945
 56945 56945]
7 [12297 12297 56936  5804 38436  4472   545  4585  4693  2890  9198  7811
 12852 56937 12297 12297 56931 56945 56945 56945 56945 56945 56945 56945
 56945 56945 56945 56945 56945 56945 56945 56945 56945 56945 56945 56945
 56945 56945 56945 56945 56945 56945 56945 56945 56945 56945 56945 56945
 56945 56945]
24 [11120    19 10177 56932  4151   243  4472 56946 12297 12297  4562  2890
 56946 11211 13280  5224  1094  5226  3421  1362 12297 12297 56932 12764
  5240  8871 20387 56931 56945 56945 56945 56945 56945 56945 56945 56945
 56945 56945 56945 56945 56945 56945 56945 56945 56945 56945 56945 56945
 56945 56945]
17 [ 7868  5224 15548 56932 56940 11120 13480 11211 40292  3241  5226  9050
 56932 12731  5226  9050 10621  5240 12407  7074 13396 13822  3692  7539
 56940 56931 56945 56945 56945 56945 56945 56945 56945 56945 56945 56945
 56945 56945 56945 56945 56945 56945 56945 56945 56945 56945 56945 56945
 56945 56945]
15 [ 5224 14479  2203  6151 38033 13396  2890 10119 56944  5226  5224 11211
 11120 11093  8998 14190  6197 54812 56932 13396 11122 11211  6226 19329
  6151 11211  5513  9775 18533 13261  5224 13057  8086 56931 56945 56945
 56945 56945 56945 56945 56945 56945 56945 56945 56945 56945 56945 56945
 56945 56945]
26 [ 5224 13676 56946  4472 11120  7198 56932 20084  4472  2591 56932  7780
 15823 11211 56932 12889 11120  7198  4472 30506 12764  1132  6151 27136
 56932  7780  7581 39883  4472  2260  7275 56931 56945 56945 56945 56945
 56945 56945 56945 56945 56945 56945 56945 56945 56945 56945 56945 56945
 56945 56945]
16 [56940  6151 12082 12764 12015  4807  5226   195 56931  6950 12015 56946
  5804 22618 56932 14260  9373  5653  4472 22456 56940 56932 56946 56931
 56945 56945 56945 56945 56945 56945 56945 56945 56945 56945 56945 56945
 56945 56945 56945 56945 56945 56945 56945 56945 56945 56945 56945 56945
 56945 56945]
29 [15879  4472 11120 11066  4472 16634 56932 10621 13371 14022  4472 11965
 24079 56932  6950  5224 56942 13396 14108 10067 12646  1240  1630 41691
 56932  8630 11211  5224  7992   373 26520   848 10899 56946 10621 14931
 13010  4472  7897 56931 56945 56945 56945 56945 56945 56945 56945 56945
 56945 56945]
2 [ 5224  7379  5240 11101 56932 12407 11101 56932 10621  1231  2908  2890
  3728  5121 56931 56945 56945 56945 56945 56945 56945 56945 56945 56945
 56945 56945 56945 56945 56945 56945 56945 56945 56945 56945 56945 56945
 56945 56945 56945 56945 56945 56945 56945 56945 56945 56945 56945 56945
 56945 56945]
14 [ 8373  4472  5488 21263 56932  1925  8871 56932   865 10067  7944  3910
 10621  1240  9567  2518  5226 11120 12135 11379 10621 12506 56932  8170
 56932 10067  5960 13171 13187 10621 11519 56932 15311  4562  5224  4136
  4472 44288 56931 56945 56945 56945 56945 56945 56945 56945 56945 56945
 56945 56945]
24 [ 5804  7795 56946 56932 10621  5226 14923 13440  5224 56946  4472  1134
  6460 56932  2883 11211  5488  1325 12764   865 10899  9565 10621  1240
  9567  1189 56946 56931 56945 56945 56945 56945 56945 56945 56945 56945
 56945 56945 56945 56945 56945 56945 56945 56945 56945 56945 56945 56945
 56945 56945]
