15 [ 7798  3655 11211  5804 15261 12764  1340   784 12459  4472 11211  5804
  2322 13396  5916 56946  6151   505 10621 11499 11211  5804  9996 11526
  3255  3245  3956 12937  4151 15090 11350 56931 56945 56945 56945 56945
 56945 56945 56945 56945 56945 56945 56945 56945 56945 56945 56945 56945
 56945 56945]
16 [ 5224 11390  9243  5226  1723 56932  3959 11486 56932   730 11211 11120
  5908  5226 11791 10861  5466  6151 11120  9819  3682 10621 14576 11120
   618 10611  1723 10621 12379  5452  5226   424  4667 56932 56946  5226
 13043 15488 56931 56945 56945 56945 56945 56945 56945 56945 56945 56945
 56945 56945]
20 [10513 56932 15498 56932  4472  5513 13449 56932 10621  8792 56932  2890
 14657  4472  6244 56932  4472  6099  7848 56932 56946  6151  2037 10611
  5804 14378 12535  1925  8036  1925  7811  2122 56931 56945 56945 56945
 56945 56945 56945 56945 56945 56945 56945 56945 56945 56945 56945 56945
 56945 56945]
20 [ 4716  6997 11211  5224 56942 13396 14108 10067  9925  4125  6151 15276
  4472 56946 10621  6950  5224 56942 13396 14108  6558  6151 13815  6151
 14198 13346 56932 10621 11211 11120  8373  9490  7934  5226  4151 11197
 12605 56931 56945 56945 56945 56945 56945 56945 56945 56945 56945 56945
 56945 56945]
4 [ 3919 11211 11120 56737 56946  1925  5718 56932 10621 56946 13487 13396
 56946  3657 14977  6151 11325  7864 10621 10568   254  5224 13440  4562
 11120 12226  4472  2890  4633  4472  9212 56931 56945 56945 56945 56945
 56945 56945 56945 56945 56945 56945 56945 56945 56945 56945 56945 56945
 56945 56945]
