27 [15229  5226  5224 15175  4151 56942 15229  4472  7661  4472  2090 56934
  4932 13935 56935  4472 11120  5918 56932  8415  5226  5224 15175   322
 56932 10621  4151 56942  4472  5804 56946 12200 56942  6950  5226  5224
 11988 14179 56946 10621 56942  9570  5226   420  2140  2899  5226 11120
 56946 56932]
12 [ 5224  2625  4472  5264 56932 14341  4472 13897 56932  6306  6151  4151
 56942  4000 15227 56934 56942 11613 56935 56932  5226 11120  6256  8657
  4472 56946 20879 56932 12997  1925  5481  5432  4472 16149 56931 56945
 56945 56945 56945 56945 56945 56945 56945 56945 56945 56945 56945 56945
 56945 56945]
13 [13649 56942  8155  4472  1069  4472  6221  1723  4990 10067 11950 56942
  1925 56942  5226  2084  5226 13649  2185 10291  2003  4151  2131  9434
  5226 11120 13870 15227 56931 56945 56945 56945 56945 56945 56945 56945
 56945 56945 56945 56945 56945 56945 56945 56945 56945 56945 56945 56945
 56945 56945]
9 [ 5224  3612  5873  4810  5224  8224 10067  9541  8509 56942 10013 56931
 56945 56945 56945 56945 56945 56945 56945 56945 56945 56945 56945 56945
 56945 56945 56945 56945 56945 56945 56945 56945 56945 56945 56945 56945
 56945 56945 56945 56945 56945 56945 56945 56945 56945 56945 56945 56945
 56945 56945]
18 [ 1925  2716  2890 12737 15326  4537  5331   683  2704 56932  5804  2402
 56946  5217  4151 56942  6151  4151 56942  1362 11120 12493 14571  4472
 11103  1084 56932   723 10820  5224 13276  4161 11120 15323 10067  3612
  4472 56946 56932 11211  7193 13822 10554  5217 13732 56931 56945 56945
 56945 56945]
14 [11120  4816 12683  1346 12948 11211  5805  5226 15538  4472  2890 13723
  3237  4151 56942  1362  4562  8373  1046 56932  2890  5752 56932  8373
  1204  9758 10621  2890  3217 56931 56945 56945 56945 56945 56945 56945
 56945 56945 56945 56945 56945 56945 56945 56945 56945 56945 56945 56945
 56945 56945]
19 [ 5224  5347  3667 14114  5355 56932  5226  5224  1030 56942 56932 10621
  5224 15914  5513 56946 56932  5226  5224 56942 56932 56946 10291  5224
  2523   510 56932  8630 11211  5224 53270  3667 10318 14812  6747 10291
  5224  1056  6232  5226  5224 56942 56931 56945 56945 56945 56945 56945
 56945 56945]
41 [ 5224  5347  3667 14114  5355 56932  5226  5224  1030 56942 56932 10621
  5224 15914  5513 56946 56932  5226  5224 56942 56932 56946 10291  5224
  2523   510 56932  8630 11211  5224 53270  3667 10318 14812  6747 10291
  5224  1056  6232  5226  5224 56942 56931 56945 56945 56945 56945 56945
 56945 56945]
10 [12711  4472 11498 56942 12297 12297 12297 12297 12297 12297 56942 56931
 56945 56945 56945 56945 56945 56945 56945 56945 56945 56945 56945 56945
 56945 56945 56945 56945 56945 56945 56945 56945 56945 56945 56945 56945
 56945 56945 56945 56945 56945 56945 56945 56945 56945 56945 56945 56945
 56945 56945]
22 [11120  9168 10448 10291 11211  5224 10242  9823  4472 11120  1391 56932
 45228 56327 56932 56946  5226  9379  3861  5224  8741  4472 56942 56940
  6270 16536 56940 10291 11120 56946  5240  5224 13185 10067  8965  5224
 12479 12355 10611  5804  6681  5224  2689  6260  5226  4151  1539  4472
 56946 10621]
8 [ 5226  4065 56932  1240  5145 56942  7823 56934 56942  1925 11950 56935
 56931 56945 56945 56945 56945 56945 56945 56945 56945 56945 56945 56945
 56945 56945 56945 56945 56945 56945 56945 56945 56945 56945 56945 56945
 56945 56945 56945 56945 56945 56945 56945 56945 56945 56945 56945 56945
 56945 56945]
28 [ 4151 11026 56946 56946  4472  4709 14423  4472 12691  7128 56932 10611
  4151 11211 21622 56942 56934 56942 13396 14108 56935 14579 13396 12541
  4472 11120 13107 56932 56942 56934 56942 56935  4472 14088   848 13588
 13016 10621 56942 56934 56942 56935  4472 11554  2815  4472 11231  7128
 56945 56945]
38 [ 4151 11026 56946 56946  4472  4709 14423  4472 12691  7128 56932 10611
  4151 11211 21622 56942 56934 56942 13396 14108 56935 14579 13396 12541
  4472 11120 13107 56932 56942 56934 56942 56935  4472 14088   848 13588
 13016 10621 56942 56934 56942 56935  4472 11554  2815  4472 11231  7128
 56945 56945]
40 [ 4151 11026 56946 56946  4472  4709 14423  4472 12691  7128 56932 10611
  4151 11211 21622 56942 56934 56942 13396 14108 56935 14579 13396 12541
  4472 11120 13107 56932 56942 56934 56942 56935  4472 14088   848 13588
 13016 10621 56942 56934 56942 56935  4472 11554  2815  4472 11231  7128
 56945 56945]
30 [ 1793 10067 14339 10426 12297 11120   694  4472  3582  5226 11120 13524
 12297 56932  5666 11949  3544 11120  7261  4472 11120 13172 10067 11183
  5224 56942  4472  4709  6151  4151 56942  1362  5226 56516 56934  5806
 56935 56931 56945 56945 56945 56945 56945 56945 56945 56945 56945 56945
 56945 56945]
12 [ 5224  2792  4472  7178 56932 18245 56946 56932  7780 10659 10291  4151
 56942 11613  4472   217  1925 14555   653  4472 11611 14428  5224  8788
 13396  4151   420  1088 14862  8165 12605 56932 10621  1240  9028 11211
 56900  5224  3849  4472  4290 55370 10291  5224 56942  4472   995 56931
 56945 56945]
14 [ 5804   340 14423  1514 13396 10958  3863 10621 13396  1400 56946 56932
  6151  5804 56942 10621 56942 10013 56932  8170 56931 56945 56945 56945
 56945 56945 56945 56945 56945 56945 56945 56945 56945 56945 56945 56945
 56945 56945 56945 56945 56945 56945 56945 56945 56945 56945 56945 56945
 56945 56945]
10 [10611  5488 15090   736 56940 11120 15249  3268  8509  4151 56942  1362
 10067 11950  4472  5804 20917  4472 11516 10621 11120 12659  4472  5804
  7340  5318 11211  9661  5226  4151 13988 56940 56932  7868 11120 56946
 56931 56945 56945 56945 56945 56945 56945 56945 56945 56945 56945 56945
 56945 56945]
3 [ 1231  6216 14423 56942  1362  4472  9028  5226  5224  5481  4472 56946
 56934 22022 56935 56931 56945 56945 56945 56945 56945 56945 56945 56945
 56945 56945 56945 56945 56945 56945 56945 56945 56945 56945 56945 56945
 56945 56945 56945 56945 56945 56945 56945 56945 56945 56945 56945 56945
 56945 56945]
47 [11120  9654  4472 11120  5001  3703  7780  9312 11120 14768  5748  6151
  9687 13396  5224   413 13661 56932 11211  5226  1231 13844  4472 12948
 10627  2890  2047  5226 15276 10067  6336  9586 11191 56932 12475 13371
  8099  4993  4472  3572 56932  5226  5224 11211  4665 13371  5860 56942
  6361  4472]
41 [ 5224 56946  8016 12140  9019 56932 11211 14204  4472 56946  4562 21747
 10621  8373 32119 56932  3245  9490 19026 11120 16400   375 10067  3538
  5226  5224 12232 12270  4562 56946 11648 56932  1231 22784  3079  4472
 11120  1578 10621 56946 56934 56942 56935  1947  5224  9518 15144  4472
 11120  4722]
1 [ 5224 56942  3315 56942  7672  4472  6226  7944 56932  8630 11211 11120
  3752 14977  3315 13171  4472 56942 38473  6151  6537 56931 56945 56945
 56945 56945 56945 56945 56945 56945 56945 56945 56945 56945 56945 56945
 56945 56945 56945 56945 56945 56945 56945 56945 56945 56945 56945 56945
 56945 56945]
3 [ 5224 56942  3315 56942  7672  4472  6226  7944 56932  8630 11211 11120
  3752 14977  3315 13171  4472 56942 38473  6151  6537 56931 56945 56945
 56945 56945 56945 56945 56945 56945 56945 56945 56945 56945 56945 56945
 56945 56945 56945 56945 56945 56945 56945 56945 56945 56945 56945 56945
 56945 56945]
23 [11120 30844  4472  1489 56932 44999 27051 56932   730 11211  4151 56946
  4472  3432  5226  2551 56946  6151 56942  8155  5226  5754 56932 56942
  5226  1906 56932 56942  5226  5224 13804 11096 56932 56942  5226  9161
 56932 56942  5226  3931 56932 56942  5226 11120  5956 14100 56932 56942
  5226  1884]
33 [11120 30844  4472  1489 56932 44999 27051 56932   730 11211  4151 56946
  4472  3432  5226  2551 56946  6151 56942  8155  5226  5754 56932 56942
  5226  1906 56932 56942  5226  5224 13804 11096 56932 56942  5226  9161
 56932 56942  5226  3931 56932 56942  5226 11120  5956 14100 56932 56942
  5226  1884]
37 [11120 30844  4472  1489 56932 44999 27051 56932   730 11211  4151 56946
  4472  3432  5226  2551 56946  6151 56942  8155  5226  5754 56932 56942
  5226  1906 56932 56942  5226  5224 13804 11096 56932 56942  5226  9161
 56932 56942  5226  3931 56932 56942  5226 11120  5956 14100 56932 56942
  5226  1884]
11 [ 4472  9591 56932  5804 17651  1240 17407 56946  4562 56946  5226 56942
 56932 56942 12297 56946 10621  5224 56946  1240 56946  5226  5224 13602
 56946  4562 11122 11211 50677 11120 15910 56946 56931 56945 56945 56945
 56945 56945 56945 56945 56945 56945 56945 56945 56945 56945 56945 56945
 56945 56945]
18 [ 9379 14619   865 56932  5226 14022 56932 15351 10629  4562  1163  4472
  7038 10067  4152  4472 56942 12297 56942 56931 56945 56945 56945 56945
 56945 56945 56945 56945 56945 56945 56945 56945 56945 56945 56945 56945
 56945 56945 56945 56945 56945 56945 56945 56945 56945 56945 56945 56945
 56945 56945]
