0 [ 2488 11122 11211  2488 56931 56945 56945 56945 56945 56945 56945 56945
 56945 56945 56945 56945 56945 56945 56945 56945 56945 56945 56945 56945
 56945 56945 56945 56945 56945 56945 56945 56945 56945 56945 56945 56945
 56945 56945 56945 56945 56945 56945 56945 56945 56945 56945 56945 56945
 56945 56945]
31 [56940  1659 11211  4299  3772  2890  8558  1130 56932 14260   424   653
  7780 13848 13190  5804  7025  8426  4472  1723 13974 10067  3172  4472
  9734 15164 56932  5226  5224 11211  7780  4629  2890 13305  4472  9310
 10067 12675 56940 56932  1759  5226  8493  8458  4472  2858 56931 56945
 56945 56945]
44 [ 5224 13437  4472 56946 14691  4472 11211 13171 10067 56942 13396 14108
 10067 10511  2598  6151  4025 12764 22585  6862 38664 56932 11122 11211
  6913 56932  7868 13822 12314 56932  2890 18777  4638  4472  5609 52140
  4472  5699 56932 10621 11020 11211  1723 12764 56946 13171 11120  5430
 12725 56932]
2 [56946 56946 16945  5217  5224 56942  4472  5198  4472 56942  1231  9774
  5003 56931 56945 56945 56945 56945 56945 56945 56945 56945 56945 56945
 56945 56945 56945 56945 56945 56945 56945 56945 56945 56945 56945 56945
 56945 56945 56945 56945 56945 56945 56945 56945 56945 56945 56945 56945
 56945 56945]
15 [ 5224  9591  4472 11211 13822  8373  4711 56946  5226  6036  4472 11120
  3475  3268 11122  3717  6205 11120  5655  2861 56940 12015 13126  5224
 14807  4472  3475 56932 13371 56946 10621 13724 56932  9000 12764 10291
  5487 56946  5226 12342  6221 11120  7626 56940 56931 56945 56945 56945
 56945 56945]
0 [ 5351 11120   520   375  4472 13439 14260  6205 12015 56946 56931 56945
 56945 56945 56945 56945 56945 56945 56945 56945 56945 56945 56945 56945
 56945 56945 56945 56945 56945 56945 56945 56945 56945 56945 56945 56945
 56945 56945 56945 56945 56945 56945 56945 56945 56945 56945 56945 56945
 56945 56945]
10 [ 4161  4550  5804  5341   746 12355 56942   372 10621   746 48504  6950
 56942 56931 56945 56945 56945 56945 56945 56945 56945 56945 56945 56945
 56945 56945 56945 56945 56945 56945 56945 56945 56945 56945 56945 56945
 56945 56945 56945 56945 56945 56945 56945 56945 56945 56945 56945 56945
 56945 56945]
32 [ 5488 13614 56932 11211  7422  4562  8493  4670 10067   653  4472 12809
  5224  4291  4472  5804 11516  2709 56932  2752 12135  4472 11120  8110
  5427  4472 14467  6151  5804  2709 10291 11211 10278 11120 11311  4472
 10556  2828 56931 56945 56945 56945 56945 56945 56945 56945 56945 56945
 56945 56945]
19 [ 5226  1231 10785 56932  5224 56946  9823  4472  2654  6485  5226   425
   989  6151  5224 13640 11211  1231 10101  3349 14412   853    59  7956
  5804  6361  4472  4276 13371  9852  6151  4151   621 11211 14629  5804
  6829  5217 11120  7070  4472  8945  2370 11120 14611  1912 56931 56945
 56945 56945]
10 [ 5224  6949  4472 11120 56942 13844 10067  7900 13987 11122  2834 56942
 19595 56931 56945 56945 56945 56945 56945 56945 56945 56945 56945 56945
 56945 56945 56945 56945 56945 56945 56945 56945 56945 56945 56945 56945
 56945 56945 56945 56945 56945 56945 56945 56945 56945 56945 56945 56945
 56945 56945]
14 [ 5224 56942  3315 56942  7672  4472  6226  7944 56932  8630 11211 11120
  3752 14977  3315 13171  4472 56942 38473  6151  6537 56931 56945 56945
 56945 56945 56945 56945 56945 56945 56945 56945 56945 56945 56945 56945
 56945 56945 56945 56945 56945 56945 56945 56945 56945 56945 56945 56945
 56945 56945]
27 [ 5224 30057  5240  8493 50195  5226 11120 21362  4472 11120  5272 10621
  1925 56946 11117 10501  3245 11122 11211  6151 11120   520 56946  2861
 11211  1233 11117 56946 11120 50195 12764  1240  6469  5226  8493 27590
 56932 10954 11211  1240  4770 10291  6221 11120  7626 13371  8493 56946
 56946 10621]
0 [ 2443 11120  3094  5226  5198  4472 56942  5534 12565 11120  1029  4472
  1231  8876  8024 56932  6151 13386  4563 12475 56931 56945 56945 56945
 56945 56945 56945 56945 56945 56945 56945 56945 56945 56945 56945 56945
 56945 56945 56945 56945 56945 56945 56945 56945 56945 56945 56945 56945
 56945 56945]
14 [18552 14378  5137  4472 15459 34278 10621  1240  6376 11120  7069  4472
 11211  9490  2779  3455 10291  4151 11211 17152 11211 12764  4125  5321
 13396 13822  5052 56931 56945 56945 56945 56945 56945 56945 56945 56945
 56945 56945 56945 56945 56945 56945 56945 56945 56945 56945 56945 56945
 56945 56945]
12 [ 8356  2890 14315 15992 56932 13371  1233 56946 11211  5804  8373 11117
 56946 12557 11120 33450  4472 24509 10067 15790 56932 11120 56946  4472
  2091  3745 16092 10621 56946 11211 56946  5224  9009 15843  4472  2705
 56932 20867  5224 28236  5226  8493 14788 29775  4472 21701 10621 56946
  4472  5275]
0 [56946  5224 18785 56946 56946 13371 11120 22183 56946 10067 15790 56931
 56945 56945 56945 56945 56945 56945 56945 56945 56945 56945 56945 56945
 56945 56945 56945 56945 56945 56945 56945 56945 56945 56945 56945 56945
 56945 56945 56945 56945 56945 56945 56945 56945 56945 56945 56945 56945
 56945 56945]
12 [56946  9558  2370  5224  9084 55148 56932 56946  4161  5224 56946  5534
 56946  4562  5804  4976 19272 11120  5272 56946  4472  4151 18990 13171
 12946 56931 56945 56945 56945 56945 56945 56945 56945 56945 56945 56945
 56945 56945 56945 56945 56945 56945 56945 56945 56945 56945 56945 56945
 56945 56945]
10 [10636  6570  5207  5924  9000 12764 11120 56946 14260 12650 56946 56946
 56931 56945 56945 56945 56945 56945 56945 56945 56945 56945 56945 56945
 56945 56945 56945 56945 56945 56945 56945 56945 56945 56945 56945 56945
 56945 56945 56945 56945 56945 56945 56945 56945 56945 56945 56945 56945
 56945 56945]
11 [ 5224 13171  3269  4472  5314 56932 11120  3852 56932  6950 11122  7727
  5226  5804  7568 56931 56945 56945 56945 56945 56945 56945 56945 56945
 56945 56945 56945 56945 56945 56945 56945 56945 56945 56945 56945 56945
 56945 56945 56945 56945 56945 56945 56945 56945 56945 56945 56945 56945
 56945 56945]
