49 [ 5224  8876  3430  8628 13396 11120  2198 10067 15175 16782  5217  1231
 15323  1925  6319 56932  5226   227  4472    24 13901  4472  4151  4290
 56932  3585 11211 11673 56940 23715 56940 15803  4472 11120 56940 12088
  9742 56940  4472  5804  9135 10067 12638 10621 10067 56940 12869  4472
  1231 10056]
10 [ 5217  5280 56932  9198   848  3260  1340 11211  1000  1996 22502  1661
 10621  1996 25215 12033  4562  5804  4472  5513  1384   848 14524 56946
 56932 13371 12764 15145  5224  4339  4561  4562 11120  7182 10621 11673
 12360  5226  5224 10620 14802  4472 11211 56946  6574 10621 11211 10267
 11950  2986]
