16 [ 5226 11120  5918  4472 17307 56932  6151 56942  5056  4472 15765  4873
  5804  2208 10308   424   972 13371 12135  4472  1231  7107 11444 56932
 11120  8133  4472   217  3786  5821  8493 14119  4472 56942 15980  5331
 10966 56932  7868  5804  5556 10414 56931 56945 56945 56945 56945 56945
 56945 56945]
6 [ 5224 37223  8598 56946 56932 10067  1702  5721 56932  4762 13396 11120
 14623 56946 56932 13261 29329 10291 12205 11120   198 14852  2198 10067
  7901 56931 56945 56945 56945 56945 56945 56945 56945 56945 56945 56945
 56945 56945 56945 56945 56945 56945 56945 56945 56945 56945 56945 56945
 56945 56945]
29 [14931 11744 56932 23247  8159 11211 56940  5804   453 16747  4472  3432
 56932  8216 13371  5224 56946 56932  4151  3713 21267   848  4151  3713
 21426  5989 56946  5226  5224  1702 12482  5224 10107  3432  4472 11120
  6670 56932   907  6151 11211  1240 12015  2488 11211  5240  8493 24058
 56940 56931]
30 [14931 11744 56932 23247  8159 11211 56940  5804   453 16747  4472  3432
 56932  8216 13371  5224 56946 56932  4151  3713 21267   848  4151  3713
 21426  5989 56946  5226  5224  1702 12482  5224 10107  3432  4472 11120
  6670 56932   907  6151 11211  1240 12015  2488 11211  5240  8493 24058
 56940 56931]
9 [10291  5224 56946 56946  5224  4280 56946 56946 56934 56946 56935 10621
 16684   928 56934 56946 56935 56932 12049   340  4472   623 12743 56931
 56945 56945 56945 56945 56945 56945 56945 56945 56945 56945 56945 56945
 56945 56945 56945 56945 56945 56945 56945 56945 56945 56945 56945 56945
 56945 56945]
15 [10291  5224 56946 56946  5224  4280 56946 56946 56934 56946 56935 10621
 16684   928 56934 56946 56935 56932 12049   340  4472   623 12743 56931
 56945 56945 56945 56945 56945 56945 56945 56945 56945 56945 56945 56945
 56945 56945 56945 56945 56945 56945 56945 56945 56945 56945 56945 56945
 56945 56945]
6 [ 4562   340  4472 11536 56946 56934 56946 56935 56933  7872 13985 56934
 56946 56935 10621  7412  6894 56934 56946 56935 56932  4472  7371 12743
 56932  5804 14765 10067  3612  5047 11117  4286 13396 12645  6151  5804
 11157  4472 13439 11211 13323  5224  9541  4562  8373  4472 13822  5574
 18350 56931]
12 [ 4562   340  4472 11536 56946 56934 56946 56935 56933  7872 13985 56934
 56946 56935 10621  7412  6894 56934 56946 56935 56932  4472  7371 12743
 56932  5804 14765 10067  3612  5047 11117  4286 13396 12645  6151  5804
 11157  4472 13439 11211 13323  5224  9541  4562  8373  4472 13822  5574
 18350 56931]
18 [ 4562   340  4472 11536 56946 56934 56946 56935 56933  7872 13985 56934
 56946 56935 10621  7412  6894 56934 56946 56935 56932  4472  7371 12743
 56932  5804 14765 10067  3612  5047 11117  4286 13396 12645  6151  5804
 11157  4472 13439 11211 13323  5224  9541  4562  8373  4472 13822  5574
 18350 56931]
36 [13567 56946 56932  3497 10067  8876 13554 10067  3612  5913 56932  8666
  6151 56942  1231 14662  5226  5224  7871 11284 10621  6197  5240  1782
  5226 11648  4472 11120 11753  4472 10131 10067 13732  5226 11120  8200
 56946 56932  4562  8503  4472  2415  7956   861 56931 56945 56945 56945
 56945 56945]
42 [11120  9168 10448 10291 11211  5224 10242  9823  4472 11120  1391 56932
 45228 56327 56932 56946  5226  9379  3861  5224  8741  4472 56942 56940
  6270 16536 56940 10291 11120 56946  5240  5224 13185 10067  8965  5224
 12479 12355 10611  5804  6681  5224  2689  6260  5226  4151  1539  4472
 56946 10621]
12 [13396    19 12135 56932 11120 13675  4722  4472  8200  9840 56946  1925
  3786 10621  7898  3204  1925  4522 56932 10291 11211  6205  5224  7580
   848 10624  3947  5226 11120  7261  4472 11120  8200  4472  8263 10315
  6416 13171 11554 10291 11358 11120  7261 15161 56931 56945 56945 56945
 56945 56945]
17 [13396    19 12135 56932 11120 13675  4722  4472  8200  9840 56946  1925
  3786 10621  7898  3204  1925  4522 56932 10291 11211  6205  5224  7580
   848 10624  3947  5226 11120  7261  4472 11120  8200  4472  8263 10315
  6416 13171 11554 10291 11358 11120  7261 15161 56931 56945 56945 56945
 56945 56945]
32 [ 5224  9541  6989  4472 11120  2589  7207  4722  4472 11120  8200  4472
 10241  4472 10977  4472  5138  1500 11834 56946  1447 14524  1240    28
  5224  8788 56942  4472 14842  6151  4151 56942  1362 56931 56945 56945
 56945 56945 56945 56945 56945 56945 56945 56945 56945 56945 56945 56945
 56945 56945]
7 [11120  3059  1240 10532  6151  4151 56942  1362  4472 11120  1296  6151
 56942 10440  4472 11120  5918  4472 56946  5534  2890   412 56946  6151
  2890 36645  5226  4890 28434  7616  2890 13723  4472 56942  6381 56932
   713 10621 17061 11211 56932 13371 10267  5244 56932  1240 56946  5217
 13822  3034]
6 [ 5226  8493  7276  9742 26130  5224 11950 56942  7367  5804 56942  7691
 56946 56932  9000  8493 12921 15083 56932  5226 11120  7276  7638 56932
  6950  4585 56942 56931 56945 56945 56945 56945 56945 56945 56945 56945
 56945 56945 56945 56945 56945 56945 56945 56945 56945 56945 56945 56945
 56945 56945]
9 [  513  5835 11211  5226  5224  6669  4964  4472 15038 56946  1240 56946
  2890  8614  6816  1925 56946 56946 56932  8806  5226  5224  2824  6669
  4472 15038 10621  4884 20247  4472 56942 11804  1240 30496  6151 11120
 25452  4472  1877 10621  6151 11120 37289  4472  4151  1877 13949 56931
 56945 56945]
3 [11120 14675 10067  8788 56932   683 56942 11770 13035  1240  8734  4562
  5224  7057  4472  5804  5230  4472  4151 14633  7023 10067 15175  4472
  8808 10291  2637  5224 14578  4472  4151  6505  6151 11120  8458  4472
 11120  8473 56931 56945 56945 56945 56945 56945 56945 56945 56945 56945
 56945 56945]
3 [ 1233  5224  6260  8949    85  5224  8876  9230  3842 56946 13386 14576
 11120  3778  4472 11211  5804  2133  7711 10621  8984 56946 56940 10807
  7956  2890 14555   667 10291  8859 10621  3162 56940 56932 12948    85
  5224  9230  4472  8281 56932  4690 56946 56932  5224 11211 14828  1925
  2631  4472]
15 [ 8981 56946 15083 11211 11120 10615  4472  1551  5226  4123 12096    85
 10067 56946  4161 14842 56932  1233  4518 14046  1925 56946  4161  5224
 56942  4472  5198 56931 56945 56945 56945 56945 56945 56945 56945 56945
 56945 56945 56945 56945 56945 56945 56945 56945 56945 56945 56945 56945
 56945 56945]
49 [ 5224  4685  4472  9450 56932  8552  6151  2890 12168  5226 12759  3252
  4472 56946  5226  5224  1030 56942 56932  7578  6151  5487  5226  4932
 15161 56932  5226  5224  7615 56014  4472 11120 11753 56932 15023 11141
 13396 56946  6151  2890  9328 11211 10360  1231 17187  7838  4472 11120
  8200 56946]
38 [15428  1362 15083  4472 11358  6224  1925  6319  4562  2890  8876   695
  5226  5224 11211  9956  2890  5285  1537  4472 11120 13450  3682 10067
  7581 56932 11437  1240 13851 13396 12341 10621  8945  1925  6319  6151
  4151 56942  1362 11511 56934 56942 11613 56935 10291  9965 11120  7276
  4472  3336]
14 [11120 14564  3077  4472  7795  5240  5226 15107  8493  7891  4472 11120
  3077  4472 56942  4472  8248 10067 14278  4468  4472  5804  7795  4472
 12691  8148 56931 56945 56945 56945 56945 56945 56945 56945 56945 56945
 56945 56945 56945 56945 56945 56945 56945 56945 56945 56945 56945 56945
 56945 56945]
25 [11120  6686  4472  1163  4472  3108  5648   217 56932  8788 56932  8493
   967  6151 11120  5332 10621  1231 13343  9823 56946 29482  6151  4151
 56946 11613 56942 13349 10621  1240 22583  5226 56946 56931 56945 56945
 56945 56945 56945 56945 56945 56945 56945 56945 56945 56945 56945 56945
 56945 56945]
24 [11120 15822 12731  5226 47443 10621 14202  6151 11120 16824  4472  4151
 16168  4472 11120  7150  4472  1447 13662 38237 56932 11211  5226  5804
  5137 56942 19525  5226  5804  6537 56931 56945 56945 56945 56945 56945
 56945 56945 56945 56945 56945 56945 56945 56945 56945 56945 56945 56945
 56945 56945]
13 [ 5224   870 10067  5806  1240  2118  9331  6151 11148  1274  6151 23963
 56934 56946 56935 10621  6151  1898 11120 15422  4472  9394  4472 13822
  5574 56931 56945 56945 56945 56945 56945 56945 56945 56945 56945 56945
 56945 56945 56945 56945 56945 56945 56945 56945 56945 56945 56945 56945
 56945 56945]
1 [ 5224  3786 56932 14931 11744 56932  8057  2890  7307  3297  4472 11443
 10621  3260 13171 11211 11443 56931 56945 56945 56945 56945 56945 56945
 56945 56945 56945 56945 56945 56945 56945 56945 56945 56945 56945 56945
 56945 56945 56945 56945 56945 56945 56945 56945 56945 56945 56945 56945
 56945 56945]
18 [ 5226 13822 13644  4472  9942  5215 56932  7362  3709  4151 15002  6151
 11120 13269  4472 11120  6288  4472 14378 56932 56946  4472 11279 10621
  4562  5224  6447 10067  3542  5226  5224  7255 56931 56945 56945 56945
 56945 56945 56945 56945 56945 56945 56945 56945 56945 56945 56945 56945
 56945 56945]
19 [ 9000  8596  8946  4472  1225 56946 10621  6950  1240 12421 56932  4562
 31995 11443 56932  4472  3740  4472 11120 14675  6151  5544  5226  1601
  4472 11120  1296 56931 56945 56945 56945 56945 56945 56945 56945 56945
 56945 56945 56945 56945 56945 56945 56945 56945 56945 56945 56945 56945
 56945 56945]
23 [ 9000  8596  8946  4472  1225 56946 10621  6950  1240 12421 56932  4562
 31995 11443 56932  4472  3740  4472 11120 14675  6151  5544  5226  1601
  4472 11120  1296 56931 56945 56945 56945 56945 56945 56945 56945 56945
 56945 56945 56945 56945 56945 56945 56945 56945 56945 56945 56945 56945
 56945 56945]
26 [ 9000  8596  8946  4472  1225 56946 10621  6950  1240 12421 56932  4562
 31995 11443 56932  4472  3740  4472 11120 14675  6151  5544  5226  1601
  4472 11120  1296 56931 56945 56945 56945 56945 56945 56945 56945 56945
 56945 56945 56945 56945 56945 56945 56945 56945 56945 56945 56945 56945
 56945 56945]
