3 [11120  7261  1240  3533 13371  2890 12224  4472 12191 56931 56945 56945
 56945 56945 56945 56945 56945 56945 56945 56945 56945 56945 56945 56945
 56945 56945 56945 56945 56945 56945 56945 56945 56945 56945 56945 56945
 56945 56945 56945 56945 56945 56945 56945 56945 56945 56945 56945 56945
 56945 56945]
12 [15023 14857 11211 12937  4151  2786    61  4472 11120  2894  1240   746
  7575  4161  4550 14931  6416  5226 14662 11120  6098  4472 13822  7345
 56932 56946  1015 11211  5804 15618  4472 11120 12613   746  4472 11872
  8186  7956  1231  1437 56931 56945 56945 56945 56945 56945 56945 56945
 56945 56945]
8 [56940  5804  5286 56934 56943 56935  1240  8540   378 13371  2890  1381
 56946 10291  5224   653 13396 27003  4472  8493 12031  4472  7581 10291
 11120 11851  4472  5804  1170 56932 10291 11293 15600  4472 13030 16563
  5224  3172  4472  9584 10621 11120 10151  4472 11120  3806 56940 56932
  1040 11120]
12 [ 5224  8533 11966   256 14360 56932 10067   776  4472  1723 56932    85
  4204 13371  5224 12232  7811  8491  4472 17377 56932  4562 56942 13349
 56931 56945 56945 56945 56945 56945 56945 56945 56945 56945 56945 56945
 56945 56945 56945 56945 56945 56945 56945 56945 56945 56945 56945 56945
 56945 56945]
44 [11120  9654  4472 11120  5001  3703  7780  9312 11120 14768  5748  6151
  9687 13396  5224   413 13661 56932 11211  5226  1231 13844  4472 12948
 10627  2890  2047  5226 15276 10067  6336  9586 11191 56932 12475 13371
  8099  4993  4472  3572 56932  5226  5224 11211  4665 13371  5860 56942
  6361  4472]
5 [ 5226  8493 11093 16790    85 16736 10291 24103  5804 13424  1293  4562
  5224   940 13974  4472 11120 13812 56932  5591 12262 10621 11627 56932
  6205 13371  5804  7962 13901 56931 56945 56945 56945 56945 56945 56945
 56945 56945 56945 56945 56945 56945 56945 56945 56945 56945 56945 56945
 56945 56945]
