2 [ 5224  1602 29087 12627 12731 56932 11149 18698 56932  5224  4200  4472
  5804  2326 10621  5224  5003 11211 14204  4562  8995 56931 56945 56945
 56945 56945 56945 56945 56945 56945 56945 56945 56945 56945 56945 56945
 56945 56945 56945 56945 56945 56945 56945 56945 56945 56945 56945 56945
 56945 56945]
21 [11120  9745 12764 10272  5224 14906  4472 11120 14397  5226  9042 19164
 56932  9000  5224   413 56940  4676  7741  4784 56940 32736 56940  8373
  6118 56946  4562 11120 13450 56940 11211 14235 11211 11120 13107  1240
  8209  6151 13011  4472 12921  5226 11673  9212 56931 56945 56945 56945
 56945 56945]
40 [ 5331  4151 26835 56946 13396  4151 11899  4472 11211 11120 37805 10067
 50687 12764  7494 15652 10611  8373 12379  9220 56932 10621  4472 11211
 11120 13450 11697  5240 33563 56932 15257 10219 10621 12764  1146  6151
  5804 56946 56932  5992   311  5224 12684  4472 56940  2188  2890 14399
  4922 56940]
29 [ 5224  6519 15907 14524 18066 56932  5234  6516  4472 11120 11602 56946
  4472 20120 56932 15201 11211 56940 47496 11211  1469  1452  3693 13371
  9893  4472 12328 56940 10621  2332 56940  5224 29399 11211 56946 10267
  1004 11211  1240  3484  5224 15623  4472  4151 10531 56940 56931 56945
 56945 56945]
24 [ 5224  5234  2792  4472  1725  4472  2346 12020 15089 56946 56932  2482
  5224  6260 56942  4472   995 13396  2890 13469  4472  7581  1095 56932
 15625   217  5226  1324 11120  4916  4472  4290 56940  4607 10621 11382
 56940  5226  1231  6319  4693  4472 14724 11255 56931 56945 56945 56945
 56945 56945]
4 [ 5224 10067  1002 56932  8294 56931 56945 56945 56945 56945 56945 56945
 56945 56945 56945 56945 56945 56945 56945 56945 56945 56945 56945 56945
 56945 56945 56945 56945 56945 56945 56945 56945 56945 56945 56945 56945
 56945 56945 56945 56945 56945 56945 56945 56945 56945 56945 56945 56945
 56945 56945]
2 [ 5534  9625 15201 10291 11120  7645  2091 15944  2735  4472  2865 11117
 40187 10067  5138 56932 12764  1240  4125 50529  5529  6151  2890 11640
  4562   893 11211  1240 56946 10067  2052 10067 11554 10291  3142  2890
 15168  7785 56932 10954  6151   577 12407  4643  6151 12342 12675 56931
 56945 56945]
