27 [56940  6950 12015  2582  5224  1242 56932 13487 56932 38770 11120 12341
 10621 56946  6151  4758 13529 14781 16129 56941 15992 11122 11211  1240
 56946 56932  6151 11120  7037  4472 11120 16348 56941 56932 10621 12015
  8057  1368  6711 11120 25464 56940 56932 11152 56931 56945 56945 56945
 56945 56945]
27 [56946 56932  6151 13386  5804  5133  2754  2890 10620 56940 56946 56940
 56932  9169  5226 11211   373 56940 11898  6151  1490  1019 56940  4562
 11120  7384  4562  5224   273  4472 56940  8555  8493 11851 11211 56946
  1925  6319 56940 56931 56945 56945 56945 56945 56945 56945 56945 56945
 56945 56945]
44 [15023 16889 11211  5224   273  4472 11120 56940   545  2720 56940 10611
  2434 10621  5224  9638  9288 10067   424 12764 56940 16738  5226  5224
  2218  3676 13767 12046 10291  5804 10700  5226 11627 56940 56932 10545
 11211  5224 15063 56940  7780  8192  6818 13396  8493  2507  4472 45099
 10611  5224]
15 [ 5804  5379  3982 11211 56932  8509  9379  5137 56932 56940   746  4449
 13961  8849  4562  5224 12684  4472 11211 11120  9849  4210 15107 11120
 14088 56940 56931 56945 56945 56945 56945 56945 56945 56945 56945 56945
 56945 56945 56945 56945 56945 56945 56945 56945 56945 56945 56945 56945
 56945 56945]
