4 [15083 56932  6870  2890 12687  4562 11120 13524  3046 15227  4472 11120
 11556  4472   713 10621  3491 10067 56946  3934 56934 56946 56935 56932
  4884  1971 12905 16394 11117  5165 11211 13143  1925   653  1231 22306
  4472  8493  1126  4472  4151  4803 56932 56940 13371  5609 10291  2188
  8493  4188]
3 [ 8152 13469  4472 12284  4562  4151  2677 56931 56945 56945 56945 56945
 56945 56945 56945 56945 56945 56945 56945 56945 56945 56945 56945 56945
 56945 56945 56945 56945 56945 56945 56945 56945 56945 56945 56945 56945
 56945 56945 56945 56945 56945 56945 56945 56945 56945 56945 56945 56945
 56945 56945]
30 [56940 13478  5804  5286  5207   746  6398 56932  9000  9373 12555  4372
 14260 11120 10767 10067  3612  7780  8192 12407 11169 56940 56932 15201
 11940 56932 13386 12764  3270 11120  6098  4562 10800  9502  7956 11211
 11120  5243  4472 12146 15362  3510  5226 11120 12090 10067  9541 56931
 56945 56945]
