11 [56940  3222   373  5226 21601  4562 11211  4151 14030 56940  9658 32047
 56940 12764 13396 14324  5989   848 25502 56932 10954 13396 14324  4472
 14653 56940 56932  9528 11120  4332  7778 56932 11211  6299 11211 11674
 12764 14067 11211  1231  6319 12764   373 14612  4562  5224  4765  4472
  4151 11656]
8 [ 7397 56932  5226  5224 13823 23307 56932 12764 25230 13171 11211 11120
  2176 15078 56931 56945 56945 56945 56945 56945 56945 56945 56945 56945
 56945 56945 56945 56945 56945 56945 56945 56945 56945 56945 56945 56945
 56945 56945 56945 56945 56945 56945 56945 56945 56945 56945 56945 56945
 56945 56945]
