30 [ 5804  8330  4472  3703  3982 11211 12764   746 15231  3260  5226 15583
  4562 11191 10621   470 11211  8993   746  3860  4151   621 10621  4304
  4472  5668 56932 13396 11122 11211 11242  6151 13661 11211 56946 56931
 56945 56945 56945 56945 56945 56945 56945 56945 56945 56945 56945 56945
 56945 56945]
12 [11120  9168  4472  7774   195  4472 11120  1147  4472  5804  3882 11117
  4105  6151 15424  2958 15242 14931  6403  5226 11120 12031 10621  8826
 11211  1231  6319   373  7446  5226  2890 56940  2241 12033  3314 56940
 56932 10621 11211  5804  3618 56940 14811  2831 11120 12673   309  4472
  4693 56940]
