6 [ 5224 27629  4472 14621 18429 13396 14662  4472 14524 27091 56932  6151
  5804 56942 10013 56931 56945 56945 56945 56945 56945 56945 56945 56945
 56945 56945 56945 56945 56945 56945 56945 56945 56945 56945 56945 56945
 56945 56945 56945 56945 56945 56945 56945 56945 56945 56945 56945 56945
 56945 56945]
1 [ 5226  6098 10067 14358 56932  5240 11120  6462 56946 13386  7494  5224
 56940 31079 56940 10621 56946  6151  1231 40975  5224 56940  5340 23441
 56940 56931 56945 56945 56945 56945 56945 56945 56945 56945 56945 56945
 56945 56945 56945 56945 56945 56945 56945 56945 56945 56945 56945 56945
 56945 56945]
