12 [ 5804  7596  1902 13396  5224 14358  5226 13579  6955 56940  5224  7811
 11575 10067  9541  5226 13579  5226 56942  5137  4472  7182 56940 56932
 15201  6151 14196  5224  2792 10067 14358  5226 11120 14073 56932  1254
 56946 56932 13386 56946  5224 56940  9338 56940  4472  5804  1305  6151
 11120 56940]
8 [ 1240 46153  5224  8614 10067  7538 10291  5224 11627  4472  5804  3034
 13274 56931 56945 56945 56945 56945 56945 56945 56945 56945 56945 56945
 56945 56945 56945 56945 56945 56945 56945 56945 56945 56945 56945 56945
 56945 56945 56945 56945 56945 56945 56945 56945 56945 56945 56945 56945
 56945 56945]
11 [56940  5224 56946 14423 13396 12898  4472 56946 56932 11066  4472  2714
 10621  4472  3336  4472  2496 56931  9379 15543  1240  8662    52 33575
 56940 56932  7087 56946 56931 56945 56945 56945 56945 56945 56945 56945
 56945 56945 56945 56945 56945 56945 56945 56945 56945 56945 56945 56945
 56945 56945]
6 [ 5224   653   501  4689 12948  5226 14299  4472 11120  4670  4472 11120
 14611  5613 11211  5099  6151 11120 15098   684  4472  8468  1723 56932
  1656 56932 11434  4562  5224  7057  4472  8468   658 56931 56945 56945
 56945 56945 56945 56945 56945 56945 56945 56945 56945 56945 56945 56945
 56945 56945]
24 [11120  5844 10421 48191  8943 56934 15191 56935  5165   217  6151 12379
  5452 10621 12795 11211  1240 56946  1156  4693  1925 12301  5432  4472
  7361  4472  4151  5581 56946 10621 31834  4472  9701 11669  7944  4472
  8865 56931 56945 56945 56945 56945 56945 56945 56945 56945 56945 56945
 56945 56945]
15 [ 5224  6783  3667  9909 12321 56932 14454 10067 10982  4274 56932  1240
  1512   217  5226  2283  4472  1231  1431 10067 11255  3786 56932  5224
  6145 13732 56932  1925 11267 12764  5665  5226  4474 13371 56940  5224
  7811  3612 10621 11120  7811 12101 56940  4472  4151  7428 11211 10007
  5226 11120]
7 [ 3582  5207 15201 11211 12764 14394 11372 10213  4472 11122 11211 56946
 56931 56945 56945 56945 56945 56945 56945 56945 56945 56945 56945 56945
 56945 56945 56945 56945 56945 56945 56945 56945 56945 56945 56945 56945
 56945 56945 56945 56945 56945 56945 56945 56945 56945 56945 56945 56945
 56945 56945]
5 [ 5331 11669 23121 56946 11120 11668  4472 10665 18036 25800 22089 19542
 10621  5804 17612 10067 56946  8984 25006 32428 56932  6205 13371  4337
 43606 15217 10621 16186 20590 56931 56945 56945 56945 56945 56945 56945
 56945 56945 56945 56945 56945 56945 56945 56945 56945 56945 56945 56945
 56945 56945]
9 [11120 16790    59 16294 10067  7581  7494 44929 11120 20619  3091 10067
 11575  4472  4151  4290  4256  5226  7224  8630 12764   418  2890 10500
  7247  7956  5224  3161  8673 56931 56945 56945 56945 56945 56945 56945
 56945 56945 56945 56945 56945 56945 56945 56945 56945 56945 56945 56945
 56945 56945]
16 [ 5224   870 10067  6145 13732 56932  5224 32306 56946 11136 10429 56932
  7780  4449   217  2890  3297  4472 28599 15058  6151 11120 13450 13396
 11120 11211  2049 11120  8858  9107 10067  5076  7948 10621  1240  7780
 16443  6151  8826 11211  5804  9576  1396  4518  5226  5224 18158 10621
 11211  5668]
33 [ 5226  1231  9283  4472  4709 56932 11120 36562  5001 31843 48315 56932
 13845  6151  6226 11122  7426 10621 17157 10067 56946 56932    96  6151
  4337 56946 10621  1231  9745 20730 27548 19392 56934  3280  4472  3455
 10156 56935 56931 56945 56945 56945 56945 56945 56945 56945 56945 56945
 56945 56945]
12 [ 4151 11487 10067 12908  8310   746  8449  5224  8255  1778  4472 11120
 10043  6151 14849  4472 12764  9514  5224 11614  4472 11120 11643 56932
  7956  6226  5226  4151  3455  6517 56931 56945 56945 56945 56945 56945
 56945 56945 56945 56945 56945 56945 56945 56945 56945 56945 56945 56945
 56945 56945]
22 [ 4151 11487 10067 12908  8310   746  8449  5224  8255  1778  4472 11120
 10043  6151 14849  4472 12764  9514  5224 11614  4472 11120 11643 56932
  7956  6226  5226  4151  3455  6517 56931 56945 56945 56945 56945 56945
 56945 56945 56945 56945 56945 56945 56945 56945 56945 56945 56945 56945
 56945 56945]
11 [ 5224 56946  2555 56932 13396  1231 12135 56932 14435  8493  1688  7838
  5226 11120  3048 10067   940  9111 56934 56946 56935 56932  6151 14849
  4472  5804 56942 13349 56934  4562 14378 24409 56935  4472 56946 56932
 10621  5804 56942  4472 17001 17232 56931 56945 56945 56945 56945 56945
 56945 56945]
3 [10621 13371  5224 25549  4472 11120 56946 10621  5224 16500   322  1506
  7494  6256  5226 14564 15067 56932  1240 56946  5226 11120  7415 23483
 56932  3828  1240  8057  4562  2890  5378  5226 13870 10468 56931 56945
 56945 56945 56945 56945 56945 56945 56945 56945 56945 56945 56945 56945
 56945 56945]
10 [  894 15648   217 11211  5224   821 12727  8493   659 10067  1698 56946
 10621 11211 56940  6950  7494  8493 11851  2861 11211 15145  6404  5981
  5224 11255 13348  5226 13732 56940 56931 56945 56945 56945 56945 56945
 56945 56945 56945 56945 56945 56945 56945 56945 56945 56945 56945 56945
 56945 56945]
36 [ 5224  4569  4472  2892  6151 11120 12695 10067   653 56932 15195 56946
 56932  1240  7780  5788  1691  4472 12033 56946 10621  6128  5254  5226
  5804 56942  5137  5226 11211  7780  8192  2141  4472  1361 10621  4472
 12695  4472 11120  9849 56932  9000  1231  8909 10471  5240  8493  2543
  6197 11211]
37 [ 5224 13676 13857 10067 11955 10067 13365 13396 12135 10067  7843 12297
  5224  7206  5226 11122 11211  3645  4472  2689 12297  1240 10532  5224
  6260 56942  4472  8289 56932  5534  5804 32357  4472  4703  5724  9292
  4151 18267  4472 13822 15461  1088  4472 56946  5226  2890  9003  4472
  1601 56931]
17 [ 6151  7261  4472  2689 56932  4151  5008  4472  5804  9452  4472  4151
  1088 10191 12947 17273  4151 18267  4472 11120 56946 10611  5224 56942
 10621  5224 56942 13396 14108 56931 56945 56945 56945 56945 56945 56945
 56945 56945 56945 56945 56945 56945 56945 56945 56945 56945 56945 56945
 56945 56945]
6 [14931 11744 56932 10291  6185  4472 11668  4472 11120  9734 56932 10386
  3828 13171  8467  4472  3432 11418 56932  6950   753 56942  7691 13032
  5226 11120  5091 56931 56945 56945 56945 56945 56945 56945 56945 56945
 56945 56945 56945 56945 56945 56945 56945 56945 56945 56945 56945 56945
 56945 56945]
5 [10420 56932   746  1108  2890 13779 37669  7664  6151  4151  3491  4472
  5804 12943  4562  4151  1746 16807 56932 11211 56932  7868 10636  6098
 56932 12764  1240  4346  4562 11120 15107 56931 56945 56945 56945 56945
 56945 56945 56945 56945 56945 56945 56945 56945 56945 56945 56945 56945
 56945 56945]
20 [ 4151  6793  7523 13396  5224  7777 10246  1340 11211  1000  4562  5224
 12456  5530 10621  3036 56932  7956  6226  4151 13186  4472  4151  5425
  3865 56933 11120  9553  1205 56932 10621  5224 11627 10637  4472  2691
 56931 56945 56945 56945 56945 56945 56945 56945 56945 56945 56945 56945
 56945 56945]
7 [ 5804  6242  1487  1633  5804 11233 11120 13870 10067  8876  9211  5226
   681 10067  6319 56932  5224  4472  1001 56932 11211  6524 13441  5609
  5627  4472  5804 13171  4472  7381 11804  4472  2322 11211 10072  6151
 14055  6151 11120   925 10067  7581  5226 56942 56931 56945 56945 56945
 56945 56945]
12 [ 5804  6242  1487  1633  5804 11233 11120 13870 10067  8876  9211  5226
   681 10067  6319 56932  5224  4472  1001 56932 11211  6524 13441  5609
  5627  4472  5804 13171  4472  7381 11804  4472  2322 11211 10072  6151
 14055  6151 11120   925 10067  7581  5226 56942 56931 56945 56945 56945
 56945 56945]
14 [ 5224  4188  8716  2598  6151  7419 56932  3828  5804 56942 11804  1322
  5226  5224 15316 10067 56942  6955  2890 56942 13396 14108 13171 11211
 11120  9049   977  5226  5224 56942 56931 56945 56945 56945 56945 56945
 56945 56945 56945 56945 56945 56945 56945 56945 56945 56945 56945 56945
 56945 56945]
6 [ 5224 15250  5247 12135  4472 11120  9245  8086 10067 27155  1633  5224
  3612 43726 56932  9000    85  2853 13396  5224 33974  6621 56946 56946
  5226 11120  8290 12135 56932 13396 11122 11211  7780  8192 15156  4562
  2890  9541  4472  5157 56931 56945 56945 56945 56945 56945 56945 56945
 56945 56945]
1 [11120 31601  4472  9537  8445  4472  4241 15354 17750 13396 11120 12267
  4472 56946 56946  5224 39781  4472  7898  1416  5534  5224  2792 15394
  3064 56940 56946 56940 10621 11979  1925 11964  4472 56940 15743  4472
 12536 56940  8509  8493  4472 13822 14596  7672  1633 11120  1976 56931
 56945 56945]
16 [11120 31601  4472  9537  8445  4472  4241 15354 17750 13396 11120 12267
  4472 56946 56946  5224 39781  4472  7898  1416  5534  5224  2792 15394
  3064 56940 56946 56940 10621 11979  1925 11964  4472 56940 15743  4472
 12536 56940  8509  8493  4472 13822 14596  7672  1633 11120  1976 56931
 56945 56945]
8 [ 4337 56946 56934 56946 56935  1240  4810  5224  5551 15083  4472  1879
  7381 11651 10621  2890  6203 56932 13278 14560 17040 56932  8355   420
 56946 56932  3421  2961 56932 12764  8902 27769 20436 10621 18083   420
 48117 56931 56945 56945 56945 56945 56945 56945 56945 56945 56945 56945
 56945 56945]
7 [ 5224 27155 11984   425  8818  5224  8876  5551  4472  1231  7645  5226
  5224   468  5206  5226  5544 10201 56934 56946 56935 56932  2890  2689
 15083  4472 11211  5224  6145 13732 11117 56946 13396 56946 56932 56946
  6151 12347 13396 12238  1004 14314 10621  1240 22809  5226 11120  4932
  8973  4472]
30 [ 5224 10242  9823 10067  9541  6695 56932  5513 10581 56932  6747 12948
  5224 56940  1601  4472 13269 56940  4472 11120   445  4472  4151  4290
 15198  4562  8493  7001 15218  2861 14906  4472    25  5226  6036  1925
  2792 10621  4569 10067 14358  2944 56932  9909  9502  3863 56932 10291
  8676  1231]
28 [ 5224  9211  5692  4472  9786  6005  6151 42373  4472 22803 56940 13371
  1523  4472 13894 56940 11211  5224 14687  1240 28897  6151 11120    26
  5226  5804  3587  4472  4670  4472 11120  2894 56931 56945 56945 56945
 56945 56945 56945 56945 56945 56945 56945 56945 56945 56945 56945 56945
 56945 56945]
8 [11120 15284 10129 11211  4151  6592  2234 10067 11180 13888    61   798
  5708 10621 11138  8493  2176 10767  4472   425  4932 10763 56932 11211
  5877  2890  3269  8716  4472 13553 10621  9453  8509  5804  9939  4472
 13913 56931 56945 56945 56945 56945 56945 56945 56945 56945 56945 56945
 56945 56945]
2 [ 5226 11120 11643   752  4979  5224  9230  4472  6471 56932  7268  8981
 56932  5224 10242  4472  7581  4472  6471 56932  5831  5355 16501 56932
 10621  5224  7423  4472 11120  7444  4472 12474 10067  7407 56932  5513
 56946 56932 11211 44925   425 32066 11211  4146 15640  5137  4472  3789
  4472 56946]
7 [ 5224  3849  3077 15591  8493  4127 13396  5946 10291  5804 14210 10655
 10621  5804 56946 56946  4472  8493  5474  4472 24806 15404 56931 56945
 56945 56945 56945 56945 56945 56945 56945 56945 56945 56945 56945 56945
 56945 56945 56945 56945 56945 56945 56945 56945 56945 56945 56945 56945
 56945 56945]
12 [15083 56932  6870  2890 12687  4562 11120 13524  3046 15227  4472 11120
 11556  4472   713 10621  3491 10067 56946  3934 56934 56946 56935 56932
  4884  1971 12905 16394 11117  5165 11211 13143  1925   653  1231 22306
  4472  8493  1126  4472  4151  4803 56932 56940 13371  5609 10291  2188
  8493  4188]
23 [14939  3255 11211 10611  8155 27156  5226 12057  4472 13822 14464 14225
 10621  4562 13649 15354  8426 14128 56932  5224  3719  4472 11120  3852
 54397  6950 10067  6151  2814 12407 16715 21564 11211 13888  4151 14494
 56931 56945 56945 56945 56945 56945 56945 56945 56945 56945 56945 56945
 56945 56945]
12 [ 4562  5224 10169   746 12249  2890  7415  2052  5179 15600 10621 11120
 23362 10067  2610  7709 56459  5226   919   792  8244  5226  5804 13349
 56931 56945 56945 56945 56945 56945 56945 56945 56945 56945 56945 56945
 56945 56945 56945 56945 56945 56945 56945 56945 56945 56945 56945 56945
 56945 56945]
3 [11120 11556  5226 14299  4472  5804 13272 10067  3187 56934 56946 56935
 56932 11120 11093 11211  2332  5804 15157 56932  7780 11682  6151 10282
  1882 10291  7882  6151 11120  9849 11211  9022  5224 16813  4472 11120
  3077  4472 14028  4472 10374 10621 11211  1240 56946  4151 12453 56931
 56945 56945]
6 [ 6205 56932 12948 56932  5226  5804   914  5802  4472  9209  4534    61
 56932 56946 16263  2890   475  2861 56940 10611 13478  4365 14902  5804
 11941 56931  8552 13396  1231  1870 56940 56931 56945 56945 56945 56945
 56945 56945 56945 56945 56945 56945 56945 56945 56945 56945 56945 56945
 56945 56945]
26 [10621 14914 13371  1240  7780  5756  5217  2892 12297 12297 11211 13974
  4472  3361 11970  1873  5804   266 10067  7581 14931 56946  1231  1381
  6151  8493  1126  5683 10291  5804 56946 12297 12297  1240 56946  5226
  2890 14555 38230 56946  5226 10025 13349  4472  1723 56931 56945 56945
 56945 56945]
24 [ 5226  7874 14340 13649 56942  4472  5488  6857 14729 56932  4151  4705
  5226  8853  6260  5358  8448  4472  2890 56942 13396 14108  4472  5804
 27769  4472  4151   243 12707 56932   683 56942 11804  4472  5895 56932
  7868 11120 56946 56931 56945 56945 56945 56945 56945 56945 56945 56945
 56945 56945]
37 [11120  5474  5226  5804  4185  3861  4472  4151 12938 56932 11211 56946
 10291 17377 56932   672 10621  7874 56932    85 26859 13396  4151 15300
  5224  6260 56942  4472   995 10621 26749  6151  8493   661  5142 13396
 11120 11556  4472 13730  8658  5432 56934 23772 56935  8509  8493  8458
  9887  5226]
4 [ 5224 56942  3315 56942  7672  4472  6226  7944 56932  8630 11211 11120
  3752 14977  3315 13171  4472 56942 38473  6151  6537 56931 56945 56945
 56945 56945 56945 56945 56945 56945 56945 56945 56945 56945 56945 56945
 56945 56945 56945 56945 56945 56945 56945 56945 56945 56945 56945 56945
 56945 56945]
16 [ 5224  2792  4472 11120 11840 56932 17052 56946 56932  5147 12948  6151
  5804 10624  2649  5224 12507 13260  6151  5804 14777  9939 10067  2220
 10067 13723 15879  4472 11120   990  4472  4151  9643 24491  4472 11120
  3174 56946 56946  4951 56946 56934  9961 56935 10621  4472 11120  3050
 56946  9301]
24 [ 4151 14368 56932  8373  4472  4151 13171  2983  4472  1352 56932  1240
 15515  1404  5226  5224 12908 11142 10291  5224 12189  7261  4472  8493
 10509  4255  4472   283 10621 13916 11211  9347  5226  9249  4472  9152
 10621  1446  3673  8509  6221 11120 12921 56931 56945 56945 56945 56945
 56945 56945]
11 [ 5224 19905 56932 11211  8600 11120   967 10067  4842  4472  4151 17358
 56946  4472  4151 14729  6382 56932  9612 14931 10314  6151 56942 13349
 56931 56945 56945 56945 56945 56945 56945 56945 56945 56945 56945 56945
 56945 56945 56945 56945 56945 56945 56945 56945 56945 56945 56945 56945
 56945 56945]
33 [ 5224 11829 10067 12956 11761 56932  4758 11581  6532 10224 56932  7780
  8192 13221  8015 10067  3158  4472 11120  1752  4549  4472  2186  4472
  4052 56932 11211 12027  6151  4151 56942 11725  4472 12474  4472  8689
 56931 56945 56945 56945 56945 56945 56945 56945 56945 56945 56945 56945
 56945 56945]
1 [ 5804 15202  4472 11120  7444  4472 12474   865 16347 16367  6151  5804
 11211 38139  4693  4472 56946 11122  4472 56946 11799  2244 56931 56945
 56945 56945 56945 56945 56945 56945 56945 56945 56945 56945 56945 56945
 56945 56945 56945 56945 56945 56945 56945 56945 56945 56945 56945 56945
 56945 56945]
23 [10621  5240 11211  5224 17569 56932  5226 12342 10621  5226  1231 12297
 12238 12297 56932  5240   217  1969  2890  9463 13171 11211  8493 55748
 56933  2890 10103  4472 12191 13171 11211  4472  8157 56931 56945 56945
 56945 56945 56945 56945 56945 56945 56945 56945 56945 56945 56945 56945
 56945 56945]
9 [56946 14781 56946 10621 23960 56946 21074  4472    68 10314  4472  2890
 11950  6151    13 56931 56945 56945 56945 56945 56945 56945 56945 56945
 56945 56945 56945 56945 56945 56945 56945 56945 56945 56945 56945 56945
 56945 56945 56945 56945 56945 56945 56945 56945 56945 56945 56945 56945
 56945 56945]
21 [12764  1240  6689 56932 13396 56946 56932  4472  2890 23366  2355 13396
  5186   848 34675 13396  2101 56932 15337  5226   420  3545  4472 56946
 10621 56946 45382 56931 56945 56945 56945 56945 56945 56945 56945 56945
 56945 56945 56945 56945 56945 56945 56945 56945 56945 56945 56945 56945
 56945 56945]
17 [ 8493  4472  4151 13171  9320 10621 10596  5240 11120  3915  7044  4472
 14961 56932 14789  5226 11120    70 10067 12675  4136 56931 56945 56945
 56945 56945 56945 56945 56945 56945 56945 56945 56945 56945 56945 56945
 56945 56945 56945 56945 56945 56945 56945 56945 56945 56945 56945 56945
 56945 56945]
1 [10291 21155  4472 12402 10621 12402  4472 21155 56932 10835 56931 56945
 56945 56945 56945 56945 56945 56945 56945 56945 56945 56945 56945 56945
 56945 56945 56945 56945 56945 56945 56945 56945 56945 56945 56945 56945
 56945 56945 56945 56945 56945 56945 56945 56945 56945 56945 56945 56945
 56945 56945]
13 [ 9000  8596  8946  4472  1225 56946 10621  6950  1240 12421 56932  4562
 31995 11443 56932  4472  3740  4472 11120 14675  6151  5544  5226  1601
  4472 11120  1296 56931 56945 56945 56945 56945 56945 56945 56945 56945
 56945 56945 56945 56945 56945 56945 56945 56945 56945 56945 56945 56945
 56945 56945]
