5 [ 5224  3612  9210  8729  1231  2415 10291  1227  5224  9541 56932  9000
  5224  2610 13064  4653  5226  5804 10013  3559  4562  8373   340 10067
  7364 56946  5226 14442  7381 10013 10621  5534 18132 10025   372 10291
  5224  7261 10067 12687 13342 13396  5224  8984  9775 11281 56931 56945
 56945 56945]
9 [11120 12613  7434  5226 13732  5224  4291  6151  1231  2222  1975 56931
 56945 56945 56945 56945 56945 56945 56945 56945 56945 56945 56945 56945
 56945 56945 56945 56945 56945 56945 56945 56945 56945 56945 56945 56945
 56945 56945 56945 56945 56945 56945 56945 56945 56945 56945 56945 56945
 56945 56945]
10 [11120  4760 10545 11211  8373  2402  1240 56946  5226 13822  6090  5534
 56932  5224 13913  4472 56942 56932 56946  6151  5804  7394 56932 11211
  2733  8493 18623  4472  6142 56931 56945 56945 56945 56945 56945 56945
 56945 56945 56945 56945 56945 56945 56945 56945 56945 56945 56945 56945
 56945 56945]
