6 [10621  6205 56932  5224 14784  5172  2530  3153 13371 16732 18093 16732
 56932 22446 19969 56932 22335  5007 29919 56932 16654 22783 56932 56946
 12102 10621 11120 56946 56946 56931 56945 56945 56945 56945 56945 56945
 56945 56945 56945 56945 56945 56945 56945 56945 56945 56945 56945 56945
 56945 56945]
8 [23030 41276 13396  5224  1926 56932 56946 56932  4745 56932 56946  6151
 13478  5804 50556  5861 10067 11477 56932 15676 14970  5224 25893 56931
 56945 56945 56945 56945 56945 56945 56945 56945 56945 56945 56945 56945
 56945 56945 56945 56945 56945 56945 56945 56945 56945 56945 56945 56945
 56945 56945]
1 [ 7645  9071 18590  5226 15107  5226 11120  5769 56931 56945 56945 56945
 56945 56945 56945 56945 56945 56945 56945 56945 56945 56945 56945 56945
 56945 56945 56945 56945 56945 56945 56945 56945 56945 56945 56945 56945
 56945 56945 56945 56945 56945 56945 56945 56945 56945 56945 56945 56945
 56945 56945]
18 [13396  7932 56932  8493 12921  5226 11120 17727  5683 10067 14139 11192
  4472  2163 56932  4562 11581  4382 36723  1925 56946  4472 11120 16919
 56931 56945 56945 56945 56945 56945 56945 56945 56945 56945 56945 56945
 56945 56945 56945 56945 56945 56945 56945 56945 56945 56945 56945 56945
 56945 56945]
3 [ 6210 12672 14915 15319 13371 11120  7658  4472 11120  6670  5226  5224
 13893 56932 10633 10291  4151  4835 10621 13018  5224 22167  4472  4151
  2677  4472  4151   713 56946 56931 56945 56945 56945 56945 56945 56945
 56945 56945 56945 56945 56945 56945 56945 56945 56945 56945 56945 56945
 56945 56945]
