16 [ 1233  1723   848   140 56946 13822 12161 51719 11120 12867  4472  5072
 11211 13749  6533 11120  1770  4472 11120  3046 56931 56945 56945 56945
 56945 56945 56945 56945 56945 56945 56945 56945 56945 56945 56945 56945
 56945 56945 56945 56945 56945 56945 56945 56945 56945 56945 56945 56945
 56945 56945]
1 [11120  5404    36 10067  3071  9541    85 12543 13171  1975  1925  3772
  4562  7678 10067 10803  8493 14564 14988  4472  4391  6011  4562  5224
 12213 56940  5774  1137 56946 56940 56932 11211 11292 13371  7621  8493
  8784  4472   993 56931 56945 56945 56945 56945 56945 56945 56945 56945
 56945 56945]
1 [11120 13908  4472 23190  5240 12407  6816  6151 11120 23089 13396  6293
  9094 13371 48924 56932  3197 56932  9545 10621 19461 56931 56945 56945
 56945 56945 56945 56945 56945 56945 56945 56945 56945 56945 56945 56945
 56945 56945 56945 56945 56945 56945 56945 56945 56945 56945 56945 56945
 56945 56945]
17 [ 9222 11979  4472 56940 15638 12022 56940 11120 13450  5226 11120  4932
 10621 15005  4472 11211  1490 13803  4472 13501 13261 13406  1233 12764
 11418 11120  3832  4472  4151 11899 10291  9514  2890 14399 56931 56945
 56945 56945 56945 56945 56945 56945 56945 56945 56945 56945 56945 56945
 56945 56945]
4 [11120 13724  4472 11120  8466  4131  4472 56946 56932 11120 14088  6059
  4472  3261 14781 17014 56932  7780  4204  5804 42283  4472 11304 13396
  1231  2418 56931 56945 56945 56945 56945 56945 56945 56945 56945 56945
 56945 56945 56945 56945 56945 56945 56945 56945 56945 56945 56945 56945
 56945 56945]
30 [ 5534  9625 15201 10291 11120  7645  2091 15944  2735  4472  2865 11117
 40187 10067  5138 56932 12764  1240  4125 50529  5529  6151  2890 11640
  4562   893 11211  1240 56946 10067  2052 10067 11554 10291  3142  2890
 15168  7785 56932 10954  6151   577 12407  4643  6151 12342 12675 56931
 56945 56945]
