13 [ 5804 11779 11211 56946  5226 11120  9374  4472  1879  2890  9252  3245
  2495  6204 10067  5276 56931 56945 56945 56945 56945 56945 56945 56945
 56945 56945 56945 56945 56945 56945 56945 56945 56945 56945 56945 56945
 56945 56945 56945 56945 56945 56945 56945 56945 56945 56945 56945 56945
 56945 56945]
7 [ 5224  4667  2092  4472  5488 21263  1240 12441  4472 22519  5226  9844
  4151  6857 11622 11211  2752  5224  5960 56931 56945 56945 56945 56945
 56945 56945 56945 56945 56945 56945 56945 56945 56945 56945 56945 56945
 56945 56945 56945 56945 56945 56945 56945 56945 56945 56945 56945 56945
 56945 56945]
