29 [11120 31601  4472  9537  8445  4472  4241 15354 17750 13396 11120 12267
  4472 56946 56946  5224 39781  4472  7898  1416  5534  5224  2792 15394
  3064 56940 56946 56940 10621 11979  1925 11964  4472 56940 15743  4472
 12536 56940  8509  8493  4472 13822 14596  7672  1633 11120  1976 56931
 56945 56945]
2 [11120  2884  6005  1925   653  4472  9737 56940  8493 14083  5179 15600
 56940 10291 13853  5224 15120 12033 10621  2332 11211  5224 14358  7780
 32684  4151 14030 11458  5226  2890 56940 13909  3314 56940  5217 56942
 56931 56945 56945 56945 56945 56945 56945 56945 56945 56945 56945 56945
 56945 56945]
5 [ 5224  9211  5692  4472  9786  6005  6151 42373  4472 22803 56940 13371
  1523  4472 13894 56940 11211  5224 14687  1240 28897  6151 11120    26
  5226  5804  3587  4472  4670  4472 11120  2894 56931 56945 56945 56945
 56945 56945 56945 56945 56945 56945 56945 56945 56945 56945 56945 56945
 56945 56945]
