39 [ 5226  2890  5875  3268  4472 11120 56946  5224 56942  4472  5385  5226
  5224 19411 10067 12074 16004  4472 11120  9584 56932 11211 12764 25073
 13371  7079  4472  2890  7777 56932  1240  5132  8448  4472  5045  8851
 18244 10621  1240 56946 14777 20054 56932  1096  5224 13615 56931 56945
 56945 56945]
24 [ 4693  4472 11211  9666 56946  1231   445 12348 56932   505  8946  2890
  6997  1848  5226 16110 56932 17128 10621  5930 56932  3828   217  1240
 56946 11916 56932 15428 10621 30315  5454 56932  8170 56931 56945 56945
 56945 56945 56945 56945 56945 56945 56945 56945 56945 56945 56945 56945
 56945 56945]
