32 [ 5226  7386 56932  5224 12365  4472  9146  7780 20444 26767 13822  1825
  5226  5224  2792  4472 10442 56932 10556  2828 56932 10621  5226  5224
  7423 10621  4569 12855 56932  1925  9792 56932 37705  5226 11211 56940
  5011 56942  3861 10291  5224   273  4472 11120  8946 56946 56940 56932
  8630 11211]
5 [12937 32341  4562  5747 56932 30123  5226  8025 10621  8025  5226 16045
 56931 56945 56945 56945 56945 56945 56945 56945 56945 56945 56945 56945
 56945 56945 56945 56945 56945 56945 56945 56945 56945 56945 56945 56945
 56945 56945 56945 56945 56945 56945 56945 56945 56945 56945 56945 56945
 56945 56945]
11 [ 6151  2890  2444  4144    44    13 56932 10621    13 13171 56932 56946
  5226   932  5804  4533  4472 11120 12759  7626 56932  5226  8493  2928
 14931   273 56933  5226  8493  2507  4472   545  4472  4151  6144  5226
 11120 11211 11597  8865 10267  1004 13171 10621 13171 13627 56931 56945
 56945 56945]
