16 [ 5804  6523  8153  4472  3637  1240  8588  5226  8663 13554  5859  6151
 13822  8721 13371 11120 12759 15107 56931 56945 56945 56945 56945 56945
 56945 56945 56945 56945 56945 56945 56945 56945 56945 56945 56945 56945
 56945 56945 56945 56945 56945 56945 56945 56945 56945 56945 56945 56945
 56945 56945]
14 [13171   503  4996  7956  5224   658  4472  2167  1240  9567  5226  4151
   709 10067 12754 54717 56934 56942 56935 56931 56945 56945 56945 56945
 56945 56945 56945 56945 56945 56945 56945 56945 56945 56945 56945 56945
 56945 56945 56945 56945 56945 56945 56945 56945 56945 56945 56945 56945
 56945 56945]
31 [11120  8637  1925  1950 13396  5224 14358 13396 11120 14248  4472  4151
  2314 56932 13529 38709 10745 56932 15305  5226  4151  5416 13371 56940
 56946 56940 56932  1240  7780   205  1231 12754 15482 10471 56932 11211
  8596 12673 15796  5224 56940 56946 56940 10621 11211  7858  5226  2890
  8298 14293]
18 [ 6151  2890  2444  4144    44    13 56932 10621    13 13171 56932 56946
  5226   932  5804  4533  4472 11120 12759  7626 56932  5226  8493  2928
 14931   273 56933  5226  8493  2507  4472   545  4472  4151  6144  5226
 11120 11211 11597  8865 10267  1004 13171 10621 13171 13627 56931 56945
 56945 56945]
22 [14442 13334  2091  1296 56932 11120 11436 10126 56932 10621  3052  2370
  5224  3447 56932  1240  9467 10067  9225 10961  4472  1231 12754  3818
 56931 56945 56945 56945 56945 56945 56945 56945 56945 56945 56945 56945
 56945 56945 56945 56945 56945 56945 56945 56945 56945 56945 56945 56945
 56945 56945]
