34 [11120 11093   455  4472  5804  5341  2370  5804  2992  5226 56942  5137
  4716  5226  2890  8288  2218 56932  7868   424 26166 56932 13396 56940
  5224 10620  4472  5892  4472 56946 38578 11211  9347  8493 13400  4562
 10053  9094 56940 56931 56945 56945 56945 56945 56945 56945 56945 56945
 56945 56945]
31 [ 5224  4760  4472 11120 14294  3733 11841  9413 12564 12948  5224 15425
  4472 56942  9135  4472  7537 56932  5224 10711  2776 12033  4472  3572
 56932 13396  5804  9138  4472 13957   848   618  4562 12596  8755 56931
 56945 56945 56945 56945 56945 56945 56945 56945 56945 56945 56945 56945
 56945 56945]
4 [ 5977 14204  2890 11757  5935  5726  4562  3667 12333 56932  7423 10067
 13579 56932  5226 11120 23439 56931 56945 56945 56945 56945 56945 56945
 56945 56945 56945 56945 56945 56945 56945 56945 56945 56945 56945 56945
 56945 56945 56945 56945 56945 56945 56945 56945 56945 56945 56945 56945
 56945 56945]
