5 [11120 10244  4472  7581 56932 12812  6973 56932 56946   217  4562  5224
  6516  4472 11120  2198 13336 56932  9129  1925 10302 56932  5226  5224
 14139  4472 11120 12149  5918  4472 13550  1506  5226  5224 11211  1240
  1612  4151  1539 56931 56945 56945 56945 56945 56945 56945 56945 56945
 56945 56945]
0 [56946 37845  1925  5328  6151  2923 56940  6151 13822 18748  4472  3572
 56940 13396 11120  3852  4472  7668 56931 56945 56945 56945 56945 56945
 56945 56945 56945 56945 56945 56945 56945 56945 56945 56945 56945 56945
 56945 56945 56945 56945 56945 56945 56945 56945 56945 56945 56945 56945
 56945 56945]
7 [ 4151 11376 10067 12122 10621 10067  5692  4473  6678 56946   217  4562
 13822  7083 10621  8643 11120 11140  4472 11120  7261 10067  8876  5972
  4472  2675  4472 11120  8129 56931 56945 56945 56945 56945 56945 56945
 56945 56945 56945 56945 56945 56945 56945 56945 56945 56945 56945 56945
 56945 56945]
8 [ 5226 13822 13644  4472  9942  5215 56932  7362  3709  4151 15002  6151
 11120 13269  4472 11120  6288  4472 14378 56932 56946  4472 11279 10621
  4562  5224  6447 10067  3542  5226  5224  7255 56931 56945 56945 56945
 56945 56945 56945 56945 56945 56945 56945 56945 56945 56945 56945 56945
 56945 56945]
14 [ 5800  6101 23353  6151 11120 48792 21575 56932  5804 14543 56946 11120
  5532 10067 28211  4562 15058  6151  4151 29223  4472  5804 10095 10621
  5804 54616 56931 56945 56945 56945 56945 56945 56945 56945 56945 56945
 56945 56945 56945 56945 56945 56945 56945 56945 56945 56945 56945 56945
 56945 56945]
