14 [ 5263 15083 56932  1240  1441 11120 14402  1925  4667  5226  5793 13396
 11122 11211  7630 11211  8946  2890 56940  1533 56940 10067  9541 56931
 56945 56945 56945 56945 56945 56945 56945 56945 56945 56945 56945 56945
 56945 56945 56945 56945 56945 56945 56945 56945 56945 56945 56945 56945
 56945 56945]
37 [56940  3222   373  5226 21601  4562 11211  4151 14030 56940  9658 32047
 56940 12764 13396 14324  5989   848 25502 56932 10954 13396 14324  4472
 14653 56940 56932  9528 11120  4332  7778 56932 11211  6299 11211 11674
 12764 14067 11211  1231  6319 12764   373 14612  4562  5224  4765  4472
  4151 11656]
13 [ 5224 15548  6394 12937  4151  2136   321  6151 11120 12536 56932 14122
 11211  1396  8993  4979  5226 11120 14088  4472  5804 14821  2356 56931
 56945 56945 56945 56945 56945 56945 56945 56945 56945 56945 56945 56945
 56945 56945 56945 56945 56945 56945 56945 56945 56945 56945 56945 56945
 56945 56945]
