46 [ 4028 13396  4151   153 10067  2792 10067  5688 56932    55 13707 56932
  6151 11211  1240  3644 10067   552  6151  4151 13551  4472 13823  4472
 11120 12815  4455 14260 56940 56946 56940 14746 56932  4781 15201 11211
 56940   230 11120 10213  4472 11211 12473 11211   324  8493 11851 56940
  6151  5488]
36 [ 5224  5799  5226  5224 11211 23429 13371 11061 56932 56940 56946 56940
 56932  4562  4361  4472 21902 56932  9490 56946  4472 16997 56934 14134
 56935  5224  6260 11950 56942  4562  8493  5012  4472 13043  4284  4562
  3542  6151 12379  5452 56932  6862  8057  5224  6260   273  4472 12921
  8493  4903]
3 [56946 56932  5226  7809  7453  1925 12612 56940  4000 13823  7207 13844
 56940  4472 14601 13823 12341 56932 10621 10368 13396 14196 56932  8212
 11211  9490  3380   217  6151  8493  8458  5226 56946 56934  4398 56935
 56932 10621  8212 11211  9220 17705  4472   425  5346 56940  4801 11211
   424   972]
26 [13780  9054  2890 13857  4472 11120  2749  4472 11120 11786  4472  8444
 56942  6151   661 11211  8714  5224  9283  4472 14702 13371  4482 13970
  8271  4562  1892  6151 10355 13849  4472 12596  5500 56932  3416  4151
  6118 56931 56945 56945 56945 56945 56945 56945 56945 56945 56945 56945
 56945 56945]
29 [ 5226  1231 10785 56932  5224 56946  9823  4472  2654  6485  5226   425
   989  6151  5224 13640 11211  1231 10101  3349 14412   853    59  7956
  5804  6361  4472  4276 13371  9852  6151  4151   621 11211 14629  5804
  6829  5217 11120  7070  4472  8945  2370 11120 14611  1912 56931 56945
 56945 56945]
27 [13732  1240  4716 12948 14931 11813  8749  3233  6151 14564 15067 15083
  4472 11211  6151  3382 56946  5224 13676  2625  4472 11120 11840  7511
 14624  1644  4562  3542  6151 11120  5918  9243 56931 56945 56945 56945
 56945 56945 56945 56945 56945 56945 56945 56945 56945 56945 56945 56945
 56945 56945]
19 [ 5224  9750    85  4869  8373  3861 15083  5226 11120  9639  4472 12929
  4472  1041 15023   535  2890 14519  4562  3542  6151 13732 56931 56945
 56945 56945 56945 56945 56945 56945 56945 56945 56945 56945 56945 56945
 56945 56945 56945 56945 56945 56945 56945 56945 56945 56945 56945 56945
 56945 56945]
9 [ 1402  3502 11120  2928  5226  5804 10440  3559 10067  1681  6151 11120
  9639  4472 56946 56946 56931 56945 56945 56945 56945 56945 56945 56945
 56945 56945 56945 56945 56945 56945 56945 56945 56945 56945 56945 56945
 56945 56945 56945 56945 56945 56945 56945 56945 56945 56945 56945 56945
 56945 56945]
