11 [12948  5724  9236 11120  5793 14260  5224  7966  7780 11682  6151 56946
  5224  5765 56931 56945 56945 56945 56945 56945 56945 56945 56945 56945
 56945 56945 56945 56945 56945 56945 56945 56945 56945 56945 56945 56945
 56945 56945 56945 56945 56945 56945 56945 56945 56945 56945 56945 56945
 56945 56945]
7 [ 5804   404 11845 10621  7991  1149  4472  5115  5224  8485 11554 56931
 56945 56945 56945 56945 56945 56945 56945 56945 56945 56945 56945 56945
 56945 56945 56945 56945 56945 56945 56945 56945 56945 56945 56945 56945
 56945 56945 56945 56945 56945 56945 56945 56945 56945 56945 56945 56945
 56945 56945]
26 [ 6118  4472  2480  3245   192 11120  8467  4472 56940  6737 56940 56932
 12889   484  1231  2985 13396  5224  9591  4472 11211 11120 13870   418
 11682  6151 15336  8493 11311 11211  5804 12534  8363  5226 13330 56931
 56945 56945 56945 56945 56945 56945 56945 56945 56945 56945 56945 56945
 56945 56945]
29 [ 5226 11120  5918  4472 17307 56932  6151 56942  5056  4472 15765  4873
  5804  2208 10308   424   972 13371 12135  4472  1231  7107 11444 56932
 11120  8133  4472   217  3786  5821  8493 14119  4472 56942 15980  5331
 10966 56932  7868  5804  5556 10414 56931 56945 56945 56945 56945 56945
 56945 56945]
32 [11120  5844 10421 48191  8943 56934 15191 56935  5165   217  6151 12379
  5452 10621 12795 11211  1240 56946  1156  4693  1925 12301  5432  4472
  7361  4472  4151  5581 56946 10621 31834  4472  9701 11669  7944  4472
  8865 56931 56945 56945 56945 56945 56945 56945 56945 56945 56945 56945
 56945 56945]
0 [ 5351 11120   520   375  4472 13439 14260  6205 12015 56946 56931 56945
 56945 56945 56945 56945 56945 56945 56945 56945 56945 56945 56945 56945
 56945 56945 56945 56945 56945 56945 56945 56945 56945 56945 56945 56945
 56945 56945 56945 56945 56945 56945 56945 56945 56945 56945 56945 56945
 56945 56945]
6 [13525  5165  1925 10386 15445 11211  2670 11120 11791  7956  5224  6058
 10621  5147 11211  5226  9888 11120 13778  9260  2890 21862 16511  4472
  4151 11622  4472  5804  8014  4472  6058 56931 56945 56945 56945 56945
 56945 56945 56945 56945 56945 56945 56945 56945 56945 56945 56945 56945
 56945 56945]
15 [  907  6151  9379 13767 56932 11120  9158  1606  4472 14030  2844 12764
  7780  3517  4472 13882 14352 13908 56932 13371 15285  5226  1231 13676
 13004  7956  5908 11038 11120  6805  3682 10291 11631  3426 10621  5224
   521 56934 56946 56935 56931 56945 56945 56945 56945 56945 56945 56945
 56945 56945]
17 [ 1352 56932  5224  4188  4285 10621 15639  5972  4472 10766 56932  9353
   217 56932  3786 56932 11211 13776 10899  5224  2445  4472 11016  4472
  9835  3301 13396 11120 11556  4472  5804 10700  9362  4472 10766 56934
 56946 56935 10291 13853  8493  4188   657  5226  4151  4558 13901 10067
  6604 56931]
31 [ 4161 11120 11374 56932  5804  1169  3882  8540  3956  2890  5715  4472
 56942   916  5709 56934   683 56942  5669 56932  8448  4472 56942  5699
 56935  4472  5804  2704  5226  5804 11211  1775 13822  5422   848 10734
 13822 12474 56931 56945 56945 56945 56945 56945 56945 56945 56945 56945
 56945 56945]
21 [ 5224  8086 10067  2342  4472 11122 12743 56942  4472 13732 56932   797
  4220 56932  7780    37  8493  2440  5226 11120 11211  9095 11120  7563
 11697 56932 11211  4105 56940 11120 10506 10668  4472 11120 15167  4472
  2514 11211 11120  8108   202  4472 13276  1645  4472  5187 11926 10621
 14931 11813]
5 [56940  5224  9076  7494 11211 11527   425 13450 56940 56932  6870 15023
  9227 11211  5226  5224  5995  2370  5561 56940 12764   753 11813  6017
 56940 56931 56945 56945 56945 56945 56945 56945 56945 56945 56945 56945
 56945 56945 56945 56945 56945 56945 56945 56945 56945 56945 56945 56945
 56945 56945]
12 [  373  1076 11211  5226  5224 13499 10067 11950  5224 10379  4472  2139
  5947 10197  5224 56942  4472 14724 13371 11120 11374 10291  5804 13283
 56932 11211 12669  4151 14596  4290  3496  5217 13330  4472 56942 56931
 56945 56945 56945 56945 56945 56945 56945 56945 56945 56945 56945 56945
 56945 56945]
39 [ 4973 37911 56932  2792  4472 11120 10260 13524 21922 13149 56932 11499
 11211  5224 13513    85   880 13396 56940  9394   465 56940 10621 10272
 11211  7780 14043  1925  9230 10246  4472 12336  9121 56932  4758 13662
  9992 56932 11211  1191 14122 12831 56931 56945 56945 56945 56945 56945
 56945 56945]
3 [ 9000  6950  2214  1898 11120  5229  4472  2892  5534  5224  5688 14098
  4472  6141  5804  1954  4472  5804  8011 10621  1240 56841 14931  6403
  6151 11120 14299  4472  8493  3174 21682 56931 56945 56945 56945 56945
 56945 56945 56945 56945 56945 56945 56945 56945 56945 56945 56945 56945
 56945 56945]
13 [ 9000  6950  2214  1898 11120  5229  4472  2892  5534  5224  5688 14098
  4472  6141  5804  1954  4472  5804  8011 10621  1240 56841 14931  6403
  6151 11120 14299  4472  8493  3174 21682 56931 56945 56945 56945 56945
 56945 56945 56945 56945 56945 56945 56945 56945 56945 56945 56945 56945
 56945 56945]
14 [ 5224 56942  4472  1787 56932 11120  4760 15415  1925  1107 56942  3861
 10291 11211  4437  8373  4507  4472 56942  5669 56934 56942 11804  4472
  5699 56935 10621 56942  5669 56934 56942 11804  4472  5699 56935 56932
 56946 56932  8170 56932 13396  5224  3835 13329 10621  5224  3835  9450
  2074 56932]
13 [56940 12764  5240 13396 13351 56931  5240 14260  4562  5224 56946  2662
  6151 12735 12024 19488 56940 56932 15648  4562 11120 25691  4472  8993
  5224 56940 14505  6269 56940  4472 11120 10056  1217 56931 56945 56945
 56945 56945 56945 56945 56945 56945 56945 56945 56945 56945 56945 56945
 56945 56945]
29 [11120  2595  4472 11120 11556  4472 15544 14431 56934 12204 56935 56932
  5602 13566 56932  3655  6151 14196 11211 56940  1178 13396 11120 13704
  4472  5804  4679  9757 11211 12676  2890  8716  4472  4900 13371    95
  5226  3627 56934 10442 56935 10621 13732 56934  1723 56935 56932 14931
 11744 56932]
30 [ 5224  4154  4472  8443 56932 13396  1231 12135 56932   730 12948 11211
 11372  1231 12467 11372  1231 13464  1240  8504 15083  4472 11211 11120
 11093  1240  9005  1925 12711 10621  4621  5224 14578  4472 11581  7116
  6151 11120 12695  4472 11120 14571  8905 56931 56945 56945 56945 56945
 56945 56945]
31 [13396    19 12135 56932  5224 10242 18531 10067 13723 10208 15512  5226
  5224  1950 10621  4569 13396 14791 56932  3908  9502 56946 56932 15625
  3245  1925  2595 10067   653 11211 56940  4959  1231  3111  4472  8606
 15244 13822  8732 13396 13822  7809  4472  1062 56940 56931 56945 56945
 56945 56945]
9 [ 5224  1381 14577 56932  5951  1925 10067 14358 56932 51658 11120 11334
  4472  3077  4472  5804  5634 10291 11211  5226  6221  1723  1240 56946
  5804   464 11059 10621 54216  4472 15993  9136 56931 56945 56945 56945
 56945 56945 56945 56945 56945 56945 56945 56945 56945 56945 56945 56945
 56945 56945]
31 [11120 11556  5226 14299  4472  5804 13272 10067  3187 56934 56946 56935
 56932 11120 11093 11211  2332  5804 15157 56932  7780 11682  6151 10282
  1882 10291  7882  6151 11120  9849 11211  9022  5224 16813  4472 11120
  3077  4472 14028  4472 10374 10621 11211  1240 56946  4151 12453 56931
 56945 56945]
12 [ 4151  9188 56946 56932 11211 23256  5224 56946 10067  4842  5047 56932
 56946  5804  4900  4472  4151 56946 38385  5226  5804  5093  4472  5804
 12884 56931 56945 56945 56945 56945 56945 56945 56945 56945 56945 56945
 56945 56945 56945 56945 56945 56945 56945 56945 56945 56945 56945 56945
 56945 56945]
8 [ 5224  1385   730 11211   424   175 56940 12764  1772  5224  8033  4472
 10477 56940 14260 12764  3645  2370 11120  1527 10611 56946 11372  4807
  6151  5804   692  4472 11120  7444  7253  4472 11120  2496  2106 56931
 56945 56945 56945 56945 56945 56945 56945 56945 56945 56945 56945 56945
 56945 56945]
6 [ 5224  6519  9101 14691 11211  2622 26256  4151  3021  4472  5804 15611
  9097 10291 25349  8493  7107 11211 28460  4151  7374  4472  2890 14399
  5226  6036  6151 11120  7891  4472 11120  8709  2230 56932 11211 29407
 11120 15670 10067  3104  4472  2496  3733 10621 10067 12956  3285 56931
 56945 56945]
23 [ 2890  6176 11211 12764 14098  4472 11120  4356 11372  8493  8489  4472
 17582 10621  6205 56946  5123  6151  2018 12035 56946 11211 12015 56946
  8493  9553  1893 56932 13084 10621 16776 56931 56945 56945 56945 56945
 56945 56945 56945 56945 56945 56945 56945 56945 56945 56945 56945 56945
 56945 56945]
13 [11604  1009 11211 56932 13371 12013 56932  5224  3104  4472 10050  2669
  4472  4189  2890 15316  4472  3077  4472  7891 10067  1951 12683 10291
 11211  5804  3692  9658  9232  6151 13822  7864  4562  1490  4136 56932
   494   957 56932 12889 12543    60 10722  5414 56932 11149 10166 56931
 56945 56945]
14 [ 5804 13171 18331 56946  2890 56946  6151 11120 14630 56932  6151 11120
  9579 11211 56946  2890 56946   848 56946 56931 56945 56945 56945 56945
 56945 56945 56945 56945 56945 56945 56945 56945 56945 56945 56945 56945
 56945 56945 56945 56945 56945 56945 56945 56945 56945 56945 56945 56945
 56945 56945]
47 [ 5224 56946  7198 10703 56932  9000 17589  1148 14802 56933  5224  5738
 56932 53746 10621 56946 13371 14914 13396  5804 22334 11211 11236  4472
  1231 56946 56946 56932  6950  1240 18541  6151  1168 12675 10621 12764
 37879    13 12479 11211  5224  4472  1231 12759  8284 56932 11372 14102
    19 13277]
45 [ 5226  1231 13676 12297  7618 12297 56932 12024 15340 12297 10621 12342
  3159 11211 11122  5240 12297  4758 13529 44106 56932  1240 10463  5230
 14260 56932 15328   424  3719  4472 11120  7645 56932  1240  7016 56946
 11120 11213   545  2720 56932  5534  4151  8373  3342 37967  5224  1926
 56931 56945]
2 [56946  6151 10375  5804  1063  4509 10621  4151 56946  4472 13439 56931
 56945 56945 56945 56945 56945 56945 56945 56945 56945 56945 56945 56945
 56945 56945 56945 56945 56945 56945 56945 56945 56945 56945 56945 56945
 56945 56945 56945 56945 56945 56945 56945 56945 56945 56945 56945 56945
 56945 56945]
31 [ 3047  5224 17393  4472 56946 13841  6151  1231 14761 12297 12297  1925
  8871  5226  2890  1242 12297 12297 13371  8493 22383 13171 56946 11211
 13775 56933  9000 11122 14347  5240 11211  8666  5224  1926  4562    13
 12562 10621  9039  3082 56932  4562  5224 16090  4472  2890 29708 56931
 56945 56945]
27 [ 5534  5224 15063 16048 13396  5224 54665 11211  6151 13290  5107  7494
 15630 14802 10621 12684 56932 11120 13450  5240 11227 56933  9000  1233
  5224 56946  6950 16945 11120  2656  5217  8493  1914 10054 56932 27645
 56932 52789  5226  5224  4667  4472 11122 23531 56931 56945 56945 56945
 56945 56945]
0 [ 8356  2890 14315 15992 56932 13371  1233 56946 11211  5804  8373 11117
 56946 12557 11120 33450  4472 24509 10067 15790 56932 11120 56946  4472
  2091  3745 16092 10621 56946 11211 56946  5224  9009 15843  4472  2705
 56932 20867  5224 28236  5226  8493 14788 29775  4472 21701 10621 56946
  4472  5275]
