8 [56940  6226   428 12135 10067   653 56931  1240 11606  2158  1925  9080
  5217  5804  6998 10621 12764  5226  5804  1789  4472  6480 56940 56932
 15201  5224 13488  9823 10067  5076 56932 11211   311 11211 11120 14623
  4308 12764  5240  4518  8819 13396  4151 10191  6151  7198  4472  5804
  2447 11211]
1 [ 1240  2616 11211 11120  5908   635  3231  5226 11631  3426  6790  5226
 56942  6151 56942 11804  4472  5895 56932  4472 14399  4562  4151 12314
 56946 10067 12754   653  8984 56931 56945 56945 56945 56945 56945 56945
 56945 56945 56945 56945 56945 56945 56945 56945 56945 56945 56945 56945
 56945 56945]
3 [13396  8593  1240  9028 11211 38996  6151 29257 15821 10291 11120  5603
  4401 56932  1925 15336  4562 20609  7956 11120 12613  2106 56932  5224
  8033  4472  4151   216 19586 10291 31948  5804  3073  7396  5226  6793
  4472 15133   202 56931 56945 56945 56945 56945 56945 56945 56945 56945
 56945 56945]
22 [ 5224  2880 11828  5226  8876 15168  6151  5804  4740 11211 56932  4693
  4472  9607 11120  4348 56932  4493  6151  5804   433  2831  5226 14662
 11211  8090 13371 11120 15315 56932 11120  9223 56932 11120 13491  5401
   848  7353  5647 10621  8612  1240  1784  4562 11120 10225  2246 56932
  1925    20]
18 [ 5226 12379  5452 53847  5226  1242 56932 14931 11744 56932  9135  4472
  4151  8373  7429 56932 12889  1240   874  1233  6572  5226 56946   848
  1240 56946  5226    13 15168 56931 56945 56945 56945 56945 56945 56945
 56945 56945 56945 56945 56945 56945 56945 56945 56945 56945 56945 56945
 56945 56945]
34 [ 4049 56946 56942  5581 56946 11211   766  1231  1651  4161  5224  2689
 56942 56932  5226  5408  4562  5224 12301 10291  9770  5224 14860 56932
 11120 13107 10621 11120 14327  4472    68  7162 56932  1240 14691   217
 56932 13348 56931 56945 56945 56945 56945 56945 56945 56945 56945 56945
 56945 56945]
