10 [ 5263 15083 56932  1240  1441 11120 14402  1925  4667  5226  5793 13396
 11122 11211  7630 11211  8946  2890 56940  1533 56940 10067  9541 56931
 56945 56945 56945 56945 56945 56945 56945 56945 56945 56945 56945 56945
 56945 56945 56945 56945 56945 56945 56945 56945 56945 56945 56945 56945
 56945 56945]
17 [  671  7913  1231  7207  4722  5226  8225  6151  7883  4472 13306  4562
 16303 10621  8752  5226  2890  1863 13396  5224  9322 10067  6319  6116
 13396  1231 13366  4860 56932  5224  2792 10246 56932 13029 13420 56931
 56945 56945 56945 56945 56945 56945 56945 56945 56945 56945 56945 56945
 56945 56945]
