4 [ 5224 14357  4472  3293 11979 11122  9021  4562  4151  2762  1925 20233
  5226 10644  6319  4472 56940  2890  9591 45038 10291  5224 10042  4472
  1723 10621 56932  7956  6226 56932 10067   653  5769 56940 56931 56945
 56945 56945 56945 56945 56945 56945 56945 56945 56945 56945 56945 56945
 56945 56945]
20 [ 9000  5224  7939  3617 18925 56932 11211 15550 11120  9342  5226 11120
 11093 15458  2370  5224  4817  5226   658 56932  6005  5224  7777   501
  4472 56940 40385 56940  6151 13579 10621  6151  3108  5534   668 11211
  1233  5224  4817 10073  1240 56946  5224  3172    59  5226 14390 56931
 56945 56945]
