4 [ 5226   425   792 11117  7689  1925  4369 10426 56932 15609  3176 56932
  7650  4472 11120 13675 13844 10067 56940  9541  4472  4151  8308 56940
 56932 14361 11120  2970 11122 11211  7868  5224 13004 13326 11122  5517
  6151 10945  5224 10726  4472 11120  1578 56931 56945 56945 56945 56945
 56945 56945]
4 [12297 12297 14260  8025  9661  6151  6086 56931 56945 56945 56945 56945
 56945 56945 56945 56945 56945 56945 56945 56945 56945 56945 56945 56945
 56945 56945 56945 56945 56945 56945 56945 56945 56945 56945 56945 56945
 56945 56945 56945 56945 56945 56945 56945 56945 56945 56945 56945 56945
 56945 56945]
4 [56940  5226 56942 56932  2340  6151  3225 10067  8876 22049 56932  5226
  4884 11111  1749 56940 56931 56945 56945 56945 56945 56945 56945 56945
 56945 56945 56945 56945 56945 56945 56945 56945 56945 56945 56945 56945
 56945 56945 56945 56945 56945 56945 56945 56945 56945 56945 56945 56945
 56945 56945]
