23 [56940  5224 56946 14423 13396 12898  4472 56946 56932 11066  4472  2714
 10621  4472  3336  4472  2496 56931  9379 15543  1240  8662    52 33575
 56940 56932  7087 56946 56931 56945 56945 56945 56945 56945 56945 56945
 56945 56945 56945 56945 56945 56945 56945 56945 56945 56945 56945 56945
 56945 56945]
32 [ 9000  5224  4760 56932 11211  5224 56942  4472  8289 41295 11211  2464
 56946  5226  4224  4472 10022 56932  3120 11211  4151  3336  9895 13396
  5224   653 12764   865  1189 12512 10621  1240  9127  5226 15276  4472
    13 22485 11211 56946  6151 11120  9745  5226   420  8589 56931 56945
 56945 56945]
3 [11120  7261  1240  3533 13371  2890 12224  4472 12191 56931 56945 56945
 56945 56945 56945 56945 56945 56945 56945 56945 56945 56945 56945 56945
 56945 56945 56945 56945 56945 56945 56945 56945 56945 56945 56945 56945
 56945 56945 56945 56945 56945 56945 56945 56945 56945 56945 56945 56945
 56945 56945]
4 [ 5226  5224  8288 56932   151 13396  5224 12675  7147 56932 14931 11148
  6314  6151 11120 14299  5913 56931 56945 56945 56945 56945 56945 56945
 56945 56945 56945 56945 56945 56945 56945 56945 56945 56945 56945 56945
 56945 56945 56945 56945 56945 56945 56945 56945 56945 56945 56945 56945
 56945 56945]
9 [  668 11211  5226 15600 11120 11694 12764  3403  6151 13026 56931 56945
 56945 56945 56945 56945 56945 56945 56945 56945 56945 56945 56945 56945
 56945 56945 56945 56945 56945 56945 56945 56945 56945 56945 56945 56945
 56945 56945 56945 56945 56945 56945 56945 56945 56945 56945 56945 56945
 56945 56945]
22 [ 5224  9591  4472 11211 13822  8373  4711 56946  5226  6036  4472 11120
  3475  3268 11122  3717  6205 11120  5655  2861 56940 12015 13126  5224
 14807  4472  3475 56932 13371 56946 10621 13724 56932  9000 12764 10291
  5487 56946  5226 12342  6221 11120  7626 56940 56931 56945 56945 56945
 56945 56945]
2 [56940  1240 56946  8630  4125 56946 56931 11120 11169  8889  5240 11211
  5224 14687 12764  5240 14915  4415 10621 11211  5226  9198 11554 10475
  4472  4291 56932   424  5240    13 56946  9000 56946  5226 11211 10321
  8832 56940 56931 56945 56945 56945 56945 56945 56945 56945 56945 56945
 56945 56945]
12 [15023 14857 11211 12937  4151  2786    61  4472 11120  2894  1240   746
  7575  4161  4550 14931  6416  5226 14662 11120  6098  4472 13822  7345
 56932 56946  1015 11211  5804 15618  4472 11120 12613   746  4472 11872
  8186  7956  1231  1437 56931 56945 56945 56945 56945 56945 56945 56945
 56945 56945]
11 [11120 14476  6393  4472 56946 56932  4472 56942  5137 56932  1240  2313
 15083  4472 11211 11120 14611  9823 10067  7581  3855  4562  1807  5224
  9591  4472 11211  5224  2792  6309  5892  4472  9424  4472  5895  4472
  5121  4472  9220 56932  8630  5016 13098 15244 56932 11211 12764 10376
 56931 56945]
11 [56940  3222   373  5226 21601  4562 11211  4151 14030 56940  9658 32047
 56940 12764 13396 14324  5989   848 25502 56932 10954 13396 14324  4472
 14653 56940 56932  9528 11120  4332  7778 56932 11211  6299 11211 11674
 12764 14067 11211  1231  6319 12764   373 14612  4562  5224  4765  4472
  4151 11656]
27 [11120  1019 10611  5224 13723  5822 56932  2902 13396  1231 15098 56932
 11120 12647  9244  6641  4472  1446  3673 56934 56946 56935 56932 10621
 56946 10149 56932  8642  5226 11966  4472   424  2689 10621    85  8803
  6151  3687  4472   424  7977 13396  5224  3900  7262 10067 10386 56932
 11120  3465]
15 [ 5224  9243 44723 56946 18433 56932 12407 16092  5226 11120 11093 14602
 56932  8642  6151 39027  5226  5804  8373  2627  3559 10621  6870 13974
 10067  9541  6151  2890 15805  9865 11379  5331  5804 32511 56932  3828
 20426 56942 16163 13396 56942 10067  9450  9115 56931 56945 56945 56945
 56945 56945]
44 [11120  9654  4472 11120  5001  3703  7780  9312 11120 14768  5748  6151
  9687 13396  5224   413 13661 56932 11211  5226  1231 13844  4472 12948
 10627  2890  2047  5226 15276 10067  6336  9586 11191 56932 12475 13371
  8099  4993  4472  3572 56932  5226  5224 11211  4665 13371  5860 56942
  6361  4472]
23 [ 5224 13676 56946  4472 11120  7198 56932 20084  4472  2591 56932  7780
 15823 11211 56932 12889 11120  7198  4472 30506 12764  1132  6151 27136
 56932  7780  7581 39883  4472  2260  7275 56931 56945 56945 56945 56945
 56945 56945 56945 56945 56945 56945 56945 56945 56945 56945 56945 56945
 56945 56945]
7 [11120  4760 10545 11211  8373  2402  1240 56946  5226 13822  6090  5534
 56932  5224 13913  4472 56942 56932 56946  6151  5804  7394 56932 11211
  2733  8493 18623  4472  6142 56931 56945 56945 56945 56945 56945 56945
 56945 56945 56945 56945 56945 56945 56945 56945 56945 56945 56945 56945
 56945 56945]
35 [ 5226 11669  7532 56932 11120 56940  9875 56940 14204 13822  3243  4649
  5534 26605 56932 56946   848 54916  1240 56946  6151  8244  4161  5224
 10855  4472 11120 18507 56946 56932 12889  5226  5224    13  5689 14866
 11122 12754  5226  5804  3758  4472 56946   848 56946 56932  4518 56946
 13396  8995]
11 [11120  7811   989  2861 11120  4472 18024 54591 10291  7325 13933 38836
  4562  4151  7764 10621  4562 11120 23877 10722  2814 56931 56945 56945
 56945 56945 56945 56945 56945 56945 56945 56945 56945 56945 56945 56945
 56945 56945 56945 56945 56945 56945 56945 56945 56945 56945 56945 56945
 56945 56945]
3 [ 5224  7992    85  6404  5226  5804  6537 15244 11211 15608   425 15221
  2861  5163 56932  2027  9581 56932  9987 56946 10621  9415 56931 56945
 56945 56945 56945 56945 56945 56945 56945 56945 56945 56945 56945 56945
 56945 56945 56945 56945 56945 56945 56945 56945 56945 56945 56945 56945
 56945 56945]
9 [ 6151   661 11211  2417  5804  3861 56932 11120   445  5061 10621  4151
 13864 31867 10267  1004 13171  9158 56931 56945 56945 56945 56945 56945
 56945 56945 56945 56945 56945 56945 56945 56945 56945 56945 56945 56945
 56945 56945 56945 56945 56945 56945 56945 56945 56945 56945 56945 56945
 56945 56945]
7 [ 7868  5224  5887  9823 10067  7581 56932   736 13396  1231   681 10621
  3907  5804  9138  4472  2281  4472 11120 14623 56932 11211  9652  4151
 56942  3102 56932  4562  2890  8716 10067 56946 56931 56945 56945 56945
 56945 56945 56945 56945 56945 56945 56945 56945 56945 56945 56945 56945
 56945 56945]
34 [ 5224  6519 15907 14524 18066 56932  5234  6516  4472 11120 11602 56946
  4472 20120 56932 15201 11211 56940 47496 11211  1469  1452  3693 13371
  9893  4472 12328 56940 10621  2332 56940  5224 29399 11211 56946 10267
  1004 11211  1240  3484  5224 15623  4472  4151 10531 56940 56931 56945
 56945 56945]
4 [11514  2890 13723 11211 56946   683 13014 13763  4472  8493  8368  5226
  4534  4472  4163 56932  7450 56940 14573 56940 13396  7898 12495 11211
  5207 18988  8993  7012  5226  5804 13349  4472 12687  6165  6151 11120
 13269  4472  4151   420 14821  4494 56931 56945 56945 56945 56945 56945
 56945 56945]
28 [ 4472  9591 56932  5804 17651  1240 17407 56946  4562 56946  5226 56942
 56932 56942 12297 56946 10621  5224 56946  1240 56946  5226  5224 13602
 56946  4562 11122 11211 50677 11120 15910 56946 56931 56945 56945 56945
 56945 56945 56945 56945 56945 56945 56945 56945 56945 56945 56945 56945
 56945 56945]
10 [ 4472 12937   682 56932  1233  5804  8162  4472  2606  1240 19466 56932
  1231  7037  6497  5226   420  5137 56931 56945 56945 56945 56945 56945
 56945 56945 56945 56945 56945 56945 56945 56945 56945 56945 56945 56945
 56945 56945 56945 56945 56945 56945 56945 56945 56945 56945 56945 56945
 56945 56945]
24 [11120  7264 12297 12297 12874 10067  9928 12297 12297 10405  1231 11589
  1925  4201 11120 11599  4472 14923  1242 12996  5226  5224 11211  5207
 56946 56931 56945 56945 56945 56945 56945 56945 56945 56945 56945 56945
 56945 56945 56945 56945 56945 56945 56945 56945 56945 56945 56945 56945
 56945 56945]
