6 [ 5224 10417 15540  4151   739 11211  7494  5224  8033  4472 13359  5226
 11120  3174 56931 56945 56945 56945 56945 56945 56945 56945 56945 56945
 56945 56945 56945 56945 56945 56945 56945 56945 56945 56945 56945 56945
 56945 56945 56945 56945 56945 56945 56945 56945 56945 56945 56945 56945
 56945 56945]
7 [ 5153  4405  5226  2135 11120  6098 11211  7494  5224  2792  4472 11120
 15284   635  7956 11120 14390  4472   424  3835  5047 56931 56945 56945
 56945 56945 56945 56945 56945 56945 56945 56945 56945 56945 56945 56945
 56945 56945 56945 56945 56945 56945 56945 56945 56945 56945 56945 56945
 56945 56945]
