6 [56940  5224  1403 10621  5224  2797  2517 11293  5226 15154  2890 10732
  4472  8165  1317  5226  5224 11211  1240 12730  5226 14662  4151 13910
 10067 14679 15227 56940 56932    11  5224  7580  4472 11120  2894 56931
 56945 56945 56945 56945 56945 56945 56945 56945 56945 56945 56945 56945
 56945 56945]
46 [56946 56932  5226  7809  7453  1925 12612 56940  4000 13823  7207 13844
 56940  4472 14601 13823 12341 56932 10621 10368 13396 14196 56932  8212
 11211  9490  3380   217  6151  8493  8458  5226 56946 56934  4398 56935
 56932 10621  8212 11211  9220 17705  4472   425  5346 56940  4801 11211
   424   972]
