21 [13396 12135  4472  5804 10916 56932  5804 12969  4472 56946  2381  7956
 11120 12077  5224 15623  4472  5804   508 10621  3286  6667 15168  1231
  8324 56931 56945 56945 56945 56945 56945 56945 56945 56945 56945 56945
 56945 56945 56945 56945 56945 56945 56945 56945 56945 56945 56945 56945
 56945 56945]
8 [ 5224  8876  9230  5427 56932 10502  5264 56932  1132   217  9544  6151
 16149 56932  3828  1240 56946  4562  5224  2792  9243 56932 10556  2828
 56932  6614 11211  4125  1071 10291   425 14675  5226 11067 56932  8290
  7802 10067  1094 10067  8699  9243 56931 56945 56945 56945 56945 56945
 56945 56945]
3 [56940 11120 56946   373 10621  3645  6151  5407 11012  7781  5224  2689
 11255 56940 56932  6299 56931 56945 56945 56945 56945 56945 56945 56945
 56945 56945 56945 56945 56945 56945 56945 56945 56945 56945 56945 56945
 56945 56945 56945 56945 56945 56945 56945 56945 56945 56945 56945 56945
 56945 56945]
19 [ 5226  2890 12036  7956  4151  9643 11211  3315  5226 11120 13476 56932
  5224  8699 10246 15201 11211 11120  5818  1043 10291 11211  5804 10624
  4472  5804 13043 10700  1240  4268  2240 10621 10291 11211  1240 56946
  2890  2445  4561  4472  8493 10947 56932 11211  7494 13371 12684  2230
 11120  1126]
6 [ 1379  8871  1233 11120 11778  1240  4868  6151  9687  4562  5224 12675
  1601  4472  8819  1048 13396 22518   806 56946   848 29564 56932 13396
 14184  8373 15664 56931 56945 56945 56945 56945 56945 56945 56945 56945
 56945 56945 56945 56945 56945 56945 56945 56945 56945 56945 56945 56945
 56945 56945]
40 [ 5432  5226 56942  4649 10621 12835  4562  5224  2151  4472  8373  5134
 56932  8493 13172 10067 11183 56932  2890 11284  4472  2551 56932  8373
 16288 51274 10621  5544  5134  1791 56932  7780  4472  2529  2890  2792
 14915  1090 13371 11122    85  5226  1231  7802  4472   821 56931 56945
 56945 56945]
32 [13396  1231 12135 56932 11120  1035 15161  4472  5430 56932 15066  4472
  8598 56932 14039  6997 11211 11120  4687  5240 14653  4472  4151  6505
  2844 56932 56940  8993 11211 11120   990  1240 27171 13974 10067  4842
  8984 56940 56932  6151 11122 11211  6299 11211 11120  6805  2551  5676
 56946  1233]
15 [12764  2451 56932 15201 11211 56940  4151 13910 10291  6744  5224 15623
  7482 12764  1240 11138  5226  9379  8445 56940 10621 56940  5226 14347
  7171 56940 12297  6351 12297 56940 11120  8728  2839   373 23530 11120
  7891  3285 10495 10291 32498  5224  7581  4472  4151 11816 10621 10291
 10530  5224]
7 [  311 11211  5224 56946 56940 12764  5207 13126 56940 14260 56940   373
   440  7253 10621  7133  6151  4151  6731  5226 14088 21617 56932  7253
 10621  7133  5226  8493 11623  2700 56932 11120 10067   552 56940 56932
  5226 15168  4472  8606 56940  2890  8907 10067  2610 10067  7581 56940
 10621  4472]
1 [56940 31867 14694   177  6151 11120  1004 56932  4562 11120 12673 12220
  4472 13681  9000 13092 18599 56940 56931 56945 56945 56945 56945 56945
 56945 56945 56945 56945 56945 56945 56945 56945 56945 56945 56945 56945
 56945 56945 56945 56945 56945 56945 56945 56945 56945 56945 56945 56945
 56945 56945]
5 [56940 56936 13933  7780  9002  4746  6205  5226  8493 14623 14915 19008
 56937 56940 56931 56945 56945 56945 56945 56945 56945 56945 56945 56945
 56945 56945 56945 56945 56945 56945 56945 56945 56945 56945 56945 56945
 56945 56945 56945 56945 56945 56945 56945 56945 56945 56945 56945 56945
 56945 56945]
31 [ 5226  2890  5875  3268  4472 11120 56946  5224 56942  4472  5385  5226
  5224 19411 10067 12074 16004  4472 11120  9584 56932 11211 12764 25073
 13371  7079  4472  2890  7777 56932  1240  5132  8448  4472  5045  8851
 18244 10621  1240 56946 14777 20054 56932  1096  5224 13615 56931 56945
 56945 56945]
32 [56940 56946  1379  6151  4151   713 10621 13261  4472  4543  2910 10291
  5804  6381 56940 56932   730  5224 13488  4472  1414  4472 56946 56932
  5067 23839 56932  1362  4693  4472 11211  1240 12452  5224 14969 10621
  5804  6062 56946  6151 33288 56931 56945 56945 56945 56945 56945 56945
 56945 56945]
17 [11120  3933 11895  4472 11120 10742 56932 11211  3946  5224  5234  6340
   936  3617  6672 56932  1240  8462 10067  6319  8373  3861  4693  4472
  5804 13283 15083  4472 11211 11120  8108 10471  3406  1231  2371  4472
 14667  8509  8834  3861  4151  4290 10291  8986  5224 10119  4472 11463
  4472  2322]
13 [ 9445 11211  5224  4188  9283  4472  5259  6922  5226 11120  4932  1586
  1240  3265  6151  7608  4472  5804 13349  1193  4472 11933 56932  5226
  4151    21  4472  3643 56932  1871 10621  3397 56931 56945 56945 56945
 56945 56945 56945 56945 56945 56945 56945 56945 56945 56945 56945 56945
 56945 56945]
6 [13396 11529 56932  5226  8567 12764  4770    13 10587 11211 11148 11120
  5272 56931 56945 56945 56945 56945 56945 56945 56945 56945 56945 56945
 56945 56945 56945 56945 56945 56945 56945 56945 56945 56945 56945 56945
 56945 56945 56945 56945 56945 56945 56945 56945 56945 56945 56945 56945
 56945 56945]
8 [56940  5804  5286 56934 56943 56935  1240  8540   378 13371  2890  1381
 56946 10291  5224   653 13396 27003  4472  8493 12031  4472  7581 10291
 11120 11851  4472  5804  1170 56932 10291 11293 15600  4472 13030 16563
  5224  3172  4472  9584 10621 11120 10151  4472 11120  3806 56940 56932
  1040 11120]
18 [ 5804  8752 56932  7394  4472 10611 56942 10621 56942  5137 10358  4472
  1041 56932 16722 10621  5806 56932 21947 13498 13482  6151 13822 12574
  5226  2890  2625 56932 12078 13396  3131  6151 11120  9745  3627 56932
 11211  1132  1362  4693  6151   963 14341  4472  3108 56931 56945 56945
 56945 56945]
7 [ 5804    24 14343 11211  1233 11120  7384 41177 13396  3255  8493 14564
 10185 56932 11120  7838  4472 13815   229 12543 13171  1688 56932 10621
  5804  2133  3903  4439  1925  8373 11211 12764 56946 11673  7316 56931
 56945 56945 56945 56945 56945 56945 56945 56945 56945 56945 56945 56945
 56945 56945]
38 [12764  2451 56932  8493 15100  4472  4676  7741  4784  3971 11211  1231
  1431 56932  5224  6519 13396 12181  4337  9666 56932  5240  5224  4569
 13171 56946  6151  4903  3733 56932 11664  1233  4151  4290  4472 12379
  5452  1240 11147  4550 56932 56946 13396 56946  6151 56946  1925  6477
  4569 12855]
1 [12764 14939    20  2890 12675  4814  5226 13732 11211  5226 11877   848
  5226 11986 56931 56945 56945 56945 56945 56945 56945 56945 56945 56945
 56945 56945 56945 56945 56945 56945 56945 56945 56945 56945 56945 56945
 56945 56945 56945 56945 56945 56945 56945 56945 56945 56945 56945 56945
 56945 56945]
17 [35704  5224 14687 15409 12297 12297  6151 14378  5699   848  6151 14378
 35103  5224 14819 34287 56932  4473    20 12297 12297 56946  2890  4315
 18787 56931 56945 56945 56945 56945 56945 56945 56945 56945 56945 56945
 56945 56945 56945 56945 56945 56945 56945 56945 56945 56945 56945 56945
 56945 56945]
5 [ 5226  8493 11093 16790    85 16736 10291 24103  5804 13424  1293  4562
  5224   940 13974  4472 11120 13812 56932  5591 12262 10621 11627 56932
  6205 13371  5804  7962 13901 56931 56945 56945 56945 56945 56945 56945
 56945 56945 56945 56945 56945 56945 56945 56945 56945 56945 56945 56945
 56945 56945]
2 [56940 12764  5240 13396 13351 56931  5240 14260  4562  5224 56946  2662
  6151 12735 12024 19488 56940 56932 15648  4562 11120 25691  4472  8993
  5224 56940 14505  6269 56940  4472 11120 10056  1217 56931 56945 56945
 56945 56945 56945 56945 56945 56945 56945 56945 56945 56945 56945 56945
 56945 56945]
4 [12297 12297 56936 13933 15042  5224 14802 56937 12297 12297 56945 56945
 56945 56945 56945 56945 56945 56945 56945 56945 56945 56945 56945 56945
 56945 56945 56945 56945 56945 56945 56945 56945 56945 56945 56945 56945
 56945 56945 56945 56945 56945 56945 56945 56945 56945 56945 56945 56945
 56945 56945]
6 [ 5226 11120 11938 56932  5804  8330 13512 56946 10621 11120  4687  1240
 56946 56931 56945 56945 56945 56945 56945 56945 56945 56945 56945 56945
 56945 56945 56945 56945 56945 56945 56945 56945 56945 56945 56945 56945
 56945 56945 56945 56945 56945 56945 56945 56945 56945 56945 56945 56945
 56945 56945]
15 [ 5226  1231 13676 12297  7618 12297 56932 12024 15340 12297 10621 12342
  3159 11211 11122  5240 12297  4758 13529 44106 56932  1240 10463  5230
 14260 56932 15328   424  3719  4472 11120  7645 56932  1240  7016 56946
 11120 11213   545  2720 56932  5534  4151  8373  3342 37967  5224  1926
 56931 56945]
26 [ 5226  1231 13676 12297  7618 12297 56932 12024 15340 12297 10621 12342
  3159 11211 11122  5240 12297  4758 13529 44106 56932  1240 10463  5230
 14260 56932 15328   424  3719  4472 11120  7645 56932  1240  7016 56946
 11120 11213   545  2720 56932  5534  4151  8373  3342 37967  5224  1926
 56931 56945]
8 [15083 10067 12679  7759  4472 11120  2809 56946  1132  5224  7347  1540
  4472 56946 56932 10621 13371  9379  8373 56932   473 10621  6256 56932
 14811 12758   425  1578 56932  5240  8931 11211  1240 31241  4562  8025
  1925  7261 56931 56945 56945 56945 56945 56945 56945 56945 56945 56945
 56945 56945]
3 [ 9000  1231   681  3645  1379 13171  2315  4472 11120 11211 10192 56946
 13371 12705 10370  4472 13075 56931 56945 56945 56945 56945 56945 56945
 56945 56945 56945 56945 56945 56945 56945 56945 56945 56945 56945 56945
 56945 56945 56945 56945 56945 56945 56945 56945 56945 56945 56945 56945
 56945 56945]
4 [ 7053  3783 13396 11149 13512 12297 56931 56945 56945 56945 56945 56945
 56945 56945 56945 56945 56945 56945 56945 56945 56945 56945 56945 56945
 56945 56945 56945 56945 56945 56945 56945 56945 56945 56945 56945 56945
 56945 56945 56945 56945 56945 56945 56945 56945 56945 56945 56945 56945
 56945 56945]
