49 [56940 11120 10838 16630  4472  2890 56942 13396 14108  5226  5224  9283
  4472  5804 11621  7518  4472 56942 11070  5226 56942 15058  4472 56942
  5083  2890  8870  3242  4472 11621  6151 11120 56946 10621 56932 13396
 15398 56932  8493   657  4472  5804 11621  1608  8509  5224 56942 56940
 56932 56946]
12 [ 4472 14399  4562  8857 13004 56932  4151  9684 17167  4472 10766  1218
 18458  4472 56946 56946  4472 56942  6468 10267  8493  5226 14842  4472
 56942  6151 56946 56946  5226  5224 12675  7977  4472   424  2689 56932
  5226 13554 11211  5804  8732 13396  4151  9684 10067  6604 18458  4472
 56942 11804]
41 [ 5224 13723 56946  3791  5226 56942  2890  1148  4169  4472 56942 11804
  4472  5699 56934 56942 11804  4472  5669 56935 56932 11122 11211  6913
  2890  5566 10067 56942 13396 14108 15058  1925  3297  2824 56932  8630
 11211 11120  6297  4472 13997  8666  2890 14777 13396 14108 56932  4161
  5804 56942]
1 [12752  7494  8503 56931 15938 56945 56945 56945 56945 56945 56945 56945
 56945 56945 56945 56945 56945 56945 56945 56945 56945 56945 56945 56945
 56945 56945 56945 56945 56945 56945 56945 56945 56945 56945 56945 56945
 56945 56945 56945 56945 56945 56945 56945 56945 56945 56945 56945 56945
 56945 56945]
10 [ 8630 11211 10291  5804 29899 16079 10621 16113 11120  6670  5240  2890
 29585 11211 11910  6151  6086 56931 56945 56945 56945 56945 56945 56945
 56945 56945 56945 56945 56945 56945 56945 56945 56945 56945 56945 56945
 56945 56945 56945 56945 56945 56945 56945 56945 56945 56945 56945 56945
 56945 56945]
15 [ 1233  1240     4  5804  9097  3318 10621  8801 56932  5224 13343  4472
  5804  4900   401  8666  2890 56942 13396 14108  5224  7977  6260 10621
  2890 56942 13396 14108  5226  3740  9939 56932  9445 56931 56945 56945
 56945 56945 56945 56945 56945 56945 56945 56945 56945 56945 56945 56945
 56945 56945]
4 [ 5226  2668  4151 14030 28653  2890  8834 13396 14108 56932  8630 11211
  5226  8295  1240  3731   264  5226  5224 12675 14198 11211  5226  5224
 13676  3297 56934  9226  2890 13857 10067 56942 13396 14108 56935 56931
 56945 56945 56945 56945 56945 56945 56945 56945 56945 56945 56945 56945
 56945 56945]
3 [11120 12613 15161  6667  1231 14408  7249  3245 10291  5804 13618 56931
 56945 56945 56945 56945 56945 56945 56945 56945 56945 56945 56945 56945
 56945 56945 56945 56945 56945 56945 56945 56945 56945 56945 56945 56945
 56945 56945 56945 56945 56945 56945 56945 56945 56945 56945 56945 56945
 56945 56945]
