21 [ 5226  5804  4393  9939 56932  5804 11344 13098  9649 11211 26488  1925
 11034  1619  6151 11454  2269 13371  6256  4472 15461   375  4472  1231
  5352 56932  5226 15168  4472 56946 56932  8509  5137  1231  7253 13269
  1925 12506 56931 56945 56945 56945 56945 56945 56945 56945 56945 56945
 56945 56945]
2 [10529 56932 27527  4472  9158 56932  5240 41007 13396  2188 18013  6151
 11120 17871  4472  1231  8844 46516 56932 32334  5226  1231 56946 56931
 56945 56945 56945 56945 56945 56945 56945 56945 56945 56945 56945 56945
 56945 56945 56945 56945 56945 56945 56945 56945 56945 56945 56945 56945
 56945 56945]
