13 [ 5224  1107  5010  1231  4846 16129 11211 11120  1147  4472  4151  3336
  8343 56946  6151  1352   746  8192 11819 10621 11211  5224  5683   373
  4550 56946 56931 56945 56945 56945 56945 56945 56945 56945 56945 56945
 56945 56945 56945 56945 56945 56945 56945 56945 56945 56945 56945 56945
 56945 56945]
33 [11120  7210  4472   261 14201 12948 56932  4472 13478  3183 56932  5224
  2471  4332  4472 11120 10767 10621 11120  8281 10067  5076 56932  8236
 56946 56932  7930 11211 11120  6240 10067 14479  2273 19233  1925  9541
 10067  3786  2861 56940  5224  1437  4472 15590 10044 12764  4498 10067
 11575  4472]
10 [23030 41276 13396  5224  1926 56932 56946 56932  4745 56932 56946  6151
 13478  5804 50556  5861 10067 11477 56932 15676 14970  5224 25893 56931
 56945 56945 56945 56945 56945 56945 56945 56945 56945 56945 56945 56945
 56945 56945 56945 56945 56945 56945 56945 56945 56945 56945 56945 56945
 56945 56945]
27 [15648 11211  3260 13171  8877  6151 11120 12695 10067 11964  5692  5172
  8493  7442  4472  4188  5226 11120 11211 11117  1295 11211  1231  4136
 17975  5226  5242 56946  6151  3572 56931 56945 56945 56945 56945 56945
 56945 56945 56945 56945 56945 56945 56945 56945 56945 56945 56945 56945
 56945 56945]
