7 [ 1233  1723   848   140 56946 13822 12161 51719 11120 12867  4472  5072
 11211 13749  6533 11120  1770  4472 11120  3046 56931 56945 56945 56945
 56945 56945 56945 56945 56945 56945 56945 56945 56945 56945 56945 56945
 56945 56945 56945 56945 56945 56945 56945 56945 56945 56945 56945 56945
 56945 56945]
5 [ 5224  8716 11353 11211  7780 10018 11120 10535  5334  8509  5804  4393
  3421  9939    85  1160 13396  5804  9362 10621  8892 13371 56940  2890
   974 12407 10831 56940 56931 56945 56945 56945 56945 56945 56945 56945
 56945 56945 56945 56945 56945 56945 56945 56945 56945 56945 56945 56945
 56945 56945]
28 [13974  4472  5804 12552 56946 56932 13526  5804 14513  4472   425  4212
  5226  4151  4558 10067 56946 56932  2729 11211  5226 56942  5224  6117
 46768  4472   424  4814 13006  5224 56942 13396 14108 15058  1925  2689
  2824 56932  5226 13554 11211  5224  6117 40384  1240 19715  5224 56942
 13396 14108]
33 [ 8630 11211 11120 15302  5942 56934  4212 10611  2789  6862 10994 56935
 10067  8876 13610   595  5226 56942 11804 15058  1925 12675 11762  4472
 56942 56932  5804  8732 13688 13396  3054  6950   746 15566  5226 56942
 11804 56931 56945 56945 56945 56945 56945 56945 56945 56945 56945 56945
 56945 56945]
12 [11120  8818  4472  3498  8361 11581  1240 15002  5226  1231 13439  5534
 13841  5224 15440  4472 11120  3252 56931 56945 56945 56945 56945 56945
 56945 56945 56945 56945 56945 56945 56945 56945 56945 56945 56945 56945
 56945 56945 56945 56945 56945 56945 56945 56945 56945 56945 56945 56945
 56945 56945]
