2 [56940  5224 56946 14423 13396 12898  4472 56946 56932 11066  4472  2714
 10621  4472  3336  4472  2496 56931  9379 15543  1240  8662    52 33575
 56940 56932  7087 56946 56931 56945 56945 56945 56945 56945 56945 56945
 56945 56945 56945 56945 56945 56945 56945 56945 56945 56945 56945 56945
 56945 56945]
47 [ 7868 11120  2858 15535 56932 11120  4687  9840  6416 10722 10219  1633
  4151  6505  4472 11120 14653 13554  5226  5046 12297 12297 14708  5240
  6197  5224  4188  4285 10621  9816 15164  4472 15426 12297 12297 13371
  5226  5224 13804 11096 56932  3828 11120  3050  5066 11679  5224 56946
  4472 11120]
4 [ 3245  9054  1593  1231 56946  5226 15247 11945  8410  2413 13396 56942
 11804  5226 56942  5137 56931 56945 56945 56945 56945 56945 56945 56945
 56945 56945 56945 56945 56945 56945 56945 56945 56945 56945 56945 56945
 56945 56945 56945 56945 56945 56945 56945 56945 56945 56945 56945 56945
 56945 56945]
3 [ 2890  4065  4472 56946  4461 56932 56946   713 10621 56946  6381 56932
  1240 11936   217 10291 15390  1296  6151  4151 11003  5226 11120 12165
  1562 10471  5217  5224 13019 10067  4817 12909  5955  5735 56932  5226
 56942 56931 56945 56945 56945 56945 56945 56945 56945 56945 56945 56945
 56945 56945]
1 [ 1925 56946 56931 15938 15938 56945 56945 56945 56945 56945 56945 56945
 56945 56945 56945 56945 56945 56945 56945 56945 56945 56945 56945 56945
 56945 56945 56945 56945 56945 56945 56945 56945 56945 56945 56945 56945
 56945 56945 56945 56945 56945 56945 56945 56945 56945 56945 56945 56945
 56945 56945]
0 [56946 56932 56946 14812 56931 56945 56945 56945 56945 56945 56945 56945
 56945 56945 56945 56945 56945 56945 56945 56945 56945 56945 56945 56945
 56945 56945 56945 56945 56945 56945 56945 56945 56945 56945 56945 56945
 56945 56945 56945 56945 56945 56945 56945 56945 56945 56945 56945 56945
 56945 56945]
2 [56946 56932 56946 14812 56931 56945 56945 56945 56945 56945 56945 56945
 56945 56945 56945 56945 56945 56945 56945 56945 56945 56945 56945 56945
 56945 56945 56945 56945 56945 56945 56945 56945 56945 56945 56945 56945
 56945 56945 56945 56945 56945 56945 56945 56945 56945 56945 56945 56945
 56945 56945]
0 [56946 56932 56946 56946 56931 56945 56945 56945 56945 56945 56945 56945
 56945 56945 56945 56945 56945 56945 56945 56945 56945 56945 56945 56945
 56945 56945 56945 56945 56945 56945 56945 56945 56945 56945 56945 56945
 56945 56945 56945 56945 56945 56945 56945 56945 56945 56945 56945 56945
 56945 56945]
2 [56946 56932 56946 56946 56931 56945 56945 56945 56945 56945 56945 56945
 56945 56945 56945 56945 56945 56945 56945 56945 56945 56945 56945 56945
 56945 56945 56945 56945 56945 56945 56945 56945 56945 56945 56945 56945
 56945 56945 56945 56945 56945 56945 56945 56945 56945 56945 56945 56945
 56945 56945]
14 [ 4472 14399  4562  8857 13004 56932  4151  9684 17167  4472 10766  1218
 18458  4472 56946 56946  4472 56942  6468 10267  8493  5226 14842  4472
 56942  6151 56946 56946  5226  5224 12675  7977  4472   424  2689 56932
  5226 13554 11211  5804  8732 13396  4151  9684 10067  6604 18458  4472
 56942 11804]
26 [ 4472 14399  4562  8857 13004 56932  4151  9684 17167  4472 10766  1218
 18458  4472 56946 56946  4472 56942  6468 10267  8493  5226 14842  4472
 56942  6151 56946 56946  5226  5224 12675  7977  4472   424  2689 56932
  5226 13554 11211  5804  8732 13396  4151  9684 10067  6604 18458  4472
 56942 11804]
23 [ 5224  3245  9243 15919 46405 14039  6151  5804  9139 14931  3818  1925
 10731  6151 16594 56946 56934 56942 56935 56932 13396 56946 56932 56946
 56932 56946 56932 56946 10621 56946 56931 56945 56945 56945 56945 56945
 56945 56945 56945 56945 56945 56945 56945 56945 56945 56945 56945 56945
 56945 56945]
25 [ 5224  3245  9243 15919 46405 14039  6151  5804  9139 14931  3818  1925
 10731  6151 16594 56946 56934 56942 56935 56932 13396 56946 56932 56946
 56932 56946 56932 56946 10621 56946 56931 56945 56945 56945 56945 56945
 56945 56945 56945 56945 56945 56945 56945 56945 56945 56945 56945 56945
 56945 56945]
29 [ 5224  3245  9243 15919 46405 14039  6151  5804  9139 14931  3818  1925
 10731  6151 16594 56946 56934 56942 56935 56932 13396 56946 56932 56946
 56932 56946 56932 56946 10621 56946 56931 56945 56945 56945 56945 56945
 56945 56945 56945 56945 56945 56945 56945 56945 56945 56945 56945 56945
 56945 56945]
10 [ 4151  8070 12297 12297 13396 14779  1780   848  1925  4120 56946 12297
 12297 11526  6416 13371  5715 56942   243 56931 56945 56945 56945 56945
 56945 56945 56945 56945 56945 56945 56945 56945 56945 56945 56945 56945
 56945 56945 56945 56945 56945 56945 56945 56945 56945 56945 56945 56945
 56945 56945]
13 [ 5224  2792  4472  7178 56932 18245 56946 56932  7780 10659 10291  4151
 56942 11613  4472   217  1925 14555   653  4472 11611 14428  5224  8788
 13396  4151   420  1088 14862  8165 12605 56932 10621  1240  9028 11211
 56900  5224  3849  4472  4290 55370 10291  5224 56942  4472   995 56931
 56945 56945]
37 [ 6950  5804   420  6381 10067  7388 56932  5804  4186 15262 10067 20014
 56932 13323  5226  2260  4472 14347   339 56932  6197 11211  5224  9003
 12297 24160 56946 56932  4472 20585 56932 14480  4562  8493  7811  8600
  4472 56946 56932  1947  5224  6812  4472 56942 56946  5226 56946 56931
 56945 56945]
44 [ 6950  5804   420  6381 10067  7388 56932  5804  4186 15262 10067 20014
 56932 13323  5226  2260  4472 14347   339 56932  6197 11211  5224  9003
 12297 24160 56946 56932  4472 20585 56932 14480  4562  8493  7811  8600
  4472 56946 56932  1947  5224  6812  4472 56942 56946  5226 56946 56931
 56945 56945]
46 [ 6950  5804   420  6381 10067  7388 56932  5804  4186 15262 10067 20014
 56932 13323  5226  2260  4472 14347   339 56932  6197 11211  5224  9003
 12297 24160 56946 56932  4472 20585 56932 14480  4562  8493  7811  8600
  4472 56946 56932  1947  5224  6812  4472 56942 56946  5226 56946 56931
 56945 56945]
11 [12764  2451 56932  5226 56942  1240 37370 13371 12684  5307  1925 56946
  6151  3559  4472  1702 10621 14809  5224 56946 10067 11763  6151  1231
  7243 56931 56945 56945 56945 56945 56945 56945 56945 56945 56945 56945
 56945 56945 56945 56945 56945 56945 56945 56945 56945 56945 56945 56945
 56945 56945]
32 [13396  1231 12135 56932  5224 14479 10067  9080 56932 14979  8240 56932
 12764  7780  2729 11813   257  6151 11120   455  1185 56932 12889  8159
 11211   373 15289 56932 14260  9817 11211  5224 56946 56940 12764  5240
 11120  4212 10611  5804  8373 11360 56940 56931 56945 56945 56945 56945
 56945 56945]
13 [ 8365 12764  6645 14928 56946  6151  1231  1431 10621 56932 15023  3825
  5224 56946  1925  5795 56946  2890  8303 56932  7430 10705 13396  1901
  5226 11120 14059 56931 56945 56945 56945 56945 56945 56945 56945 56945
 56945 56945 56945 56945 56945 56945 56945 56945 56945 56945 56945 56945
 56945 56945]
45 [12764  2451 56932  8493 15100  4472  4676  7741  4784  3971 11211  1231
  1431 56932  5224  6519 13396 12181  4337  9666 56932  5240  5224  4569
 13171 56946  6151  4903  3733 56932 11664  1233  4151  4290  4472 12379
  5452  1240 11147  4550 56932 56946 13396 56946  6151 56946  1925  6477
  4569 12855]
34 [ 8593 14067 11211  5804 56942 55771  4472  4212 10611  4151  8373 35638
 56934 11120  4472 13732 10621 11120  4472 11067 56935 56932 40098  6151
 13171  4472 56942  5699 56932  5240  1009 56932  5224 12675 56946 11211
  1233  1240 13280 11120 15210  5226  5699 56931 56945 56945 56945 56945
 56945 56945]
19 [ 5224 27155 11984   425  8818  5224  8876  5551  4472  1231  7645  5226
  5224   468  5206  5226  5544 10201 56934 56946 56935 56932  2890  2689
 15083  4472 11211  5224  6145 13732 11117 56946 13396 56946 56932 56946
  6151 12347 13396 12238  1004 14314 10621  1240 22809  5226 11120  4932
  8973  4472]
24 [ 5224  7843  8729 11120  6614  4472  1231  3104  4472   653 10291 12486
  5224  7944  4472  7425  3091  5226 11120  4932  2693 10067 56946  1925
 56946 56931 56945 56945 56945 56945 56945 56945 56945 56945 56945 56945
 56945 56945 56945 56945 56945 56945 56945 56945 56945 56945 56945 56945
 56945 56945]
31 [ 5226  5224 13440  4472  4151  4558  5226 11120  6686  4472 10766 56932
  4880 10621  9316  4472 14564 15067 10291  5804 18331  2409  5224 11955
  4472   217    85  4472 56942 25083  4472  8538 56932  3245  8503  4472
  5804 13171 14956  5217 13330  4472 56942 56931 56945 56945 56945 56945
 56945 56945]
16 [ 5224 15682  4472  3780 13006  5224 56946 10621  5224  6117  4472  4072
 11122  8057  5226  2890 56946 56931 56945 56945 56945 56945 56945 56945
 56945 56945 56945 56945 56945 56945 56945 56945 56945 56945 56945 56945
 56945 56945 56945 56945 56945 56945 56945 56945 56945 56945 56945 56945
 56945 56945]
32 [11120  6686  4472  1163  4472  3108  5648   217 56932  8788 56932  8493
   967  6151 11120  5332 10621  1231 13343  9823 56946 29482  6151  4151
 56946 11613 56942 13349 10621  1240 22583  5226 56946 56931 56945 56945
 56945 56945 56945 56945 56945 56945 56945 56945 56945 56945 56945 56945
 56945 56945]
