12 [ 5224  5322  4472 11120  8755  1912 56932 16037 14783 56946 56932  1240
  3623  5545  6151 11120  4687  4472  6952  4472  5804  3859 10621  7620
 13171  4518 13396  5224  5858  4472 46789  5224 56940 39584 56940 16352
 56931 56945 56945 56945 56945 56945 56945 56945 56945 56945 56945 56945
 56945 56945]
9 [ 5804  9362  4472 10766  4472  1725   509  3245  1240   484  4241   217
 13396  5224  8716 10067 11955 10067  6604  5226  5224  4842  5432 13371
 14022  4472  4151  4483  5226  4151  3114 10060 56931 56945 56945 56945
 56945 56945 56945 56945 56945 56945 56945 56945 56945 56945 56945 56945
 56945 56945]
15 [10291  5224   413  9102 14434 56940 56946 56940 56932  5224  9541 10611
 56946 10621  5084  3037 56940  9275 10621 14384 13396  5804  9870 13171
 11211 13396  5224  5589  6480 56940 56932  6205 13371 26442  6151   861
 13371 56940  1680 56940 10621 11211 56940  8783  5226 11120 10509  1925
 13732 56940]
7 [ 4151 11487  4472 11120 10157  8311   746  7581   264  8020  5226  4151
   420  2185  4472 10185  4472  4151  3455  4472   743 56931 56945 56945
 56945 56945 56945 56945 56945 56945 56945 56945 56945 56945 56945 56945
 56945 56945 56945 56945 56945 56945 56945 56945 56945 56945 56945 56945
 56945 56945]
3 [ 9019  5456  1240  3623 12407  8645  6151 11120  4000  4472 14161  6151
  3667  4758 15072 56931 56945 56945 56945 56945 56945 56945 56945 56945
 56945 56945 56945 56945 56945 56945 56945 56945 56945 56945 56945 56945
 56945 56945 56945 56945 56945 56945 56945 56945 56945 56945 56945 56945
 56945 56945]
27 [11120  9168  4472  7774   195  4472 11120  1147  4472  5804  3882 11117
  4105  6151 15424  2958 15242 14931  6403  5226 11120 12031 10621  8826
 11211  1231  6319   373  7446  5226  2890 56940  2241 12033  3314 56940
 56932 10621 11211  5804  3618 56940 14811  2831 11120 12673   309  4472
  4693 56940]
15 [56940 11120  8544 11697  4472 15243 11120  8540 11454  5804  7821 10569
 56932  9000 12764  5240 12407 25977 10291  5804 28519 56940 56931 56945
 56945 56945 56945 56945 56945 56945 56945 56945 56945 56945 56945 56945
 56945 56945 56945 56945 56945 56945 56945 56945 56945 56945 56945 56945
 56945 56945]
8 [ 5224  2792  4472  5822 56932  3667  6291 56932  4125 12948 12407  1006
 13396  5224  3321 10067  1034 15164 14552 56946 56932  1925 11211 17497
 56940 10644  9802 56940 56931 56945 56945 56945 56945 56945 56945 56945
 56945 56945 56945 56945 56945 56945 56945 56945 56945 56945 56945 56945
 56945 56945]
9 [56940 13478  5804  5286  5207   746  6398 56932  9000  9373 12555  4372
 14260 11120 10767 10067  3612  7780  8192 12407 11169 56940 56932 15201
 11940 56932 13386 12764  3270 11120  6098  4562 10800  9502  7956 11211
 11120  5243  4472 12146 15362  3510  5226 11120 12090 10067  9541 56931
 56945 56945]
