6 [15023  1231 14723  1800  4562  1166  2865  3543 56932  7628 10180 11428
  5226  5224 15412  4472  3475  4562  1231  8288 13518 56932  5224    45
 11810 56932  6659 12948  5226 11120  8691 14460 10067  3358  4472 15412
  8984 56931 56945 56945 56945 56945 56945 56945 56945 56945 56945 56945
 56945 56945]
3 [ 5224 12944  4472 15394 56942  7587  8493 11499 11211 11120   694  1240
  8057  4562 11120  2496  4472 11211 12764 56946  6151 13290 10621 56940
  4562  6221 11120 56946 10067  1926 56940 56931 56945 56945 56945 56945
 56945 56945 56945 56945 56945 56945 56945 56945 56945 56945 56945 56945
 56945 56945]
6 [ 5224 12944  4472 15394 56942  7587  8493 11499 11211 11120   694  1240
  8057  4562 11120  2496  4472 11211 12764 56946  6151 13290 10621 56940
  4562  6221 11120 56946 10067  1926 56940 56931 56945 56945 56945 56945
 56945 56945 56945 56945 56945 56945 56945 56945 56945 56945 56945 56945
 56945 56945]
11 [ 5224 12425 10621 15832    96   217  5224  8436 56941 18185  4472  5207
 56946 56941 56932  8493   990  4472 15809 56932  1207 10621  5978  1217
 56931 56945 56945 56945 56945 56945 56945 56945 56945 56945 56945 56945
 56945 56945 56945 56945 56945 56945 56945 56945 56945 56945 56945 56945
 56945 56945]
30 [ 4716  6997 11211  5224 56942 13396 14108 10067  9925  4125  6151 15276
  4472 56946 10621  6950  5224 56942 13396 14108  6558  6151 13815  6151
 14198 13346 56932 10621 11211 11120  8373  9490  7934  5226  4151 11197
 12605 56931 56945 56945 56945 56945 56945 56945 56945 56945 56945 56945
 56945 56945]
27 [ 5804 56946  1240 14608  5226 11120 14571  4472  2027  8567 56932 13344
  6151  8493  4472  4151 15271  7191  4472 11120  8604 56932 10621  5226
 11120 16409 10067 16706 10067 15712 56932  5226 11120 13733  4472 11120
 56946 56931 56945 56945 56945 56945 56945 56945 56945 56945 56945 56945
 56945 56945]
47 [ 8356  2890 14315 15992 56932 13371  1233 56946 11211  5804  8373 11117
 56946 12557 11120 33450  4472 24509 10067 15790 56932 11120 56946  4472
  2091  3745 16092 10621 56946 11211 56946  5224  9009 15843  4472  2705
 56932 20867  5224 28236  5226  8493 14788 29775  4472 21701 10621 56946
  4472  5275]
