14 [ 5226  7256 56932 11120  1752  5432  4472 11120  3752 14977  1240 10494
  4472  2890 15316 10291  5515  1870  4472 11093  3778  6151  4151   253
  4472  5804  8080 56932 13371  4284  4472 11106 56932  9739 10621  9326
  7681 56931 56945 56945 56945 56945 56945 56945 56945 56945 56945 56945
 56945 56945]
17 [ 2480 10621  4984 56946   217  1231  5139  6151 11120  3737 10621 12166
  5224  3299   826  4472  5804   352  7956  7430  8509  5804 56942   949
 39015 10067 11100  4472  4709 56931 56945 56945 56945 56945 56945 56945
 56945 56945 56945 56945 56945 56945 56945 56945 56945 56945 56945 56945
 56945 56945]
8 [13525  5165  1925 10386 15445 11211  2670 11120 11791  7956  5224  6058
 10621  5147 11211  5226  9888 11120 13778  9260  2890 21862 16511  4472
  4151 11622  4472  5804  8014  4472  6058 56931 56945 56945 56945 56945
 56945 56945 56945 56945 56945 56945 56945 56945 56945 56945 56945 56945
 56945 56945]
11 [ 4693  4472  8606 10468 11120  2440 56932  5804 14058  3042  2890  4666
  6659 13396  9394  2704  2370  5224   994 10067 14246 56931 56945 56945
 56945 56945 56945 56945 56945 56945 56945 56945 56945 56945 56945 56945
 56945 56945 56945 56945 56945 56945 56945 56945 56945 56945 56945 56945
 56945 56945]
1 [11120 11495  7956 11120 14720 12348  5226  1725   509 56932 11211  5217
   995  6260  6082  5224  5234  8699 10621 10997  4472 11120  9584  8036
 10172 56932  7780 42491 11120  7626 12031  5226   424  6319  3810 56931
 56945 56945 56945 56945 56945 56945 56945 56945 56945 56945 56945 56945
 56945 56945]
16 [56940  5224  9076  7494 11211 11527   425 13450 56940 56932  6870 15023
  9227 11211  5226  5224  5995  2370  5561 56940 12764   753 11813  6017
 56940 56931 56945 56945 56945 56945 56945 56945 56945 56945 56945 56945
 56945 56945 56945 56945 56945 56945 56945 56945 56945 56945 56945 56945
 56945 56945]
37 [13396  1231 12135 56932  5224 14479 10067  9080 56932 14979  8240 56932
 12764  7780  2729 11813   257  6151 11120   455  1185 56932 12889  8159
 11211   373 15289 56932 14260  9817 11211  5224 56946 56940 12764  5240
 11120  4212 10611  5804  8373 11360 56940 56931 56945 56945 56945 56945
 56945 56945]
26 [10867 11979   424 13723  4472 56940 12407  7008 56940 10621 15201 11211
 56940  1061  5534  7709 56940 56932 10621  9371 11211 19764   919 15583
 10611  4151 13549  2370  4151 17344  4472  5804  3204 10621 11120 14678
 10067  5234  4817   501 11513 13952   848  4562  5804 12525 15278   425
 14675  5226]
23 [ 5224  5373 10067   653  5226  3162 15201 12948 11211  6197  1240   746
 32547 13171  4472 56942 35899  4472 11120 14774 10621 11211  5224  5493
 10291 11120 12815 16987 10291 11120  4916  4472  1231 11140 56940   373
 30387 56940 56931 56945 56945 56945 56945 56945 56945 56945 56945 56945
 56945 56945]
32 [ 5226  1231 10785 56932  5224 56946  9823  4472  2654  6485  5226   425
   989  6151  5224 13640 11211  1231 10101  3349 14412   853    59  7956
  5804  6361  4472  4276 13371  9852  6151  4151   621 11211 14629  5804
  6829  5217 11120  7070  4472  8945  2370 11120 14611  1912 56931 56945
 56945 56945]
7 [ 8593 14067 11211  5804 56942 55771  4472  4212 10611  4151  8373 35638
 56934 11120  4472 13732 10621 11120  4472 11067 56935 56932 40098  6151
 13171  4472 56942  5699 56932  5240  1009 56932  5224 12675 56946 11211
  1233  1240 13280 11120 15210  5226  5699 56931 56945 56945 56945 56945
 56945 56945]
11 [  425  4670 56932 14476 12948 13396    55 13707 56932  6913  2890 12328
 14107  5226 15583  4562 11120   611  4472  5072  8447 13396  5224  5688
  5226  5224 13676 10107 56931 56945 56945 56945 56945 56945 56945 56945
 56945 56945 56945 56945 56945 56945 56945 56945 56945 56945 56945 56945
 56945 56945]
16 [ 1793  4472  5487 11898  6151  5804 25100 10842 56932  1254  8560 12305
  1231 25241  4562 14821 10555 10291 10530  5224 17693 56932 14184  4152
  6151 11120  7308 30007 10621  3341  4151 11001 20686 56931 56945 56945
 56945 56945 56945 56945 56945 56945 56945 56945 56945 56945 56945 56945
 56945 56945]
8 [ 5224 56946  4472 11120  3806  5972 14442  6667  6312  9529  7956 11120
  3806  4549 56932  7868 11120  9849 56931 56945 56945 56945 56945 56945
 56945 56945 56945 56945 56945 56945 56945 56945 56945 56945 56945 56945
 56945 56945 56945 56945 56945 56945 56945 56945 56945 56945 56945 56945
 56945 56945]
11 [10621   151 11120  7891  2815  4472  4151  2677 56932  4562 11120 10241
 12764  6950  4472  4151  8373 14821  7396 56932 10954  4562 11120  5299
  4037  5226  2480 56931 56945 56945 56945 56945 56945 56945 56945 56945
 56945 56945 56945 56945 56945 56945 56945 56945 56945 56945 56945 56945
 56945 56945]
23 [ 5224  6519  9101 14691 11211  2622 26256  4151  3021  4472  5804 15611
  9097 10291 25349  8493  7107 11211 28460  4151  7374  4472  2890 14399
  5226  6036  6151 11120  7891  4472 11120  8709  2230 56932 11211 29407
 11120 15670 10067  3104  4472  2496  3733 10621 10067 12956  3285 56931
 56945 56945]
5 [ 9379 56946 56946   756  2890 13571 10611  4151 11817  1325 56932  4562
 11120  5532 56946 10236 56934 56946 56942 56935 56931 56945 56945 56945
 56945 56945 56945 56945 56945 56945 56945 56945 56945 56945 56945 56945
 56945 56945 56945 56945 56945 56945 56945 56945 56945 56945 56945 56945
 56945 56945]
14 [ 6210 12672 14915 15319 13371 11120  7658  4472 11120  6670  5226  5224
 13893 56932 10633 10291  4151  4835 10621 13018  5224 22167  4472  4151
  2677  4472  4151   713 56946 56931 56945 56945 56945 56945 56945 56945
 56945 56945 56945 56945 56945 56945 56945 56945 56945 56945 56945 56945
 56945 56945]
