34 [13211 14781 56932 11211   987 11120  1860  4472 16010 56946 56932   915
 11120   513  5226 56942 15955 56932  8630 11211  5441 13781 56932  4562
  9248 15046  5226 56942  4607 56932  8358   486  5533 56932 56946 11211
   915  5226 56942  1231  8290  5265 56932 10621  4490  6953 56932 22303
  2815 10621]
31 [ 6950  5804   420  6381 10067  7388 56932  5804  4186 15262 10067 20014
 56932 13323  5226  2260  4472 14347   339 56932  6197 11211  5224  9003
 12297 24160 56946 56932  4472 20585 56932 14480  4562  8493  7811  8600
  4472 56946 56932  1947  5224  6812  4472 56942 56946  5226 56946 56931
 56945 56945]
16 [ 5488  1417 10621 13007  5834 10156 10067 56946  9567  1231 12226  5226
  8493 13450 11686 10621 14222 11211  4962  5804 10971  2258 56931 56945
 56945 56945 56945 56945 56945 56945 56945 56945 56945 56945 56945 56945
 56945 56945 56945 56945 56945 56945 56945 56945 56945 56945 56945 56945
 56945 56945]
