35 [11120  1019 10611  5224 13723  5822 56932  2902 13396  1231 15098 56932
 11120 12647  9244  6641  4472  1446  3673 56934 56946 56935 56932 10621
 56946 10149 56932  8642  5226 11966  4472   424  2689 10621    85  8803
  6151  3687  4472   424  7977 13396  5224  3900  7262 10067 10386 56932
 11120  3465]
3 [ 5804 42897 14423 17522  6151  9687  5224  8590  5226 11120  5346  4472
 56946 56946 56932  5226  5224 15934  4472 14233 56932 13396 11120 11602
  4472  4822  9330 56931 56945 56945 56945 56945 56945 56945 56945 56945
 56945 56945 56945 56945 56945 56945 56945 56945 56945 56945 56945 56945
 56945 56945]
5 [ 5804 42897 14423 17522  6151  9687  5224  8590  5226 11120  5346  4472
 56946 56946 56932  5226  5224 15934  4472 14233 56932 13396 11120 11602
  4472  4822  9330 56931 56945 56945 56945 56945 56945 56945 56945 56945
 56945 56945 56945 56945 56945 56945 56945 56945 56945 56945 56945 56945
 56945 56945]
