15 [ 5224 13343  4472 11120  6686  4472  1446  3673 56934 56946 56935  4695
 12948  4562  8493 15568 10067 56946 10621  4716  5226 56942 13349 56931
 56945 56945 56945 56945 56945 56945 56945 56945 56945 56945 56945 56945
 56945 56945 56945 56945 56945 56945 56945 56945 56945 56945 56945 56945
 56945 56945]
25 [ 5224 13723 56946  3791  5226 56942  2890  1148  4169  4472 56942 11804
  4472  5699 56934 56942 11804  4472  5669 56935 56932 11122 11211  6913
  2890  5566 10067 56942 13396 14108 15058  1925  3297  2824 56932  8630
 11211 11120  6297  4472 13997  8666  2890 14777 13396 14108 56932  4161
  5804 56942]
