43 [11120  6462  4472  2139 56932 13386  2645  8493   657  2180  4472   406
  5226 13822  4111  8373 14117  9939  5226  5224  5003 56932  8627  1231
  4339  4562 11120 10151  3682 10067  6319 56932  8630 11211 11120  7384
   411  6151  2139 13396 13822   959  5722 56946  4472 56946 56931 56945
 56945 56945]
49 [11211 11120 12925  9038  4472  4487  7494 13822  5052  5226  5804  3365
 10067  7423 11100 10067   653  5769 10621  5234 10242  9823 10067 14358
 56932  5224  8174  3908 56946 56932  4716 56946  6997  8509  5224  1950
  4472 11120 14877 56932  5224 14555  9541 14843 13396  7982 10621 13822
 10053  3622]
22 [ 5224  2792  8016 56932 15291 11437 56932  7951  1925  6319   217 56932
  8788 56932  2890  2445  4472 10732 10291  7721  5224  9874 11403 10067
  2824   653 56931 56945 56945 56945 56945 56945 56945 56945 56945 56945
 56945 56945 56945 56945 56945 56945 56945 56945 56945 56945 56945 56945
 56945 56945]
