1 [ 5224  6260  3786 56942  4472  4709 13396 11120  8818 56932 12015 56946
  6151 10202  5224  7900 10067 12649 56931 56945 56945 56945 56945 56945
 56945 56945 56945 56945 56945 56945 56945 56945 56945 56945 56945 56945
 56945 56945 56945 56945 56945 56945 56945 56945 56945 56945 56945 56945
 56945 56945]
23 [ 4562  8593 56932  7868 11120 15582 56932  1240 17174  4151 13910 10291
 11211  5224  2792 56946 12085    40   217  4151  4290 10291  5224 11255
 56942  4472   995 56931 56945 56945 56945 56945 56945 56945 56945 56945
 56945 56945 56945 56945 56945 56945 56945 56945 56945 56945 56945 56945
 56945 56945]
17 [ 5224  2880  4472  3806 14691   217  4472 11211  5224  8716  4472  5804
  4900  1925 13475  5226  8949  6260   221  2890  8425  4472  2890 56942
 13396 14108 56932  5226 15583  4562  5224  7977  2824 56931 56945 56945
 56945 56945 56945 56945 56945 56945 56945 56945 56945 56945 56945 56945
 56945 56945]
