13 [ 5226  5804  4393  9939 56932  5804 11344 13098  9649 11211 26488  1925
 11034  1619  6151 11454  2269 13371  6256  4472 15461   375  4472  1231
  5352 56932  5226 15168  4472 56946 56932  8509  5137  1231  7253 13269
  1925 12506 56931 56945 56945 56945 56945 56945 56945 56945 56945 56945
 56945 56945]
4 [ 5224 11239  8964 11211  3403  6151  5775  5226 13732 14260 11117  4473
 56940 12090 56940 56931 56945 56945 56945 56945 56945 56945 56945 56945
 56945 56945 56945 56945 56945 56945 56945 56945 56945 56945 56945 56945
 56945 56945 56945 56945 56945 56945 56945 56945 56945 56945 56945 56945
 56945 56945]
12 [14016  7462 10067  8876 56946 10067  9541  9000 56932 12889 11372  4855
  1132  6151 17854  6151  3252 56932 15574  4188  8108  5226  5224  4667
  4562  4188  7057  5226 11120  4953  4472 11120  4988 56931 56945 56945
 56945 56945 56945 56945 56945 56945 56945 56945 56945 56945 56945 56945
 56945 56945]
10 [56940  1659 11211  4562 10636   434 10621 10644 13893 11122 13831  6151
  9514 56940 56931 56945 56945 56945 56945 56945 56945 56945 56945 56945
 56945 56945 56945 56945 56945 56945 56945 56945 56945 56945 56945 56945
 56945 56945 56945 56945 56945 56945 56945 56945 56945 56945 56945 56945
 56945 56945]
1 [56940  2662  6151  1234  8493 10036  8884  6151 11294 56932 10621  1659
 11211 50786  7827  4562  5224  1673  5226  5224 19782 56940 56932  1964
  5224 11203  5972 56931 56945 56945 56945 56945 56945 56945 56945 56945
 56945 56945 56945 56945 56945 56945 56945 56945 56945 56945 56945 56945
 56945 56945]
9 [56940  1233  5224  9925 13280 11122 11211  1659 11211  3645  6151  8606
 56932 15360 12994  1925 11255  2792  4472 12379  5452 56940 56932  1243
   505  5226 11120  7442 56940 11140  4472  6976 56940 15023  5224  7261
  4472  8493  1300   445 56931 56945 56945 56945 56945 56945 56945 56945
 56945 56945]
