42 [ 5224  2880 11828  5226  8876 15168  6151  5804  4740 11211 56932  4693
  4472  9607 11120  4348 56932  4493  6151  5804   433  2831  5226 14662
 11211  8090 13371 11120 15315 56932 11120  9223 56932 11120 13491  5401
   848  7353  5647 10621  8612  1240  1784  4562 11120 10225  2246 56932
  1925    20]
9 [ 5224 14479  7948 56932  5584 10929 56932 12764  6021  5471  1969  4562
  5804  6628 11581  4233  7845 10621 13567  3427 56932 12889 56946  6151
  3333 56946 56932  1967 56946 56932 11384 15491 10621 12909 10182 56932
 13478  8025  1021 10067  4339  1633  5224 56946 13329 56931 56945 56945
 56945 56945]
