24 [ 9220  4472 11120 15243  1346 11211 11120 15422 22643 13396 11120  2198
  4472 11120  2894  5226 11120  8001  8458  4472  4822  9330  7956 12328
 20375 56940  7952  5226  2370 10067  3432  4472 11120  5430  3537 56940
 56931 56945 56945 56945 56945 56945 56945 56945 56945 56945 56945 56945
 56945 56945]
15 [11120  1489  5360 11120  1650  4472  2890  4666    59  2370  5224  2445
  4472  9961  9301 14440  1925 14338 11211 11120 11840 12764  7780 21652
 11120  5807  4472  6663  4562  2965  6151  5804  8330 56931 56945 56945
 56945 56945 56945 56945 56945 56945 56945 56945 56945 56945 56945 56945
 56945 56945]
