7 [15023 11673   455  5224 15494 16392    85  6154  5226 11120  7276  4472
 56946  4472  5804  3243 12804  4562  5224  9283   748 10621  5226 56942
 11949  2426  6151 11120 14443 17311  5226 11120 11211 45166  1925 11203
 10067  1926 56932  5224  6821 56946 56946  4562  5224 11211  1765 56931
 56945 56945]
5 [ 5804  2444   746  9002  2529  4496  5226  9209 15351 46775 10067 11925
  7426  2861  7910 56932 29326 56932 10768 10621 37338 56931 56945 56945
 56945 56945 56945 56945 56945 56945 56945 56945 56945 56945 56945 56945
 56945 56945 56945 56945 56945 56945 56945 56945 56945 56945 56945 56945
 56945 56945]
