16 [ 5263 15083 56932  1240  1441 11120 14402  1925  4667  5226  5793 13396
 11122 11211  7630 11211  8946  2890 56940  1533 56940 10067  9541 56931
 56945 56945 56945 56945 56945 56945 56945 56945 56945 56945 56945 56945
 56945 56945 56945 56945 56945 56945 56945 56945 56945 56945 56945 56945
 56945 56945]
22 [12511   730 11211  5224 15548 14012 13396   273 56940  7780  9002  8555
  6151 11120 13480 56932 11211  8159  4562  6221  2496 11211  5240  1231
  3012 56940 56931 56945 56945 56945 56945 56945 56945 56945 56945 56945
 56945 56945 56945 56945 56945 56945 56945 56945 56945 56945 56945 56945
 56945 56945]
27 [ 6151  5995  4472 14694 15646 56932 11120 14564 12031 10067   653 10291
  4562  5804  3153  4472 56942  5137 13280 15223  5226 11211  9379  3153
  2254 52430  4472  2529  5224  7811  9587  4472  4151 16626  4043  4472
 11120  5089 56932 10621 11211  5226  1231  6971 12669 21976 13396  5804
 24697  6151]
46 [ 5224  2792  4472  3162 56932 11211 12948  2313  5224  8033  4562  5224
 51563  4472 11046  3266 56932  4044  6151 11120 11752  4472  1305 10621
  5634 56932 10621 14576 11211 11120  2684  4472  5314  6151  1231   653
 28093  2890  9591 12152  5226 11120  7182   635 56940 14260   229 11120
 11093  1004]
