49 [ 5224  3835  9551  4472 14134 56932 56946  1283   826 10621 11646 13858
 12947  6151  5804  2140 11779  6151  7608 10067  8614 12255 56940 11120
 56946 56940 56932  8493  2507  4472  3657  4472  1283 11211  4473  4200
  6151  4151  8155 56940 13396 11122 11211   865 10621 12764 13396 11122
 11211  1340]
49 [ 5224  9230 12624  4472 14299 56932 15082 56946 56932 11499 56932  6151
  1231  1004 56932 11211  5224 14399  4472 46989 11562  1452  2890  5589
  1601  4472  9540 56932 12889 13382 11211 56932  6151 11120  7440  4472
  5804  5470 56932 11120 12135 11211  4807  1925   667  4472 14233  7709
    52  8109]
