44 [ 5226  2890 12036  7956  4151  9643 11211  3315  5226 11120 13476 56932
  5224  8699 10246 15201 11211 11120  5818  1043 10291 11211  5804 10624
  4472  5804 13043 10700  1240  4268  2240 10621 10291 11211  1240 56946
  2890  2445  4561  4472  8493 10947 56932 11211  7494 13371 12684  2230
 11120  1126]
13 [ 2890 13723  4472  5804 13171 13035  9135 10067 13344 11452 11117  6005
  4472  2529  5224  3474  4332 10067 12362 10621 11117 56946  4562  1781
  1807 12764  2545 17969  4562 11120 13077 10291 38210 13822 21879 56931
 56945 56945 56945 56945 56945 56945 56945 56945 56945 56945 56945 56945
 56945 56945]
10 [ 5226  6098 10067 14358 56932  5240 11120  6462 56946 13386  7494  5224
 56940 31079 56940 10621 56946  6151  1231 40975  5224 56940  5340 23441
 56940 56931 56945 56945 56945 56945 56945 56945 56945 56945 56945 56945
 56945 56945 56945 56945 56945 56945 56945 56945 56945 56945 56945 56945
 56945 56945]
32 [11120  5404    36 10067  3071  9541    85 12543 13171  1975  1925  3772
  4562  7678 10067 10803  8493 14564 14988  4472  4391  6011  4562  5224
 12213 56940  5774  1137 56946 56940 56932 11211 11292 13371  7621  8493
  8784  4472   993 56931 56945 56945 56945 56945 56945 56945 56945 56945
 56945 56945]
41 [56940  4365  4449   683  4393  3204 13171 11211 14382 12889  5804  5286
 12764  2745  8192  5804  8500 56940 56932  1040 56932 10621  6299 11211
 56940  5224  3612  7780 14069  8445 12738  9320 56932  9000 12764  7780
 56946  2890 11575 11211  5207 12098 13171 15225 56940 56931 56945 56945
 56945 56945]
5 [11120  7833  3727 56932 11211  7494 10291 11120 10789  8493   467  4472
 10350 56946 56932  7780  3609  2296  6151  5804 12534  4562 56942  5699
 13396 10267  7337  2565  5226  4151 14633 56946 10621 56946 10067 13579
  5226 15019 56931 56945 56945 56945 56945 56945 56945 56945 56945 56945
 56945 56945]
