17 [ 7868  5224 15548 56932 56940 11120 13480 11211 40292  3241  5226  9050
 56932 12731  5226  9050 10621  5240 12407  7074 13396 13822  3692  7539
 56940 56931 56945 56945 56945 56945 56945 56945 56945 56945 56945 56945
 56945 56945 56945 56945 56945 56945 56945 56945 56945 56945 56945 56945
 56945 56945]
8 [ 7393  6151 56946  1925  3070 56932 11122 11100  5240 12764  6708 11211
 56946 13822 31455 56932 56946  5226 11904 56931 56945 56945 56945 56945
 56945 56945 56945 56945 56945 56945 56945 56945 56945 56945 56945 56945
 56945 56945 56945 56945 56945 56945 56945 56945 56945 56945 56945 56945
 56945 56945]
7 [10291 11120  1500 56932 11120  2280  4413  6416 13371 12684 13853 13554
 56940  4151 10219  4472  1961 10621  5708 56940 11211  4595 11120 14623
 56932 56940  6205 13371 11120  7037  6151 10215 56932  3828   231  1231
  7132 56940 56931 56945 56945 56945 56945 56945 56945 56945 56945 56945
 56945 56945]
6 [10621  5240 11211  4550  5804 23313  6492 15157 10291 29494  5804 56946
 56932 10621   865  5314  5804 11211  5207 18503  1231  8298 56946 56931
 56945 56945 56945 56945 56945 56945 56945 56945 56945 56945 56945 56945
 56945 56945 56945 56945 56945 56945 56945 56945 56945 56945 56945 56945
 56945 56945]
1 [ 4550 13261 11120 56946  4969  3993 13386 11707  4151 11488  4472 11120
  1019 10621  1240  6472  5226 11120 56946  4472 13529 18588 11623 56931
 56945 56945 56945 56945 56945 56945 56945 56945 56945 56945 56945 56945
 56945 56945 56945 56945 56945 56945 56945 56945 56945 56945 56945 56945
 56945 56945]
