8 [ 1240 46153  5224  8614 10067  7538 10291  5224 11627  4472  5804  3034
 13274 56931 56945 56945 56945 56945 56945 56945 56945 56945 56945 56945
 56945 56945 56945 56945 56945 56945 56945 56945 56945 56945 56945 56945
 56945 56945 56945 56945 56945 56945 56945 56945 56945 56945 56945 56945
 56945 56945]
6 [ 5224   653   501  4689 12948  5226 14299  4472 11120  4670  4472 11120
 14611  5613 11211  5099  6151 11120 15098   684  4472  8468  1723 56932
  1656 56932 11434  4562  5224  7057  4472  8468   658 56931 56945 56945
 56945 56945 56945 56945 56945 56945 56945 56945 56945 56945 56945 56945
 56945 56945]
8 [15229  5226  5224 15175  4151 56942 15229  4472  7661  4472  2090 56934
  4932 13935 56935  4472 11120  5918 56932  8415  5226  5224 15175   322
 56932 10621  4151 56942  4472  5804 56946 12200 56942  6950  5226  5224
 11988 14179 56946 10621 56942  9570  5226   420  2140  2899  5226 11120
 56946 56932]
29 [11120  7210  4472   261 14201 12948 56932  4472 13478  3183 56932  5224
  2471  4332  4472 11120 10767 10621 11120  8281 10067  5076 56932  8236
 56946 56932  7930 11211 11120  6240 10067 14479  2273 19233  1925  9541
 10067  3786  2861 56940  5224  1437  4472 15590 10044 12764  4498 10067
 11575  4472]
15 [ 5224  6783  3667  9909 12321 56932 14454 10067 10982  4274 56932  1240
  1512   217  5226  2283  4472  1231  1431 10067 11255  3786 56932  5224
  6145 13732 56932  1925 11267 12764  5665  5226  4474 13371 56940  5224
  7811  3612 10621 11120  7811 12101 56940  4472  4151  7428 11211 10007
  5226 11120]
5 [ 5331 11669 23121 56946 11120 11668  4472 10665 18036 25800 22089 19542
 10621  5804 17612 10067 56946  8984 25006 32428 56932  6205 13371  4337
 43606 15217 10621 16186 20590 56931 56945 56945 56945 56945 56945 56945
 56945 56945 56945 56945 56945 56945 56945 56945 56945 56945 56945 56945
 56945 56945]
0 [15079 10067 12980 56931 15938 56945 56945 56945 56945 56945 56945 56945
 56945 56945 56945 56945 56945 56945 56945 56945 56945 56945 56945 56945
 56945 56945 56945 56945 56945 56945 56945 56945 56945 56945 56945 56945
 56945 56945 56945 56945 56945 56945 56945 56945 56945 56945 56945 56945
 56945 56945]
1 [ 5224 14299 10067  5076  4725 56932 11211  4062  4762 13396  5224  1276
 56932  7494 12761  6151  3772  4151  6396 11211  8156  2984 56931 56945
 56945 56945 56945 56945 56945 56945 56945 56945 56945 56945 56945 56945
 56945 56945 56945 56945 56945 56945 56945 56945 56945 56945 56945 56945
 56945 56945]
33 [ 5226  1231  9283  4472  4709 56932 11120 36562  5001 31843 48315 56932
 13845  6151  6226 11122  7426 10621 17157 10067 56946 56932    96  6151
  4337 56946 10621  1231  9745 20730 27548 19392 56934  3280  4472  3455
 10156 56935 56931 56945 56945 56945 56945 56945 56945 56945 56945 56945
 56945 56945]
1 [ 4151 11487 10067 12908  8310   746  8449  5224  8255  1778  4472 11120
 10043  6151 14849  4472 12764  9514  5224 11614  4472 11120 11643 56932
  7956  6226  5226  4151  3455  6517 56931 56945 56945 56945 56945 56945
 56945 56945 56945 56945 56945 56945 56945 56945 56945 56945 56945 56945
 56945 56945]
48 [ 5224 13676 13857 10067 11955 10067 13365 13396 12135 10067  7843 12297
  5224  7206  5226 11122 11211  3645  4472  2689 12297  1240 10532  5224
  6260 56942  4472  8289 56932  5534  5804 32357  4472  4703  5724  9292
  4151 18267  4472 13822 15461  1088  4472 56946  5226  2890  9003  4472
  1601 56931]
15 [ 8521  4472 56946 56946 56946  5224  3716  4161 56946 30948 17519 56932
  8493 15940  4562 30526  4472 15900 10067 12728  9239 56932  9000  4562
  4151 11868  4472 16418 56931 56945 56945 56945 56945 56945 56945 56945
 56945 56945 56945 56945 56945 56945 56945 56945 56945 56945 56945 56945
 56945 56945]
24 [11120  6805 10212 11211   650  4151 10193 12947  8509  5224   653  4472
  9091   690 11785   217 56932  1362  4693  4472 11122  1076 56932 11120
  9234  4472  2922  1925  5234  6340 56932  1925  3452  2890  5935 10611
 13822  9135 56931 56945 56945 56945 56945 56945 56945 56945 56945 56945
 56945 56945]
30 [11120 12394   845  4115   217  3786  1925  2792  5312 10338  6151 56940
 14496  6151 11120  6711  4472  6086 56940 10621  9473  6151  1231  5003
 56932  8509 11120  4188  4472  4151  9958  4472  5793  6718  4161  4550
  5226 13474  2370  5224  6516 10067  7581 56931 56945 56945 56945 56945
 56945 56945]
10 [ 5224  1437  4472  1324  2048 13396  8493 56940 12267  4472 15316  4693
  4472 13396  8493 12267  4472 13480 56940 56932 15061 56931 56945 56945
 56945 56945 56945 56945 56945 56945 56945 56945 56945 56945 56945 56945
 56945 56945 56945 56945 56945 56945 56945 56945 56945 56945 56945 56945
 56945 56945]
1 [11120 31601  4472  9537  8445  4472  4241 15354 17750 13396 11120 12267
  4472 56946 56946  5224 39781  4472  7898  1416  5534  5224  2792 15394
  3064 56940 56946 56940 10621 11979  1925 11964  4472 56940 15743  4472
 12536 56940  8509  8493  4472 13822 14596  7672  1633 11120  1976 56931
 56945 56945]
20 [ 5224  1782 12152 56932  9810  1402 10867 56932 11261 10581 56932  6019
  5224  5823  6151 14524  2129  8009 56932  8099  8351 10067   858  4472
  9972 14527 56931 56945 56945 56945 56945 56945 56945 56945 56945 56945
 56945 56945 56945 56945 56945 56945 56945 56945 56945 56945 56945 56945
 56945 56945]
7 [ 5224 27155 11984   425  8818  5224  8876  5551  4472  1231  7645  5226
  5224   468  5206  5226  5544 10201 56934 56946 56935 56932  2890  2689
 15083  4472 11211  5224  6145 13732 11117 56946 13396 56946 56932 56946
  6151 12347 13396 12238  1004 14314 10621  1240 22809  5226 11120  4932
  8973  4472]
30 [ 5224 10242  9823 10067  9541  6695 56932  5513 10581 56932  6747 12948
  5224 56940  1601  4472 13269 56940  4472 11120   445  4472  4151  4290
 15198  4562  8493  7001 15218  2861 14906  4472    25  5226  6036  1925
  2792 10621  4569 10067 14358  2944 56932  9909  9502  3863 56932 10291
  8676  1231]
8 [11120 15284 10129 11211  4151  6592  2234 10067 11180 13888    61   798
  5708 10621 11138  8493  2176 10767  4472   425  4932 10763 56932 11211
  5877  2890  3269  8716  4472 13553 10621  9453  8509  5804  9939  4472
 13913 56931 56945 56945 56945 56945 56945 56945 56945 56945 56945 56945
 56945 56945]
35 [ 5240 11120 15135 10621 10036  6475  4472  2890   893 11211 13822 15068
  9221  5217 11120  4277  4472  5224 15193  4472  4060 10621  1231  7220
  8556  4270 56946 56932  4814  4472  8493 13726  5226  7581  4472 13408
  3854 14931  8125  1633 11120  1906  4472  1231 11554 56931 56945 56945
 56945 56945]
15 [14627  5082 11120  4022 13402  4472  2158  5804  8039 10621  5147  8493
  5908 10468  5226  4803  4472  5609 52140 56931 56945 56945 56945 56945
 56945 56945 56945 56945 56945 56945 56945 56945 56945 56945 56945 56945
 56945 56945 56945 56945 56945 56945 56945 56945 56945 56945 56945 56945
 56945 56945]
12 [15083 56932  6870  2890 12687  4562 11120 13524  3046 15227  4472 11120
 11556  4472   713 10621  3491 10067 56946  3934 56934 56946 56935 56932
  4884  1971 12905 16394 11117  5165 11211 13143  1925   653  1231 22306
  4472  8493  1126  4472  4151  4803 56932 56940 13371  5609 10291  2188
  8493  4188]
12 [ 4562  5224 10169   746 12249  2890  7415  2052  5179 15600 10621 11120
 23362 10067  2610  7709 56459  5226   919   792  8244  5226  5804 13349
 56931 56945 56945 56945 56945 56945 56945 56945 56945 56945 56945 56945
 56945 56945 56945 56945 56945 56945 56945 56945 56945 56945 56945 56945
 56945 56945]
5 [ 5224  6949  4472 11120 56942 13844 10067  7900 13987 11122  2834 56942
 19595 56931 56945 56945 56945 56945 56945 56945 56945 56945 56945 56945
 56945 56945 56945 56945 56945 56945 56945 56945 56945 56945 56945 56945
 56945 56945 56945 56945 56945 56945 56945 56945 56945 56945 56945 56945
 56945 56945]
3 [11120 11556  5226 14299  4472  5804 13272 10067  3187 56934 56946 56935
 56932 11120 11093 11211  2332  5804 15157 56932  7780 11682  6151 10282
  1882 10291  7882  6151 11120  9849 11211  9022  5224 16813  4472 11120
  3077  4472 14028  4472 10374 10621 11211  1240 56946  4151 12453 56931
 56945 56945]
6 [ 6205 56932 12948 56932  5226  5804   914  5802  4472  9209  4534    61
 56932 56946 16263  2890   475  2861 56940 10611 13478  4365 14902  5804
 11941 56931  8552 13396  1231  1870 56940 56931 56945 56945 56945 56945
 56945 56945 56945 56945 56945 56945 56945 56945 56945 56945 56945 56945
 56945 56945]
26 [10621 14914 13371  1240  7780  5756  5217  2892 12297 12297 11211 13974
  4472  3361 11970  1873  5804   266 10067  7581 14931 56946  1231  1381
  6151  8493  1126  5683 10291  5804 56946 12297 12297  1240 56946  5226
  2890 14555 38230 56946  5226 10025 13349  4472  1723 56931 56945 56945
 56945 56945]
37 [11120  5474  5226  5804  4185  3861  4472  4151 12938 56932 11211 56946
 10291 17377 56932   672 10621  7874 56932    85 26859 13396  4151 15300
  5224  6260 56942  4472   995 10621 26749  6151  8493   661  5142 13396
 11120 11556  4472 13730  8658  5432 56934 23772 56935  8509  8493  8458
  9887  5226]
4 [ 5224 56942  3315 56942  7672  4472  6226  7944 56932  8630 11211 11120
  3752 14977  3315 13171  4472 56942 38473  6151  6537 56931 56945 56945
 56945 56945 56945 56945 56945 56945 56945 56945 56945 56945 56945 56945
 56945 56945 56945 56945 56945 56945 56945 56945 56945 56945 56945 56945
 56945 56945]
9 [56946 14781 56946 10621 23960 56946 21074  4472    68 10314  4472  2890
 11950  6151    13 56931 56945 56945 56945 56945 56945 56945 56945 56945
 56945 56945 56945 56945 56945 56945 56945 56945 56945 56945 56945 56945
 56945 56945 56945 56945 56945 56945 56945 56945 56945 56945 56945 56945
 56945 56945]
13 [ 9000  8596  8946  4472  1225 56946 10621  6950  1240 12421 56932  4562
 31995 11443 56932  4472  3740  4472 11120 14675  6151  5544  5226  1601
  4472 11120  1296 56931 56945 56945 56945 56945 56945 56945 56945 56945
 56945 56945 56945 56945 56945 56945 56945 56945 56945 56945 56945 56945
 56945 56945]
