7 [10420 56932   746  1108  2890 13779 37669  7664  6151  4151  3491  4472
  5804 12943  4562  4151  1746 16807 56932 11211 56932  7868 10636  6098
 56932 12764  1240  4346  4562 11120 15107 56931 56945 56945 56945 56945
 56945 56945 56945 56945 56945 56945 56945 56945 56945 56945 56945 56945
 56945 56945]
18 [ 5224  9823 56946 11499 11211  5226  5804  4185  3861  1240 56946  5804
  1825 56932 10621 13851  2890   475 56946  6151  4151 14455 12605  2861
 56940  5224 11554  1126 56940 56931 56945 56945 56945 56945 56945 56945
 56945 56945 56945 56945 56945 56945 56945 56945 56945 56945 56945 56945
 56945 56945]
8 [11120 14255   154  1233  1240 21289  5226 12025 29534  6151  5804   433
 11211 12764  2752 12135  4472  5804  8521  4472  5309 56931 56945 56945
 56945 56945 56945 56945 56945 56945 56945 56945 56945 56945 56945 56945
 56945 56945 56945 56945 56945 56945 56945 56945 56945 56945 56945 56945
 56945 56945]
