1 [ 1240 46153  5224  8614 10067  7538 10291  5224 11627  4472  5804  3034
 13274 56931 56945 56945 56945 56945 56945 56945 56945 56945 56945 56945
 56945 56945 56945 56945 56945 56945 56945 56945 56945 56945 56945 56945
 56945 56945 56945 56945 56945 56945 56945 56945 56945 56945 56945 56945
 56945 56945]
11 [ 5224 13343  4472 11120  6686  4472  1446  3673 56934 56946 56935  4695
 12948  4562  8493 15568 10067 56946 10621  4716  5226 56942 13349 56931
 56945 56945 56945 56945 56945 56945 56945 56945 56945 56945 56945 56945
 56945 56945 56945 56945 56945 56945 56945 56945 56945 56945 56945 56945
 56945 56945]
32 [ 5224  3612  9210  8729  1231  2415 10291  1227  5224  9541 56932  9000
  5224  2610 13064  4653  5226  5804 10013  3559  4562  8373   340 10067
  7364 56946  5226 14442  7381 10013 10621  5534 18132 10025   372 10291
  5224  7261 10067 12687 13342 13396  5224  8984  9775 11281 56931 56945
 56945 56945]
13 [ 1240 56946  5804   692 14063 56932  1240 56946 11120 15459 12503 10621
  1240  1873  5224 11627  4472  2890  2445 10249  4472 11668  7416 56932
  5331  2890 14555   804  4472 15459  9038 56931 56945 56945 56945 56945
 56945 56945 56945 56945 56945 56945 56945 56945 56945 56945 56945 56945
 56945 56945]
10 [12764  2451 56932  5543  1240  8944  6151  4151 10219 11211 53563  2890
  1431 13371  5224  5364 56931 56945 56945 56945 56945 56945 56945 56945
 56945 56945 56945 56945 56945 56945 56945 56945 56945 56945 56945 56945
 56945 56945 56945 56945 56945 56945 56945 56945 56945 56945 56945 56945
 56945 56945]
0 [33574  8373 10013 10291  5224  7261 56932  5224 17921 12492  2890 12168
  1925  1408  4472 11120 10056  5853 56932  4233 23144 56932 13396   375
  4472  6480 10621  5668  8902  2890 56946 11211 16659 11120 16400   375
 10067  4667 56931 56945 56945 56945 56945 56945 56945 56945 56945 56945
 56945 56945]
15 [ 4161 11120  4916  4472 11669  1950 56932  5224  6516 10067  2631  8174
  1630 11211   582  6911  8493  5404 12031 56940 11211 12764 56946 10291
  3260  5224  3172 56946 56940 10621 11211  1240  7471  6151  9495  5224
 13305  4472 12712  5224  9541  5226  9379  9939 56931 56945 56945 56945
 56945 56945]
3 [12889  5226  9762 12828  5224  3161  4472  2322 56946 56932  5804  5286
 12543 12764   865 10414 56932  3655   217  5224 12365  4472 11120 14248
 56932  4690 22406 56946 56946 56932  6197 11211  5224  3746  3104  4472
 20263  4472 11120 15582  5082   424 13152  4472 30559 10621  1240  7494
 11211  8495]
7 [10621 12764  1240  7709 14857 11211  4563  3380 11120  1147  4472  5804
  7345  4472 13732 56932  5534  6950  9490 56942  8155 56943 56945 56945
 56945 56945 56945 56945 56945 56945 56945 56945 56945 56945 56945 56945
 56945 56945 56945 56945 56945 56945 56945 56945 56945 56945 56945 56945
 56945 56945]
4 [ 5226  4065 56932  1240  5145 56942  7823 56934 56942  1925 11950 56935
 56931 56945 56945 56945 56945 56945 56945 56945 56945 56945 56945 56945
 56945 56945 56945 56945 56945 56945 56945 56945 56945 56945 56945 56945
 56945 56945 56945 56945 56945 56945 56945 56945 56945 56945 56945 56945
 56945 56945]
13 [56940  2662  6151  1234  8493 10036  8884  6151 11294 56932 10621  1659
 11211 50786  7827  4562  5224  1673  5226  5224 19782 56940 56932  1964
  5224 11203  5972 56931 56945 56945 56945 56945 56945 56945 56945 56945
 56945 56945 56945 56945 56945 56945 56945 56945 56945 56945 56945 56945
 56945 56945]
10 [ 1925  8871 56942 14729 56946  4472 10766  4472  1313   746 35826  5226
  5804  4393   420  5137 56932 13083  4472 11904 13396  5224  2191 10067
  5331 11955 10067  6604  5226  5224  4842  5432 56932 14691   217 56932
  8788 56932  8493 13745 13402 56931 56945 56945 56945 56945 56945 56945
 56945 56945]
41 [ 9000  5224  7939  3617 18925 56932 11211 15550 11120  9342  5226 11120
 11093 15458  2370  5224  4817  5226   658 56932  6005  5224  7777   501
  4472 56940 40385 56940  6151 13579 10621  6151  3108  5534   668 11211
  1233  5224  4817 10073  1240 56946  5224  3172    59  5226 14390 56931
 56945 56945]
4 [ 5226   425  1968  1240  1831 11896  7956  5804  1163 10067 56946 56932
  3873 12494 56932  1793  4472  7096  4562 10091  4472  6226  5224  1926
 56934  8503  4472  8025  5240  4472  8689 56935 10621  5804 15099  4472
   424 14659 56931 56945 56945 56945 56945 56945 56945 56945 56945 56945
 56945 56945]
4 [ 7868  4108 56932  1240  3484  2890  5566   224  5226  5094 56946 56932
  2890 14408  1225 15432 56931 56945 56945 56945 56945 56945 56945 56945
 56945 56945 56945 56945 56945 56945 56945 56945 56945 56945 56945 56945
 56945 56945 56945 56945 56945 56945 56945 56945 56945 56945 56945 56945
 56945 56945]
26 [ 5224  4942  9017 11211  1240   418  4204  5224 15900  4472 11120 14381
 56932  5226 32270 56932 10291 10105  5224  8876 15175 10621  1040 11211
  3686    77  9591  2890 15846  4562  5804  3370 13171  9590 56931 56945
 56945 56945 56945 56945 56945 56945 56945 56945 56945 56945 56945 56945
 56945 56945]
5 [ 5226  3646 56932 12948  1240  8978  5224 14399 10611  4942 56932  8567
 10621  9541 12776 56934 14363 56935 11211  1670  2890   653   763  4472
  6462 56932 11211 10475  3030 13396  5224 15512  4758  6777 56931 56945
 56945 56945 56945 56945 56945 56945 56945 56945 56945 56945 56945 56945
 56945 56945]
6 [13974  4472  5804 12552 56946 56932 13526  5804 14513  4472   425  4212
  5226  4151  4558 10067 56946 56932  2729 11211  5226 56942  5224  6117
 46768  4472   424  4814 13006  5224 56942 13396 14108 15058  1925  2689
  2824 56932  5226 13554 11211  5224  6117 40384  1240 19715  5224 56942
 13396 14108]
7 [ 4562 11120  8888  4472  4151   721  1240 20445  8493  1126  4472 11120
   227 10067 13588 56932  9000  5224 18240  4472 11120  2774 12764   103
 10996  5226 11120 21604 10067 12684 56931 56945 56945 56945 56945 56945
 56945 56945 56945 56945 56945 56945 56945 56945 56945 56945 56945 56945
 56945 56945]
15 [ 8630 11211 11120 15302  5942 56934  4212 10611  2789  6862 10994 56935
 10067  8876 13610   595  5226 56942 11804 15058  1925 12675 11762  4472
 56942 56932  5804  8732 13688 13396  3054  6950   746 15566  5226 56942
 11804 56931 56945 56945 56945 56945 56945 56945 56945 56945 56945 56945
 56945 56945]
41 [11604  1009 11211 56932 13371 12013 56932  5224  3104  4472 10050  2669
  4472  4189  2890 15316  4472  3077  4472  7891 10067  1951 12683 10291
 11211  5804  3692  9658  9232  6151 13822  7864  4562  1490  4136 56932
   494   957 56932 12889 12543    60 10722  5414 56932 11149 10166 56931
 56945 56945]
12 [11120  2090  1240 12455  5226 10722  9566 12297   494  1240  7780  9002
  6208  8493 11668 17597  4472   683 56942  5056  4472 10449 12297 10621
  1240  2154  5226 11646 56931 56945 56945 56945 56945 56945 56945 56945
 56945 56945 56945 56945 56945 56945 56945 56945 56945 56945 56945 56945
 56945 56945]
6 [ 4472  9591 56932  5804 17651  1240 17407 56946  4562 56946  5226 56942
 56932 56942 12297 56946 10621  5224 56946  1240 56946  5226  5224 13602
 56946  4562 11122 11211 50677 11120 15910 56946 56931 56945 56945 56945
 56945 56945 56945 56945 56945 56945 56945 56945 56945 56945 56945 56945
 56945 56945]
2 [ 9379 56946 56946   756  2890 13571 10611  4151 11817  1325 56932  4562
 11120  5532 56946 10236 56934 56946 56942 56935 56931 56945 56945 56945
 56945 56945 56945 56945 56945 56945 56945 56945 56945 56945 56945 56945
 56945 56945 56945 56945 56945 56945 56945 56945 56945 56945 56945 56945
 56945 56945]
40 [12297  6997 11211  5226 56942 13290  8221  2890 11627 14915  2101  4472
 11120  3174  4472 10511 56933  9000  5224  9591  5240 11211  6110  5137
 13171  8818  5226  2551  5224 11554  7376  1240 20867  5226  2890 56946
  4472 56946  3828 12764  6000  5224 10371  8148  6151  7608  4472 11120
  8324  3809]
8 [ 7397 56932  5226  5224 13823 23307 56932 12764 25230 13171 11211 11120
  2176 15078 56931 56945 56945 56945 56945 56945 56945 56945 56945 56945
 56945 56945 56945 56945 56945 56945 56945 56945 56945 56945 56945 56945
 56945 56945 56945 56945 56945 56945 56945 56945 56945 56945 56945 56945
 56945 56945]
1 [14442 13334  2091  1296 56932 11120 11436 10126 56932 10621  3052  2370
  5224  3447 56932  1240  9467 10067  9225 10961  4472  1231 12754  3818
 56931 56945 56945 56945 56945 56945 56945 56945 56945 56945 56945 56945
 56945 56945 56945 56945 56945 56945 56945 56945 56945 56945 56945 56945
 56945 56945]
