29 [ 5224   653  4472  4472 11120 13017 56932 11211  3717  5224  6260 56942
  4472   995 56932 15246  5224 15063 10067 10379  2824 56932  3030 13396
  4233 10584 56932 11211  8057 13440 34142  6151  4151   353  4472 11120
  6805 21950  4472 13272   881 56931 56945 56945 56945 56945 56945 56945
 56945 56945]
14 [ 9079  7782  4147  6151 56946 56946 10621 55698  6151 12140 56946 56932
 20578 56932 36297 37413 56943 56931 56945 56945 56945 56945 56945 56945
 56945 56945 56945 56945 56945 56945 56945 56945 56945 56945 56945 56945
 56945 56945 56945 56945 56945 56945 56945 56945 56945 56945 56945 56945
 56945 56945]
9 [15023  1231 14723  1800  4562  1166  2865  3543 56932  7628 10180 11428
  5226  5224 15412  4472  3475  4562  1231  8288 13518 56932  5224    45
 11810 56932  6659 12948  5226 11120  8691 14460 10067  3358  4472 15412
  8984 56931 56945 56945 56945 56945 56945 56945 56945 56945 56945 56945
 56945 56945]
28 [ 8212 11211  5224  7425  4472  8468  5240 13314  2861 56940 14099 11117
 14170  8244  5226  5224  4842  9923 10621  7613  8493  8110 15161 10621
 11117  1697  6226  2890 12002  8606  5226  1713  4472  7396 12241 56940
 56931 56945 56945 56945 56945 56945 56945 56945 56945 56945 56945 56945
 56945 56945]
25 [15023 14857 11211 12937  4151  2786    61  4472 11120  2894  1240   746
  7575  4161  4550 14931  6416  5226 14662 11120  6098  4472 13822  7345
 56932 56946  1015 11211  5804 15618  4472 11120 12613   746  4472 11872
  8186  7956  1231  1437 56931 56945 56945 56945 56945 56945 56945 56945
 56945 56945]
1 [ 8493   437  2940  6151 56946  4472 14555  6151 56946 56142 56931 56945
 56945 56945 56945 56945 56945 56945 56945 56945 56945 56945 56945 56945
 56945 56945 56945 56945 56945 56945 56945 56945 56945 56945 56945 56945
 56945 56945 56945 56945 56945 56945 56945 56945 56945 56945 56945 56945
 56945 56945]
17 [ 5224  7811 12213  2861  5224 10067  5078  4472 56946  4472 14545 56946
 56932 56940  6950  4151 17607 11526 56946 56940 11211  5224 56946 15884
 56946  1240  8057 15379  3245  5226  1231  2175 56931 56945 56945 56945
 56945 56945 56945 56945 56945 56945 56945 56945 56945 56945 56945 56945
 56945 56945]
3 [56946  5224 18785 56946 56946 13371 11120 22183 56946 10067 15790 56931
 56945 56945 56945 56945 56945 56945 56945 56945 56945 56945 56945 56945
 56945 56945 56945 56945 56945 56945 56945 56945 56945 56945 56945 56945
 56945 56945 56945 56945 56945 56945 56945 56945 56945 56945 56945 56945
 56945 56945]
