8 [ 5224  1827 10246  3667  4233  9920 56932 11211 12212  5226 11120 12613
  9107  4151  2314 56932   198  5451  6151 11120 11093 10241 56932    85
 10659 13396  1231 10056 10291 14254  5224  7950  1633  7874 10621  2370
  8774 56932 13706  6151  4151  9655  3736 13044  1925 56946 56931 56945
 56945 56945]
20 [56940   603  6151 11120  4988  4562 11120  4188  3288 11211 12171  7782
  8823 56931 12764  5240  2890   821 18068 10291 10809  5226  5804  1304
 56932 11122 56946  4472 12024  7147  1233  7016 56940 56932 11499 56931
 56945 56945 56945 56945 56945 56945 56945 56945 56945 56945 56945 56945
 56945 56945]
