26 [10611  4151  8089 13010 19805  5226  9379  9939 13396  5224   653 10621
 11120  8755  1240 17231  2890 11814 56946 56932  8493 34961 10621  2890
  1958 30994 11211  5226  1231 11950  1240 41888  5804 24880 56946 56931
 56945 56945 56945 56945 56945 56945 56945 56945 56945 56945 56945 56945
 56945 56945]
11 [ 5224 12133  4472  4984  6351 11211 13280 11066  2890 10563 11085 11211
  6965  4151 14030  5226 11791 10621 11627 10621  1872  6151 11120 11840
  6151  8877  6151   453  9315 56931 56945 56945 56945 56945 56945 56945
 56945 56945 56945 56945 56945 56945 56945 56945 56945 56945 56945 56945
 56945 56945]
49 [56940  6226   428 12135 10067   653 56931  1240 11606  2158  1925  9080
  5217  5804  6998 10621 12764  5226  5804  1789  4472  6480 56940 56932
 15201  5224 13488  9823 10067  5076 56932 11211   311 11211 11120 14623
  4308 12764  5240  4518  8819 13396  4151 10191  6151  7198  4472  5804
  2447 11211]
19 [56936 11149  4026  5804 10856 56946 56932  1233  5804  1332 32722 19456
  6151 11120 12673 12843 11211 13822  4883 11211 12764  1240 36913  4472
 16068 56937 56931 56945 56945 56945 56945 56945 56945 56945 56945 56945
 56945 56945 56945 56945 56945 56945 56945 56945 56945 56945 56945 56945
 56945 56945]
29 [ 6118  4472  2480  3245   192 11120  8467  4472 56940  6737 56940 56932
 12889   484  1231  2985 13396  5224  9591  4472 11211 11120 13870   418
 11682  6151 15336  8493 11311 11211  5804 12534  8363  5226 13330 56931
 56945 56945 56945 56945 56945 56945 56945 56945 56945 56945 56945 56945
 56945 56945]
4 [ 5226 11120 13287  5226 11211 56946 56934 56946 55589 56935 14747 20158
  6151 26574 56934 33407 56946 56935 10621 39232 56934 16252 26387 56935
 56932 11120  8290  4472  4151 12505  4868  8493 18391 13371  1233 11120
  8185  9836  5226  2890 24489 56931 56945 56945 56945 56945 56945 56945
 56945 56945]
2 [ 5224 10778 11211  5224 14479 16945  5226 13043 17772 10067  5076 10621
 11120 11066  4472  8725  4472 13441 13478  5804 15370   746 56191  5224
  5509  4035 56931 56945 56945 56945 56945 56945 56945 56945 56945 56945
 56945 56945 56945 56945 56945 56945 56945 56945 56945 56945 56945 56945
 56945 56945]
17 [ 5224  3793  5913  2443  5224  5003  4472 13488 14479 10067  5076 15275
  6418  6151 11120  2176 11303 11211  2049  5224  3612 56931 56945 56945
 56945 56945 56945 56945 56945 56945 56945 56945 56945 56945 56945 56945
 56945 56945 56945 56945 56945 56945 56945 56945 56945 56945 56945 56945
 56945 56945]
1 [ 3582  5207 15201 11211 12764 14394 11372 10213  4472 11122 11211 56946
 56931 56945 56945 56945 56945 56945 56945 56945 56945 56945 56945 56945
 56945 56945 56945 56945 56945 56945 56945 56945 56945 56945 56945 56945
 56945 56945 56945 56945 56945 56945 56945 56945 56945 56945 56945 56945
 56945 56945]
15 [ 5224 11575  5240  2890  1136  5226 10341 10621 11279  4562  5224 13212
 10067 15412  8704 11211 10507 13396  5224  5309 56931 56945 56945 56945
 56945 56945 56945 56945 56945 56945 56945 56945 56945 56945 56945 56945
 56945 56945 56945 56945 56945 56945 56945 56945 56945 56945 56945 56945
 56945 56945]
10 [ 5224  1611  5187 12135  4472  8493 14988  4472  6731  1714 11211 13043
  1252  6644  7246   425  1578 56931 56945 56945 56945 56945 56945 56945
 56945 56945 56945 56945 56945 56945 56945 56945 56945 56945 56945 56945
 56945 56945 56945 56945 56945 56945 56945 56945 56945 56945 56945 56945
 56945 56945]
13 [14931 11744 56932 23247  8159 11211 56940  5804   453 16747  4472  3432
 56932  8216 13371  5224 56946 56932  4151  3713 21267   848  4151  3713
 21426  5989 56946  5226  5224  1702 12482  5224 10107  3432  4472 11120
  6670 56932   907  6151 11211  1240 12015  2488 11211  5240  8493 24058
 56940 56931]
19 [ 5804 10050  4472   965  4472 11120  2894 10590  9514  1296 56932 13348
 56932  2890 14399  7956 11120  1436  9400 11211 12859  5804 14304 13847
  4472 11120  8941  4472  5804 10925 10621 11120  9443  1925  7057  4472
  5804 14072  5226  5804  3460  3462 56931 56945 56945 56945 56945 56945
 56945 56945]
41 [10291  5224   413  9102 14434 56940 56946 56940 56932  5224  9541 10611
 56946 10621  5084  3037 56940  9275 10621 14384 13396  5804  9870 13171
 11211 13396  5224  5589  6480 56940 56932  6205 13371 26442  6151   861
 13371 56940  1680 56940 10621 11211 56940  8783  5226 11120 10509  1925
 13732 56940]
7 [ 9000   425  9287 56932  4472 12121 47056 11211   494  5226 56946 19311
  4562  5224  3612 14749 56932  9929 14184  5224  6216  6151  1231  2928
  4562  2890  9214  5226  2732 56931 56945 56945 56945 56945 56945 56945
 56945 56945 56945 56945 56945 56945 56945 56945 56945 56945 56945 56945
 56945 56945]
17 [11120 13916 12800  1240  8783 12764  2451  5224 56946 35396 11211  4868
 17635 56942  3204 12566 10621 11211  1296  1240  4338  4562  5224   567
 20298 17364 56934 56942 56935 56931 56945 56945 56945 56945 56945 56945
 56945 56945 56945 56945 56945 56945 56945 56945 56945 56945 56945 56945
 56945 56945]
9 [56940   603  6151 11120  4988  4562 11120  4188  3288 11211 12171  7782
  8823 56931 12764  5240  2890   821 18068 10291 10809  5226  5804  1304
 56932 11122 56946  4472 12024  7147  1233  7016 56940 56932 11499 56931
 56945 56945 56945 56945 56945 56945 56945 56945 56945 56945 56945 56945
 56945 56945]
20 [ 4161 11120  4916  4472 11669  1950 56932  5224  6516 10067  2631  8174
  1630 11211   582  6911  8493  5404 12031 56940 11211 12764 56946 10291
  3260  5224  3172 56946 56940 10621 11211  1240  7471  6151  9495  5224
 13305  4472 12712  5224  9541  5226  9379  9939 56931 56945 56945 56945
 56945 56945]
30 [ 4161 11120  4916  4472 11669  1950 56932  5224  6516 10067  2631  8174
  1630 11211   582  6911  8493  5404 12031 56940 11211 12764 56946 10291
  3260  5224  3172 56946 56940 10621 11211  1240  7471  6151  9495  5224
 13305  4472 12712  5224  9541  5226  9379  9939 56931 56945 56945 56945
 56945 56945]
19 [13529  1522  2004 14576 11120 56940  1970 10621  2334 56940  4562 11120
 11211  1240  7780  2302   424  3172 56932 11211  5224 56946  4473 13396
   254 56932 12889 48139 11120  6475  3091 10067  7346  3733  4794 56931
 56945 56945 56945 56945 56945 56945 56945 56945 56945 56945 56945 56945
 56945 56945]
26 [ 4562 56946 12557 10949  5226 10554 12392 56932 14423  2917 56946 10621
 56946  5804  5574 11211 35683 11120 11752  5226  5224  3612  4472   719
 13529  8374 11211 56932  8552  6151   425   455 56932 12045  8493 13450
  7383  5226  5224 11284 56931 56945 56945 56945 56945 56945 56945 56945
 56945 56945]
8 [ 5804  8752 10621  5804  1169 11959   746 14480 11211   217  9544 56932
  8290  4722  4472  2062 56932 56946  2193  5226  6226  5224  6319 56932
  4562  5224 14906  4472  6157 10621 19124  5226  4151  1088    21 56931
 56945 56945 56945 56945 56945 56945 56945 56945 56945 56945 56945 56945
 56945 56945]
3 [ 5224  8716 11353 11211  7780 10018 11120 10535  5334  8509  5804  4393
  3421  9939    85  1160 13396  5804  9362 10621  8892 13371 56940  2890
   974 12407 10831 56940 56931 56945 56945 56945 56945 56945 56945 56945
 56945 56945 56945 56945 56945 56945 56945 56945 56945 56945 56945 56945
 56945 56945]
28 [ 5224  4569  4472  2892  6151 11120 12695 10067   653 56932 15195 56946
 56932  1240  7780  5788  1691  4472 12033 56946 10621  6128  5254  5226
  5804 56942  5137  5226 11211  7780  8192  2141  4472  1361 10621  4472
 12695  4472 11120  9849 56932  9000  1231  8909 10471  5240  8493  2543
  6197 11211]
18 [56940  4550 56932 56936 11149 15590  6151  8606  5804 14765  4472 11120
    19 12135 56934  5804 15544 56935 11211  4562  3336 13371  4151 17574
 10621  4151 45389 15181  6151  1179  5804  4900 10291 13822  1357  7345
 56937 56940 56932  6183  9019 56931 56945 56945 56945 56945 56945 56945
 56945 56945]
29 [ 5224 13676 13857 10067 11955 10067 13365 13396 12135 10067  7843 12297
  5224  7206  5226 11122 11211  3645  4472  2689 12297  1240 10532  5224
  6260 56942  4472  8289 56932  5534  5804 32357  4472  4703  5724  9292
  4151 18267  4472 13822 15461  1088  4472 56946  5226  2890  9003  4472
  1601 56931]
5 [ 9302 13396 12752  8493  2263 11211  8964 11211 56946  8493 12874  5226
  5804 14543 10291 12764  4085  6151 11120   545 56931 56945 56945 56945
 56945 56945 56945 56945 56945 56945 56945 56945 56945 56945 56945 56945
 56945 56945 56945 56945 56945 56945 56945 56945 56945 56945 56945 56945
 56945 56945]
4 [ 5226 11120 12673 14693 11211 56946  1240  9507  1231  3879 12624 56932
 16422 56946 56931 56945 56945 56945 56945 56945 56945 56945 56945 56945
 56945 56945 56945 56945 56945 56945 56945 56945 56945 56945 56945 56945
 56945 56945 56945 56945 56945 56945 56945 56945 56945 56945 56945 56945
 56945 56945]
44 [ 5226  1231  6098 56932  5224 11575 10067 12870  7364 56940  5240  2890
  2052 14427  5226 11120  9927 15161 56940 11211 56940 10823  5224  2275
  4472 11120 13553  4472  2890  6319 14079 56940  6151 11669  3172 10621
  5240 56940 11120 14022  4472  4151 12453  2282 11211  1240  8269  6151
  7003 56940]
22 [ 4151 14729  8371 10877  1170  7254 13396 11120   657 10067 11955  5432
 10067 10766 56932 11664  6105  4562  1379  6604 28030 56932 11211 11430
 11211  1593  6151  2890  4200 12407 11379  1925  4472 13760 56932 15648
 22363 56931 56945 56945 56945 56945 56945 56945 56945 56945 56945 56945
 56945 56945]
19 [11120  3059  1240 10532  6151  4151 56942  1362  4472 11120  1296  6151
 56942 10440  4472 11120  5918  4472 56946  5534  2890   412 56946  6151
  2890 36645  5226  4890 28434  7616  2890 13723  4472 56942  6381 56932
   713 10621 17061 11211 56932 13371 10267  5244 56932  1240 56946  5217
 13822  3034]
14 [56940 12764 14394  1368 15583  4562  5804 10025 11516 56931 56946 16109
 13371  8150 11211 10463  1231  7626 56940 56932 10395 56931 56945 56945
 56945 56945 56945 56945 56945 56945 56945 56945 56945 56945 56945 56945
 56945 56945 56945 56945 56945 56945 56945 56945 56945 56945 56945 56945
 56945 56945]
46 [ 1240 10566 11211  1233  4151 32558 13835  4472  9540 12764  2182 34335
  2890 14399 12297 12297 10621  1240  5083  3058 11211  6205 15145 12297
 12297 56932  5804  5286 10067 27049   209 10378  5224  5823  4472  5804
  8373  9979 22495  1233  5240  5224 10386 27200  6151 15255 13386 56946
 13822 13835]
27 [15083  4472   420  7134  4472  8306 28081 34134 13396 11120  6488 10621
  5224 56946 56932 16762 14970  6151 56946 56946 56932  2890  6695 10621
  2411  1782 11427 11211  5217 13330  7494 11120 36753   627  4472 10530
 11120 12031 10621 11120  3806  4472   425  2204  5217  1231 12695 56931
 56945 56945]
12 [11120  1147  1064 11211  5224  7966  4472 45431 10621 11120 11602 56932
 11211  2215  4151  3136 56932 16105    52 44123  6151 11120 13553 56931
 56945 56945 56945 56945 56945 56945 56945 56945 56945 56945 56945 56945
 56945 56945 56945 56945 56945 56945 56945 56945 56945 56945 56945 56945
 56945 56945]
33 [ 5226  1231 10785 56932  5224 56946  9823  4472  2654  6485  5226   425
   989  6151  5224 13640 11211  1231 10101  3349 14412   853    59  7956
  5804  6361  4472  4276 13371  9852  6151  4151   621 11211 14629  5804
  6829  5217 11120  7070  4472  8945  2370 11120 14611  1912 56931 56945
 56945 56945]
12 [11120 14255   154  1233  1240 21289  5226 12025 29534  6151  5804   433
 11211 12764  2752 12135  4472  5804  8521  4472  5309 56931 56945 56945
 56945 56945 56945 56945 56945 56945 56945 56945 56945 56945 56945 56945
 56945 56945 56945 56945 56945 56945 56945 56945 56945 56945 56945 56945
 56945 56945]
35 [ 8593 14067 11211  5804 56942 55771  4472  4212 10611  4151  8373 35638
 56934 11120  4472 13732 10621 11120  4472 11067 56935 56932 40098  6151
 13171  4472 56942  5699 56932  5240  1009 56932  5224 12675 56946 11211
  1233  1240 13280 11120 15210  5226  5699 56931 56945 56945 56945 56945
 56945 56945]
23 [11122 11211 12764  3159  5240 11211  7906 11122 11211   373 56946  5226
  5224   626  4472  1231 15367 12764 15145  8053  9071 10954  8053 11211
  2343  2890 56946  4472 23420 56931 56945 56945 56945 56945 56945 56945
 56945 56945 56945 56945 56945 56945 56945 56945 56945 56945 56945 56945
 56945 56945]
9 [ 5240 11120 15135 10621 10036  6475  4472  2890   893 11211 13822 15068
  9221  5217 11120  4277  4472  5224 15193  4472  4060 10621  1231  7220
  8556  4270 56946 56932  4814  4472  8493 13726  5226  7581  4472 13408
  3854 14931  8125  1633 11120  1906  4472  1231 11554 56931 56945 56945
 56945 56945]
15 [ 2890  1926 16383 14483 56932  2890  3343 12624  8823 56946 56932  7782
 12752 11120  1476 11211 56946 56934 51198 11120  7645  3733  4562  5224
 10565 56932 56946 11120  3058  1906 11098  4562  5240 14657  2041 56935
 11120 13107  4472 12345 13689 56931 56945 56945 56945 56945 56945 56945
 56945 56945]
6 [56946   732 11211  4151 12732 15121 11211  5224  7966  4868  6151  9687
  5226 11120  4932  8968  5224  1778  4472  4151 14633  4472  9557  4472
  4631 10621  9123 15049 10621  1231  4584   826 56931 56945 56945 56945
 56945 56945 56945 56945 56945 56945 56945 56945 56945 56945 56945 56945
 56945 56945]
14 [ 1670 19883  4472  1261  5224 12120  5769  4472 11120 14693 56942 56932
 11120  7253 11211  4161  4550 13074 13588  6151 11120  7079   669 56931
 56945 56945 56945 56945 56945 56945 56945 56945 56945 56945 56945 56945
 56945 56945 56945 56945 56945 56945 56945 56945 56945 56945 56945 56945
 56945 56945]
15 [11948 15141   511  5804   453 11302 10291 12735 11120  4194 11697 10067
 11960 12297 12297 11211  5676  6607  5224   653 12297 12297  4562 11120
  4194  4472 11120  7070  9993  1764 10966 56932  4472 11120 11211 11120
  5844  5240  7071 14541 56931 56945 56945 56945 56945 56945 56945 56945
 56945 56945]
8 [11120  6067 10067 14687  7780 11087  1925  4760 11211  1240 12441  5226
 13732  4472  5804 56946  8612 56931 56945 56945 56945 56945 56945 56945
 56945 56945 56945 56945 56945 56945 56945 56945 56945 56945 56945 56945
 56945 56945 56945 56945 56945 56945 56945 56945 56945 56945 56945 56945
 56945 56945]
21 [11120 15822 12731  5226 47443 10621 14202  6151 11120 16824  4472  4151
 16168  4472 11120  7150  4472  1447 13662 38237 56932 11211  5226  5804
  5137 56942 19525  5226  5804  6537 56931 56945 56945 56945 56945 56945
 56945 56945 56945 56945 56945 56945 56945 56945 56945 56945 56945 56945
 56945 56945]
31 [ 5226  8406 56932 56946  2890 15770 13843  6151 11120   712  4472  5804
  3692 10067 11183 56932  5804 16680  4472 13732 56932 11211 12993  5226
   425  5346 11169 12135 10067  6710  6151 11211 15394  2879  5224 19576
 56932 10621  5226 56946  5224 11183 10097  5224  1673  4472  3400 18228
 10067 15837]
42 [ 5217  5280 56932  9198   848  3260  1340 11211  1000  1996 22502  1661
 10621  1996 25215 12033  4562  5804  4472  5513  1384   848 14524 56946
 56932 13371 12764 15145  5224  4339  4561  4562 11120  7182 10621 11673
 12360  5226  5224 10620 14802  4472 11211 56946  6574 10621 11211 10267
 11950  2986]
17 [ 5224 56946  7198 10703 56932  9000 17589  1148 14802 56933  5224  5738
 56932 53746 10621 56946 13371 14914 13396  5804 22334 11211 11236  4472
  1231 56946 56946 56932  6950  1240 18541  6151  1168 12675 10621 12764
 37879    13 12479 11211  5224  4472  1231 12759  8284 56932 11372 14102
    19 13277]
48 [10621 11122 18983 10067  3612 56932  5240 14503 30346 56932  4562  2890
   804  4472  6480 12297 56946 12297 56932  6260  4472  7167 56932 33177
 56932 14931 13171 56946 10291  5224 11995 11211 14923 56946 19006  4472
  5095  4472 31118 10621  5224  2932  6151 11211 56932  4472  5000 56932
 11117  6502]
0 [ 2065  6197 12764  3543  2890 11995 56932  3543  2890 32834 56931 56945
 56945 56945 56945 56945 56945 56945 56945 56945 56945 56945 56945 56945
 56945 56945 56945 56945 56945 56945 56945 56945 56945 56945 56945 56945
 56945 56945 56945 56945 56945 56945 56945 56945 56945 56945 56945 56945
 56945 56945]
23 [11514  2890 13723 11211 56946   683 13014 13763  4472  8493  8368  5226
  4534  4472  4163 56932  7450 56940 14573 56940 13396  7898 12495 11211
  5207 18988  8993  7012  5226  5804 13349  4472 12687  6165  6151 11120
 13269  4472  4151   420 14821  4494 56931 56945 56945 56945 56945 56945
 56945 56945]
15 [ 5224  4667  2092  4472  5488 21263  1240 12441  4472 22519  5226  9844
  4151  6857 11622 11211  2752  5224  5960 56931 56945 56945 56945 56945
 56945 56945 56945 56945 56945 56945 56945 56945 56945 56945 56945 56945
 56945 56945 56945 56945 56945 56945 56945 56945 56945 56945 56945 56945
 56945 56945]
49 [ 1925    20 11211  5226  5804  9140 56932  5226   425 13450 56932 11120
  7038 56934  6151 56935 18012 13371 14022  4472  4151 22731 56946 56932
 11122 11211 15604  3245  5224 12284 56932  4693 16141 10291  5224 12562
 56946 56932  4472  8716  4472 56942  1925 17691 11120 14119 10621 56932
  4562  8596]
10 [ 8946 11120 12238  1004  5226 11120  7645  4472 14113  5226 11211  2890
 13723  6123 10578  1638 13822  8865 10291  5506  5226  5844 12031  6862
 19964  5226 11120  7626 12683 56931 56945 56945 56945 56945 56945 56945
 56945 56945 56945 56945 56945 56945 56945 56945 56945 56945 56945 56945
 56945 56945]
17 [ 5226  9068  3719  1240  9490  4492 13256  4472 11120 15675  8494 10067
 28437 56932  9000  4550 56932  5534 11120 28240  4472  9068  3280  1240
  9490 54807  9198  6151  9198  5226  5224 13499 10067 11554 56932 13441
   420  5137  4472  7626    20 56932  1240  9490 14068  6197  6151 11211
  4151  3765]
