12 [11120  6805 15161  5147   217 56932  8788 56932 11211  7780  3924 11120
 12742  4472  2890 15316  4472  5997 13396  5224  7082 56946  8943 12139
 56934 14931 56935 56932  8468  6641 56934  5236 56935 10621 12613  6615
 14030 56934 56946 56935   805  5224  7057  4561  4472 12424 14729  2844
  4472 12381]
15 [11120  6805 15161  5147   217 56932  8788 56932 11211  7780  3924 11120
 12742  4472  2890 15316  4472  5997 13396  5224  7082 56946  8943 12139
 56934 14931 56935 56932  8468  6641 56934  5236 56935 10621 12613  6615
 14030 56934 56946 56935   805  5224  7057  4561  4472 12424 14729  2844
  4472 12381]
9 [ 7868  5224 13004 56932  5224 56942  4472  4709  4151 12161  4472  9214
 10621  9917 10067  3835  5769  5597  4472 56942 11804  4472  5895 56931
 56945 56945 56945 56945 56945 56945 56945 56945 56945 56945 56945 56945
 56945 56945 56945 56945 56945 56945 56945 56945 56945 56945 56945 56945
 56945 56945]
6 [13396  8593 56932  6894  5165  8493  7891 56940  6863 56940 10067 10119
  4472  8307  4472  1551 11211  4106  2890 10119 56940 24325 10621  4813
 56940 10291 30688  6151  5804  4835  5226  5224  4842 13260 56931 56945
 56945 56945 56945 56945 56945 56945 56945 56945 56945 56945 56945 56945
 56945 56945]
18 [ 5224   615  2944    85  6253 13396  5224 14012  7268  8268 56934 56946
 56932 56946 56935  5226 11120 11093 13046 10067  6171  5226  5224 11211
  5224 15363  4472  8583  4084  4062  4562  8493 12312  3196 56931 56945
 56945 56945 56945 56945 56945 56945 56945 56945 56945 56945 56945 56945
 56945 56945]
5 [ 5226  8289  6260 56932 11120  4194  4472 12358  5821  2890 12362 10067
 56946 56932  7868  5224  9211  4472 14679 56931 56945 56945 56945 56945
 56945 56945 56945 56945 56945 56945 56945 56945 56945 56945 56945 56945
 56945 56945 56945 56945 56945 56945 56945 56945 56945 56945 56945 56945
 56945 56945]
33 [10291  5804  4908  4472 11120  5918 56932 11120  2169  4472  5804 13043
  7962 56932 12555 11120  6855  4472  2828 56932  1240 15174  5217  5224
  1601  4472  8819  3405  5226  8493  4472  4151 14928  3455  4472 11921
  5217  5224 11143  8658  4472 56942 56932  5534  5804 10319  7502 11067
  5217  5224]
9 [ 5224 14399  1543  1793 11211  9486  2151 15145 11120  2796  3091 10067
  3612 56931 56945 56945 56945 56945 56945 56945 56945 56945 56945 56945
 56945 56945 56945 56945 56945 56945 56945 56945 56945 56945 56945 56945
 56945 56945 56945 56945 56945 56945 56945 56945 56945 56945 56945 56945
 56945 56945]
20 [ 9000 56932  9268 56932   217 13396   217  4151  8386  1396  5226  8965
 10621  5226  5804  4185  9939 56946  6151  2890 11010  4472   739 56946
 56931 56945 56945 56945 56945 56945 56945 56945 56945 56945 56945 56945
 56945 56945 56945 56945 56945 56945 56945 56945 56945 56945 56945 56945
 56945 56945]
11 [10420 56932   668 11211  5804   190 10067 21309 29391 13396  5224  7581
  4472 17128  1925  4556  6341 11211  1231  4200 12764 12282  5804 56942
  5895 56934 13649 56942  5699 56935 56931 56945 56945 56945 56945 56945
 56945 56945 56945 56945 56945 56945 56945 56945 56945 56945 56945 56945
 56945 56945]
22 [11120  4670    85  7582 13396  5224  2880  4472  3806 15023  5307  6151
 11120 14850  4472 11211  5224 13857  5226  5224 15682  4472  7556  4472
 11120  4675 56932 56940  6151 15254  4472  2890  1958  6017  4472  9480
 10291 11120 13917 56940 56932   373 11721  5226  5309 11669  4666  1225
 56932 14691]
3 [56946 15274 11120 13269  9821  4472 20049  5226  5224  8876 12168  4472
  8365 56931 56945 56945 56945 56945 56945 56945 56945 56945 56945 56945
 56945 56945 56945 56945 56945 56945 56945 56945 56945 56945 56945 56945
 56945 56945 56945 56945 56945 56945 56945 56945 56945 56945 56945 56945
 56945 56945]
5 [ 4695  4562 11120  8290  4188  8522 10067  6371 56942 11669 11950 56931
 56945 56945 56945 56945 56945 56945 56945 56945 56945 56945 56945 56945
 56945 56945 56945 56945 56945 56945 56945 56945 56945 56945 56945 56945
 56945 56945 56945 56945 56945 56945 56945 56945 56945 56945 56945 56945
 56945 56945]
10 [56940  7494 12424  6046 56932  8493  3475  1975 10621  5224 16090  4472
  8493  3174 56932 11211  5240 11120 10636 56931  3245   753 12424  8279
  4472 12611 56931  3650 11211 13478    68  5318  5597 12407 12978 56940
 56931 56945 56945 56945 56945 56945 56945 56945 56945 56945 56945 56945
 56945 56945]
4 [ 3245  1240 31969  4151  9684  4472 56946 56932 11211  1828 15969  1925
  4842  4472 16071   558 56931 56945 56945 56945 56945 56945 56945 56945
 56945 56945 56945 56945 56945 56945 56945 56945 56945 56945 56945 56945
 56945 56945 56945 56945 56945 56945 56945 56945 56945 56945 56945 56945
 56945 56945]
33 [14931 11744 56932 23247  8159 11211 56940  5804   453 16747  4472  3432
 56932  8216 13371  5224 56946 56932  4151  3713 21267   848  4151  3713
 21426  5989 56946  5226  5224  1702 12482  5224 10107  3432  4472 11120
  6670 56932   907  6151 11211  1240 12015  2488 11211  5240  8493 24058
 56940 56931]
7 [ 4472 14399  4562  8857 13004 56932  4151  9684 17167  4472 10766  1218
 18458  4472 56946 56946  4472 56942  6468 10267  8493  5226 14842  4472
 56942  6151 56946 56946  5226  5224 12675  7977  4472   424  2689 56932
  5226 13554 11211  5804  8732 13396  4151  9684 10067  6604 18458  4472
 56942 11804]
43 [ 4472 14399  4562  8857 13004 56932  4151  9684 17167  4472 10766  1218
 18458  4472 56946 56946  4472 56942  6468 10267  8493  5226 14842  4472
 56942  6151 56946 56946  5226  5224 12675  7977  4472   424  2689 56932
  5226 13554 11211  5804  8732 13396  4151  9684 10067  6604 18458  4472
 56942 11804]
34 [ 4472  2890  5689  1240  5924  4472  3806  4922 56932  4472 12761  6151
 11120 12523 56932  4472  8144  5432 56932  4472  6221  8493 14988  4472
 12164  4472 14555 47390 11211 48459  6151 15223  5226 11120 56946  4472
 11120 10134  3733 56931 56945 56945 56945 56945 56945 56945 56945 56945
 56945 56945]
16 [ 5224 12425 10621 15832    96   217  5224  8436 56941 18185  4472  5207
 56946 56941 56932  8493   990  4472 15809 56932  1207 10621  5978  1217
 56931 56945 56945 56945 56945 56945 56945 56945 56945 56945 56945 56945
 56945 56945 56945 56945 56945 56945 56945 56945 56945 56945 56945 56945
 56945 56945]
1 [11120 11009  4472 11120 11259  1578 10067  4107 10507 13396  2890  4177
  4472  7976 10621 13396   683  5770 12764 27910 56933 10539 10621 56946
   865  8373  5929 56931 56945 56945 56945 56945 56945 56945 56945 56945
 56945 56945 56945 56945 56945 56945 56945 56945 56945 56945 56945 56945
 56945 56945]
39 [ 4028 13396  4151   153 10067  2792 10067  5688 56932    55 13707 56932
  6151 11211  1240  3644 10067   552  6151  4151 13551  4472 13823  4472
 11120 12815  4455 14260 56940 56946 56940 14746 56932  4781 15201 11211
 56940   230 11120 10213  4472 11211 12473 11211   324  8493 11851 56940
  6151  5488]
16 [ 9000  8373  4472  5804   420 14058 13847  4472 11872 11120  5329  7936
  6151  5489 56932 56942   357 10067  1673 55412 56932 12835  7956  5224
 36490 10067 14139 44238 16844  4472  4151  4961 56934 16465 56935 56931
 56945 56945 56945 56945 56945 56945 56945 56945 56945 56945 56945 56945
 56945 56945]
28 [13567 56946 56932  3497 10067  8876 13554 10067  3612  5913 56932  8666
  6151 56942  1231 14662  5226  5224  7871 11284 10621  6197  5240  1782
  5226 11648  4472 11120 11753  4472 10131 10067 13732  5226 11120  8200
 56946 56932  4562  8503  4472  2415  7956   861 56931 56945 56945 56945
 56945 56945]
5 [11120  9745 12764 10272  5224 14906  4472 11120 14397  5226  9042 19164
 56932  9000  5224   413 56940  4676  7741  4784 56940 32736 56940  8373
  6118 56946  4562 11120 13450 56940 11211 14235 11211 11120 13107  1240
  8209  6151 13011  4472 12921  5226 11673  9212 56931 56945 56945 56945
 56945 56945]
25 [ 5226  2890  5875  3268  4472 11120 56946  5224 56942  4472  5385  5226
  5224 19411 10067 12074 16004  4472 11120  9584 56932 11211 12764 25073
 13371  7079  4472  2890  7777 56932  1240  5132  8448  4472  5045  8851
 18244 10621  1240 56946 14777 20054 56932  1096  5224 13615 56931 56945
 56945 56945]
13 [ 5224  2792  4472 56946 56932  6621 12748 56932 15005  4472 11211 56940
  5224 10511   224  4472  6935  7198  5224  7450 56946 10067 10438 56946
 56932 11211  1240 11836 13396  8493 13455  4472  5804 11210  4472  5272
 10621  3410 56932  6116  4472  1510  4472  5095 56932  5387 10621 56946
 56940 56931]
30 [ 5224  2792  4472 56946 56932  6621 12748 56932 15005  4472 11211 56940
  5224 10511   224  4472  6935  7198  5224  7450 56946 10067 10438 56946
 56932 11211  1240 11836 13396  8493 13455  4472  5804 11210  4472  5272
 10621  3410 56932  6116  4472  1510  4472  5095 56932  5387 10621 56946
 56940 56931]
19 [ 5224 13488  9823 10067  1956 11979  9379  7795 13371 56940 11120 15107
  4472  2890 11215  9698 56931  5240 11120 13300  4472 11211  5224  9809
  6095  5240 13977 10621 14191 11120  8134 10067 14802 56940 56931 56945
 56945 56945 56945 56945 56945 56945 56945 56945 56945 56945 56945 56945
 56945 56945]
33 [ 7868  9640  6894 56932  4285  2631  4472  5804   278 56932 12764  1240
  6760  6950  4472  8493  2263  4472  8626 11372  4472  2890  3831  5351
  4472  1231 13322 56932 10954  3245  4472 56940  8493  4543  3196 56940
 10067   167 56932 11578  5226 56940  1231 12544 13396  5804   541 56940
 56931 56945]
1 [11120  5013 10067 11426 12764 29079  4472 56946  4562   541  4472  2890
  1437  7811 56932  8630 11120 56946 15107 10067  7871  5207 16207  6151
 56946 56931 56945 56945 56945 56945 56945 56945 56945 56945 56945 56945
 56945 56945 56945 56945 56945 56945 56945 56945 56945 56945 56945 56945
 56945 56945]
15 [15083  4472 13728 14373 10621  8493  7415 14329 12031 10067  6319 56932
  2530  4562 11120  5844 10067  6171 56932 11120 56946  1240 39009 13396
 11120  5157 10067  6171 10621  5224 13185  4472 11120   226 56931 56945
 56945 56945 56945 56945 56945 56945 56945 56945 56945 56945 56945 56945
 56945 56945]
25 [ 1346 11211  5226 14134   753 56942  2140 11779 56932  9453  4472 11120
 11211  3477 13649  7381 11804  4472  8155 56932 11397 11120 14602  4472
 11120 13553  4472   425  2204  5026 56931 56945 56945 56945 56945 56945
 56945 56945 56945 56945 56945 56945 56945 56945 56945 56945 56945 56945
 56945 56945]
35 [10420  5112 11120 15568  4472  4151  2789  6151 11631 10067  7770 56932
 11211  6955  2890 56942 13396 14108 56932  5226 13554 11211  4151 15629
  6151 11631 10067 13823 15633  2890 56942 56932  4562  2890  3269  8425
  4472  4151  2789  6151  1352 56932 11211 14955  2890 56942 13396 14108
 56931 56945]
47 [11120  3933 11895  4472 11120 10742 56932 11211  3946  5224  5234  6340
   936  3617  6672 56932  1240  8462 10067  6319  8373  3861  4693  4472
  5804 13283 15083  4472 11211 11120  8108 10471  3406  1231  2371  4472
 14667  8509  8834  3861  4151  4290 10291  8986  5224 10119  4472 11463
  4472  2322]
38 [ 5224  2792  4472  7178 56932 18245 56946 56932  7780 10659 10291  4151
 56942 11613  4472   217  1925 14555   653  4472 11611 14428  5224  8788
 13396  4151   420  1088 14862  8165 12605 56932 10621  1240  9028 11211
 56900  5224  3849  4472  4290 55370 10291  5224 56942  4472   995 56931
 56945 56945]
16 [ 5224 10242  9823  4472 56946   530  6609  5226 11120   409  4472 11120
 13553 10621  1898 11120 11469  7416  4472  5804  7394 13371  4534  4472
 11851  6151 11120  5899  4472  8330 56931 56945 56945 56945 56945 56945
 56945 56945 56945 56945 56945 56945 56945 56945 56945 56945 56945 56945
 56945 56945]
4 [31584   373 10611  4151 20703  4472 11120 37040 56932 12555  5217 56942
 56932  5534  8493  6805  4472 11791 12953 11211  5224 14860 10067 13893
 17885  4125 12407 23301 56931 56945 56945 56945 56945 56945 56945 56945
 56945 56945 56945 56945 56945 56945 56945 56945 56945 56945 56945 56945
 56945 56945]
22 [ 5224  4569 10067 12328 24312 56932    55 13707 56932 14231 11211  5224
 14555  7901 16175  5179 13439  2861 56940 12764  4146  5224 13296 12407
  3269  4472 12328 56940 56931 56945 56945 56945 56945 56945 56945 56945
 56945 56945 56945 56945 56945 56945 56945 56945 56945 56945 56945 56945
 56945 56945]
29 [ 5224  6516  4472  7581 10621  4569  6151 11120 14720  3037 15071 10291
  2890  9518  3146  4472   653  4562  5224 56942 13396 14108  4472  5804
  2322  4118  5226 11120  8290  7037  4472  5804 13283  4256  6151 11120
 11211  1240  7951  5224  6260   972  5226 11648 14931  1431 11372    24
 56931 56945]
5 [  373  1076 11211  5226  5224 13499 10067 11950  5224 10379  4472  2139
  5947 10197  5224 56942  4472 14724 13371 11120 11374 10291  5804 13283
 56932 11211 12669  4151 14596  4290  3496  5217 13330  4472 56942 56931
 56945 56945 56945 56945 56945 56945 56945 56945 56945 56945 56945 56945
 56945 56945]
1 [11120  6462  4472  2139 56932 13386  2645  8493   657  2180  4472   406
  5226 13822  4111  8373 14117  9939  5226  5224  5003 56932  8627  1231
  4339  4562 11120 10151  3682 10067  6319 56932  8630 11211 11120  7384
   411  6151  2139 13396 13822   959  5722 56946  4472 56946 56931 56945
 56945 56945]
24 [11120 14476  6393  4472 56946 56932  4472 56942  5137 56932  1240  2313
 15083  4472 11211 11120 14611  9823 10067  7581  3855  4562  1807  5224
  9591  4472 11211  5224  2792  6309  5892  4472  9424  4472  5895  4472
  5121  4472  9220 56932  8630  5016 13098 15244 56932 11211 12764 10376
 56931 56945]
1 [ 5224  1689  4472 56946 56932  5234  8876  9230  4472 56942  5137 56932
 11211 18369 13396  7207  1004  5226  1231  2928 11120 11982  4472  5712
 56932    85  8493  6475 10291  5804 15646  4472 11211 11120 12031  3682
  4472  2139 56946  3361  4887 56931 56945 56945 56945 56945 56945 56945
 56945 56945]
3 [10291  6380 11120 35255  4472 11120  3806  4472 56946 56932  5224  3835
  4472  4049 56946  5804  5657  4472  7425 11950  6151 11950  5226  5224
 56942 13396 14108  5226 14842  4472 56942 56932 10621  5010  1231  6240
  4562  5224  9583  4472 11211 11120 13156  4472 11120 56946  5240 12543
 25579 56931]
30 [ 9220  4472 11120 15243  1346 11211 11120 15422 22643 13396 11120  2198
  4472 11120  2894  5226 11120  8001  8458  4472  4822  9330  7956 12328
 20375 56940  7952  5226  2370 10067  3432  4472 11120  5430  3537 56940
 56931 56945 56945 56945 56945 56945 56945 56945 56945 56945 56945 56945
 56945 56945]
2 [10621 11120 13300  4472 11211  5224  4842 12764  5240  7376  5240 11211
  1233 13691  3645  6151 12342 14931  2890 11757 12764 11117  3992  3260
 56931 56945 56945 56945 56945 56945 56945 56945 56945 56945 56945 56945
 56945 56945 56945 56945 56945 56945 56945 56945 56945 56945 56945 56945
 56945 56945]
13 [10621  6205  4151  3765 56932  5224  1385 14201 17182 11148 15038  6151
 11120 29062  4472  9222 56931 56945 56945 56945 56945 56945 56945 56945
 56945 56945 56945 56945 56945 56945 56945 56945 56945 56945 56945 56945
 56945 56945 56945 56945 56945 56945 56945 56945 56945 56945 56945 56945
 56945 56945]
18 [ 5224   653 22062  1694 11120 11311  4472 11120  1391 13371  8493 56940
  7002 56946 56940 10621  7955  2890   994  4065 10067 11744 56931 56945
 56945 56945 56945 56945 56945 56945 56945 56945 56945 56945 56945 56945
 56945 56945 56945 56945 56945 56945 56945 56945 56945 56945 56945 56945
 56945 56945]
44 [ 5224   653  9028 14040 11120  7626  5611  4472 11120  8163  5226  5804
   620 12200  5224 11255  2689 56932  5226 14693  4562  5804 10067  7992
  4472  2551 56932  2831  5226 14662 11211  4151  5008  4472  5657 10291
  5224 56942 56946 13396  5804  9315   365  6151  6884  9697  4472  5804
  5657  6151]
49 [ 5224  5234  6340 13382 11211  5226  5804  4393  7381  9939  1240 56946
  5226 12424  4649 56932  9000  1040 11211  6197 11122  7780  2779 10621
 11211 11117 56946  1000 11211  1231 16581  5226  5224 11034 12764  7780
  5492 14041  5400 56932 13371 11122  7780  3858  5224  9591  4472 11211
  4151 10201]
26 [ 5226  1231  6098 56932  5224 11575 10067 12870  7364 56940  5240  2890
  2052 14427  5226 11120  9927 15161 56940 11211 56940 10823  5224  2275
  4472 11120 13553  4472  2890  6319 14079 56940  6151 11669  3172 10621
  5240 56940 11120 14022  4472  4151 12453  2282 11211  1240  8269  6151
  7003 56940]
6 [10611  5488 15090   736 56940 11120 15249  3268  8509  4151 56942  1362
 10067 11950  4472  5804 20917  4472 11516 10621 11120 12659  4472  5804
  7340  5318 11211  9661  5226  4151 13988 56940 56932  7868 11120 56946
 56931 56945 56945 56945 56945 56945 56945 56945 56945 56945 56945 56945
 56945 56945]
10 [ 6950 56942  4472  5804 56942  8433 13396 11120  5157 10067 13588 10067
 56946 56946  9706 12948 14793  5224 14181  4472  5804  7103 11211  6197
  4563 11014 56931 56945 56945 56945 56945 56945 56945 56945 56945 56945
 56945 56945 56945 56945 56945 56945 56945 56945 56945 56945 56945 56945
 56945 56945]
34 [11120 56946  4472 56946  7587 56946  4472  8689 56934 56946 56935 14576
 11211  5804  8433  8540  2626  6151 11120 14779 12743 56932  1925 14338
 11211 11120  9745   393  8586   907  6151  2135  5804 20411 12491 10067
 56946 56931 56945 56945 56945 56945 56945 56945 56945 56945 56945 56945
 56945 56945]
36 [ 4151 14030 10067  7581 56932 11120  2496  2106 10621  5804 14304 15244
  5226  5224  2689 56942 56946  5226 12937  4151  3388  6653  4195  5226
  2668 10621 11122  1613 13171  5226  7419 56932  7868  5804  7795  4472
  5869  6187  4472 11120  5908 10468 11211  1240   290  5226  5224 15316
  4472   266]
47 [ 4151 14030 10067  7581 56932 11120  2496  2106 10621  5804 14304 15244
  5226  5224  2689 56942 56946  5226 12937  4151  3388  6653  4195  5226
  2668 10621 11122  1613 13171  5226  7419 56932  7868  5804  7795  4472
  5869  6187  4472 11120  5908 10468 11211  1240   290  5226  5224 15316
  4472   266]
38 [56946   530  1920  2890 10119    36  4472  2496  5226  5804  3163 56932
 35924 13396 11120  1391 10621  5331 11120 11752  4472 11120 12613 15161
 56934  2894 56935 56932 13371  7811 11778 10291 13018 11120 10139  4472
  5804  2140 12379  4472 11120 14073 56931 56945 56945 56945 56945 56945
 56945 56945]
10 [ 5224 10988  4472 11120 10714  7035 10291 11434  4562  5224   653  4472
  4151   420   171  4934 10621  5224  7057  4472  4151 11876  8239  6197
  5773  5226  2890 14175  5935 10611  5224  2792  4472 15610 56932  4233
 15255 56932 10621  5224 10242  9823 56932  7631 12967 56932 11211  7951
  1231  6393]
32 [ 5224  5234 13584  5887  4472 11120 12613 56946 56934 14237 56935 10621
  8351  4472 11120  7243 11515 10067  5234  6340  9091   690 56932 32789
 56946 56932  8356  3245  4004 21482 10291 11120  5404 13346 10067  9541
 56946 56934 14237 56935 56931 56945 56945 56945 56945 56945 56945 56945
 56945 56945]
9 [12889  3401 11120  7243  7483 12764 25073  5226   425 10056  4472   304
 56940  8139 56940 10291  8689 56932  5224  2792 10067  5688 11120 10560
  4562 14201  5217   425 12262 56931 56945 56945 56945 56945 56945 56945
 56945 56945 56945 56945 56945 56945 56945 56945 56945 56945 56945 56945
 56945 56945]
40 [ 5224  2792    91 56932  6349 15520 56932  7780  3924  5224 15038  4472
  1231  3879  9243 56932 10556  2828 56932 13386  1240  3623 15009  6151
  9493  6151  5804 14304  4459 11211 56946  4151 10633  9842  1925  8699
 56932  9877 13396  4151 12831  4472  6393 56931 56945 56945 56945 56945
 56945 56945]
10 [ 3336  5528  4472  2441 56932 13371  5224 13857  4472 11120  2872  4472
  4151  2474 56932 56940 12764  1340  2890 12284  6512 10291 14122  4273
 56940 56932  6299 56931 56945 56945 56945 56945 56945 56945 56945 56945
 56945 56945 56945 56945 56945 56945 56945 56945 56945 56945 56945 56945
 56945 56945]
14 [56946 56946  2332 11211  9490  8192  1864 10621  4745 13396 56946 56946
  8509  4151 10664  4472 11120  4836 56931 56945 56945 56945 56945 56945
 56945 56945 56945 56945 56945 56945 56945 56945 56945 56945 56945 56945
 56945 56945 56945 56945 56945 56945 56945 56945 56945 56945 56945 56945
 56945 56945]
26 [11120  4760 10545 11211  8373  2402  1240 56946  5226 13822  6090  5534
 56932  5224 13913  4472 56942 56932 56946  6151  5804  7394 56932 11211
  2733  8493 18623  4472  6142 56931 56945 56945 56945 56945 56945 56945
 56945 56945 56945 56945 56945 56945 56945 56945 56945 56945 56945 56945
 56945 56945]
23 [11120  2595  4472 11120 11556  4472 15544 14431 56934 12204 56935 56932
  5602 13566 56932  3655  6151 14196 11211 56940  1178 13396 11120 13704
  4472  5804  4679  9757 11211 12676  2890  8716  4472  4900 13371    95
  5226  3627 56934 10442 56935 10621 13732 56934  1723 56935 56932 14931
 11744 56932]
1 [ 5804  5230  4472   621  1240  4627  6151 11122  2041 10067 11950 56931
 56945 56945 56945 56945 56945 56945 56945 56945 56945 56945 56945 56945
 56945 56945 56945 56945 56945 56945 56945 56945 56945 56945 56945 56945
 56945 56945 56945 56945 56945 56945 56945 56945 56945 56945 56945 56945
 56945 56945]
10 [56940  8428   425  8458 13371  2890  2052  8139  5226 11120  5844  4472
  2890  5497 15038  1925  2792  4472 14113 56932  2930 14055 10621  6151
  5804   663 56940 56932 15201 14740 56931 56945 56945 56945 56945 56945
 56945 56945 56945 56945 56945 56945 56945 56945 56945 56945 56945 56945
 56945 56945]
34 [ 5822 10621 13822 13801  1340  5224 56942 13396 14108  4472  4151  8849
 27434  4472 11120 47676 56932  9000  4779 24075  4472  1231 12135 14260
  4151  2171 10060 12764  5593 11211  8493  9745 56946  5224 13588  4472
   812  5226 13171  4472  8493 14073 56932 10621 11120  3448   635  6197
  7494  5224]
38 [ 5224  4154  4472  8443 56932 13396  1231 12135 56932   730 12948 11211
 11372  1231 12467 11372  1231 13464  1240  8504 15083  4472 11211 11120
 11093  1240  9005  1925 12711 10621  4621  5224 14578  4472 11581  7116
  6151 11120 12695  4472 11120 14571  8905 56931 56945 56945 56945 56945
 56945 56945]
14 [ 5804 11770 26348 10291  9703  5224 15316  4472  1131  4472  1877  4472
 13732 56932 13300 56932  5226  1231  6098 56932  4472 11211  5224  2623
  5240 56946 56931 56945 56945 56945 56945 56945 56945 56945 56945 56945
 56945 56945 56945 56945 56945 56945 56945 56945 56945 56945 56945 56945
 56945 56945]
1 [ 5224 56946  4472 11120  3806  5972 14442  6667  6312  9529  7956 11120
  3806  4549 56932  7868 11120  9849 56931 56945 56945 56945 56945 56945
 56945 56945 56945 56945 56945 56945 56945 56945 56945 56945 56945 56945
 56945 56945 56945 56945 56945 56945 56945 56945 56945 56945 56945 56945
 56945 56945]
9 [11948 15141   511  5804   453 11302 10291 12735 11120  4194 11697 10067
 11960 12297 12297 11211  5676  6607  5224   653 12297 12297  4562 11120
  4194  4472 11120  7070  9993  1764 10966 56932  4472 11120 11211 11120
  5844  5240  7071 14541 56931 56945 56945 56945 56945 56945 56945 56945
 56945 56945]
1 [ 5224  9591  4472 11211  1231  3852 12764  1240 40445  4161 12948 12675
  9999 11211 12407  3361  8155 56946  1925  1087 56931 56945 56945 56945
 56945 56945 56945 56945 56945 56945 56945 56945 56945 56945 56945 56945
 56945 56945 56945 56945 56945 56945 56945 56945 56945 56945 56945 56945
 56945 56945]
3 [10621   151 11120  7891  2815  4472  4151  2677 56932  4562 11120 10241
 12764  6950  4472  4151  8373 14821  7396 56932 10954  4562 11120  5299
  4037  5226  2480 56931 56945 56945 56945 56945 56945 56945 56945 56945
 56945 56945 56945 56945 56945 56945 56945 56945 56945 56945 56945 56945
 56945 56945]
33 [56940 12015  7780 14985  5224  2104  4472  7626 11211  8777  5804  4755
 56932  5224  8254  4472 11426  1925 11211 13512 10621 11120 13636  4562
 11120 11211  1240 13731  5226  5224  5372 13396  5224 13132  4472  1000
  6151 11120  8150  8128  5226  9735 56940 56931 56945 56945 56945 56945
 56945 56945]
16 [13396   425 14251 56932  1240   746 14445  1925 15316  8493 14988  4472
  3336 11211  5654 11120 14028 10067 19653  4584  1225 56931 56945 56945
 56945 56945 56945 56945 56945 56945 56945 56945 56945 56945 56945 56945
 56945 56945 56945 56945 56945 56945 56945 56945 56945 56945 56945 56945
 56945 56945]
17 [ 8509  5224 12687 56932  9222 14576  5224  4200 10067  4339  4472  4151
  1505 13396  1231 11124  4472 46350  4472 11120  3174 10621 15394  3623
  1231 15038 56940 14757 56940  5226 11120 10509  2370 11120  8728   630
 56931 56945 56945 56945 56945 56945 56945 56945 56945 56945 56945 56945
 56945 56945]
38 [11120 11556  5226 14299  4472  5804 13272 10067  3187 56934 56946 56935
 56932 11120 11093 11211  2332  5804 15157 56932  7780 11682  6151 10282
  1882 10291  7882  6151 11120  9849 11211  9022  5224 16813  4472 11120
  3077  4472 14028  4472 10374 10621 11211  1240 56946  4151 12453 56931
 56945 56945]
8 [ 6151  5804 10758  3245  1240 15394 56946  7898  3049  4472  7258 47101
  5226 11120 14779 10468 56931 56945 56945 56945 56945 56945 56945 56945
 56945 56945 56945 56945 56945 56945 56945 56945 56945 56945 56945 56945
 56945 56945 56945 56945 56945 56945 56945 56945 56945 56945 56945 56945
 56945 56945]
8 [13974  4472  5804 12552 56946 56932 13526  5804 14513  4472   425  4212
  5226  4151  4558 10067 56946 56932  2729 11211  5226 56942  5224  6117
 46768  4472   424  4814 13006  5224 56942 13396 14108 15058  1925  2689
  2824 56932  5226 13554 11211  5224  6117 40384  1240 19715  5224 56942
 13396 14108]
14 [ 5804 13801  4472 11673 11556   746 11682  6151  2259  3104 13595  7956
  8493  1958  4022  4472  5973  3682 13396  4151   739  2291 15023  1127
  5224 11478  4472 14535 56931 56945 56945 56945 56945 56945 56945 56945
 56945 56945 56945 56945 56945 56945 56945 56945 56945 56945 56945 56945
 56945 56945]
18 [ 4562 11120  8888  4472  4151   721  1240 20445  8493  1126  4472 11120
   227 10067 13588 56932  9000  5224 18240  4472 11120  2774 12764   103
 10996  5226 11120 21604 10067 12684 56931 56945 56945 56945 56945 56945
 56945 56945 56945 56945 56945 56945 56945 56945 56945 56945 56945 56945
 56945 56945]
11 [11120 30844  4472  1489 56932 44999 27051 56932   730 11211  4151 56946
  4472  3432  5226  2551 56946  6151 56942  8155  5226  5754 56932 56942
  5226  1906 56932 56942  5226  5224 13804 11096 56932 56942  5226  9161
 56932 56942  5226  3931 56932 56942  5226 11120  5956 14100 56932 56942
  5226  1884]
1 [ 5804  8732 13396  3054 56932  4472 56942  6937 56932 11702  4562 14018
  5224  9874  5942  4472 56942  6937 56931 56945 56945 56945 56945 56945
 56945 56945 56945 56945 56945 56945 56945 56945 56945 56945 56945 56945
 56945 56945 56945 56945 56945 56945 56945 56945 56945 56945 56945 56945
 56945 56945]
11 [ 6372  4472  6373 15562 13171 11254 56932 11120 13809  5240 11120  2064
  4472  6905  7122 56931 56945 56945 56945 56945 56945 56945 56945 56945
 56945 56945 56945 56945 56945 56945 56945 56945 56945 56945 56945 56945
 56945 56945 56945 56945 56945 56945 56945 56945 56945 56945 56945 56945
 56945 56945]
20 [ 5224 30057  5240 12672 12407  1529 10621 12764  7709  9406  6151 11120
   128 56932 10621  5804 56946 12013  4472 11120 13715  4472  1231 10177
  2861  5224 30057  5240 10291  6221 11120  7626 56931 56945 56945 56945
 56945 56945 56945 56945 56945 56945 56945 56945 56945 56945 56945 56945
 56945 56945]
19 [11604  1009 11211 56932 13371 12013 56932  5224  3104  4472 10050  2669
  4472  4189  2890 15316  4472  3077  4472  7891 10067  1951 12683 10291
 11211  5804  3692  9658  9232  6151 13822  7864  4562  1490  4136 56932
   494   957 56932 12889 12543    60 10722  5414 56932 11149 10166 56931
 56945 56945]
8 [ 5224 11452 56932  5226 12328 56932 15023  8373  8849 56946  4472 56946
 56932 56946 13396  2890 35707 56946 56931 56945 56945 56945 56945 56945
 56945 56945 56945 56945 56945 56945 56945 56945 56945 56945 56945 56945
 56945 56945 56945 56945 56945 56945 56945 56945 56945 56945 56945 56945
 56945 56945]
17 [56946  5226 11120 17057 56932  4151 32757 56946 11120  9049  6272  4472
 21703 10291  2637 11211  4151 56946 10067 22308  1240 56946  5226  8493
 14277  5226  7070 56931 56945 56945 56945 56945 56945 56945 56945 56945
 56945 56945 56945 56945 56945 56945 56945 56945 56945 56945 56945 56945
 56945 56945]
11 [ 5224 11575 13261 11211 12937 11904  1240  9845 10704 13396  8493  8467
  4472 11081 10267  1004 13171 14905 56931 56945 56945 56945 56945 56945
 56945 56945 56945 56945 56945 56945 56945 56945 56945 56945 56945 56945
 56945 56945 56945 56945 56945 56945 56945 56945 56945 56945 56945 56945
 56945 56945]
30 [ 8953  8782 56932 13396  1231 12135 56932  8321 14500  6151 11120 12031
 56932  8057 56946  4472 56946 10621  1321  9418 24952  5226  1231  6325
  4472   245 13396 11120  8728 11120 56946  4472 13822  9778 56931 56945
 56945 56945 56945 56945 56945 56945 56945 56945 56945 56945 56945 56945
 56945 56945]
7 [ 6955  5804 14117 56934  6151 56935  5224  3432  4472  4573   194  4472
  3889   848 56946  6151  5804 11211  1240 10469  6151 12297 10008 12297
 56931 56945 56945 56945 56945 56945 56945 56945 56945 56945 56945 56945
 56945 56945 56945 56945 56945 56945 56945 56945 56945 56945 56945 56945
 56945 56945]
13 [  425 24176  2376 16945 13233  8493  4188 15053 11211  5804  6312  6252
  4472 14736 10067 10119 56931 56945 56945 56945 56945 56945 56945 56945
 56945 56945 56945 56945 56945 56945 56945 56945 56945 56945 56945 56945
 56945 56945 56945 56945 56945 56945 56945 56945 56945 56945 56945 56945
 56945 56945]
43 [ 3047  5224 17393  4472 56946 13841  6151  1231 14761 12297 12297  1925
  8871  5226  2890  1242 12297 12297 13371  8493 22383 13171 56946 11211
 13775 56933  9000 11122 14347  5240 11211  8666  5224  1926  4562    13
 12562 10621  9039  3082 56932  4562  5224 16090  4472  2890 29708 56931
 56945 56945]
15 [ 5226   424  4492 30707 56946 11211 11122 11211   217  4235  6471 12764
  5240 10954 11120 56946  4472  2826  4472 18637 13961   848   563 11817
 56932 13478  5804  4705   805  5226 10267 12371  2890  4492 12407 28675
 56932   494 22608   848   159 56931 56945 56945 56945 56945 56945 56945
 56945 56945]
8 [12297  6997 11211  5226 56942 13290  8221  2890 11627 14915  2101  4472
 11120  3174  4472 10511 56933  9000  5224  9591  5240 11211  6110  5137
 13171  8818  5226  2551  5224 11554  7376  1240 20867  5226  2890 56946
  4472 56946  3828 12764  6000  5224 10371  8148  6151  7608  4472 11120
  8324  3809]
35 [12297  6997 11211  5226 56942 13290  8221  2890 11627 14915  2101  4472
 11120  3174  4472 10511 56933  9000  5224  9591  5240 11211  6110  5137
 13171  8818  5226  2551  5224 11554  7376  1240 20867  5226  2890 56946
  4472 56946  3828 12764  6000  5224 10371  8148  6151  7608  4472 11120
  8324  3809]
11 [ 8493  6670 18785 11117 13497  2890 34435 10621 11117  3623  5224 23852
  4472  5804  2140 54084  3828  2628 11120  6566 56931 56945 56945 56945
 56945 56945 56945 56945 56945 56945 56945 56945 56945 56945 56945 56945
 56945 56945 56945 56945 56945 56945 56945 56945 56945 56945 56945 56945
 56945 56945]
31 [ 5226  9068  3719  1240  9490  4492 13256  4472 11120 15675  8494 10067
 28437 56932  9000  4550 56932  5534 11120 28240  4472  9068  3280  1240
  9490 54807  9198  6151  9198  5226  5224 13499 10067 11554 56932 13441
   420  5137  4472  7626    20 56932  1240  9490 14068  6197  6151 11211
  4151  3765]
