49 [56940  4562  3907 56932  1793 56932 11285 11963 11211  4151  7764  2291
 13396  5804  9251  4472  8216  7821 12297 13083  2814  7394  4472 56942
  6151 56942  5137 12297   865  4472  8493 10960   124 56932 11664  1231
 12754  5879  5240  5224  7249 10169  6512  5226 13440  4472 11814 56940
 56932  1096]
3 [12297 13831  6151  1009 11211 14122  1342   865 16367 56937 56945 56945
 56945 56945 56945 56945 56945 56945 56945 56945 56945 56945 56945 56945
 56945 56945 56945 56945 56945 56945 56945 56945 56945 56945 56945 56945
 56945 56945 56945 56945 56945 56945 56945 56945 56945 56945 56945 56945
 56945 56945]
0 [11604  1009 11211 56932 13371 12013 56932  5224  3104  4472 10050  2669
  4472  4189  2890 15316  4472  3077  4472  7891 10067  1951 12683 10291
 11211  5804  3692  9658  9232  6151 13822  7864  4562  1490  4136 56932
   494   957 56932 12889 12543    60 10722  5414 56932 11149 10166 56931
 56945 56945]
