28 [ 5224 13488  9823 10067  1956 11979  9379  7795 13371 56940 11120 15107
  4472  2890 11215  9698 56931  5240 11120 13300  4472 11211  5224  9809
  6095  5240 13977 10621 14191 11120  8134 10067 14802 56940 56931 56945
 56945 56945 56945 56945 56945 56945 56945 56945 56945 56945 56945 56945
 56945 56945]
27 [ 5226  2668  4151 14030 28653  2890  8834 13396 14108 56932  8630 11211
  5226  8295  1240  3731   264  5226  5224 12675 14198 11211  5226  5224
 13676  3297 56934  9226  2890 13857 10067 56942 13396 14108 56935 56931
 56945 56945 56945 56945 56945 56945 56945 56945 56945 56945 56945 56945
 56945 56945]
2 [ 5804 11770  9616  1231  5793  5226 11120 14571  4472  2027 14853 56931
 56945 56945 56945 56945 56945 56945 56945 56945 56945 56945 56945 56945
 56945 56945 56945 56945 56945 56945 56945 56945 56945 56945 56945 56945
 56945 56945 56945 56945 56945 56945 56945 56945 56945 56945 56945 56945
 56945 56945]
