8 [ 6950 15201 11211  5226  1231  7107  4472  1437  7367   420 10555 56932
 14931  5249  5224  4152 56931 56945 56945 56945 56945 56945 56945 56945
 56945 56945 56945 56945 56945 56945 56945 56945 56945 56945 56945 56945
 56945 56945 56945 56945 56945 56945 56945 56945 56945 56945 56945 56945
 56945 56945]
36 [13396 13676 56932 12321 13382 11211  8493 11851 10291  9543  5224  8844
  6480  9322 10067  2610  2944 56932  4562  5574  4472 11120 18180 10621
 11921  7594  4472  3384 24958 56932 38831 56946   848 56946 56946 56932
 56946  5226   450  5224  7371  6151  1231  1431 56931 56945 56945 56945
 56945 56945]
5 [11120  9421 13355  5611 10295  7476  5226  5224  4842  4566  4472 13817
  7060  5226  5224 56942 15023 11120  2684  4472  5822  6151  1231  1224
 56932  7868  5804 10804  4472 11120  3174 27906  6151 14196 13396  1231
 13488  4472 11369 23178 56932  3908  9502 56946 56931 56945 56945 56945
 56945 56945]
8 [ 5226  8493  7276  9742 26130  5224 11950 56942  7367  5804 56942  7691
 56946 56932  9000  8493 12921 15083 56932  5226 11120  7276  7638 56932
  6950  4585 56942 56931 56945 56945 56945 56945 56945 56945 56945 56945
 56945 56945 56945 56945 56945 56945 56945 56945 56945 56945 56945 56945
 56945 56945]
27 [56940 11120  4670 10067 14358 12764  1146  6151  5804  7025 10067  6319
 56940 14260 56940  6905  3861  1859  4213  5534  5207 56946  6151 10333
  4472  6284 10621 56946  5226 14653  4562  1618  4472 14088  1379 13171
  4336  4472  3931   848 11870 56940 56931 56945 56945 56945 56945 56945
 56945 56945]
