27 [ 2480 10621  4984 56946   217  1231  5139  6151 11120  3737 10621 12166
  5224  3299   826  4472  5804   352  7956  7430  8509  5804 56942   949
 39015 10067 11100  4472  4709 56931 56945 56945 56945 56945 56945 56945
 56945 56945 56945 56945 56945 56945 56945 56945 56945 56945 56945 56945
 56945 56945]
28 [ 2480 10621  4984 56946   217  1231  5139  6151 11120  3737 10621 12166
  5224  3299   826  4472  5804   352  7956  7430  8509  5804 56942   949
 39015 10067 11100  4472  4709 56931 56945 56945 56945 56945 56945 56945
 56945 56945 56945 56945 56945 56945 56945 56945 56945 56945 56945 56945
 56945 56945]
31 [ 1793 10067 14339 10426 12297 11120   694  4472  3582  5226 11120 13524
 12297 56932  5666 11949  3544 11120  7261  4472 11120 13172 10067 11183
  5224 56942  4472  4709  6151  4151 56942  1362  5226 56516 56934  5806
 56935 56931 56945 56945 56945 56945 56945 56945 56945 56945 56945 56945
 56945 56945]
15 [12764  2451 56932  5226 56942  1240 37370 13371 12684  5307  1925 56946
  6151  3559  4472  1702 10621 14809  5224 56946 10067 11763  6151  1231
  7243 56931 56945 56945 56945 56945 56945 56945 56945 56945 56945 56945
 56945 56945 56945 56945 56945 56945 56945 56945 56945 56945 56945 56945
 56945 56945]
23 [11120  9745  7861  8703 12135  4472  4151  7396  7453  4472 56946  3420
 56934 56946 56935 56932  8493 14082 11840  4998  5226   995 10067  2689
  6260 13396  5822  5226  1839 10468 56931 56945 56945 56945 56945 56945
 56945 56945 56945 56945 56945 56945 56945 56945 56945 56945 56945 56945
 56945 56945]
19 [11120  2512  9054 11211  5224  5566  4472 11120  3806  5972 56932 11211
    85 10067 56942 13396 14108  5224  6260  2689 56932  1240 56946  4161
  5224 56942 13396 14108  5226  5224 56942 10621  1240 56946  1925 56942
 13396 14108  1925  2689 11576 56931 56945 56945 56945 56945 56945 56945
 56945 56945]
21 [ 1233  1240     4  5804  9097  3318 10621  8801 56932  5224 13343  4472
  5804  4900   401  8666  2890 56942 13396 14108  5224  7977  6260 10621
  2890 56942 13396 14108  5226  3740  9939 56932  9445 56931 56945 56945
 56945 56945 56945 56945 56945 56945 56945 56945 56945 56945 56945 56945
 56945 56945]
7 [56940 12764  5240  5224 11211 56946  8509  5137  4562  2890 13723  3269
  4472  5574 56940 56931 56945 56945 56945 56945 56945 56945 56945 56945
 56945 56945 56945 56945 56945 56945 56945 56945 56945 56945 56945 56945
 56945 56945 56945 56945 56945 56945 56945 56945 56945 56945 56945 56945
 56945 56945]
2 [ 5224  8533 11966   256 14360 56932 10067   776  4472  1723 56932    85
  4204 13371  5224 12232  7811  8491  4472 17377 56932  4562 56942 13349
 56931 56945 56945 56945 56945 56945 56945 56945 56945 56945 56945 56945
 56945 56945 56945 56945 56945 56945 56945 56945 56945 56945 56945 56945
 56945 56945]
6 [ 5224 32571 56932  4562  4361  4472 15711 19718 56932  4689 10067 14624
 10067 21641  5224 56942  4472  8949 56932  4254  4562 56940  1925  8871
 14378  6841  4472 15389 56940 56932  7868  5224  5373 10067  2445  3733
  7956 12217 56932  3201  3993 56931 56945 56945 56945 56945 56945 56945
 56945 56945]
19 [ 5804  3421  7394 56932  4562  8064  4472  8030 10343 10621 10685 56932
 11430 11211  2529  7639  5226  5224 11988 56942  4472 13330 56931 56945
 56945 56945 56945 56945 56945 56945 56945 56945 56945 56945 56945 56945
 56945 56945 56945 56945 56945 56945 56945 56945 56945 56945 56945 56945
 56945 56945]
20 [ 5804  3421  7394 56932  4562  8064  4472  8030 10343 10621 10685 56932
 11430 11211  2529  7639  5226  5224 11988 56942  4472 13330 56931 56945
 56945 56945 56945 56945 56945 56945 56945 56945 56945 56945 56945 56945
 56945 56945 56945 56945 56945 56945 56945 56945 56945 56945 56945 56945
 56945 56945]
21 [ 5804  3421  7394 56932  4562  8064  4472  8030 10343 10621 10685 56932
 11430 11211  2529  7639  5226  5224 11988 56942  4472 13330 56931 56945
 56945 56945 56945 56945 56945 56945 56945 56945 56945 56945 56945 56945
 56945 56945 56945 56945 56945 56945 56945 56945 56945 56945 56945 56945
 56945 56945]
15 [ 2890 13723  4472 12770 14662  5226 15445 11211  5224 10242  4472  7581
  4472  6467 56932 11966  2128  4472 14393 56932  7780 15328  6151  3969
 11211 56940  1233  5226 11120  3174   635  5224 14358  7494  5224 56946
  4472  5804  2322 56932  3245 11117  4346  5224 56946  4472  5804 12770
 56940 56932]
