27 [ 5224 11366  9230  1040 11211 56940   784  4472  4151   420  8719  5240
 13171 44858 11211 11120    19 56940 56932 12889  6205  9371  1933  4161
  8834 15117 13171 56946 13396 11120  6805 56932 10611 11904  5224 17033
  4472  2890 23289 13396  2642  4472  2890 15912  1909 10621  2890 30994
 56931 56945]
4 [10611  4151  8089 13010 19805  5226  9379  9939 13396  5224   653 10621
 11120  8755  1240 17231  2890 11814 56946 56932  8493 34961 10621  2890
  1958 30994 11211  5226  1231 11950  1240 41888  5804 24880 56946 56931
 56945 56945 56945 56945 56945 56945 56945 56945 56945 56945 56945 56945
 56945 56945]
25 [ 5804  3272  2095  7248 11211 11563  5226  5804  4679 56946  4472  2732
 56932  1426  5224  6260 13330 56932   746  8192  7231   217  5226  2890
 10103  2433 13396 11120 13540  9192  8311 10621  9883  5226  2890 14139
  4472 11120  5346  5871  4472  1447  3667  4472  2695 56931 56945 56945
 56945 56945]
48 [11120 11464  6695  4472  2119  4472  4957 12297 12297  4562 14759  6151
 11120  6543 56946 10621  4559  2890 56946 12297 12297 10621  5224  6952
  4472 11120 10366 10067  5053 56946 56946 12297 12297 56946  4472 11120
  4351 10621 10674 56946 56946 12297 12297 56946  2890  6412  3047 12672
  5538 13396]
15 [ 1379  8871  1233 11120 11778  1240  4868  6151  9687  4562  5224 12675
  1601  4472  8819  1048 13396 22518   806 56946   848 29564 56932 13396
 14184  8373 15664 56931 56945 56945 56945 56945 56945 56945 56945 56945
 56945 56945 56945 56945 56945 56945 56945 56945 56945 56945 56945 56945
 56945 56945]
18 [ 5224 15860 14773  4151  4290  6718  5224  9544 13396 11120 14675  4562
 56942  2322 13344  6151  5804 56942 29589 13396  1231  1431 56932  5224
 13955 45845 10429 56931 56945 56945 56945 56945 56945 56945 56945 56945
 56945 56945 56945 56945 56945 56945 56945 56945 56945 56945 56945 56945
 56945 56945]
19 [10291  5224   413  9102 14434 56940 56946 56940 56932  5224  9541 10611
 56946 10621  5084  3037 56940  9275 10621 14384 13396  5804  9870 13171
 11211 13396  5224  5589  6480 56940 56932  6205 13371 26442  6151   861
 13371 56940  1680 56940 10621 11211 56940  8783  5226 11120 10509  1925
 13732 56940]
12 [11120 11199  5043  4472  1335  4716  5224  4522 13396 11120 14675 10899
  5171 13396 56942 11804  4472 14592 11211   574  8244  5226  5224 12533
  4472   246 56932 11211  6677 11120 11093  4277 10468  4472 11120 11457
  7062  8319 56932 15023 56942  5137  4472 14035 56931 56945 56945 56945
 56945 56945]
10 [  424    85  5224  8876 11575  4472 11120 20387  4687 56932 17606  5224
  6260  3786  5226  5224  9084  4472 53252 13396  2890  3612  5432  4472
 56946   992 56932 26191 10621  9139 10291 14793  5804  4102  4472  5804
 56942  4724 10067 16831 56932  5181  4472 11120  8755  1912 56931 56945
 56945 56945]
46 [56940  5224  7581  4472 10942  1240  5448 13371   661 10291  8826 11122
 13848  5226  5804  4393  5137 56932   980  5224 13185  4472 11120  4243
 10621 11120 12368  4472  5804  6312  4472 11120  8728 10621  5224  4245
  2433 56940 56932  1096  1925 11167 56932  5226  8493   989 14238   217
 56932  4522]
19 [11120  9745  7861  8703 12135  4472  4151  7396  7453  4472 56946  3420
 56934 56946 56935 56932  8493 14082 11840  4998  5226   995 10067  2689
  6260 13396  5822  5226  1839 10468 56931 56945 56945 56945 56945 56945
 56945 56945 56945 56945 56945 56945 56945 56945 56945 56945 56945 56945
 56945 56945]
19 [ 7868  5224 15548 56932 56940 11120 13480 11211 40292  3241  5226  9050
 56932 12731  5226  9050 10621  5240 12407  7074 13396 13822  3692  7539
 56940 56931 56945 56945 56945 56945 56945 56945 56945 56945 56945 56945
 56945 56945 56945 56945 56945 56945 56945 56945 56945 56945 56945 56945
 56945 56945]
37 [ 5224  2792    91 56932  6349 15520 56932  7780  3924  5224 15038  4472
  1231  3879  9243 56932 10556  2828 56932 13386  1240  3623 15009  6151
  9493  6151  5804 14304  4459 11211 56946  4151 10633  9842  1925  8699
 56932  9877 13396  4151 12831  4472  6393 56931 56945 56945 56945 56945
 56945 56945]
9 [ 8794  1240 56946  4472 14793  6151 11554  5224 13365 22603 13396  5224
  1600 56931 56945 56945 56945 56945 56945 56945 56945 56945 56945 56945
 56945 56945 56945 56945 56945 56945 56945 56945 56945 56945 56945 56945
 56945 56945 56945 56945 56945 56945 56945 56945 56945 56945 56945 56945
 56945 56945]
11 [ 5224  5234  2792  4472  1725  4472  2346 12020 15089 56946 56932  2482
  5224  6260 56942  4472   995 13396  2890 13469  4472  7581  1095 56932
 15625   217  5226  1324 11120  4916  4472  4290 56940  4607 10621 11382
 56940  5226  1231  6319  4693  4472 14724 11255 56931 56945 56945 56945
 56945 56945]
25 [15083 13512  5804   649  4472 13424  9121 56932  4151  4822  9330 10621
 56932 13498 56932  4151 11582 56932 11211 12764   865  4151   514 11308
  1365 13587 13396  5140 56932 10954  4151 14218 12764  7873 56931 56945
 56945 56945 56945 56945 56945 56945 56945 56945 56945 56945 56945 56945
 56945 56945]
15 [56946 56932  5226 12328 56932  7212 14915 14315  8493 10177 11028 15447
 10621 13396 13290 11270  5226  5224  7532  2106  4472 13822  6557 56931
 56945 56945 56945 56945 56945 56945 56945 56945 56945 56945 56945 56945
 56945 56945 56945 56945 56945 56945 56945 56945 56945 56945 56945 56945
 56945 56945]
