0 [ 4695  4562 11120  8290  4188  8522 10067  6371 56942 11669 11950 56931
 56945 56945 56945 56945 56945 56945 56945 56945 56945 56945 56945 56945
 56945 56945 56945 56945 56945 56945 56945 56945 56945 56945 56945 56945
 56945 56945 56945 56945 56945 56945 56945 56945 56945 56945 56945 56945
 56945 56945]
14 [ 5224  1611  5187 12135  4472  8493 14988  4472  6731  1714 11211 13043
  1252  6644  7246   425  1578 56931 56945 56945 56945 56945 56945 56945
 56945 56945 56945 56945 56945 56945 56945 56945 56945 56945 56945 56945
 56945 56945 56945 56945 56945 56945 56945 56945 56945 56945 56945 56945
 56945 56945]
3 [ 5331 11669 23121 56946 11120 11668  4472 10665 18036 25800 22089 19542
 10621  5804 17612 10067 56946  8984 25006 32428 56932  6205 13371  4337
 43606 15217 10621 16186 20590 56931 56945 56945 56945 56945 56945 56945
 56945 56945 56945 56945 56945 56945 56945 56945 56945 56945 56945 56945
 56945 56945]
34 [ 5224  5347  3667 14114  5355 56932  5226  5224  1030 56942 56932 10621
  5224 15914  5513 56946 56932  5226  5224 56942 56932 56946 10291  5224
  2523   510 56932  8630 11211  5224 53270  3667 10318 14812  6747 10291
  5224  1056  6232  5226  5224 56942 56931 56945 56945 56945 56945 56945
 56945 56945]
32 [ 5224 10255 13823  5240  8503  4472  5804 14560  6580 56370  4472  4151
 14862 10937  4295 17146  5226 13961 11899 10067  1926 56932 10621  5226
  1231  6256 11697  5226 15503 56934  7224 56935 56946   683 56942 10414
 10067 56940 10255  2610 56940 10291   424  1248 56931 56945 56945 56945
 56945 56945]
11 [  261 56946  5240  5224 14555 22143  4472 11120  1500 11211  4550  6043
  5224 56946 10067  4174  5226 15168 10067  4793 12741 56931 56945 56945
 56945 56945 56945 56945 56945 56945 56945 56945 56945 56945 56945 56945
 56945 56945 56945 56945 56945 56945 56945 56945 56945 56945 56945 56945
 56945 56945]
2 [ 7868  7780  9596  1231 15667 56932  5224 24711  4472 12576 56932  4472
 56942  5137 56932  1240   582  6151  8493 13896  2815 10621  5224  4373
  4472 13822 56946   373 38880  4562  8493  4655  3196 56931 56945 56945
 56945 56945 56945 56945 56945 56945 56945 56945 56945 56945 56945 56945
 56945 56945]
43 [ 5224  8086 10067  2342  4472 11122 12743 56942  4472 13732 56932   797
  4220 56932  7780    37  8493  2440  5226 11120 11211  9095 11120  7563
 11697 56932 11211  4105 56940 11120 10506 10668  4472 11120 15167  4472
  2514 11211 11120  8108   202  4472 13276  1645  4472  5187 11926 10621
 14931 11813]
14 [11120 11495  7956 11120 14720 12348  5226  1725   509 56932 11211  5217
   995  6260  6082  5224  5234  8699 10621 10997  4472 11120  9584  8036
 10172 56932  7780 42491 11120  7626 12031  5226   424  6319  3810 56931
 56945 56945 56945 56945 56945 56945 56945 56945 56945 56945 56945 56945
 56945 56945]
19 [10291  5224 13437  4472  8567  5226  4487 56932  5224  5139  6151 11120
  8665  8946 11120  7253   661 11211  4413  6188  5224   653  1633  5224
  8716  4472 11120  5997 10067 10386  2355 10621 11120 14053 11211 11120
 12673  2967  5226  5804 15544 56931 56945 56945 56945 56945 56945 56945
 56945 56945]
43 [ 5224  5234  6340 13382 11211  5226  5804  4393  7381  9939  1240 56946
  5226 12424  4649 56932  9000  1040 11211  6197 11122  7780  2779 10621
 11211 11117 56946  1000 11211  1231 16581  5226  5224 11034 12764  7780
  5492 14041  5400 56932 13371 11122  7780  3858  5224  9591  4472 11211
  4151 10201]
20 [ 5224  5071    85  1231  4348 10291 35704  5804 15611   620  4472  5935
  9254  5226  5224  6319  5692  2861 56940 11526 44074  5224   653 10621
  3572 56932  5224 14124  4562  5804  3204  4293 56932 10621  5488  6655
 10611  1168 56940 56931 56945 56945 56945 56945 56945 56945 56945 56945
 56945 56945]
3 [ 5224 11304 12764 22922  5217 11120 56946  4722 56932  5534  1240  8882
 13396 56946  1925 11452  4472 13579 56931 56945 56945 56945 56945 56945
 56945 56945 56945 56945 56945 56945 56945 56945 56945 56945 56945 56945
 56945 56945 56945 56945 56945 56945 56945 56945 56945 56945 56945 56945
 56945 56945]
17 [ 5224  3835  5972 56934  2797 56935 56932  5224 10666 10621 16431  5026
  4472  2667 56934 27730 56935 56946  4562  5833  4472 56942 11804 56931
 56945 56945 56945 56945 56945 56945 56945 56945 56945 56945 56945 56945
 56945 56945 56945 56945 56945 56945 56945 56945 56945 56945 56945 56945
 56945 56945]
26 [11120  9212 56946 56932  8503  4472  5804  2242   401  4472 11120 13307
  4472 11120 12117 56946 56932  6055  5226 56942  4562 14792  2944 56932
  3403  6151  4425 15023  8373  5137  4472  4857  6151  7198  4472 11120
  3032  6656 13396 13822 11462  5217 56942 56932  5224 13723  8622 56946
 56946 56931]
2 [ 5804 11770 26348 10291  9703  5224 15316  4472  1131  4472  1877  4472
 13732 56932 13300 56932  5226  1231  6098 56932  4472 11211  5224  2623
  5240 56946 56931 56945 56945 56945 56945 56945 56945 56945 56945 56945
 56945 56945 56945 56945 56945 56945 56945 56945 56945 56945 56945 56945
 56945 56945]
24 [   11 11211  8361  3667  4233 22408  5226 56942  5224  5683  3849 13396
  5224 11211  3241 11120   314 56932  7876 13822 13976 10621 56940 11120
 11633  5331  1231  8965 33281 56940 56931 56945 56945 56945 56945 56945
 56945 56945 56945 56945 56945 56945 56945 56945 56945 56945 56945 56945
 56945 56945]
17 [11948 15141   511  5804   453 11302 10291 12735 11120  4194 11697 10067
 11960 12297 12297 11211  5676  6607  5224   653 12297 12297  4562 11120
  4194  4472 11120  7070  9993  1764 10966 56932  4472 11120 11211 11120
  5844  5240  7071 14541 56931 56945 56945 56945 56945 56945 56945 56945
 56945 56945]
10 [ 5226  5804 10700  4562  5804  3243  1930  4472 56946 56932 15648 56932
 11120  9535  5240 11120  4332  4472  2890 56946  4472 11120 11791 56932
  9000  5226  1723 12764  1200 11372  6151 11120 14602 56931 56945 56945
 56945 56945 56945 56945 56945 56945 56945 56945 56945 56945 56945 56945
 56945 56945]
3 [56940 12015  7780 14985  5224  2104  4472  7626 11211  8777  5804  4755
 56932  5224  8254  4472 11426  1925 11211 13512 10621 11120 13636  4562
 11120 11211  1240 13731  5226  5224  5372 13396  5224 13132  4472  1000
  6151 11120  8150  8128  5226  9735 56940 56931 56945 56945 56945 56945
 56945 56945]
16 [13732  1240  4716 12948 14931 11813  8749  3233  6151 14564 15067 15083
  4472 11211  6151  3382 56946  5224 13676  2625  4472 11120 11840  7511
 14624  1644  4562  3542  6151 11120  5918  9243 56931 56945 56945 56945
 56945 56945 56945 56945 56945 56945 56945 56945 56945 56945 56945 56945
 56945 56945]
15 [  731 56932  5226  7809  5226  5804 24135 10067  1950 56932  1694 11211
  4151 10233 11211 15257  2890 13019 13371  5224  4472  4758 10958  9775
  4472 36820 11526 11434 10335  4562 11120  3363 10291 12208  5307  6151
  8493 11851 10236 56931 56945 56945 56945 56945 56945 56945 56945 56945
 56945 56945]
33 [ 5226  8406 56932 56946  2890 15770 13843  6151 11120   712  4472  5804
  3692 10067 11183 56932  5804 16680  4472 13732 56932 11211 12993  5226
   425  5346 11169 12135 10067  6710  6151 11211 15394  2879  5224 19576
 56932 10621  5226 56946  5224 11183 10097  5224  1673  4472  3400 18228
 10067 15837]
2 [ 5226  7874 14340 13649 56942  4472  5488  6857 14729 56932  4151  4705
  5226  8853  6260  5358  8448  4472  2890 56942 13396 14108  4472  5804
 27769  4472  4151   243 12707 56932   683 56942 11804  4472  5895 56932
  7868 11120 56946 56931 56945 56945 56945 56945 56945 56945 56945 56945
 56945 56945]
