20 [ 5226 11120 11093 16505  5226  5224  9322 10067 16831  1240  4563 34380
  5804 36970 14777 10621 14560 56932 12889  1240 20706  5226  8555  5804
 14117  4102 56931 56945 56945 56945 56945 56945 56945 56945 56945 56945
 56945 56945 56945 56945 56945 56945 56945 56945 56945 56945 56945 56945
 56945 56945]
44 [ 4151 14030 10067  7581 56932 11120  2496  2106 10621  5804 14304 15244
  5226  5224  2689 56942 56946  5226 12937  4151  3388  6653  4195  5226
  2668 10621 11122  1613 13171  5226  7419 56932  7868  5804  7795  4472
  5869  6187  4472 11120  5908 10468 11211  1240   290  5226  5224 15316
  4472   266]
15 [ 4550 13261 11120 56946  4969  3993 13386 11707  4151 11488  4472 11120
  1019 10621  1240  6472  5226 11120 56946  4472 13529 18588 11623 56931
 56945 56945 56945 56945 56945 56945 56945 56945 56945 56945 56945 56945
 56945 56945 56945 56945 56945 56945 56945 56945 56945 56945 56945 56945
 56945 56945]
