19 [ 5224  5799  5226  5224 11211 23429 13371 11061 56932 56940 56946 56940
 56932  4562  4361  4472 21902 56932  9490 56946  4472 16997 56934 14134
 56935  5224  6260 11950 56942  4562  8493  5012  4472 13043  4284  4562
  3542  6151 12379  5452 56932  6862  8057  5224  6260   273  4472 12921
  8493  4903]
13 [11120   545 12683    85  2890  5494  8722 56932 10621  5226  8596  6196
 12764 27231  4472  6336 56931 56945 56945 56945 56945 56945 56945 56945
 56945 56945 56945 56945 56945 56945 56945 56945 56945 56945 56945 56945
 56945 56945 56945 56945 56945 56945 56945 56945 56945 56945 56945 56945
 56945 56945]
