21 [ 1793 56932  1240 12397  8373  5057  4472 10601 10291 12899 10621  2890
  1268 13257 11211  7753  5226  8493  9476  5804  4102 15094  5226  5224
  9155  4472  2805  4597 56931 56945 56945 56945 56945 56945 56945 56945
 56945 56945 56945 56945 56945 56945 56945 56945 56945 56945 56945 56945
 56945 56945]
7 [ 9445 11211  5224  4188  9283  4472  5259  6922  5226 11120  4932  1586
  1240  3265  6151  7608  4472  5804 13349  1193  4472 11933 56932  5226
  4151    21  4472  3643 56932  1871 10621  3397 56931 56945 56945 56945
 56945 56945 56945 56945 56945 56945 56945 56945 56945 56945 56945 56945
 56945 56945]
2 [ 5804  1312 12943  1240  9567  5331 18135  4472 11120 12106 17968  4472
  2074 56932 10621  6151 11120  9028  4472 11211  5224  2342  8464  5224
  3172 56931 56945 56945 56945 56945 56945 56945 56945 56945 56945 56945
 56945 56945 56945 56945 56945 56945 56945 56945 56945 56945 56945 56945
 56945 56945]
27 [11514  2890 13723 11211 56946   683 13014 13763  4472  8493  8368  5226
  4534  4472  4163 56932  7450 56940 14573 56940 13396  7898 12495 11211
  5207 18988  8993  7012  5226  5804 13349  4472 12687  6165  6151 11120
 13269  4472  4151   420 14821  4494 56931 56945 56945 56945 56945 56945
 56945 56945]
5 [ 8493 13553  4472 56946 56946  2187  5226 17180  5226 56942 10532 56942
 16176 56932  9000 11813 56946  2861  2890 14315 56946  1240 39463 56942
 16176 56931 56945 56945 56945 56945 56945 56945 56945 56945 56945 56945
 56945 56945 56945 56945 56945 56945 56945 56945 56945 56945 56945 56945
 56945 56945]
5 [ 5224  8876 12325 10813 56932 10976  5226 11120 11530    85  2890 12562
  4472 56946  4562  8493 14082  7038 56934 56935 56931 56945 56945 56945
 56945 56945 56945 56945 56945 56945 56945 56945 56945 56945 56945 56945
 56945 56945 56945 56945 56945 56945 56945 56945 56945 56945 56945 56945
 56945 56945]
9 [56946  4472 14555 13802 15040  5224  6158 11211    65  7928  5226  5224
  2175  4472 11120 12673 13030 11211  1240  2049 11120 12661  4472  2890
  6858 56931 56945 56945 56945 56945 56945 56945 56945 56945 56945 56945
 56945 56945 56945 56945 56945 56945 56945 56945 56945 56945 56945 56945
 56945 56945]
