1 [11120  7037  6151 11120 13287  5432  4472 11120  5066 16752  4692 56946
 56932 15305 13371 11120 56940 44510 11273 56940 56932 15083  4472  9394
  5137  5226  5224 41603 13396  1170 10906 56932  7780 56946  5224 11420
  4472  4110  8311  4472 35780 22433 56932  6226  2890  3082  5226  2740
 56931 56945]
10 [13822  3824  1240  5771  5226  5224  1601  9448  6151 11120 14736  6151
  4151  8546  7151 10621  7289  4472 11120  5807  4472 10568  1490  4687
 12740 11211  2017  6151  1231 13789 56931 56945 56945 56945 56945 56945
 56945 56945 56945 56945 56945 56945 56945 56945 56945 56945 56945 56945
 56945 56945]
