12 [ 7868 12748 56932  5804   190  6776 11804  4472  5895  5226  2466 10291
  6156  6151  4151 14207  4472 13439  4472 11211 13822  4284  6804  4151
 12260  5226 56940 10228  6586 56946 10067  9527 10067  5589  7720 56940
 56931 56945 56945 56945 56945 56945 56945 56945 56945 56945 56945 56945
 56945 56945]
7 [56946  9801 12948 11120 43817 10291 56940 35588 56940  6151  9222 13371
 56940 53047 10067  8306 10445 56940 56931 56945 56945 56945 56945 56945
 56945 56945 56945 56945 56945 56945 56945 56945 56945 56945 56945 56945
 56945 56945 56945 56945 56945 56945 56945 56945 56945 56945 56945 56945
 56945 56945]
23 [ 5224 14479  2203  6151 38033 13396  2890 10119 56944  5226  5224 11211
 11120 11093  8998 14190  6197 54812 56932 13396 11122 11211  6226 19329
  6151 11211  5513  9775 18533 13261  5224 13057  8086 56931 56945 56945
 56945 56945 56945 56945 56945 56945 56945 56945 56945 56945 56945 56945
 56945 56945]
24 [ 5224  2792    91 56932  6349 15520 56932  7780  3924  5224 15038  4472
  1231  3879  9243 56932 10556  2828 56932 13386  1240  3623 15009  6151
  9493  6151  5804 14304  4459 11211 56946  4151 10633  9842  1925  8699
 56932  9877 13396  4151 12831  4472  6393 56931 56945 56945 56945 56945
 56945 56945]
35 [56940 12015  7780 14985  5224  2104  4472  7626 11211  8777  5804  4755
 56932  5224  8254  4472 11426  1925 11211 13512 10621 11120 13636  4562
 11120 11211  1240 13731  5226  5224  5372 13396  5224 13132  4472  1000
  6151 11120  8150  8128  5226  9735 56940 56931 56945 56945 56945 56945
 56945 56945]
26 [11120 11556  5226 14299  4472  5804 13272 10067  3187 56934 56946 56935
 56932 11120 11093 11211  2332  5804 15157 56932  7780 11682  6151 10282
  1882 10291  7882  6151 11120  9849 11211  9022  5224 16813  4472 11120
  3077  4472 14028  4472 10374 10621 11211  1240 56946  4151 12453 56931
 56945 56945]
