4 [ 5224  1107  5010  1231  4846 16129 11211 11120  1147  4472  4151  3336
  8343 56946  6151  1352   746  8192 11819 10621 11211  5224  5683   373
  4550 56946 56931 56945 56945 56945 56945 56945 56945 56945 56945 56945
 56945 56945 56945 56945 56945 56945 56945 56945 56945 56945 56945 56945
 56945 56945]
17 [12049  7422  5226  1884 56932  5226  1231  7802  5226 11120 56946 56932
 10621  5217 13487   746  8449  7096 16664 56931 56945 56945 56945 56945
 56945 56945 56945 56945 56945 56945 56945 56945 56945 56945 56945 56945
 56945 56945 56945 56945 56945 56945 56945 56945 56945 56945 56945 56945
 56945 56945]
4 [ 4472 14399  4562  8857 13004 56932  4151  9684 17167  4472 10766  1218
 18458  4472 56946 56946  4472 56942  6468 10267  8493  5226 14842  4472
 56942  6151 56946 56946  5226  5224 12675  7977  4472   424  2689 56932
  5226 13554 11211  5804  8732 13396  4151  9684 10067  6604 18458  4472
 56942 11804]
6 [ 1233  1723   848   140 56946 13822 12161 51719 11120 12867  4472  5072
 11211 13749  6533 11120  1770  4472 11120  3046 56931 56945 56945 56945
 56945 56945 56945 56945 56945 56945 56945 56945 56945 56945 56945 56945
 56945 56945 56945 56945 56945 56945 56945 56945 56945 56945 56945 56945
 56945 56945]
13 [ 5224  9328  8642  6347 13171 10621 22806  2890  6480  3233 13802   775
  1231  3304  5226  5224  6480  8658  5226 13554 11211  5224  3612 15169
  8642 34194  5224  6480  5226 13662 56932 12407 19298  8509 11120 11093
 12135 56931 56945 56945 56945 56945 56945 56945 56945 56945 56945 56945
 56945 56945]
1 [14122  7809 18458   217 13371  8493  9160  5226  1446  3673 56932  3828
  5804  9135 10621  9376  4472  4151  6565  4472 23165  4151  4723  8630
  9153 11120 19159  4472 11120  4696  4472   424 16330 56931 56945 56945
 56945 56945 56945 56945 56945 56945 56945 56945 56945 56945 56945 56945
 56945 56945]
2 [11120  7811   989  2861 11120  4472 18024 54591 10291  7325 13933 38836
  4562  4151  7764 10621  4562 11120 23877 10722  2814 56931 56945 56945
 56945 56945 56945 56945 56945 56945 56945 56945 56945 56945 56945 56945
 56945 56945 56945 56945 56945 56945 56945 56945 56945 56945 56945 56945
 56945 56945]
23 [ 5224  8614 15591  8493   989  4562  9810  7418 14790 56932  4890 13676
  7379 56932 10621  6086 10561  5226 11120 15489 56932  4146 13822  2285
  4562  7678  4472 11120  6855  4472  3667 14114  8568  6151 15232 56932
 10621  5224 12687 10067  6581  4562  3433   671 56931 56945 56945 56945
 56945 56945]
13 [ 4151 11376 10067 12122 10621 10067  5692  4473  6678 56946   217  4562
 13822  7083 10621  8643 11120 11140  4472 11120  7261 10067  8876  5972
  4472  2675  4472 11120  8129 56931 56945 56945 56945 56945 56945 56945
 56945 56945 56945 56945 56945 56945 56945 56945 56945 56945 56945 56945
 56945 56945]
