20 [ 1240  2616 11211 11120  5908   635  3231  5226 11631  3426  6790  5226
 56942  6151 56942 11804  4472  5895 56932  4472 14399  4562  4151 12314
 56946 10067 12754   653  8984 56931 56945 56945 56945 56945 56945 56945
 56945 56945 56945 56945 56945 56945 56945 56945 56945 56945 56945 56945
 56945 56945]
25 [ 9000  6226   428 56932 15648  5224  7423 56932   582 11434  5226  5224
  7217    36 10621  4562 11120   618  4472 11120 12815  5432 56932 56940
  4472 14399  4562  5804 15099  4472 12764 21154  5226 13424 15359 56940
 56931 56945 56945 56945 56945 56945 56945 56945 56945 56945 56945 56945
 56945 56945]
4 [56940  3222   373  5226 21601  4562 11211  4151 14030 56940  9658 32047
 56940 12764 13396 14324  5989   848 25502 56932 10954 13396 14324  4472
 14653 56940 56932  9528 11120  4332  7778 56932 11211  6299 11211 11674
 12764 14067 11211  1231  6319 12764   373 14612  4562  5224  4765  4472
  4151 11656]
11 [ 5804  8330  4472  3703  3982 11211 12764   746 15231  3260  5226 15583
  4562 11191 10621   470 11211  8993   746  3860  4151   621 10621  4304
  4472  5668 56932 13396 11122 11211 11242  6151 13661 11211 56946 56931
 56945 56945 56945 56945 56945 56945 56945 56945 56945 56945 56945 56945
 56945 56945]
28 [ 5224  2880  4472  3806 14691   217  4472 11211  5224  8716  4472  5804
  4900  1925 13475  5226  8949  6260   221  2890  8425  4472  2890 56942
 13396 14108 56932  5226 15583  4562  5224  7977  2824 56931 56945 56945
 56945 56945 56945 56945 56945 56945 56945 56945 56945 56945 56945 56945
 56945 56945]
