25 [13396  1231 12135 56932  5224  1408  1218 56932 14009 56946 56932  7780
  7039  6151 24506  5226 10746 10621 14524 56946 10291 13135  1925  3612
 56940 56946 56940 56931 56945 56945 56945 56945 56945 56945 56945 56945
 56945 56945 56945 56945 56945 56945 56945 56945 56945 56945 56945 56945
 56945 56945]
9 [ 5224 13343  4472 11120  6686  4472  1446  3673 56934 56946 56935  4695
 12948  4562  8493 15568 10067 56946 10621  4716  5226 56942 13349 56931
 56945 56945 56945 56945 56945 56945 56945 56945 56945 56945 56945 56945
 56945 56945 56945 56945 56945 56945 56945 56945 56945 56945 56945 56945
 56945 56945]
12 [ 3245  5224  4842  4472  9249  4472  9152 56932  4890 13343  5240  5224
 56946 56932  2340  2890 56946 10621  4695  6151 56942 13349 56931 56945
 56945 56945 56945 56945 56945 56945 56945 56945 56945 56945 56945 56945
 56945 56945 56945 56945 56945 56945 56945 56945 56945 56945 56945 56945
 56945 56945]
22 [ 5224 14399  3245  6913 11211  5804  3911 42341  2890  7661  4472 14792
  4472 56942 17235  8100 56934 56942  5895 56935 10621  2890 56946  3196
  4472 56942 17235  8100 56934   683 56942  5895 56935 13396 10267  5039
  4472 56946 56931 56945 56945 56945 56945 56945 56945 56945 56945 56945
 56945 56945]
15 [11120  9745   635 56946   123  5224 56942 13396 14108 10067 13723 48847
 10067 12728 56934 56946 56935 56932 11211 21939 11120  2387  4472  4312
 11211  8497  5199  6391  4562 11120  5918  4472 22374 56932  6151 56942
 10440  4472 11120 14792 14016 56931 56945 56945 56945 56945 56945 56945
 56945 56945]
4 [11120  2178 13450 10067 56946 56931 56945 56945 56945 56945 56945 56945
 56945 56945 56945 56945 56945 56945 56945 56945 56945 56945 56945 56945
 56945 56945 56945 56945 56945 56945 56945 56945 56945 56945 56945 56945
 56945 56945 56945 56945 56945 56945 56945 56945 56945 56945 56945 56945
 56945 56945]
19 [ 7952  5226  5804  8373   340 10067   468  5206 10621  4392   915  2890
 13554 12996 10291 14335  4151   471  1925 56946 56931 56945 56945 56945
 56945 56945 56945 56945 56945 56945 56945 56945 56945 56945 56945 56945
 56945 56945 56945 56945 56945 56945 56945 56945 56945 56945 56945 56945
 56945 56945]
15 [11120  5887 10067 12956  4472  4428  4472  1324 56932 14946 56946 56932
  5165   217  2890 56946 10300  6151  8493 14564  2749  4472 14678   635
  2370 11120  8094  5234  3608 10067 56940 10255 13579 56940  4472  3572
  5733 10867 14781 56932 56940  7468 56940 56931 56945 56945 56945 56945
 56945 56945]
8 [ 4695  4562 11120  8290  4188  8522 10067  6371 56942 11669 11950 56931
 56945 56945 56945 56945 56945 56945 56945 56945 56945 56945 56945 56945
 56945 56945 56945 56945 56945 56945 56945 56945 56945 56945 56945 56945
 56945 56945 56945 56945 56945 56945 56945 56945 56945 56945 56945 56945
 56945 56945]
4 [ 1231  4851 56932 56946 56946 56932 56946  4151 18325 10067   948 56931
 56945 56945 56945 56945 56945 56945 56945 56945 56945 56945 56945 56945
 56945 56945 56945 56945 56945 56945 56945 56945 56945 56945 56945 56945
 56945 56945 56945 56945 56945 56945 56945 56945 56945 56945 56945 56945
 56945 56945]
5 [56946  2861 46707 18675 56934 56946 56935 10621 26799 56946 56934 33951
 56935 56931 56945 56945 56945 56945 56945 56945 56945 56945 56945 56945
 56945 56945 56945 56945 56945 56945 56945 56945 56945 56945 56945 56945
 56945 56945 56945 56945 56945 56945 56945 56945 56945 56945 56945 56945
 56945 56945]
27 [11120  7790  4562  1164  4472 13456 56932  5224 13398 10635  4472  5804
  2611 10621 11120 12964  1323  4472  5224 11554  4472  5804  5359 56946
 13974  4472  2890 56946 11211  2002  1231  8467  4678  5226  9209  3224
  8860 10621 11211  4059  2890 14555 13959  4562  7508 10291 56942  8155
 56931 56945]
4 [ 5224 12944  4472 15394 56942  7587  8493 11499 11211 11120   694  1240
  8057  4562 11120  2496  4472 11211 12764 56946  6151 13290 10621 56940
  4562  6221 11120 56946 10067  1926 56940 56931 56945 56945 56945 56945
 56945 56945 56945 56945 56945 56945 56945 56945 56945 56945 56945 56945
 56945 56945]
16 [14931 11744 56932 23247  8159 11211 56940  5804   453 16747  4472  3432
 56932  8216 13371  5224 56946 56932  4151  3713 21267   848  4151  3713
 21426  5989 56946  5226  5224  1702 12482  5224 10107  3432  4472 11120
  6670 56932   907  6151 11211  1240 12015  2488 11211  5240  8493 24058
 56940 56931]
38 [  907  6151  9379 13767 56932 11120  9158  1606  4472 14030  2844 12764
  7780  3517  4472 13882 14352 13908 56932 13371 15285  5226  1231 13676
 13004  7956  5908 11038 11120  6805  3682 10291 11631  3426 10621  5224
   521 56934 56946 56935 56931 56945 56945 56945 56945 56945 56945 56945
 56945 56945]
27 [ 4472 14399  4562  8857 13004 56932  4151  9684 17167  4472 10766  1218
 18458  4472 56946 56946  4472 56942  6468 10267  8493  5226 14842  4472
 56942  6151 56946 56946  5226  5224 12675  7977  4472   424  2689 56932
  5226 13554 11211  5804  8732 13396  4151  9684 10067  6604 18458  4472
 56942 11804]
12 [10291  5224   413  9102 14434 56940 56946 56940 56932  5224  9541 10611
 56946 10621  5084  3037 56940  9275 10621 14384 13396  5804  9870 13171
 11211 13396  5224  5589  6480 56940 56932  6205 13371 26442  6151   861
 13371 56940  1680 56940 10621 11211 56940  8783  5226 11120 10509  1925
 13732 56940]
21 [38526 13530 11984 56942 13349 10621 14560 16163 56932  5224   997 16899
  1706  5886  4562 56942   372 56932  8630 11211 25377 56946 20426 14560
  5681  2396  4472  5804 27613 10621 11581 23175  7623  1231  7811  8600
  4472 56942  1637 56931 56945 56945 56945 56945 56945 56945 56945 56945
 56945 56945]
8 [11120 13916 12800  1240  8783 12764  2451  5224 56946 35396 11211  4868
 17635 56942  3204 12566 10621 11211  1296  1240  4338  4562  5224   567
 20298 17364 56934 56942 56935 56931 56945 56945 56945 56945 56945 56945
 56945 56945 56945 56945 56945 56945 56945 56945 56945 56945 56945 56945
 56945 56945]
3 [  311 11211  5224 56946 56940 12764  5207 13126 56940 14260 56940   373
   440  7253 10621  7133  6151  4151  6731  5226 14088 21617 56932  7253
 10621  7133  5226  8493 11623  2700 56932 11120 10067   552 56940 56932
  5226 15168  4472  8606 56940  2890  8907 10067  2610 10067  7581 56940
 10621  4472]
24 [ 5224 14300  7814 56940  5224  6269 56940  5489 15228 11120  5329 13171
  3058  4472  1231  2928  7416  1925  2570 13396  4670 12059  5226 56942
   616  6151  1231  1703  6669 11581 14735  5226  5224  7330  4472  5804
  8263  5402 13144  4472  5804   916 56946 56931 56945 56945 56945 56945
 56945 56945]
10 [ 5224  6145 13732 56932  8552  6151  1231  5551  7956  5224 56946 11304
  5226  5224   468  5206 56934 56946 56935 10621 11120  7838 10067  5683
 13579 13344  1925 13829  4472  1397 56932  9801  5224  8288  2729  4472
 11120 15338 11211  1765 11120  6255  4722 56931 56945 56945 56945 56945
 56945 56945]
6 [ 5226  2890  5875  3268  4472 11120 56946  5224 56942  4472  5385  5226
  5224 19411 10067 12074 16004  4472 11120  9584 56932 11211 12764 25073
 13371  7079  4472  2890  7777 56932  1240  5132  8448  4472  5045  8851
 18244 10621  1240 56946 14777 20054 56932  1096  5224 13615 56931 56945
 56945 56945]
7 [11120 11556  3733  4472 10191 12947 56934 56946 56935  1040   217 11211
 56940 11120 11851 10236 56940 10291  5804  1170  8343  4472 14113   373
  5226 14928  7452  5226  5804  5118 10621 12764  5226  5224  8716  4472
  5804  9578 56931 56945 56945 56945 56945 56945 56945 56945 56945 56945
 56945 56945]
26 [12015 56946  6151  5804  5410  2594  4472  8223 56932  4472 56946 56932
  4472   358 56943  8493 14321  1004 56932  7372  6151  8373 56932   420
   848  3421 56946  4472  1231  3742 56931 56945 56945 56945 56945 56945
 56945 56945 56945 56945 56945 56945 56945 56945 56945 56945 56945 56945
 56945 56945]
9 [11120  1994  8885  5226 14842  2890 56946 13171  4472 56946 56932  4562
 15058  1925 12675  7977 10067 56942 56931 56945 56945 56945 56945 56945
 56945 56945 56945 56945 56945 56945 56945 56945 56945 56945 56945 56945
 56945 56945 56945 56945 56945 56945 56945 56945 56945 56945 56945 56945
 56945 56945]
28 [ 5224  2471  4472 11120 15284  1106   730 56932  1793 56932 11211   425
 11124  6197  1240 11634  5226  4151    21  4472  1339 56932 16997 56932
 44190 56932 44843 56932 56946 10621 13624  1240 37953  5226 10222 56931
 56945 56945 56945 56945 56945 56945 56945 56945 56945 56945 56945 56945
 56945 56945]
7 [ 5224  8086 10067  2342  4472 11122 12743 56942  4472 13732 56932   797
  4220 56932  7780    37  8493  2440  5226 11120 11211  9095 11120  7563
 11697 56932 11211  4105 56940 11120 10506 10668  4472 11120 15167  4472
  2514 11211 11120  8108   202  4472 13276  1645  4472  5187 11926 10621
 14931 11813]
12 [13780  9054  2890 13857  4472 11120  2749  4472 11120 11786  4472  8444
 56942  6151   661 11211  8714  5224  9283  4472 14702 13371  4482 13970
  8271  4562  1892  6151 10355 13849  4472 12596  5500 56932  3416  4151
  6118 56931 56945 56945 56945 56945 56945 56945 56945 56945 56945 56945
 56945 56945]
3 [ 4151 11026 56946 56946  4472  4709 14423  4472 12691  7128 56932 10611
  4151 11211 21622 56942 56934 56942 13396 14108 56935 14579 13396 12541
  4472 11120 13107 56932 56942 56934 56942 56935  4472 14088   848 13588
 13016 10621 56942 56934 56942 56935  4472 11554  2815  4472 11231  7128
 56945 56945]
13 [ 5226 11120 11093 16505  5226  5224  9322 10067 16831  1240  4563 34380
  5804 36970 14777 10621 14560 56932 12889  1240 20706  5226  8555  5804
 14117  4102 56931 56945 56945 56945 56945 56945 56945 56945 56945 56945
 56945 56945 56945 56945 56945 56945 56945 56945 56945 56945 56945 56945
 56945 56945]
34 [11120 14476  6393  4472 56946 56932  4472 56942  5137 56932  1240  2313
 15083  4472 11211 11120 14611  9823 10067  7581  3855  4562  1807  5224
  9591  4472 11211  5224  2792  6309  5892  4472  9424  4472  5895  4472
  5121  4472  9220 56932  8630  5016 13098 15244 56932 11211 12764 10376
 56931 56945]
13 [11120  9745  7861  8703 12135  4472  4151  7396  7453  4472 56946  3420
 56934 56946 56935 56932  8493 14082 11840  4998  5226   995 10067  2689
  6260 13396  5822  5226  1839 10468 56931 56945 56945 56945 56945 56945
 56945 56945 56945 56945 56945 56945 56945 56945 56945 56945 56945 56945
 56945 56945]
30 [ 5224   870 10067 10217  1447 11581 56932 56940 56946 56940 56946 56932
  1240  3623  1811 15023  2135  5224  9691  5226  4151  9001  4472 11120
   476  4472  2551  4562  5224 56946 56942  8957 56932  5226  3196 56932
 14260  5224  9541  4472  7037  1240 15410  5226  8302 56931 56945 56945
 56945 56945]
18 [ 5224  2610  6542    85 12407 14974  6151  7430 56932 12889  1925  1242
 10067  9541  6226 37370  6151  2890 56946 12407 14492 56932  6418  6151
 11120 16276  3688 13396 12049 11360 56931 56945 56945 56945 56945 56945
 56945 56945 56945 56945 56945 56945 56945 56945 56945 56945 56945 56945
 56945 56945]
6 [  731 56932  5226  7809  6151 14374 56942 10368 13396 14196 56932  1040
  1793 11211 56940  5224 56946  5240  2166  5534 11120 13450 10067  9541
  5240  4073 56940 56932 10621  7620 13396 56940  8493  5404  5041 10621
 56946 10291  4746  4472   424 56946  4472 14694  5137 56940 56931 56945
 56945 56945]
41 [  731 56932  5226  7809  6151 14374 56942 10368 13396 14196 56932  1040
  1793 11211 56940  5224 56946  5240  2166  5534 11120 13450 10067  9541
  5240  4073 56940 56932 10621  7620 13396 56940  8493  5404  5041 10621
 56946 10291  4746  4472   424 56946  4472 14694  5137 56940 56931 56945
 56945 56945]
17 [ 5217  5224   972 56932  3421  2709 56932 10611  8025  2890 14505  4472
 56942  5137 56932 10621  8373 56946 56932  1487 11120  7626  5226 13447
  1899  4472  2912 14266 56931 56945 56945 56945 56945 56945 56945 56945
 56945 56945 56945 56945 56945 56945 56945 56945 56945 56945 56945 56945
 56945 56945]
4 [10420 56932  8509  5224 56946  2870  4472  2890  1782  4472 11120  3664
  5427 56932 56946 56946 56946 56932 10621  4472  1231  4836  1240 56946
  6151 11120  9033 56931 56945 56945 56945 56945 56945 56945 56945 56945
 56945 56945 56945 56945 56945 56945 56945 56945 56945 56945 56945 56945
 56945 56945]
9 [11120 56946  4472 56946  7587 56946  4472  8689 56934 56946 56935 14576
 11211  5804  8433  8540  2626  6151 11120 14779 12743 56932  1925 14338
 11211 11120  9745   393  8586   907  6151  2135  5804 20411 12491 10067
 56946 56931 56945 56945 56945 56945 56945 56945 56945 56945 56945 56945
 56945 56945]
12 [11120    19 10177 56932  4151   243  4472 56946 12297 12297  4562  2890
 56946 11211 13280  5224  1094  5226  3421  1362 12297 12297 56932 12764
  5240  8871 20387 56931 56945 56945 56945 56945 56945 56945 56945 56945
 56945 56945 56945 56945 56945 56945 56945 56945 56945 56945 56945 56945
 56945 56945]
9 [ 6988  9083 10621 13694 10594 56946  5224  1381  1925 56946  6151 11211
  5224 14358  2035  5804 56942  5739 11211  1240  6846  7617 10067   552
 56931 56945 56945 56945 56945 56945 56945 56945 56945 56945 56945 56945
 56945 56945 56945 56945 56945 56945 56945 56945 56945 56945 56945 56945
 56945 56945]
2 [18384 56932 56946 56931 15938 56945 56945 56945 56945 56945 56945 56945
 56945 56945 56945 56945 56945 56945 56945 56945 56945 56945 56945 56945
 56945 56945 56945 56945 56945 56945 56945 56945 56945 56945 56945 56945
 56945 56945 56945 56945 56945 56945 56945 56945 56945 56945 56945 56945
 56945 56945]
42 [ 8593 14067 11211  5804 56942 55771  4472  4212 10611  4151  8373 35638
 56934 11120  4472 13732 10621 11120  4472 11067 56935 56932 40098  6151
 13171  4472 56942  5699 56932  5240  1009 56932  5224 12675 56946 11211
  1233  1240 13280 11120 15210  5226  5699 56931 56945 56945 56945 56945
 56945 56945]
10 [56946 56946  2332 11211  9490  8192  1864 10621  4745 13396 56946 56946
  8509  4151 10664  4472 11120  4836 56931 56945 56945 56945 56945 56945
 56945 56945 56945 56945 56945 56945 56945 56945 56945 56945 56945 56945
 56945 56945 56945 56945 56945 56945 56945 56945 56945 56945 56945 56945
 56945 56945]
3 [ 7053 56946  5224 56946  4151 27223 56932  5804 14592 56932  5224 13305
  4472  2858 11372  4151 10412 10533 56932  7868 11437 56931 56945 56945
 56945 56945 56945 56945 56945 56945 56945 56945 56945 56945 56945 56945
 56945 56945 56945 56945 56945 56945 56945 56945 56945 56945 56945 56945
 56945 56945]
7 [ 5224  3849  3077 15591  8493  4127 13396  5946 10291  5804 14210 10655
 10621  5804 56946 56946  4472  8493  5474  4472 24806 15404 56931 56945
 56945 56945 56945 56945 56945 56945 56945 56945 56945 56945 56945 56945
 56945 56945 56945 56945 56945 56945 56945 56945 56945 56945 56945 56945
 56945 56945]
12 [ 5224 12232  2729  7780  8192 10291  5224  2775  4800 35568 56934  8429
 56942  3197 56935 56932  3497  4472  8493  2994 13269 56932  9000  6197
 12764  4091  8606  3260  2370  5804 56946 27998 10621 17899 56932 10621
  5224  7615    85 10291  5224  4978 35377 56946 56934 51185 56946 56946
 56935 56931]
47 [ 5224 12232  2729  7780  8192 10291  5224  2775  4800 35568 56934  8429
 56942  3197 56935 56932  3497  4472  8493  2994 13269 56932  9000  6197
 12764  4091  8606  3260  2370  5804 56946 27998 10621 17899 56932 10621
  5224  7615    85 10291  5224  4978 35377 56946 56934 51185 56946 56946
 56935 56931]
13 [ 5226  3573 56932  1925 13823 56932  8834 12357   746  7431  2890   626
  4472 56946 56932  8630 10025  8373  7821   746  9591 11122 12754  5226
  8493 13988  8992 15913  6151 11120 12030  9243 56946 56931 56945 56945
 56945 56945 56945 56945 56945 56945 56945 56945 56945 56945 56945 56945
 56945 56945]
47 [ 2522  1015  5226  8876 15168 11211  1723  3546  6151 56946 11120 14602
  4472   692 15244 11211  5224  2610  4472 11120  2894 56932  2890 56946
 10067 11763  4472 56942 13344  6151  2890 56946 56932 10621  1379  8871
 11211  4049 56934 56946 56935 56932 10442 56934 56946 56935 10621  5754
 56934 56946]
10 [11120 11556  5226 14299  4472  5804 13272 10067  3187 56934 56946 56935
 56932 11120 11093 11211  2332  5804 15157 56932  7780 11682  6151 10282
  1882 10291  7882  6151 11120  9849 11211  9022  5224 16813  4472 11120
  3077  4472 14028  4472 10374 10621 11211  1240 56946  4151 12453 56931
 56945 56945]
39 [ 5226  8406 56932 56946  2890 15770 13843  6151 11120   712  4472  5804
  3692 10067 11183 56932  5804 16680  4472 13732 56932 11211 12993  5226
   425  5346 11169 12135 10067  6710  6151 11211 15394  2879  5224 19576
 56932 10621  5226 56946  5224 11183 10097  5224  1673  4472  3400 18228
 10067 15837]
12 [ 5804  4236 11295 12297  3917 10621    56 12297  4472  5804  4900 10067
 56946 56932  5224 39113 10621 11120 19300 10557 11071  6884  5226 56942
 56932  7868  2890 13004  4532 13396 11120  9745  3733 56946 56931 56945
 56945 56945 56945 56945 56945 56945 56945 56945 56945 56945 56945 56945
 56945 56945]
16 [13974  4472  5804 12552 56946 56932 13526  5804 14513  4472   425  4212
  5226  4151  4558 10067 56946 56932  2729 11211  5226 56942  5224  6117
 46768  4472   424  4814 13006  5224 56942 13396 14108 15058  1925  2689
  2824 56932  5226 13554 11211  5224  6117 40384  1240 19715  5224 56942
 13396 14108]
11 [10621  5240 11211  4550  5804 23313  6492 15157 10291 29494  5804 56946
 56932 10621   865  5314  5804 11211  5207 18503  1231  8298 56946 56931
 56945 56945 56945 56945 56945 56945 56945 56945 56945 56945 56945 56945
 56945 56945 56945 56945 56945 56945 56945 56945 56945 56945 56945 56945
 56945 56945]
3 [ 8493 13553  4472 56946 56946  2187  5226 17180  5226 56942 10532 56942
 16176 56932  9000 11813 56946  2861  2890 14315 56946  1240 39463 56942
 16176 56931 56945 56945 56945 56945 56945 56945 56945 56945 56945 56945
 56945 56945 56945 56945 56945 56945 56945 56945 56945 56945 56945 56945
 56945 56945]
16 [ 8493 13553  4472 56946 56946  2187  5226 17180  5226 56942 10532 56942
 16176 56932  9000 11813 56946  2861  2890 14315 56946  1240 39463 56942
 16176 56931 56945 56945 56945 56945 56945 56945 56945 56945 56945 56945
 56945 56945 56945 56945 56945 56945 56945 56945 56945 56945 56945 56945
 56945 56945]
25 [ 5534  5224 15063 16048 13396  5224 54665 11211  6151 13290  5107  7494
 15630 14802 10621 12684 56932 11120 13450  5240 11227 56933  9000  1233
  5224 56946  6950 16945 11120  2656  5217  8493  1914 10054 56932 27645
 56932 52789  5226  5224  4667  4472 11122 23531 56931 56945 56945 56945
 56945 56945]
10 [56946  9558  2370  5224  9084 55148 56932 56946  4161  5224 56946  5534
 56946  4562  5804  4976 19272 11120  5272 56946  4472  4151 18990 13171
 12946 56931 56945 56945 56945 56945 56945 56945 56945 56945 56945 56945
 56945 56945 56945 56945 56945 56945 56945 56945 56945 56945 56945 56945
 56945 56945]
