18 [  425 14804  4472  9786  7780  9511  6151 56940 12486  3624  5804 10472
  8007  5226 11120 11244  4472  4151  7809  4472  1062 56940 56932  7868
  5224  2880 56931 56945 56945 56945 56945 56945 56945 56945 56945 56945
 56945 56945 56945 56945 56945 56945 56945 56945 56945 56945 56945 56945
 56945 56945]
35 [ 5224 14399  3245  6913 11211  5804  3911 42341  2890  7661  4472 14792
  4472 56942 17235  8100 56934 56942  5895 56935 10621  2890 56946  3196
  4472 56942 17235  8100 56934   683 56942  5895 56935 13396 10267  5039
  4472 56946 56931 56945 56945 56945 56945 56945 56945 56945 56945 56945
 56945 56945]
13 [ 5224  6519 10067  4942 13396 11623 10621 56946 15512  4472 11120  6805
  4472 12831 10067 14084 56932 10958 37873 56932  7780   880 11120  3820
  5226 11120  1976  8973 10067  9230  4472  2667 56932  3908  2004  6270
 56932  4562  5224   273  4472 11211 13004  7956  5224 15316  4472 14693
  4472 11807]
19 [11120  7210  4472   261 14201 12948 56932  4472 13478  3183 56932  5224
  2471  4332  4472 11120 10767 10621 11120  8281 10067  5076 56932  8236
 56946 56932  7930 11211 11120  6240 10067 14479  2273 19233  1925  9541
 10067  3786  2861 56940  5224  1437  4472 15590 10044 12764  4498 10067
 11575  4472]
3 [ 5226 11120 13675  9234 13034 10067  8876  3629 10067  2689 56932   851
  1240  6066  8493  8425 10067 56946 56931 56945 56945 56945 56945 56945
 56945 56945 56945 56945 56945 56945 56945 56945 56945 56945 56945 56945
 56945 56945 56945 56945 56945 56945 56945 56945 56945 56945 56945 56945
 56945 56945]
13 [ 6118 10067 10386   201  4472   641 56932 14473 11211  5224 56940 13469
  4472 12284 56940  4472 28395  7780 15076 34275 56932  6197 11211 56946
 11120 13450  4037  5179  2890 14555 13959  5226  5224 11211  1240  8540
 26702  7811  4151 11817 56946 10067  9541 56931 56945 56945 56945 56945
 56945 56945]
2 [ 5226  5224 10103  4472 13171 27039 13946  4472 11120  4722 56932  5226
 11120  6275 11091  7591 12019 11581  4758  4472  6013 56932  5226 24699
 56932  6151 56942 10440  1925 12728  4472  2921 56932   671  6006  6151
  5804  8752 56932  6151  5804 11211  5165 11211  5540 11120  6471 13396
 13396 12645]
22 [15424  4343 56932 13242  7466 10067  5806 56932  4044   217  6151 11120
 25691 10291 14234  1925 23546  1727  5226  5224  9541  4472  6764  4472
 11120 15677  8897  4472 11120  8200  4472  8263 11211  5224  3612  4472
 14655  8292    28  5224 11255 13348  5226 13720 11662 56931 56945 56945
 56945 56945]
23 [ 5224 12956  4472 10880  4472 14564   498 56932  5226  5051 56932 12492
   217  8493  2749  4472   420 11545  4472  9146 11211 56946 11120  1518
  4472 11120  8069  6151  7423 10067 11827  2067  1997 56931 56945 56945
 56945 56945 56945 56945 56945 56945 56945 56945 56945 56945 56945 56945
 56945 56945]
28 [ 5224  9211  5692  4472  9786  6005  6151 42373  4472 22803 56940 13371
  1523  4472 13894 56940 11211  5224 14687  1240 28897  6151 11120    26
  5226  5804  3587  4472  4670  4472 11120  2894 56931 56945 56945 56945
 56945 56945 56945 56945 56945 56945 56945 56945 56945 56945 56945 56945
 56945 56945]
9 [ 5804  2208 34478   217 11120  4727 13845  6151 11120 14088  4472  9557
 56946 11211 11095 13822 15271  1925 14802  6151 15254  4472  1296  5226
  5224 15175  4472  9527 13814 10696 56931 56945 56945 56945 56945 56945
 56945 56945 56945 56945 56945 56945 56945 56945 56945 56945 56945 56945
 56945 56945]
