48 [ 4472 14399  4562  8857 13004 56932  4151  9684 17167  4472 10766  1218
 18458  4472 56946 56946  4472 56942  6468 10267  8493  5226 14842  4472
 56942  6151 56946 56946  5226  5224 12675  7977  4472   424  2689 56932
  5226 13554 11211  5804  8732 13396  4151  9684 10067  6604 18458  4472
 56942 11804]
46 [ 4151 10229 11465 12524 13396  5224  3612  8984  5226 11120 12238  4722
  4472  5804  4679  4472  2732   746  7984 11120  5229 13171  1893  5226
  5804 14060  5217  5224  8926  4472 11120 10185 56932 11211  3731  6151
  5804  2095  3026  5226 11120 15407 10067   646  4562 11916 10621 14378
  2594 56932]
7 [35704  5224 14687 15409 12297 12297  6151 14378  5699   848  6151 14378
 35103  5224 14819 34287 56932  4473    20 12297 12297 56946  2890  4315
 18787 56931 56945 56945 56945 56945 56945 56945 56945 56945 56945 56945
 56945 56945 56945 56945 56945 56945 56945 56945 56945 56945 56945 56945
 56945 56945]
