7 [ 4151  1347  4472 12004 56932  6151 13386  1404   217 56932  8590 56932
 11120  2858 15227 56932 14219  4562 11120  7300  9379  3861  5226  2525
  4472  8493  2198  4472   366  4472  4151  4822  9330 10291 11830  4562
  4151  6505  4472   424  6319  7956  4151 13010  4472 10731    68  7162
  5226  5224]
35 [15023 14857 11211 12937  4151  2786    61  4472 11120  2894  1240   746
  7575  4161  4550 14931  6416  5226 14662 11120  6098  4472 13822  7345
 56932 56946  1015 11211  5804 15618  4472 11120 12613   746  4472 11872
  8186  7956  1231  1437 56931 56945 56945 56945 56945 56945 56945 56945
 56945 56945]
21 [ 4161  5224  3719 56932  5226  4151 56942  5991  6151   778  4472  1231
  6319  6066 14154   340  5226  5804 56942  3204 11211  1585 56931 56945
 56945 56945 56945 56945 56945 56945 56945 56945 56945 56945 56945 56945
 56945 56945 56945 56945 56945 56945 56945 56945 56945 56945 56945 56945
 56945 56945]
