1 [56946 37845  1925  5328  6151  2923 56940  6151 13822 18748  4472  3572
 56940 13396 11120  3852  4472  7668 56931 56945 56945 56945 56945 56945
 56945 56945 56945 56945 56945 56945 56945 56945 56945 56945 56945 56945
 56945 56945 56945 56945 56945 56945 56945 56945 56945 56945 56945 56945
 56945 56945]
2 [  424  8566 14309  6151  5804 15261  6151 12764   341  5224 13440 56946
  5226 11120   445 10471  4161 14442  8493 12921  4693  4472  5804 13283
 56932  5534  8363  1231 13675 56946  2370  5804  9996  4562  8493 14988
  4472  7823 13036  2947  5226  5224  3053 11179 56931 56945 56945 56945
 56945 56945]
8 [ 6151 11669 29386  6862 31820 15340 56932 12015 56946  6151 21159 11211
 12764  1240 56946 56931 56945 56945 56945 56945 56945 56945 56945 56945
 56945 56945 56945 56945 56945 56945 56945 56945 56945 56945 56945 56945
 56945 56945 56945 56945 56945 56945 56945 56945 56945 56945 56945 56945
 56945 56945]
