21 [ 5224 13488 10067  1248 15648  6151 14196 11211  5804 15989 10067  1437
 12669 12407 15611  6151  5804 10067  6260 56932 11664  5240 12407  6477
 11211  5224  1387 12764 14856  7409 56932 11372  1240  5207  7871  4562
 14007 14164 56946 56931 56945 56945 56945 56945 56945 56945 56945 56945
 56945 56945]
7 [ 5226  6523  4472 11120 10509 56946  1240  1630  9198  8871 11211 15526
 11211  5804 10579  3605  5226 13910  4472 11293  6151  9687 13822  3136
 10621  1379  8871  4472 14182  5224  1079 13946  2861  1326  4472 10344
 10291  8593 13554  5226  1723 13371  5226  5224 13823  4472  5754 56931
 56945 56945]
