11 [ 5226 11120  5918  4472 17307 56932  6151 56942  5056  4472 15765  4873
  5804  2208 10308   424   972 13371 12135  4472  1231  7107 11444 56932
 11120  8133  4472   217  3786  5821  8493 14119  4472 56942 15980  5331
 10966 56932  7868  5804  5556 10414 56931 56945 56945 56945 56945 56945
 56945 56945]
2 [56936  5217  3286  5804  9547  1240 18703  5226  2663  8973  6151  5804
 22413 10291 47668 11211 15394  2816 13396 10210 56937 56931 56945 56945
 56945 56945 56945 56945 56945 56945 56945 56945 56945 56945 56945 56945
 56945 56945 56945 56945 56945 56945 56945 56945 56945 56945 56945 56945
 56945 56945]
