7 [ 1240 46153  5224  8614 10067  7538 10291  5224 11627  4472  5804  3034
 13274 56931 56945 56945 56945 56945 56945 56945 56945 56945 56945 56945
 56945 56945 56945 56945 56945 56945 56945 56945 56945 56945 56945 56945
 56945 56945 56945 56945 56945 56945 56945 56945 56945 56945 56945 56945
 56945 56945]
10 [ 1240 46153  5224  8614 10067  7538 10291  5224 11627  4472  5804  3034
 13274 56931 56945 56945 56945 56945 56945 56945 56945 56945 56945 56945
 56945 56945 56945 56945 56945 56945 56945 56945 56945 56945 56945 56945
 56945 56945 56945 56945 56945 56945 56945 56945 56945 56945 56945 56945
 56945 56945]
37 [  211  5224  8033  4472  1447  4758 56932  8225 10621  3222  1240   751
  6151  5515 56932  5331 13910 11295  3878 56932  4161 56942 25422  7500
  4472 15277 10621  4284   194  6151 10476 56932   672 56932  1725   509
 56932  5224  4973 56932 12366 56932 12430 56932  1313 56932  4001 56932
 10709 56932]
2 [15229  5226  5224 15175  4151 56942 15229  4472  7661  4472  2090 56934
  4932 13935 56935  4472 11120  5918 56932  8415  5226  5224 15175   322
 56932 10621  4151 56942  4472  5804 56946 12200 56942  6950  5226  5224
 11988 14179 56946 10621 56942  9570  5226   420  2140  2899  5226 11120
 56946 56932]
47 [15229  5226  5224 15175  4151 56942 15229  4472  7661  4472  2090 56934
  4932 13935 56935  4472 11120  5918 56932  8415  5226  5224 15175   322
 56932 10621  4151 56942  4472  5804 56946 12200 56942  6950  5226  5224
 11988 14179 56946 10621 56942  9570  5226   420  2140  2899  5226 11120
 56946 56932]
3 [ 1925 38178  6151 11120  9584 56932  8373  1362 15083  4472 15254 10067
 10855 10067 16907 56932 11120 14119  5226  5224 22085  1039  8946  4472
 56942 15980 56932  4562 16078   596 56931 56945 56945 56945 56945 56945
 56945 56945 56945 56945 56945 56945 56945 56945 56945 56945 56945 56945
 56945 56945]
11 [56940  1233  2850 56932 10608 56940 56932   730  5226  5224  8614 11120
 56946  4472 11120  7070  2529 56931 56945 56945 56945 56945 56945 56945
 56945 56945 56945 56945 56945 56945 56945 56945 56945 56945 56945 56945
 56945 56945 56945 56945 56945 56945 56945 56945 56945 56945 56945 56945
 56945 56945]
7 [ 5224 13488  6059 56946 12948  5224  7600  5224   948 13371 11435  5226
 11120  6275  5432 18212 18823  4472  1397  4562  8493 26182  7956  5224
  6251  4472 11120 14088 56931 56945 56945 56945 56945 56945 56945 56945
 56945 56945 56945 56945 56945 56945 56945 56945 56945 56945 56945 56945
 56945 56945]
12 [11120 11464  6695  4472  2119  4472  4957 12297 12297  4562 14759  6151
 11120  6543 56946 10621  4559  2890 56946 12297 12297 10621  5224  6952
  4472 11120 10366 10067  5053 56946 56946 12297 12297 56946  4472 11120
  4351 10621 10674 56946 56946 12297 12297 56946  2890  6412  3047 12672
  5538 13396]
17 [11120 11464  6695  4472  2119  4472  4957 12297 12297  4562 14759  6151
 11120  6543 56946 10621  4559  2890 56946 12297 12297 10621  5224  6952
  4472 11120 10366 10067  5053 56946 56946 12297 12297 56946  4472 11120
  4351 10621 10674 56946 56946 12297 12297 56946  2890  6412  3047 12672
  5538 13396]
35 [11120 11464  6695  4472  2119  4472  4957 12297 12297  4562 14759  6151
 11120  6543 56946 10621  4559  2890 56946 12297 12297 10621  5224  6952
  4472 11120 10366 10067  5053 56946 56946 12297 12297 56946  4472 11120
  4351 10621 10674 56946 56946 12297 12297 56946  2890  6412  3047 12672
  5538 13396]
26 [11120  5844 10421 48191  8943 56934 15191 56935  5165   217  6151 12379
  5452 10621 12795 11211  1240 56946  1156  4693  1925 12301  5432  4472
  7361  4472  4151  5581 56946 10621 31834  4472  9701 11669  7944  4472
  8865 56931 56945 56945 56945 56945 56945 56945 56945 56945 56945 56945
 56945 56945]
4 [ 1925  2716  2890 12737 15326  4537  5331   683  2704 56932  5804  2402
 56946  5217  4151 56942  6151  4151 56942  1362 11120 12493 14571  4472
 11103  1084 56932   723 10820  5224 13276  4161 11120 15323 10067  3612
  4472 56946 56932 11211  7193 13822 10554  5217 13732 56931 56945 56945
 56945 56945]
7 [ 7440 11859  7578  1296  1925  4252  4472 11120  5978  4562  4151  1761
  4472  2890  9084  4472 15225 56931 56945 56945 56945 56945 56945 56945
 56945 56945 56945 56945 56945 56945 56945 56945 56945 56945 56945 56945
 56945 56945 56945 56945 56945 56945 56945 56945 56945 56945 56945 56945
 56945 56945]
13 [ 7440 11859  7578  1296  1925  4252  4472 11120  5978  4562  4151  1761
  4472  2890  9084  4472 15225 56931 56945 56945 56945 56945 56945 56945
 56945 56945 56945 56945 56945 56945 56945 56945 56945 56945 56945 56945
 56945 56945 56945 56945 56945 56945 56945 56945 56945 56945 56945 56945
 56945 56945]
19 [12297 12297 56936 10621 11149   753  4472  5804   453 56946 10067  4842
  8984 56932 13371 11740  4472  2770 10621 11120 10045  4472 15590 22553
 56937 12297 12297 56931 56945 56945 56945 56945 56945 56945 56945 56945
 56945 56945 56945 56945 56945 56945 56945 56945 56945 56945 56945 56945
 56945 56945]
22 [15023  1231 14723  1800  4562  1166  2865  3543 56932  7628 10180 11428
  5226  5224 15412  4472  3475  4562  1231  8288 13518 56932  5224    45
 11810 56932  6659 12948  5226 11120  8691 14460 10067  3358  4472 15412
  8984 56931 56945 56945 56945 56945 56945 56945 56945 56945 56945 56945
 56945 56945]
18 [11120  7790  4562  1164  4472 13456 56932  5224 13398 10635  4472  5804
  2611 10621 11120 12964  1323  4472  5224 11554  4472  5804  5359 56946
 13974  4472  2890 56946 11211  2002  1231  8467  4678  5226  9209  3224
  8860 10621 11211  4059  2890 14555 13959  4562  7508 10291 56942  8155
 56931 56945]
21 [11120  7790  4562  1164  4472 13456 56932  5224 13398 10635  4472  5804
  2611 10621 11120 12964  1323  4472  5224 11554  4472  5804  5359 56946
 13974  4472  2890 56946 11211  2002  1231  8467  4678  5226  9209  3224
  8860 10621 11211  4059  2890 14555 13959  4562  7508 10291 56942  8155
 56931 56945]
35 [ 5804 14048 56932  8271  4562  8493 13133  4562  5224  2519 10067  5982
  2944 56932  1240   107   217 56932  6151  4151 14560  4472 11120 14675
 56932  5226  2890 10803  1925 14854 13373  5226  5224  4252  4472 11120
  5978  4472 13732 56931 56945 56945 56945 56945 56945 56945 56945 56945
 56945 56945]
30 [ 1352 56932  5224  4188  4285 10621 15639  5972  4472 10766 56932  9353
   217 56932  3786 56932 11211 13776 10899  5224  2445  4472 11016  4472
  9835  3301 13396 11120 11556  4472  5804 10700  9362  4472 10766 56934
 56946 56935 10291 13853  8493  4188   657  5226  4151  4558 13901 10067
  6604 56931]
19 [45520  2861  9541  4472  6764  4472 11120  7261  4472 11120 13172 45722
  4472  5138 56932  2840  5226  5224 12908  5224 56720  4472  6880 56932
  1633   683 56942  9163 56931 56945 56945 56945 56945 56945 56945 56945
 56945 56945 56945 56945 56945 56945 56945 56945 56945 56945 56945 56945
 56945 56945]
21 [ 5226   425   792 11117  7689  1925  4369 10426 56932 15609  3176 56932
  7650  4472 11120 13675 13844 10067 56940  9541  4472  4151  8308 56940
 56932 14361 11120  2970 11122 11211  7868  5224 13004 13326 11122  5517
  6151 10945  5224 10726  4472 11120  1578 56931 56945 56945 56945 56945
 56945 56945]
4 [ 5224 14300  7814 56940  5224  6269 56940  5489 15228 11120  5329 13171
  3058  4472  1231  2928  7416  1925  2570 13396  4670 12059  5226 56942
   616  6151  1231  1703  6669 11581 14735  5226  5224  7330  4472  5804
  8263  5402 13144  4472  5804   916 56946 56931 56945 56945 56945 56945
 56945 56945]
18 [ 5226  2890  5875  3268  4472 11120 56946  5224 56942  4472  5385  5226
  5224 19411 10067 12074 16004  4472 11120  9584 56932 11211 12764 25073
 13371  7079  4472  2890  7777 56932  1240  5132  8448  4472  5045  8851
 18244 10621  1240 56946 14777 20054 56932  1096  5224 13615 56931 56945
 56945 56945]
9 [11120  9168 10448 10291 11211  5224 10242  9823  4472 11120  1391 56932
 45228 56327 56932 56946  5226  9379  3861  5224  8741  4472 56942 56940
  6270 16536 56940 10291 11120 56946  5240  5224 13185 10067  8965  5224
 12479 12355 10611  5804  6681  5224  2689  6260  5226  4151  1539  4472
 56946 10621]
35 [11120  9168 10448 10291 11211  5224 10242  9823  4472 11120  1391 56932
 45228 56327 56932 56946  5226  9379  3861  5224  8741  4472 56942 56940
  6270 16536 56940 10291 11120 56946  5240  5224 13185 10067  8965  5224
 12479 12355 10611  5804  6681  5224  2689  6260  5226  4151  1539  4472
 56946 10621]
25 [ 6151  5804 56942  5137 15893 16709 25041 56932  5224  8876 56940 11629
  4472  9214 56940  4472 11120  7645 10621  5224  8876  8491 13221  2231
  4472 11120  4152 10067  2274 14749 56931 56945 56945 56945 56945 56945
 56945 56945 56945 56945 56945 56945 56945 56945 56945 56945 56945 56945
 56945 56945]
38 [12889  5226  9762 12828  5224  3161  4472  2322 56946 56932  5804  5286
 12543 12764   865 10414 56932  3655   217  5224 12365  4472 11120 14248
 56932  4690 22406 56946 56946 56932  6197 11211  5224  3746  3104  4472
 20263  4472 11120 15582  5082   424 13152  4472 30559 10621  1240  7494
 11211  8495]
5 [ 5224  8086 10067  2342  4472 11122 12743 56942  4472 13732 56932   797
  4220 56932  7780    37  8493  2440  5226 11120 11211  9095 11120  7563
 11697 56932 11211  4105 56940 11120 10506 10668  4472 11120 15167  4472
  2514 11211 11120  8108   202  4472 13276  1645  4472  5187 11926 10621
 14931 11813]
23 [18117 56946 56932 13396  1231 12135 56932  3245 10728  9379  3861  5224
 12619  4472 11122 11211 13261  1231  1800  5226  5224 13518 56932  5224
 23339 10067 21268 56932  6151 15254  4472 11120 11566 10067  4794  9810
 17999 56931 56945 56945 56945 56945 56945 56945 56945 56945 56945 56945
 56945 56945]
21 [11120 11495  7956 11120 14720 12348  5226  1725   509 56932 11211  5217
   995  6260  6082  5224  5234  8699 10621 10997  4472 11120  9584  8036
 10172 56932  7780 42491 11120  7626 12031  5226   424  6319  3810 56931
 56945 56945 56945 56945 56945 56945 56945 56945 56945 56945 56945 56945
 56945 56945]
38 [ 5224  4569  4472  2892  6151 11120 12695 10067   653 56932 15195 56946
 56932  1240  7780  5788  1691  4472 12033 56946 10621  6128  5254  5226
  5804 56942  5137  5226 11211  7780  8192  2141  4472  1361 10621  4472
 12695  4472 11120  9849 56932  9000  1231  8909 10471  5240  8493  2543
  6197 11211]
45 [ 5224  2792  4472 11120  5844  4472 10700  8892  4472   968 56934  1369
 56935  9528 11211  5224  6949  7780  1896 56940  5226 56942 11804 11120
 13107   424  2689 10621  5804  4900 14811  5226  8425 56940 56932  5226
  8493   989 13031 11211 10627   217  5224   413 56940  5224  3733 56940
  4472  2921]
2 [ 9220  4472 11120 15243  1346 11211 11120 15422 22643 13396 11120  2198
  4472 11120  2894  5226 11120  8001  8458  4472  4822  9330  7956 12328
 20375 56940  7952  5226  2370 10067  3432  4472 11120  5430  3537 56940
 56931 56945 56945 56945 56945 56945 56945 56945 56945 56945 56945 56945
 56945 56945]
7 [56946 10621 56946  6151  1447  3667  4472 11120  3752 56932  9000  5804
  3536 12764  1340  5226 14662  6151 11120  6670 56933 11120 56946 56931
 56945 56945 56945 56945 56945 56945 56945 56945 56945 56945 56945 56945
 56945 56945 56945 56945 56945 56945 56945 56945 56945 56945 56945 56945
 56945 56945]
3 [11120  9709 10611 11120 15959  4472  1447  5831 10621 56946  4472 30060
 56932  5226 11120 13307  4472 12578 56946 56932 14435  6928  8895 10621
 11120  4932 27058  4472 56946 56932   105  5804  6312  4472 11120 10409
 56931 56945 56945 56945 56945 56945 56945 56945 56945 56945 56945 56945
 56945 56945]
32 [11120 12394   845  4115   217  3786  1925  2792  5312 10338  6151 56940
 14496  6151 11120  6711  4472  6086 56940 10621  9473  6151  1231  5003
 56932  8509 11120  4188  4472  4151  9958  4472  5793  6718  4161  4550
  5226 13474  2370  5224  6516 10067  7581 56931 56945 56945 56945 56945
 56945 56945]
29 [ 5804    24 14343 11211  1233 11120  7384 41177 13396  3255  8493 14564
 10185 56932 11120  7838  4472 13815   229 12543 13171  1688 56932 10621
  5804  2133  3903  4439  1925  8373 11211 12764 56946 11673  7316 56931
 56945 56945 56945 56945 56945 56945 56945 56945 56945 56945 56945 56945
 56945 56945]
24 [13371 14022  4472 11673  5039 56932  7146  7148 10067 16882 11430 11211
  2529 56946  5226  2890 15175 13326 10621  5226  5224 11988 15332  4472
 11120 56946 56932  6197 11211 21104 13043 49275 56931 56945 56945 56945
 56945 56945 56945 56945 56945 56945 56945 56945 56945 56945 56945 56945
 56945 56945]
5 [ 5224 15548  6394 12937  4151  2136   321  6151 11120 12536 56932 14122
 11211  1396  8993  4979  5226 11120 14088  4472  5804 14821  2356 56931
 56945 56945 56945 56945 56945 56945 56945 56945 56945 56945 56945 56945
 56945 56945 56945 56945 56945 56945 56945 56945 56945 56945 56945 56945
 56945 56945]
9 [11120  4687 56941  9624 56941  2370  5804 56946 14204 15038  5432 10621
 10067  1651 56931 56945 56945 56945 56945 56945 56945 56945 56945 56945
 56945 56945 56945 56945 56945 56945 56945 56945 56945 56945 56945 56945
 56945 56945 56945 56945 56945 56945 56945 56945 56945 56945 56945 56945
 56945 56945]
14 [ 5226  1231 10785 56932  5224 56946  9823  4472  2654  6485  5226   425
   989  6151  5224 13640 11211  1231 10101  3349 14412   853    59  7956
  5804  6361  4472  4276 13371  9852  6151  4151   621 11211 14629  5804
  6829  5217 11120  7070  4472  8945  2370 11120 14611  1912 56931 56945
 56945 56945]
47 [ 5331  4151 26835 56946 13396  4151 11899  4472 11211 11120 37805 10067
 50687 12764  7494 15652 10611  8373 12379  9220 56932 10621  4472 11211
 11120 13450 11697  5240 33563 56932 15257 10219 10621 12764  1146  6151
  5804 56946 56932  5992   311  5224 12684  4472 56940  2188  2890 14399
  4922 56940]
12 [ 2890  3400 10705  6151  2890  7839  5534 12319  5226 11120  4932  4472
 11120  7239  8630 13486  7609  4562  1231 10210  9675 56931 56945 56945
 56945 56945 56945 56945 56945 56945 56945 56945 56945 56945 56945 56945
 56945 56945 56945 56945 56945 56945 56945 56945 56945 56945 56945 56945
 56945 56945]
10 [11120  2595 15512  4472  5609  5509  5226  5224  1950  4472  5804  1416
 56932 10830  7595 56932  6005 12948  1925   653  4472 56940 11066  4472
 10647  5226 12031 10067 14746 56940 10621  4472  9408  4472 13030  1203
 11120  1770 10067  2445  5343  3733 56931 56945 56945 56945 56945 56945
 56945 56945]
10 [ 5224  9230 13393 56932 11674  1168 56932  4472 11211  2890 14399  1437
 12764  6667 12691 56946 56931 56945 56945 56945 56945 56945 56945 56945
 56945 56945 56945 56945 56945 56945 56945 56945 56945 56945 56945 56945
 56945 56945 56945 56945 56945 56945 56945 56945 56945 56945 56945 56945
 56945 56945]
1 [11120  5611  4965  5240  4472 56942  5699 13396 56946 12889  5226  5754
  1200  6151 56942  5699 10621  5226   140  6151 56942  5699 56931 56945
 56945 56945 56945 56945 56945 56945 56945 56945 56945 56945 56945 56945
 56945 56945 56945 56945 56945 56945 56945 56945 56945 56945 56945 56945
 56945 56945]
17 [ 5240 11120 15135 10621 10036  6475  4472  2890   893 11211 13822 15068
  9221  5217 11120  4277  4472  5224 15193  4472  4060 10621  1231  7220
  8556  4270 56946 56932  4814  4472  8493 13726  5226  7581  4472 13408
  3854 14931  8125  1633 11120  1906  4472  1231 11554 56931 56945 56945
 56945 56945]
23 [ 2890  1926 16383 14483 56932  2890  3343 12624  8823 56946 56932  7782
 12752 11120  1476 11211 56946 56934 51198 11120  7645  3733  4562  5224
 10565 56932 56946 11120  3058  1906 11098  4562  5240 14657  2041 56935
 11120 13107  4472 12345 13689 56931 56945 56945 56945 56945 56945 56945
 56945 56945]
48 [11120  6855  4472 13211 12954  1240  4695  4562  8493 11727 56932  6151
 11120 11211 10762   683 56942 14331 10067 14358 56932  1633  4938  1346
  5804  2260  5226 11211 56940  5224  4188  7973  4472   424  9541  8946
  5224  4472 13822 14331 10621   217  8908 12672 12407  3269 10291  5224
  7871 10621]
15 [ 5224  7811 12213  2861  5224 10067  5078  4472 56946  4472 14545 56946
 56932 56940  6950  4151 17607 11526 56946 56940 11211  5224 56946 15884
 56946  1240  8057 15379  3245  5226  1231  2175 56931 56945 56945 56945
 56945 56945 56945 56945 56945 56945 56945 56945 56945 56945 56945 56945
 56945 56945]
10 [ 5224  4942  9017 11211  1240   418  4204  5224 15900  4472 11120 14381
 56932  5226 32270 56932 10291 10105  5224  8876 15175 10621  1040 11211
  3686    77  9591  2890 15846  4562  5804  3370 13171  9590 56931 56945
 56945 56945 56945 56945 56945 56945 56945 56945 56945 56945 56945 56945
 56945 56945]
3 [11120  9212  4472 11120  9893 14102  4472  9701  5699   424 13610 56931
 56945 56945 56945 56945 56945 56945 56945 56945 56945 56945 56945 56945
 56945 56945 56945 56945 56945 56945 56945 56945 56945 56945 56945 56945
 56945 56945 56945 56945 56945 56945 56945 56945 56945 56945 56945 56945
 56945 56945]
5 [11120 11556  5226 14299  4472  5804 13272 10067  3187 56934 56946 56935
 56932 11120 11093 11211  2332  5804 15157 56932  7780 11682  6151 10282
  1882 10291  7882  6151 11120  9849 11211  9022  5224 16813  4472 11120
  3077  4472 14028  4472 10374 10621 11211  1240 56946  4151 12453 56931
 56945 56945]
47 [56946 56946   217 56932  8509 13649  2185  7956 11120 13450 11091  4472
  2668 56932 11211  6151 14914 12284  1240  2542  5224  7977  6260  5226
  8573 56934 12379  5452 56935  5224  2792  2631  4472  2464 56932 14716
 56946 56932 10621  5224 14357  4472  9535  4472 11120  9849 56932  9557
 56844 56931]
14 [11120 15822 12731  5226 47443 10621 14202  6151 11120 16824  4472  4151
 16168  4472 11120  7150  4472  1447 13662 38237 56932 11211  5226  5804
  5137 56942 19525  5226  5804  6537 56931 56945 56945 56945 56945 56945
 56945 56945 56945 56945 56945 56945 56945 56945 56945 56945 56945 56945
 56945 56945]
36 [ 2890  5078  4472  8593    85 11120 14138 11211 56946  6151   285  4151
 14218  1796  1633  5224  8598 56932  4693  4472  1231   989  4562  5224
 11183 56932  3828 32687  3702  4562 11120  6780  4472 56940 12764  6151
 11120  5769  2358 56940 56932 10621 56946  4009  2370  5224 14555   653
 56931 56945]
25 [56946 11949  3772 11120  2280 14260  4151 10624  4472 14122  8589 12707
 12764 10762 12948  6151  8493  1404  3927  5226  5224 15175  4472  3665
  4472 11120  1976  4472 14679  4472  7874 56931 56945 56945 56945 56945
 56945 56945 56945 56945 56945 56945 56945 56945 56945 56945 56945 56945
 56945 56945]
27 [ 4151 11376 10067 12122 10621 10067  5692  4473  6678 56946   217  4562
 13822  7083 10621  8643 11120 11140  4472 11120  7261 10067  8876  5972
  4472  2675  4472 11120  8129 56931 56945 56945 56945 56945 56945 56945
 56945 56945 56945 56945 56945 56945 56945 56945 56945 56945 56945 56945
 56945 56945]
4 [ 2890 15645  4449 10291  5224  1702 13396 11120  3050  9243 10170 56932
 10153 56943 14775 56932 11972   217 56932  4038 11211  5841 12973  5226
  8290 15422  4472 13622  4472  1381  4562  5224 56942 13396 14108 56932
  1658 10067  7535 15291 11437 56932 10067  9541 13946  8016 56934 13209
 56935 56932]
48 [ 5217  5280 56932  9198   848  3260  1340 11211  1000  1996 22502  1661
 10621  1996 25215 12033  4562  5804  4472  5513  1384   848 14524 56946
 56932 13371 12764 15145  5224  4339  4561  4562 11120  7182 10621 11673
 12360  5226  5224 10620 14802  4472 11211 56946  6574 10621 11211 10267
 11950  2986]
49 [ 8356  2890 14315 15992 56932 13371  1233 56946 11211  5804  8373 11117
 56946 12557 11120 33450  4472 24509 10067 15790 56932 11120 56946  4472
  2091  3745 16092 10621 56946 11211 56946  5224  9009 15843  4472  2705
 56932 20867  5224 28236  5226  8493 14788 29775  4472 21701 10621 56946
  4472  5275]
