15 [ 2034  8902 12543 13171  3073  6151  3667 12333 56932  6151 13386  4075
  7423 11100 56932  1793  4472  3676 56931 56945 56945 56945 56945 56945
 56945 56945 56945 56945 56945 56945 56945 56945 56945 56945 56945 56945
 56945 56945 56945 56945 56945 56945 56945 56945 56945 56945 56945 56945
 56945 56945]
16 [ 2034  8902 12543 13171  3073  6151  3667 12333 56932  6151 13386  4075
  7423 11100 56932  1793  4472  3676 56931 56945 56945 56945 56945 56945
 56945 56945 56945 56945 56945 56945 56945 56945 56945 56945 56945 56945
 56945 56945 56945 56945 56945 56945 56945 56945 56945 56945 56945 56945
 56945 56945]
36 [13396 11674  5224  9691 11783  1925 11211  1240 10469  1925  9599  7412
  4562 11120 11946  5974  4472  9161 10621  3245  4562  1540  4472  8854
 12764  5240 13171 11211  8493 19890 25305 56932 26170  4472  6256 56932
  6151 14849  4472 11211 12569  7394  1396  1452 56946 13371  2481  7344
 56931 56945]
38 [14931 11744 56932 23247  8159 11211 56940  5804   453 16747  4472  3432
 56932  8216 13371  5224 56946 56932  4151  3713 21267   848  4151  3713
 21426  5989 56946  5226  5224  1702 12482  5224 10107  3432  4472 11120
  6670 56932   907  6151 11211  1240 12015  2488 11211  5240  8493 24058
 56940 56931]
10 [ 8493  1004  5226 11120 14792  8214 56932  4248  6151  1723  5226  1156
  9658 56932  6151 13675  4000  4472   217   848  1296 56931 56945 56945
 56945 56945 56945 56945 56945 56945 56945 56945 56945 56945 56945 56945
 56945 56945 56945 56945 56945 56945 56945 56945 56945 56945 56945 56945
 56945 56945]
11 [ 8493  1004  5226 11120 14792  8214 56932  4248  6151  1723  5226  1156
  9658 56932  6151 13675  4000  4472   217   848  1296 56931 56945 56945
 56945 56945 56945 56945 56945 56945 56945 56945 56945 56945 56945 56945
 56945 56945 56945 56945 56945 56945 56945 56945 56945 56945 56945 56945
 56945 56945]
19 [10420  5112 11120 15568  4472  4151  2789  6151 11631 10067  7770 56932
 11211  6955  2890 56942 13396 14108 56932  5226 13554 11211  4151 15629
  6151 11631 10067 13823 15633  2890 56942 56932  4562  2890  3269  8425
  4472  4151  2789  6151  1352 56932 11211 14955  2890 56942 13396 14108
 56931 56945]
15 [ 5226   425  1968  1240  1831 11896  7956  5804  1163 10067 56946 56932
  3873 12494 56932  1793  4472  7096  4562 10091  4472  6226  5224  1926
 56934  8503  4472  8025  5240  4472  8689 56935 10621  5804 15099  4472
   424 14659 56931 56945 56945 56945 56945 56945 56945 56945 56945 56945
 56945 56945]
16 [ 5226   425  1968  1240  1831 11896  7956  5804  1163 10067 56946 56932
  3873 12494 56932  1793  4472  7096  4562 10091  4472  6226  5224  1926
 56934  8503  4472  8025  5240  4472  8689 56935 10621  5804 15099  4472
   424 14659 56931 56945 56945 56945 56945 56945 56945 56945 56945 56945
 56945 56945]
48 [ 5224  2880 11828  5226  8876 15168  6151  5804  4740 11211 56932  4693
  4472  9607 11120  4348 56932  4493  6151  5804   433  2831  5226 14662
 11211  8090 13371 11120 15315 56932 11120  9223 56932 11120 13491  5401
   848  7353  5647 10621  8612  1240  1784  4562 11120 10225  2246 56932
  1925    20]
7 [ 5224 12956  1096 11211 56932  6151 14849  4472 11211 11120 14753  4472
 11120  4476  3037 56940 15074 56940 56932 11120   124  4472  4151   621
  7956 11120 56940  8728  7594 10621   942 56940    85 10972  4472  5187
 56940  4223 10621 10294 56940 10621  4562 10722  7718 56931 56945 56945
 56945 56945]
47 [11120  2595  4472 11120 11556  4472 15544 14431 56934 12204 56935 56932
  5602 13566 56932  3655  6151 14196 11211 56940  1178 13396 11120 13704
  4472  5804  4679  9757 11211 12676  2890  8716  4472  4900 13371    95
  5226  3627 56934 10442 56935 10621 13732 56934  1723 56935 56932 14931
 11744 56932]
0 [ 5226 13440  4472 11211   375  9369 11355  1231 14115 56932  5224 19938
   229  5224 15250 11138 56946 56931 56945 56945 56945 56945 56945 56945
 56945 56945 56945 56945 56945 56945 56945 56945 56945 56945 56945 56945
 56945 56945 56945 56945 56945 56945 56945 56945 56945 56945 56945 56945
 56945 56945]
2 [ 5226 13440  4472 11211   375  9369 11355  1231 14115 56932  5224 19938
   229  5224 15250 11138 56946 56931 56945 56945 56945 56945 56945 56945
 56945 56945 56945 56945 56945 56945 56945 56945 56945 56945 56945 56945
 56945 56945 56945 56945 56945 56945 56945 56945 56945 56945 56945 56945
 56945 56945]
10 [11120  5769 56946  7494  2890  4462  7269 10621  6128 56932  7868 15477
 13822 13976 56931 56945 56945 56945 56945 56945 56945 56945 56945 56945
 56945 56945 56945 56945 56945 56945 56945 56945 56945 56945 56945 56945
 56945 56945 56945 56945 56945 56945 56945 56945 56945 56945 56945 56945
 56945 56945]
10 [56940 11120 12283 10291 15951 10067  7770  6950   582 56946  6151  9168
  4472 11211  1231  3542 12764 31708  5226  4756 10916 56940 56932  1015
 15795 56932 12133 10067  7415  9541  3733 56931 56945 56945 56945 56945
 56945 56945 56945 56945 56945 56945 56945 56945 56945 56945 56945 56945
 56945 56945]
12 [56940 11120 12283 10291 15951 10067  7770  6950   582 56946  6151  9168
  4472 11211  1231  3542 12764 31708  5226  4756 10916 56940 56932  1015
 15795 56932 12133 10067  7415  9541  3733 56931 56945 56945 56945 56945
 56945 56945 56945 56945 56945 56945 56945 56945 56945 56945 56945 56945
 56945 56945]
12 [ 4151 14311  4256  4295 10458   217  5226   420 12379 56932  6151 14849
  4472 11211  5224 12855  4345  9792 10621  5224 11827 13155 56946   505
  1340 13441 30387  1231  8069  6151 11120 13439 10343 56931 56945 56945
 56945 56945 56945 56945 56945 56945 56945 56945 56945 56945 56945 56945
 56945 56945]
0 [ 6151 14849  4472 11211 11120  7444  4472 12474  5226  1922  7494  1231
   226  5226  5224 15631 15175  4472 13732 56932 11122 13938  5226  6542
 56931 56945 56945 56945 56945 56945 56945 56945 56945 56945 56945 56945
 56945 56945 56945 56945 56945 56945 56945 56945 56945 56945 56945 56945
 56945 56945]
2 [ 6151 14849  4472 11211 11120  7444  4472 12474  5226  1922  7494  1231
   226  5226  5224 15631 15175  4472 13732 56932 11122 13938  5226  6542
 56931 56945 56945 56945 56945 56945 56945 56945 56945 56945 56945 56945
 56945 56945 56945 56945 56945 56945 56945 56945 56945 56945 56945 56945
 56945 56945]
23 [11604  1009 11211 56932 13371 12013 56932  5224  3104  4472 10050  2669
  4472  4189  2890 15316  4472  3077  4472  7891 10067  1951 12683 10291
 11211  5804  3692  9658  9232  6151 13822  7864  4562  1490  4136 56932
   494   957 56932 12889 12543    60 10722  5414 56932 11149 10166 56931
 56945 56945]
10 [ 5804 13171 18331 56946  2890 56946  6151 11120 14630 56932  6151 11120
  9579 11211 56946  2890 56946   848 56946 56931 56945 56945 56945 56945
 56945 56945 56945 56945 56945 56945 56945 56945 56945 56945 56945 56945
 56945 56945 56945 56945 56945 56945 56945 56945 56945 56945 56945 56945
 56945 56945]
