27 [56940  7782 35649   683 13014 13021 56932 10621 12015 56946   683  5137
  5226  2890 14139  5226  5224 11211 12764 26528 30786  5226 11120 42485
 56932 13396 11674 13633  8294  4550 11211 13831  6151 11400  5226  7386
 56940 56932 15201  9666 56931 56945 56945 56945 56945 56945 56945 56945
 56945 56945]
19 [ 5224  2595  4472 11120 10101  4472 56946  5226 56946 56932  5312 56946
 56932 15201 11211 56940  5240 15526 12002  3286  2214 13516  6373  9643
 14260   753  2890  8566 21843  2317 56940 56931 56945 56945 56945 56945
 56945 56945 56945 56945 56945 56945 56945 56945 56945 56945 56945 56945
 56945 56945]
