21 [11674 12675 15201  4472 11136 10429  5224 56942  4472  8289  6260 56932
 10621   420  3861 15083 56932  5224 56942 56932 11122 56946 13371   870
 10067  8876  3612 56931 56945 56945 56945 56945 56945 56945 56945 56945
 56945 56945 56945 56945 56945 56945 56945 56945 56945 56945 56945 56945
 56945 56945]
5 [ 5224  5799  5226  5224 11211 23429 13371 11061 56932 56940 56946 56940
 56932  4562  4361  4472 21902 56932  9490 56946  4472 16997 56934 14134
 56935  5224  6260 11950 56942  4562  8493  5012  4472 13043  4284  4562
  3542  6151 12379  5452 56932  6862  8057  5224  6260   273  4472 12921
  8493  4903]
