11 [ 1296 56932  1925  9792 56932  4472 56942  5137 56932 56946  5224 27026
  4472  1231  9541  5226  5224   695  7261  4472   425 12689 56932  4562
 11122 11211  1240 15174    40  5226  5224  4569 12855  6151 11120 13439
 10343 56931 56945 56945 56945 56945 56945 56945 56945 56945 56945 56945
 56945 56945]
5 [ 5224 12684  5240   710  5804  6312  4472 11120  2440  3638 56931 56945
 56945 56945 56945 56945 56945 56945 56945 56945 56945 56945 56945 56945
 56945 56945 56945 56945 56945 56945 56945 56945 56945 56945 56945 56945
 56945 56945 56945 56945 56945 56945 56945 56945 56945 56945 56945 56945
 56945 56945]
9 [ 5804 14048 56932  8271  4562  8493 13133  4562  5224  2519 10067  5982
  2944 56932  1240   107   217 56932  6151  4151 14560  4472 11120 14675
 56932  5226  2890 10803  1925 14854 13373  5226  5224  4252  4472 11120
  5978  4472 13732 56931 56945 56945 56945 56945 56945 56945 56945 56945
 56945 56945]
5 [ 2363  9206  5240 11120 11093  5682  4430  4472  5716  4472  4174 56931
 56945 56945 56945 56945 56945 56945 56945 56945 56945 56945 56945 56945
 56945 56945 56945 56945 56945 56945 56945 56945 56945 56945 56945 56945
 56945 56945 56945 56945 56945 56945 56945 56945 56945 56945 56945 56945
 56945 56945]
9 [ 5224 10242  9823  4472 56946   530  6609  5226 11120   409  4472 11120
 13553 10621  1898 11120 11469  7416  4472  5804  7394 13371  4534  4472
 11851  6151 11120  5899  4472  8330 56931 56945 56945 56945 56945 56945
 56945 56945 56945 56945 56945 56945 56945 56945 56945 56945 56945 56945
 56945 56945]
32 [ 4151  6793  7523 13396  5224  7777 10246  1340 11211  1000  4562  5224
 12456  5530 10621  3036 56932  7956  6226  4151 13186  4472  4151  5425
  3865 56933 11120  9553  1205 56932 10621  5224 11627 10637  4472  2691
 56931 56945 56945 56945 56945 56945 56945 56945 56945 56945 56945 56945
 56945 56945]
1 [11120 12643  4472  9841 13334  8493  5500  8144  5432 15023 11120  4073
 10067  5234  2792  7466  3941  6151  8663  7795  1925 15548  7956  5224
 12218  4472  1231  3012 56931 56945 56945 56945 56945 56945 56945 56945
 56945 56945 56945 56945 56945 56945 56945 56945 56945 56945 56945 56945
 56945 56945]
1 [ 7868 19140  4472  3434  4472  4151   253  4472 11120 16619  1095 56932
 56942 28142  2472 56932 10611  8025  5544  7518 56932 13371 14022 10067
  2445 19261 56932  2729  5226 11938 13396  4151 31689 12856 10291 25885
  4472 11120  7384 56931 56945 56945 56945 56945 56945 56945 56945 56945
 56945 56945]
15 [ 9000  6950  2214  1898 11120  5229  4472  2892  5534  5224  5688 14098
  4472  6141  5804  1954  4472  5804  8011 10621  1240 56841 14931  6403
  6151 11120 14299  4472  8493  3174 21682 56931 56945 56945 56945 56945
 56945 56945 56945 56945 56945 56945 56945 56945 56945 56945 56945 56945
 56945 56945]
7 [ 5224 10778    59 14691 12948  2370 11120  4022 10067  6909 56932 11211
 15685 56942 11804 13396 11120 11903  4472 56942  5137 10067 13440  1439
 56931 56945 56945 56945 56945 56945 56945 56945 56945 56945 56945 56945
 56945 56945 56945 56945 56945 56945 56945 56945 56945 56945 56945 56945
 56945 56945]
6 [ 5804  1312 12943  1240  9567  5331 18135  4472 11120 12106 17968  4472
  2074 56932 10621  6151 11120  9028  4472 11211  5224  2342  8464  5224
  3172 56931 56945 56945 56945 56945 56945 56945 56945 56945 56945 56945
 56945 56945 56945 56945 56945 56945 56945 56945 56945 56945 56945 56945
 56945 56945]
6 [10827 56946   730 12948 11211 11120 13622  4472  1231  9211  5240  8402
 12627  1859  8952  4151 11871 56931 56945 56945 56945 56945 56945 56945
 56945 56945 56945 56945 56945 56945 56945 56945 56945 56945 56945 56945
 56945 56945 56945 56945 56945 56945 56945 56945 56945 56945 56945 56945
 56945 56945]
1 [11120 10043  4472  4151  2661 13473  5804  9446  1240  7780  5465  5226
  5224  2952  2690 11211  8783  7431  5224 12886  8722 10067 10386 13210
 56931 56945 56945 56945 56945 56945 56945 56945 56945 56945 56945 56945
 56945 56945 56945 56945 56945 56945 56945 56945 56945 56945 56945 56945
 56945 56945]
1 [   13 14230 10067  5879 56932  7868  8025 56931 56945 56945 56945 56945
 56945 56945 56945 56945 56945 56945 56945 56945 56945 56945 56945 56945
 56945 56945 56945 56945 56945 56945 56945 56945 56945 56945 56945 56945
 56945 56945 56945 56945 56945 56945 56945 56945 56945 56945 56945 56945
 56945 56945]
25 [ 3919 11211 11120 56737 56946  1925  5718 56932 10621 56946 13487 13396
 56946  3657 14977  6151 11325  7864 10621 10568   254  5224 13440  4562
 11120 12226  4472  2890  4633  4472  9212 56931 56945 56945 56945 56945
 56945 56945 56945 56945 56945 56945 56945 56945 56945 56945 56945 56945
 56945 56945]
