1 [14939  3255 11211 10611  8155 27156  5226 12057  4472 13822 14464 14225
 10621  4562 13649 15354  8426 14128 56932  5224  3719  4472 11120  3852
 54397  6950 10067  6151  2814 12407 16715 21564 11211 13888  4151 14494
 56931 56945 56945 56945 56945 56945 56945 56945 56945 56945 56945 56945
 56945 56945]
1 [11604  1009 11211 56932 13371 12013 56932  5224  3104  4472 10050  2669
  4472  4189  2890 15316  4472  3077  4472  7891 10067  1951 12683 10291
 11211  5804  3692  9658  9232  6151 13822  7864  4562  1490  4136 56932
   494   957 56932 12889 12543    60 10722  5414 56932 11149 10166 56931
 56945 56945]
