3 [ 5224  1611  5187 12135  4472  8493 14988  4472  6731  1714 11211 13043
  1252  6644  7246   425  1578 56931 56945 56945 56945 56945 56945 56945
 56945 56945 56945 56945 56945 56945 56945 56945 56945 56945 56945 56945
 56945 56945 56945 56945 56945 56945 56945 56945 56945 56945 56945 56945
 56945 56945]
21 [ 5224  5806  1240 23804  7956  5224 19645 10067 12908 48585 56946 10621
  8902 11120  7069  4472 11211  5226  1490  3719  9840 56946 10067 12168
 48504 56931 56945 56945 56945 56945 56945 56945 56945 56945 56945 56945
 56945 56945 56945 56945 56945 56945 56945 56945 56945 56945 56945 56945
 56945 56945]
11 [ 5088 37129  2890  9198  5804  3758 14260 12543 12764  1240  9490 30666
 10067  6226 10067 13676  2972 56931 56945 56945 56945 56945 56945 56945
 56945 56945 56945 56945 56945 56945 56945 56945 56945 56945 56945 56945
 56945 56945 56945 56945 56945 56945 56945 56945 56945 56945 56945 56945
 56945 56945]
