12 [ 9000 10881  1633 11120 15107  4472  5804 15157  3645  4562 11120  9219
 12673 10067 10647  6151 11120  7626  6862  8896  4472  4151  8155 56931
 56945 56945 56945 56945 56945 56945 56945 56945 56945 56945 56945 56945
 56945 56945 56945 56945 56945 56945 56945 56945 56945 56945 56945 56945
 56945 56945]
7 [ 1240  7709 56946  2890  9591 13396 14324  9209 10621 16789 56946 56931
 56945 56945 56945 56945 56945 56945 56945 56945 56945 56945 56945 56945
 56945 56945 56945 56945 56945 56945 56945 56945 56945 56945 56945 56945
 56945 56945 56945 56945 56945 56945 56945 56945 56945 56945 56945 56945
 56945 56945]
37 [ 5226 11669  7532 56932 11120 56940  9875 56940 14204 13822  3243  4649
  5534 26605 56932 56946   848 54916  1240 56946  6151  8244  4161  5224
 10855  4472 11120 18507 56946 56932 12889  5226  5224    13  5689 14866
 11122 12754  5226  5804  3758  4472 56946   848 56946 56932  4518 56946
 13396  8995]
