7 [ 9775 12611  5165  1925 56946  8984 11211  1641  6151  7851 56932 56940
  5226  1527  4472 13910 56940 56932 14352  4657 15058  6151 11646 14729
  4472 11120 14653 56931 56945 56945 56945 56945 56945 56945 56945 56945
 56945 56945 56945 56945 56945 56945 56945 56945 56945 56945 56945 56945
 56945 56945]
3 [37911  3655 11211  5760  8493  1476  6151  9992  5226 11120 11211 56932
 13482  1925  9541  3728  6128 56934 10199 56935 56932 11117 11828 11211
 56940 56946  6151    68   465 11120  9069 10067 13513 12033 56940 56931
 56945 56945 56945 56945 56945 56945 56945 56945 56945 56945 56945 56945
 56945 56945]
31 [15083 56932  6870  2890 12687  4562 11120 13524  3046 15227  4472 11120
 11556  4472   713 10621  3491 10067 56946  3934 56934 56946 56935 56932
  4884  1971 12905 16394 11117  5165 11211 13143  1925   653  1231 22306
  4472  8493  1126  4472  4151  4803 56932 56940 13371  5609 10291  2188
  8493  4188]
9 [ 5224  2792  4472 11120 11840 56932 17052 56946 56932  5147 12948  6151
  5804 10624  2649  5224 12507 13260  6151  5804 14777  9939 10067  2220
 10067 13723 15879  4472 11120   990  4472  4151  9643 24491  4472 11120
  3174 56946 56946  4951 56946 56934  9961 56935 10621  4472 11120  3050
 56946  9301]
