32 [56940 11120  7626  5240  2890  3343 56940 56932 56946  5224 56946  9909
 56946 56932  9253 10067  8435  1925  2792  4472 11120  5956 56932 10928
  8712 13824 56932 11211  4562  1231  4836 19600 16584  1925  5234  9736
  3091  4472 11120 16776 10155 56931 56945 56945 56945 56945 56945 56945
 56945 56945]
38 [ 5224  1702  5296 56932 13676 10067  8288  5567  4472 11120  8946 15875
 56932 28488  5224 56942  4472   995 56932 10621  4562 12342  1240  8317
  6755  6151 11120 21751  2890 13723  4472  1395  2095 11211  8509 11120
 27599 15515 47306  6151  4151 11817 17255 56932 13554  5226  1723 13371
  5226  5224]
4 [14831   428  5817  4472  8884  6151  5804 16322 10291 16137  1925  9925
  8984 56931 56945 56945 56945 56945 56945 56945 56945 56945 56945 56945
 56945 56945 56945 56945 56945 56945 56945 56945 56945 56945 56945 56945
 56945 56945 56945 56945 56945 56945 56945 56945 56945 56945 56945 56945
 56945 56945]
49 [ 5224  2792  4472  3162 56932 11211 12948  2313  5224  8033  4562  5224
 51563  4472 11046  3266 56932  4044  6151 11120 11752  4472  1305 10621
  5634 56932 10621 14576 11211 11120  2684  4472  5314  6151  1231   653
 28093  2890  9591 12152  5226 11120  7182   635 56940 14260   229 11120
 11093  1004]
9 [ 5224 13723 10208  6695 14204 11211 13798  1793  4562 17998  6151  4151
  8155 11211 56946  6151  5513 56946 56932  3951 11581  2462 13532 10621
 12909 10172 15341 56931 56945 56945 56945 56945 56945 56945 56945 56945
 56945 56945 56945 56945 56945 56945 56945 56945 56945 56945 56945 56945
 56945 56945]
49 [11120  1620 18142 56932  5226  3983  4472  8354 10621  4562  5224 14746
  7956  4151 14130 56932 15201  1925  1782 13154  2861 56940 12024 18349
  8993  6236 11211  8946  1557  4472  3433 56940 56932  5280 56932 13482
  6151 13822  3010 56932 42348  1925  5689 10067  2792   671 10291 11434
  8493  8230]
29 [11120  1489  5360 11120  1650  4472  2890  4666    59  2370  5224  2445
  4472  9961  9301 14440  1925 14338 11211 11120 11840 12764  7780 21652
 11120  5807  4472  6663  4562  2965  6151  5804  8330 56931 56945 56945
 56945 56945 56945 56945 56945 56945 56945 56945 56945 56945 56945 56945
 56945 56945]
49 [ 5226  9068  3719  1240  9490  4492 13256  4472 11120 15675  8494 10067
 28437 56932  9000  4550 56932  5534 11120 28240  4472  9068  3280  1240
  9490 54807  9198  6151  9198  5226  5224 13499 10067 11554 56932 13441
   420  5137  4472  7626    20 56932  1240  9490 14068  6197  6151 11211
  4151  3765]
