2 [ 5224  9328  8642  6347 13171 10621 22806  2890  6480  3233 13802   775
  1231  3304  5226  5224  6480  8658  5226 13554 11211  5224  3612 15169
  8642 34194  5224  6480  5226 13662 56932 12407 19298  8509 11120 11093
 12135 56931 56945 56945 56945 56945 56945 56945 56945 56945 56945 56945
 56945 56945]
24 [ 5224  9328  8642  6347 13171 10621 22806  2890  6480  3233 13802   775
  1231  3304  5226  5224  6480  8658  5226 13554 11211  5224  3612 15169
  8642 34194  5224  6480  5226 13662 56932 12407 19298  8509 11120 11093
 12135 56931 56945 56945 56945 56945 56945 56945 56945 56945 56945 56945
 56945 56945]
0 [ 5088 37129  2890  9198  5804  3758 14260 12543 12764  1240  9490 30666
 10067  6226 10067 13676  2972 56931 56945 56945 56945 56945 56945 56945
 56945 56945 56945 56945 56945 56945 56945 56945 56945 56945 56945 56945
 56945 56945 56945 56945 56945 56945 56945 56945 56945 56945 56945 56945
 56945 56945]
