20 [ 5804  3272  2095  7248 11211 11563  5226  5804  4679 56946  4472  2732
 56932  1426  5224  6260 13330 56932   746  8192  7231   217  5226  2890
 10103  2433 13396 11120 13540  9192  8311 10621  9883  5226  2890 14139
  4472 11120  5346  5871  4472  1447  3667  4472  2695 56931 56945 56945
 56945 56945]
3 [ 5224  4666    85  6659  2370  5224  3849 56946 56932  8806  6151 15099
  4472   995 56932  9000  5224 12956 20820 11211 11120  2440  4807  6151
 11120 12183  4472 11120  3077  8803 13396  5224 11964 56931 56945 56945
 56945 56945 56945 56945 56945 56945 56945 56945 56945 56945 56945 56945
 56945 56945]
10 [ 5224  4569 10067 14358 56932  4758 13529  9222 56932    85  3924  5226
 11877  4562  5224 56940  6377 16477 56940 10621  8493 13220  4562  4151
 20364  2289 56931 56945 56945 56945 56945 56945 56945 56945 56945 56945
 56945 56945 56945 56945 56945 56945 56945 56945 56945 56945 56945 56945
 56945 56945]
42 [13396 11120 12673  1569  4314 13396  4151 14633  4472 30827 56932  3245
  5226  1906 56932  2890 15367   284  4472   420   260   935 13396 16190
 16387  3166 56934 56942 12297 56942 56935  5226  5224 11211 12297  5224
 10169 10621  5224 14847  4563  8192 42868 13371  2890  6226 10813 12297
 56933  5240]
