4 [ 5224 14479  2203  6151 38033 13396  2890 10119 56944  5226  5224 11211
 11120 11093  8998 14190  6197 54812 56932 13396 11122 11211  6226 19329
  6151 11211  5513  9775 18533 13261  5224 13057  8086 56931 56945 56945
 56945 56945 56945 56945 56945 56945 56945 56945 56945 56945 56945 56945
 56945 56945]
4 [ 5224   653  4472  7797  2048 13396  1231 13171  4415 12925 12031 10621
  3682  5217 11120 10365 56932  5226 56942 56932 15023  5115 56932  5226
 14842 56932  5224 14954  7956 11120  7891  3285 56931 56945 56945 56945
 56945 56945 56945 56945 56945 56945 56945 56945 56945 56945 56945 56945
 56945 56945]
8 [ 5224  5887 31107 11211  1231  6319 12764  1240  1841 13396  1811  4161
 11211  1240 56946  6151  5804  4908 10621  1240 51712  5224 13365  2820
 56946 56931 56945 56945 56945 56945 56945 56945 56945 56945 56945 56945
 56945 56945 56945 56945 56945 56945 56945 56945 56945 56945 56945 56945
 56945 56945]
4 [13396 11120 12673  1569  4314 13396  4151 14633  4472 30827 56932  3245
  5226  1906 56932  2890 15367   284  4472   420   260   935 13396 16190
 16387  3166 56934 56942 12297 56942 56935  5226  5224 11211 12297  5224
 10169 10621  5224 14847  4563  8192 42868 13371  2890  6226 10813 12297
 56933  5240]
