26 [ 5224  5234  6519 13396 14564  7478  1240 56946 10067 16534 10067  4569
 11827  6151 11120 12695 56932 13155 56946   505 56932 11211  9704  2890
 56940 25972 56946 56940 56931 56945 56945 56945 56945 56945 56945 56945
 56945 56945 56945 56945 56945 56945 56945 56945 56945 56945 56945 56945
 56945 56945]
10 [56940 11120  7626  5240  2890  3343 56940 56932 56946  5224 56946  9909
 56946 56932  9253 10067  8435  1925  2792  4472 11120  5956 56932 10928
  8712 13824 56932 11211  4562  1231  4836 19600 16584  1925  5234  9736
  3091  4472 11120 16776 10155 56931 56945 56945 56945 56945 56945 56945
 56945 56945]
40 [ 5224  3353  1604 11211 15550  5224 13064  7000 56946  4716  5226  8163
  4562 13822 10053  4938  7936 11211  1231  3612 56932  8503  4472  5804
 13171  8936 10067 11284  4472 10043   501 56932 14442  4091 11141  6151
  2890   797 18966 56932 56946 13396 11120  5243  4472  8373  4472 13822
  3243  5574]
11 [  894 15648   217 11211  5224   821 12727  8493   659 10067  1698 56946
 10621 11211 56940  6950  7494  8493 11851  2861 11211 15145  6404  5981
  5224 11255 13348  5226 13732 56940 56931 56945 56945 56945 56945 56945
 56945 56945 56945 56945 56945 56945 56945 56945 56945 56945 56945 56945
 56945 56945]
12 [ 9000  5224  7346  4472 11120  1752  7780  3609 10881  5226 11120  4916
 56946 10067 12168 10067 11304 56931 56945 56945 56945 56945 56945 56945
 56945 56945 56945 56945 56945 56945 56945 56945 56945 56945 56945 56945
 56945 56945 56945 56945 56945 56945 56945 56945 56945 56945 56945 56945
 56945 56945]
3 [ 1793 56932  5224 56946  9230  9201 11120  2580 56946  4472  4151  6159
  6151  5804 14821  3846 56946 56932  3050 15447  5226  3032 14475  6151
 11120 11211  5224   653 52688 56946 17358 13396 56942 11804  4472 15457
 56934 56942 11804  4472  5895 56935 56931 56945 56945 56945 56945 56945
 56945 56945]
6 [ 5224 11304 12764 22922  5217 11120 56946  4722 56932  5534  1240  8882
 13396 56946  1925 11452  4472 13579 56931 56945 56945 56945 56945 56945
 56945 56945 56945 56945 56945 56945 56945 56945 56945 56945 56945 56945
 56945 56945 56945 56945 56945 56945 56945 56945 56945 56945 56945 56945
 56945 56945]
28 [ 4151 14862  3878  4472 11120 11602  8363 12948 13396 11120  8818  5224
 12189  6151 11120 15012 11973  4472 56946 56932  5226 17541 56932 10621
  9706   938 29788 10621 56946  6151  5804 56942  1312 10621  5804   420
 29131 11211 12543 26067 39703  5226  5224 12074 56931 56945 56945 56945
 56945 56945]
4 [14201  8902 12948 13396 56946  5224 14339  4472 11120 25159  4472  4151
  2677  1791 10621   981  5224 18373  5226  6990  5804  8021  7893  5226
   424  4667  5226  5606  8493  1126  4472 13478  5804  6717 13171 14956
 56931 56945 56945 56945 56945 56945 56945 56945 56945 56945 56945 56945
 56945 56945]
31 [11120  7833  3727 56932 11211  7494 10291 11120 10789  8493   467  4472
 10350 56946 56932  7780  3609  2296  6151  5804 12534  4562 56942  5699
 13396 10267  7337  2565  5226  4151 14633 56946 10621 56946 10067 13579
  5226 15019 56931 56945 56945 56945 56945 56945 56945 56945 56945 56945
 56945 56945]
8 [12297  5224 45321 34395 56932  4125 56946 10621 56946 56932 13371  1233
   375  4472 13305 56931 56945 56945 56945 56945 56945 56945 56945 56945
 56945 56945 56945 56945 56945 56945 56945 56945 56945 56945 56945 56945
 56945 56945 56945 56945 56945 56945 56945 56945 56945 56945 56945 56945
 56945 56945]
