1 [56946  9017  3245 11120  9852 10067  2792 10067   653 56932  4758 13529
  9222 56932  6151 11120 11311  4443  5226 13579 13396  5224 14124 56932
 13386  5835  8493 14564 15583 10611 11482 10621  5224  7581 56932 13162
  5226 11120 56940  7376 12141 56940 10621   718  5226  8493  5603  6695
 56931 56945]
7 [ 5226  5224  1950 56932 14358 10621  4942  4634 15058  6151    38  5804
  1954 12825 56931 56945 56945 56945 56945 56945 56945 56945 56945 56945
 56945 56945 56945 56945 56945 56945 56945 56945 56945 56945 56945 56945
 56945 56945 56945 56945 56945 56945 56945 56945 56945 56945 56945 56945
 56945 56945]
1 [14930 56946 10611 56942 10621 56942  8330 56931 56945 56945 56945 56945
 56945 56945 56945 56945 56945 56945 56945 56945 56945 56945 56945 56945
 56945 56945 56945 56945 56945 56945 56945 56945 56945 56945 56945 56945
 56945 56945 56945 56945 56945 56945 56945 56945 56945 56945 56945 56945
 56945 56945]
