19 [ 5224 32571 56932  4562  4361  4472 15711 19718 56932  4689 10067 14624
 10067 21641  5224 56942  4472  8949 56932  4254  4562 56940  1925  8871
 14378  6841  4472 15389 56940 56932  7868  5224  5373 10067  2445  3733
  7956 12217 56932  3201  3993 56931 56945 56945 56945 56945 56945 56945
 56945 56945]
28 [  731 56932  5226  7809  5226  5804 24135 10067  1950 56932  1694 11211
  4151 10233 11211 15257  2890 13019 13371  5224  4472  4758 10958  9775
  4472 36820 11526 11434 10335  4562 11120  3363 10291 12208  5307  6151
  8493 11851 10236 56931 56945 56945 56945 56945 56945 56945 56945 56945
 56945 56945]
