25 [37911  3655 11211  5760  8493  1476  6151  9992  5226 11120 11211 56932
 13482  1925  9541  3728  6128 56934 10199 56935 56932 11117 11828 11211
 56940 56946  6151    68   465 11120  9069 10067 13513 12033 56940 56931
 56945 56945 56945 56945 56945 56945 56945 56945 56945 56945 56945 56945
 56945 56945]
7 [ 5224 56942  4472  1787 56932 11120  4760 15415  1925  1107 56942  3861
 10291 11211  4437  8373  4507  4472 56942  5669 56934 56942 11804  4472
  5699 56935 10621 56942  5669 56934 56942 11804  4472  5699 56935 56932
 56946 56932  8170 56932 13396  5224  3835 13329 10621  5224  3835  9450
  2074 56932]
7 [ 5224  2792  8016 56932 15291 11437 56932  7951  1925  6319   217 56932
  8788 56932  2890  2445  4472 10732 10291  7721  5224  9874 11403 10067
  2824   653 56931 56945 56945 56945 56945 56945 56945 56945 56945 56945
 56945 56945 56945 56945 56945 56945 56945 56945 56945 56945 56945 56945
 56945 56945]
4 [ 5804  6185  4472  8285 10536  6151  2890  7600  4472 10477 11120  8471
  4472 11120 10514 56932 11211 12764  8946  4472 10634 56932 10954  4472
 12337 56931 56945 56945 56945 56945 56945 56945 56945 56945 56945 56945
 56945 56945 56945 56945 56945 56945 56945 56945 56945 56945 56945 56945
 56945 56945]
