2 [56936  9000  5240 11101  5226 11120  7626  5683 56937 12297 12297 56931
 56945 56945 56945 56945 56945 56945 56945 56945 56945 56945 56945 56945
 56945 56945 56945 56945 56945 56945 56945 56945 56945 56945 56945 56945
 56945 56945 56945 56945 56945 56945 56945 56945 56945 56945 56945 56945
 56945 56945]
33 [ 5224  9230  1024 10067  9322 56932  9823 12388  1925 11167 56932  5010
 11120  9805 13396 10025   420  5137 10067  7581  4472 10942 56932  7781
  5226  5224  6319  5217 56942 56932  1925 14338 11211  5240 10493 10291
  2369  2370  5224  5340 56931 56945 56945 56945 56945 56945 56945 56945
 56945 56945]
6 [10621 11122 18983 10067  3612 56932  5240 14503 30346 56932  4562  2890
   804  4472  6480 12297 56946 12297 56932  6260  4472  7167 56932 33177
 56932 14931 13171 56946 10291  5224 11995 11211 14923 56946 19006  4472
  5095  4472 31118 10621  5224  2932  6151 11211 56932  4472  5000 56932
 11117  6502]
20 [11120  8160  4472  5523  7690  5226  5224 12297 10008 12297   551 15168
  6151  8493 12596  4604 11617  5226 11120 11211   229  1958  5224 14659
  4472 14713 56931 56945 56945 56945 56945 56945 56945 56945 56945 56945
 56945 56945 56945 56945 56945 56945 56945 56945 56945 56945 56945 56945
 56945 56945]
3 [12297  5224 10720  5240 10493  5226  9379  3034 56931 56945 56945 56945
 56945 56945 56945 56945 56945 56945 56945 56945 56945 56945 56945 56945
 56945 56945 56945 56945 56945 56945 56945 56945 56945 56945 56945 56945
 56945 56945 56945 56945 56945 56945 56945 56945 56945 56945 56945 56945
 56945 56945]
