15 [ 1925  2716  2890 12737 15326  4537  5331   683  2704 56932  5804  2402
 56946  5217  4151 56942  6151  4151 56942  1362 11120 12493 14571  4472
 11103  1084 56932   723 10820  5224 13276  4161 11120 15323 10067  3612
  4472 56946 56932 11211  7193 13822 10554  5217 13732 56931 56945 56945
 56945 56945]
18 [ 1925  2716  2890 12737 15326  4537  5331   683  2704 56932  5804  2402
 56946  5217  4151 56942  6151  4151 56942  1362 11120 12493 14571  4472
 11103  1084 56932   723 10820  5224 13276  4161 11120 15323 10067  3612
  4472 56946 56932 11211  7193 13822 10554  5217 13732 56931 56945 56945
 56945 56945]
19 [ 5224  5347  3667 14114  5355 56932  5226  5224  1030 56942 56932 10621
  5224 15914  5513 56946 56932  5226  5224 56942 56932 56946 10291  5224
  2523   510 56932  8630 11211  5224 53270  3667 10318 14812  6747 10291
  5224  1056  6232  5226  5224 56942 56931 56945 56945 56945 56945 56945
 56945 56945]
41 [ 5224  5347  3667 14114  5355 56932  5226  5224  1030 56942 56932 10621
  5224 15914  5513 56946 56932  5226  5224 56942 56932 56946 10291  5224
  2523   510 56932  8630 11211  5224 53270  3667 10318 14812  6747 10291
  5224  1056  6232  5226  5224 56942 56931 56945 56945 56945 56945 56945
 56945 56945]
3 [12711  4472 11498 56942 12297 12297 12297 12297 12297 12297 56942 56931
 56945 56945 56945 56945 56945 56945 56945 56945 56945 56945 56945 56945
 56945 56945 56945 56945 56945 56945 56945 56945 56945 56945 56945 56945
 56945 56945 56945 56945 56945 56945 56945 56945 56945 56945 56945 56945
 56945 56945]
8 [ 5226  4065 56932  1240  5145 56942  7823 56934 56942  1925 11950 56935
 56931 56945 56945 56945 56945 56945 56945 56945 56945 56945 56945 56945
 56945 56945 56945 56945 56945 56945 56945 56945 56945 56945 56945 56945
 56945 56945 56945 56945 56945 56945 56945 56945 56945 56945 56945 56945
 56945 56945]
38 [13211 14781 56932 11211   987 11120  1860  4472 16010 56946 56932   915
 11120   513  5226 56942 15955 56932  8630 11211  5441 13781 56932  4562
  9248 15046  5226 56942  4607 56932  8358   486  5533 56932 56946 11211
   915  5226 56942  1231  8290  5265 56932 10621  4490  6953 56932 22303
  2815 10621]
30 [ 4151 11026 56946 56946  4472  4709 14423  4472 12691  7128 56932 10611
  4151 11211 21622 56942 56934 56942 13396 14108 56935 14579 13396 12541
  4472 11120 13107 56932 56942 56934 56942 56935  4472 14088   848 13588
 13016 10621 56942 56934 56942 56935  4472 11554  2815  4472 11231  7128
 56945 56945]
38 [ 4151 11026 56946 56946  4472  4709 14423  4472 12691  7128 56932 10611
  4151 11211 21622 56942 56934 56942 13396 14108 56935 14579 13396 12541
  4472 11120 13107 56932 56942 56934 56942 56935  4472 14088   848 13588
 13016 10621 56942 56934 56942 56935  4472 11554  2815  4472 11231  7128
 56945 56945]
30 [ 1793 10067 14339 10426 12297 11120   694  4472  3582  5226 11120 13524
 12297 56932  5666 11949  3544 11120  7261  4472 11120 13172 10067 11183
  5224 56942  4472  4709  6151  4151 56942  1362  5226 56516 56934  5806
 56935 56931 56945 56945 56945 56945 56945 56945 56945 56945 56945 56945
 56945 56945]
12 [ 5224  2792  4472  7178 56932 18245 56946 56932  7780 10659 10291  4151
 56942 11613  4472   217  1925 14555   653  4472 11611 14428  5224  8788
 13396  4151   420  1088 14862  8165 12605 56932 10621  1240  9028 11211
 56900  5224  3849  4472  4290 55370 10291  5224 56942  4472   995 56931
 56945 56945]
3 [ 1231  6216 14423 56942  1362  4472  9028  5226  5224  5481  4472 56946
 56934 22022 56935 56931 56945 56945 56945 56945 56945 56945 56945 56945
 56945 56945 56945 56945 56945 56945 56945 56945 56945 56945 56945 56945
 56945 56945 56945 56945 56945 56945 56945 56945 56945 56945 56945 56945
 56945 56945]
6 [ 4161  5224  3719 56932  5226  4151 56942  5991  6151   778  4472  1231
  6319  6066 14154   340  5226  5804 56942  3204 11211  1585 56931 56945
 56945 56945 56945 56945 56945 56945 56945 56945 56945 56945 56945 56945
 56945 56945 56945 56945 56945 56945 56945 56945 56945 56945 56945 56945
 56945 56945]
1 [ 5224 56942  3315 56942  7672  4472  6226  7944 56932  8630 11211 11120
  3752 14977  3315 13171  4472 56942 38473  6151  6537 56931 56945 56945
 56945 56945 56945 56945 56945 56945 56945 56945 56945 56945 56945 56945
 56945 56945 56945 56945 56945 56945 56945 56945 56945 56945 56945 56945
 56945 56945]
23 [11120 30844  4472  1489 56932 44999 27051 56932   730 11211  4151 56946
  4472  3432  5226  2551 56946  6151 56942  8155  5226  5754 56932 56942
  5226  1906 56932 56942  5226  5224 13804 11096 56932 56942  5226  9161
 56932 56942  5226  3931 56932 56942  5226 11120  5956 14100 56932 56942
  5226  1884]
27 [11120 30844  4472  1489 56932 44999 27051 56932   730 11211  4151 56946
  4472  3432  5226  2551 56946  6151 56942  8155  5226  5754 56932 56942
  5226  1906 56932 56942  5226  5224 13804 11096 56932 56942  5226  9161
 56932 56942  5226  3931 56932 56942  5226 11120  5956 14100 56932 56942
  5226  1884]
47 [11120 30844  4472  1489 56932 44999 27051 56932   730 11211  4151 56946
  4472  3432  5226  2551 56946  6151 56942  8155  5226  5754 56932 56942
  5226  1906 56932 56942  5226  5224 13804 11096 56932 56942  5226  9161
 56932 56942  5226  3931 56932 56942  5226 11120  5956 14100 56932 56942
  5226  1884]
41 [ 1925    20 11211  5226  5804  9140 56932  5226   425 13450 56932 11120
  7038 56934  6151 56935 18012 13371 14022  4472  4151 22731 56946 56932
 11122 11211 15604  3245  5224 12284 56932  4693 16141 10291  5224 12562
 56946 56932  4472  8716  4472 56942  1925 17691 11120 14119 10621 56932
  4562  8596]
11 [ 4472  9591 56932  5804 17651  1240 17407 56946  4562 56946  5226 56942
 56932 56942 12297 56946 10621  5224 56946  1240 56946  5226  5224 13602
 56946  4562 11122 11211 50677 11120 15910 56946 56931 56945 56945 56945
 56945 56945 56945 56945 56945 56945 56945 56945 56945 56945 56945 56945
 56945 56945]
18 [ 9379 14619   865 56932  5226 14022 56932 15351 10629  4562  1163  4472
  7038 10067  4152  4472 56942 12297 56942 56931 56945 56945 56945 56945
 56945 56945 56945 56945 56945 56945 56945 56945 56945 56945 56945 56945
 56945 56945 56945 56945 56945 56945 56945 56945 56945 56945 56945 56945
 56945 56945]
