34 [ 5226 11120 14493 56932  4758 14289 56932 10242  9823  4472  2480  4472
 11120 14248 10621  3608 10067  7346  4472  9745  4472  2805  3814 56932
 15285  1231  2932  1633 11120  7316  4472 11211 11120  4194 52057  8493
  4687 37985 56931 56945 56945 56945 56945 56945 56945 56945 56945 56945
 56945 56945]
46 [10291  5804  4908  4472 11120  5918 56932 11120  2169  4472  5804 13043
  7962 56932 12555 11120  6855  4472  2828 56932  1240 15174  5217  5224
  1601  4472  8819  3405  5226  8493  4472  4151 14928  3455  4472 11921
  5217  5224 11143  8658  4472 56942 56932  5534  5804 10319  7502 11067
  5217  5224]
3 [ 4151  2131 19721   290  5224 56940  2641  5226  6226  5224 11078 56940
 11211  5224  6516 10067  7581  4188  2610 56932  9823  4472  1651  8953
 36299 56932  8902  6151  2135  6151 15099  4472 14724 56931 56945 56945
 56945 56945 56945 56945 56945 56945 56945 56945 56945 56945 56945 56945
 56945 56945]
26 [14931 11744 56932 23247  8159 11211 56940  5804   453 16747  4472  3432
 56932  8216 13371  5224 56946 56932  4151  3713 21267   848  4151  3713
 21426  5989 56946  5226  5224  1702 12482  5224 10107  3432  4472 11120
  6670 56932   907  6151 11211  1240 12015  2488 11211  5240  8493 24058
 56940 56931]
34 [12764  2451 56932 15201 11211 56940  4151 13910 10291  6744  5224 15623
  7482 12764  1240 11138  5226  9379  8445 56940 10621 56940  5226 14347
  7171 56940 12297  6351 12297 56940 11120  8728  2839   373 23530 11120
  7891  3285 10495 10291 32498  5224  7581  4472  4151 11816 10621 10291
 10530  5224]
14 [ 6988  9083 10621 13694 10594 56946  5224  1381  1925 56946  6151 11211
  5224 14358  2035  5804 56942  5739 11211  1240  6846  7617 10067   552
 56931 56945 56945 56945 56945 56945 56945 56945 56945 56945 56945 56945
 56945 56945 56945 56945 56945 56945 56945 56945 56945 56945 56945 56945
 56945 56945]
4 [ 5224  2445  9193 11562 16908  5589  4571 56932   907  6151  5804 13171
  4472   420  5137  4472 18660 10621  5226 11122 11211  3645  4472  2689
  6197  1240   746 56946 56942 15461 56932  2890 56942 13396 14108 13171
  5226  4262 56946 56931 56945 56945 56945 56945 56945 56945 56945 56945
 56945 56945]
39 [ 5804  2208  4472  1723 10621  4151 14226  2025 10621 10830  5129  1296
  6151  5804 13236 13396  8571  4472  5462 56932 11211  4026 15168  5226
  8406 56934   140 56935 56932  3828  4151  3491 12722  4472  5462 56932
  1884 10621  1723  4730  5137  4472  6710 56931 56945 56945 56945 56945
 56945 56945]
10 [13607 11211  5534  9506  6151  8953  8782  5226 11149  6041 56946  5224
 12649  8782  5778  5716 12297  5224 11100 56932  5224 13946 12297 56932
  8782 12567 11211  5226  1490 13395  8630  8291 11279 56931 56945 56945
 56945 56945 56945 56945 56945 56945 56945 56945 56945 56945 56945 56945
 56945 56945]
2 [14914 12691 11108  5804 15297 10611  3333 10621  1201 56932 14655 10621
   882 56943 56945 56945 56945 56945 56945 56945 56945 56945 56945 56945
 56945 56945 56945 56945 56945 56945 56945 56945 56945 56945 56945 56945
 56945 56945 56945 56945 56945 56945 56945 56945 56945 56945 56945 56945
 56945 56945]
