35 [ 5224  4332  3268  4472  5804  2402 56946  5226 14123 56932 10827 10867
  8615 56932  6351 12948 11211 56940    85  2890  2642 12764 14566  6151
 11120  4816 12683 56940  5534  5224  9544 13396 11120 14675 11430  8122
  5224 15175  4472 15538  8509 14378  1362  5226  9028  4472 11211 10481
 13822 56946]
7 [ 8630 11211 10291  5804 29899 16079 10621 16113 11120  6670  5240  2890
 29585 11211 11910  6151  6086 56931 56945 56945 56945 56945 56945 56945
 56945 56945 56945 56945 56945 56945 56945 56945 56945 56945 56945 56945
 56945 56945 56945 56945 56945 56945 56945 56945 56945 56945 56945 56945
 56945 56945]
10 [ 5224  5566  4472  2460 10291  5804  4185  7381  5137 56932 26126  5226
  5224 56942 13396 14108 13797 56932  7868  5224 13488  9823 56932 13649
  9684  4472  7023  4472 56942 11804  4472  7821 56931 56945 56945 56945
 56945 56945 56945 56945 56945 56945 56945 56945 56945 56945 56945 56945
 56945 56945]
