14 [ 5224  6251  4472 13223 12387  2986 11515 56932  4562  5615  4472 11616
 10621 10025 56946 13396  1231  5632  1329 10621 14869 56931 56945 56945
 56945 56945 56945 56945 56945 56945 56945 56945 56945 56945 56945 56945
 56945 56945 56945 56945 56945 56945 56945 56945 56945 56945 56945 56945
 56945 56945]
12 [15083  4472 13728 14373 10621  8493  7415 14329 12031 10067  6319 56932
  2530  4562 11120  5844 10067  6171 56932 11120 56946  1240 39009 13396
 11120  5157 10067  6171 10621  5224 13185  4472 11120   226 56931 56945
 56945 56945 56945 56945 56945 56945 56945 56945 56945 56945 56945 56945
 56945 56945]
12 [56940  5224  7581  4472 10942  1240  5448 13371   661 10291  8826 11122
 13848  5226  5804  4393  5137 56932   980  5224 13185  4472 11120  4243
 10621 11120 12368  4472  5804  6312  4472 11120  8728 10621  5224  4245
  2433 56940 56932  1096  1925 11167 56932  5226  8493   989 14238   217
 56932  4522]
9 [11211 11122 51567 14914  1004   375 15563  9000 12764 56946 56931 56945
 56945 56945 56945 56945 56945 56945 56945 56945 56945 56945 56945 56945
 56945 56945 56945 56945 56945 56945 56945 56945 56945 56945 56945 56945
 56945 56945 56945 56945 56945 56945 56945 56945 56945 56945 56945 56945
 56945 56945]
