15 [ 7798  3655 11211  5804 15261 12764  1340   784 12459  4472 11211  5804
  2322 13396  5916 56946  6151   505 10621 11499 11211  5804  9996 11526
  3255  3245  3956 12937  4151 15090 11350 56931 56945 56945 56945 56945
 56945 56945 56945 56945 56945 56945 56945 56945 56945 56945 56945 56945
 56945 56945]
35 [ 5224 56946 15919 26690 14817  9541  4472  2890 17789 56932  5224 56946
 16474 56946 56932  5224 10246  2067 10621  5224 24168 56946 19592 30705
 29193 56932 13478 25713 56932 10291 11211  5804 15364  4472  3229 56946
 13396 56946  6151  5804 56946  4472 13998 56931 56945 56945 56945 56945
 56945 56945]
4 [ 1793 56932  5804  2402 51260  6151 10025 56942  1046  5226 11120  6264
  4472  3705 56932 11211 25612  6151  9550  7149  5226   683 14378 10013
 56931 56945 56945 56945 56945 56945 56945 56945 56945 56945 56945 56945
 56945 56945 56945 56945 56945 56945 56945 56945 56945 56945 56945 56945
 56945 56945]
