0 [19973  5804  7864  1340 11211  5487  4804 56932  9000 12764  6151  1725
  4472 14099  5804  3706 56931 56945 56945 56945 56945 56945 56945 56945
 56945 56945 56945 56945 56945 56945 56945 56945 56945 56945 56945 56945
 56945 56945 56945 56945 56945 56945 56945 56945 56945 56945 56945 56945
 56945 56945]
0 [ 3401 56932  1240 15542 11211 11120 39818   155  5226  8493 38989  4472
  8373 13067  5226  2890 20741 10067  6812  4472 21484 56932   375 10067
 34080 10067 18534  3537 56932  9000  5804  4846  4608   746  1715 11211
 56932  5226 15107 56932  1240  6760  4472 22629  4472 11555 56931 56945
 56945 56945]
2 [12764 14939    20  2890 12675  4814  5226 13732 11211  5226 11877   848
  5226 11986 56931 56945 56945 56945 56945 56945 56945 56945 56945 56945
 56945 56945 56945 56945 56945 56945 56945 56945 56945 56945 56945 56945
 56945 56945 56945 56945 56945 56945 56945 56945 56945 56945 56945 56945
 56945 56945]
