16 [ 5224 11575  5240  2890  1136  5226 10341 10621 11279  4562  5224 13212
 10067 15412  8704 11211 10507 13396  5224  5309 56931 56945 56945 56945
 56945 56945 56945 56945 56945 56945 56945 56945 56945 56945 56945 56945
 56945 56945 56945 56945 56945 56945 56945 56945 56945 56945 56945 56945
 56945 56945]
20 [ 5224 14299 10067  5076  4725 56932 11211  4062  4762 13396  5224  1276
 56932  7494 12761  6151  3772  4151  6396 11211  8156  2984 56931 56945
 56945 56945 56945 56945 56945 56945 56945 56945 56945 56945 56945 56945
 56945 56945 56945 56945 56945 56945 56945 56945 56945 56945 56945 56945
 56945 56945]
11 [ 9000   425  9287 56932  4472 12121 47056 11211   494  5226 56946 19311
  4562  5224  3612 14749 56932  9929 14184  5224  6216  6151  1231  2928
  4562  2890  9214  5226  2732 56931 56945 56945 56945 56945 56945 56945
 56945 56945 56945 56945 56945 56945 56945 56945 56945 56945 56945 56945
 56945 56945]
26 [56940   603  6151 11120  4988  4562 11120  4188  3288 11211 12171  7782
  8823 56931 12764  5240  2890   821 18068 10291 10809  5226  5804  1304
 56932 11122 56946  4472 12024  7147  1233  7016 56940 56932 11499 56931
 56945 56945 56945 56945 56945 56945 56945 56945 56945 56945 56945 56945
 56945 56945]
13 [ 4151  4160  4472  4900  5226  7898  4391  5317  6197  1925 56946 56932
  7868 28363 12948  5224   413   848  7172 56931 56945 56945 56945 56945
 56945 56945 56945 56945 56945 56945 56945 56945 56945 56945 56945 56945
 56945 56945 56945 56945 56945 56945 56945 56945 56945 56945 56945 56945
 56945 56945]
38 [11120  8637  1925  1950 13396  5224 14358 13396 11120 14248  4472  4151
  2314 56932 13529 38709 10745 56932 15305  5226  4151  5416 13371 56940
 56946 56940 56932  1240  7780   205  1231 12754 15482 10471 56932 11211
  8596 12673 15796  5224 56940 56946 56940 10621 11211  7858  5226  2890
  8298 14293]
23 [ 5224  2792  4472  5822 56932  3667  6291 56932  4125 12948 12407  1006
 13396  5224  3321 10067  1034 15164 14552 56946 56932  1925 11211 17497
 56940 10644  9802 56940 56931 56945 56945 56945 56945 56945 56945 56945
 56945 56945 56945 56945 56945 56945 56945 56945 56945 56945 56945 56945
 56945 56945]
11 [ 5224  3612  4472  8292 12764  4091  4562 11120  2731 11211 11117  8783
 14931 11400  2890 12687  5226  1884 56931 56945 56945 56945 56945 56945
 56945 56945 56945 56945 56945 56945 56945 56945 56945 56945 56945 56945
 56945 56945 56945 56945 56945 56945 56945 56945 56945 56945 56945 56945
 56945 56945]
22 [ 5224 56946  7198 10703 56932  9000 17589  1148 14802 56933  5224  5738
 56932 53746 10621 56946 13371 14914 13396  5804 22334 11211 11236  4472
  1231 56946 56946 56932  6950  1240 18541  6151  1168 12675 10621 12764
 37879    13 12479 11211  5224  4472  1231 12759  8284 56932 11372 14102
    19 13277]
25 [11514  2890 13723 11211 56946   683 13014 13763  4472  8493  8368  5226
  4534  4472  4163 56932  7450 56940 14573 56940 13396  7898 12495 11211
  5207 18988  8993  7012  5226  5804 13349  4472 12687  6165  6151 11120
 13269  4472  4151   420 14821  4494 56931 56945 56945 56945 56945 56945
 56945 56945]
