0 [ 3689 13371  2890  5799 35974 56932  5217  5224 11211  1240 56946 11120
  1628  6151 11646 10743 13171  6857 56932  5226  8493  4932  6331 10611
  5224  4467 10621  5224  7407 56931 56945 56945 56945 56945 56945 56945
 56945 56945 56945 56945 56945 56945 56945 56945 56945 56945 56945 56945
 56945 56945]
3 [11122 11211 12764  3159  5240 11211  7906 11122 11211   373 56946  5226
  5224   626  4472  1231 15367 12764 15145  8053  9071 10954  8053 11211
  2343  2890 56946  4472 23420 56931 56945 56945 56945 56945 56945 56945
 56945 56945 56945 56945 56945 56945 56945 56945 56945 56945 56945 56945
 56945 56945]
1 [ 1240  4962  4562  8593  5224  2449  4472  7038 13396 14659  4472  5012
  4472  6548  4255  6151  6548  6740  6151 11122  2041 10067 13571 56931
 56945 56945 56945 56945 56945 56945 56945 56945 56945 56945 56945 56945
 56945 56945 56945 56945 56945 56945 56945 56945 56945 56945 56945 56945
 56945 56945]
