34 [ 5224 13488 10067  1248 15648  6151 14196 11211  5804 15989 10067  1437
 12669 12407 15611  6151  5804 10067  6260 56932 11664  5240 12407  6477
 11211  5224  1387 12764 14856  7409 56932 11372  1240  5207  7871  4562
 14007 14164 56946 56931 56945 56945 56945 56945 56945 56945 56945 56945
 56945 56945]
21 [ 8630 11211  5804  4908  4472  9786  6513  3348  6151 11120  2020  4472
 14122  8546 56932 13822 18748  4472  5319 12764 11122 35338  4562  5199
 14543 56931 56945 56945 56945 56945 56945 56945 56945 56945 56945 56945
 56945 56945 56945 56945 56945 56945 56945 56945 56945 56945 56945 56945
 56945 56945]
8 [11120 10244  4472  7581 56932 12812  6973 56932 56946   217  4562  5224
  6516  4472 11120  2198 13336 56932  9129  1925 10302 56932  5226  5224
 14139  4472 11120 12149  5918  4472 13550  1506  5226  5224 11211  1240
  1612  4151  1539 56931 56945 56945 56945 56945 56945 56945 56945 56945
 56945 56945]
