5 [ 5224 13343  4472 11120  6686  4472  1446  3673 56934 56946 56935  4695
 12948  4562  8493 15568 10067 56946 10621  4716  5226 56942 13349 56931
 56945 56945 56945 56945 56945 56945 56945 56945 56945 56945 56945 56945
 56945 56945 56945 56945 56945 56945 56945 56945 56945 56945 56945 56945
 56945 56945]
5 [56940  5224 56946 14423 13396 12898  4472 56946 56932 11066  4472  2714
 10621  4472  3336  4472  2496 56931  9379 15543  1240  8662    52 33575
 56940 56932  7087 56946 56931 56945 56945 56945 56945 56945 56945 56945
 56945 56945 56945 56945 56945 56945 56945 56945 56945 56945 56945 56945
 56945 56945]
14 [ 5224  9874  5240 12555  4415  5804  6192  4472 12921 56932  5534  6950
   373  4472 13588  8493  7207 12135  4472  5804 13712 14049  1925  3015
 56931 56945 56945 56945 56945 56945 56945 56945 56945 56945 56945 56945
 56945 56945 56945 56945 56945 56945 56945 56945 56945 56945 56945 56945
 56945 56945]
6 [ 5224  2625  4472  5264 56932 14341  4472 13897 56932  6306  6151  4151
 56942  4000 15227 56934 56942 11613 56935 56932  5226 11120  6256  8657
  4472 56946 20879 56932 12997  1925  5481  5432  4472 16149 56931 56945
 56945 56945 56945 56945 56945 56945 56945 56945 56945 56945 56945 56945
 56945 56945]
10 [ 5804  3272  2095  7248 11211 11563  5226  5804  4679 56946  4472  2732
 56932  1426  5224  6260 13330 56932   746  8192  7231   217  5226  2890
 10103  2433 13396 11120 13540  9192  8311 10621  9883  5226  2890 14139
  4472 11120  5346  5871  4472  1447  3667  4472  2695 56931 56945 56945
 56945 56945]
40 [ 5804  3272  2095  7248 11211 11563  5226  5804  4679 56946  4472  2732
 56932  1426  5224  6260 13330 56932   746  8192  7231   217  5226  2890
 10103  2433 13396 11120 13540  9192  8311 10621  9883  5226  2890 14139
  4472 11120  5346  5871  4472  1447  3667  4472  2695 56931 56945 56945
 56945 56945]
40 [ 1231  4154 11117  6236 11211  4603  2890 24795 56934  4472 12752 11122
  4472 56946 56935 56932 10621 12543  8946  2890  7985  5534 18958  6151
  1231 22086 15340 13662 15340 10291  4085  6151 13732 56932 56940  6151
  8493  4623 10753  1925  5689 10067 27559  4472 56946 56940 56932 10621
 11022  1231]
8 [ 7780  1602  4562 11904 12937  4151  1761 56932  4195 56946 56931 56945
 56945 56945 56945 56945 56945 56945 56945 56945 56945 56945 56945 56945
 56945 56945 56945 56945 56945 56945 56945 56945 56945 56945 56945 56945
 56945 56945 56945 56945 56945 56945 56945 56945 56945 56945 56945 56945
 56945 56945]
1 [ 1925  6117  4472 11211 56932 13371 13478 56932   746 40762  4472   683
  3861  4472 12413 56932 15567   861 10621 56946  7053   752  5226 27852
  4562 11122 11211 11673 12267  2986 13171 11211 43667 56931 56945 56945
 56945 56945 56945 56945 56945 56945 56945 56945 56945 56945 56945 56945
 56945 56945]
12 [ 5804 13628 56934 12767 56935  6348 11120 12209 13974  4472 11120  1500
  4472  2190 56931 56945 56945 56945 56945 56945 56945 56945 56945 56945
 56945 56945 56945 56945 56945 56945 56945 56945 56945 56945 56945 56945
 56945 56945 56945 56945 56945 56945 56945 56945 56945 56945 56945 56945
 56945 56945]
3 [11120 11464  6695  4472  2119  4472  4957 12297 12297  4562 14759  6151
 11120  6543 56946 10621  4559  2890 56946 12297 12297 10621  5224  6952
  4472 11120 10366 10067  5053 56946 56946 12297 12297 56946  4472 11120
  4351 10621 10674 56946 56946 12297 12297 56946  2890  6412  3047 12672
  5538 13396]
28 [56946 56932  6151 13386  5804  5133  2754  2890 10620 56940 56946 56940
 56932  9169  5226 11211   373 56940 11898  6151  1490  1019 56940  4562
 11120  7384  4562  5224   273  4472 56940  8555  8493 11851 11211 56946
  1925  6319 56940 56931 56945 56945 56945 56945 56945 56945 56945 56945
 56945 56945]
25 [ 5804  7374 12291  1461 10621  1448  4567 14423  5804 14821 15262 10067
  5551 11211   664 13396 56946  5804  7547  4472 13998 13344  6151  5804
 15022  4472  3229 56931 56945 56945 56945 56945 56945 56945 56945 56945
 56945 56945 56945 56945 56945 56945 56945 56945 56945 56945 56945 56945
 56945 56945]
20 [ 5804  5574 10067 12741  7846   217 11211 14575 13135  1925 13732  5226
 11120  7261  4472 11120 13172 10067 11183  5226 15168  4472  5226  4151
  9001 56932 15023   673 12948 12049 11360  6644 10291   425 13046 56931
 56945 56945 56945 56945 56945 56945 56945 56945 56945 56945 56945 56945
 56945 56945]
15 [ 5432  5226 56942  4649 10621 12835  4562  5224  2151  4472  8373  5134
 56932  8493 13172 10067 11183 56932  2890 11284  4472  2551 56932  8373
 16288 51274 10621  5544  5134  1791 56932  7780  4472  2529  2890  2792
 14915  1090 13371 11122    85  5226  1231  7802  4472   821 56931 56945
 56945 56945]
37 [ 5804 14048 56932  8271  4562  8493 13133  4562  5224  2519 10067  5982
  2944 56932  1240   107   217 56932  6151  4151 14560  4472 11120 14675
 56932  5226  2890 10803  1925 14854 13373  5226  5224  4252  4472 11120
  5978  4472 13732 56931 56945 56945 56945 56945 56945 56945 56945 56945
 56945 56945]
17 [  261 56946  5240  5224 14555 22143  4472 11120  1500 11211  4550  6043
  5224 56946 10067  4174  5226 15168 10067  4793 12741 56931 56945 56945
 56945 56945 56945 56945 56945 56945 56945 56945 56945 56945 56945 56945
 56945 56945 56945 56945 56945 56945 56945 56945 56945 56945 56945 56945
 56945 56945]
24 [ 5804  9362  4472 10766  4472  1725   509  3245  1240   484  4241   217
 13396  5224  8716 10067 11955 10067  6604  5226  5224  4842  5432 13371
 14022  4472  4151  4483  5226  4151  3114 10060 56931 56945 56945 56945
 56945 56945 56945 56945 56945 56945 56945 56945 56945 56945 56945 56945
 56945 56945]
4 [11120 16790    59 16294 10067  7581  7494 44929 11120 20619  3091 10067
 11575  4472  4151  4290  4256  5226  7224  8630 12764   418  2890 10500
  7247  7956  5224  3161  8673 56931 56945 56945 56945 56945 56945 56945
 56945 56945 56945 56945 56945 56945 56945 56945 56945 56945 56945 56945
 56945 56945]
4 [35326 56933  7321 10095  4472 14113 56932 56946  6151 14378  5574  4472
  3733 10621  6151   420  4472 11688 56931 56945 56945 56945 56945 56945
 56945 56945 56945 56945 56945 56945 56945 56945 56945 56945 56945 56945
 56945 56945 56945 56945 56945 56945 56945 56945 56945 56945 56945 56945
 56945 56945]
21 [45520  2861  9541  4472  6764  4472 11120  7261  4472 11120 13172 45722
  4472  5138 56932  2840  5226  5224 12908  5224 56720  4472  6880 56932
  1633   683 56942  9163 56931 56945 56945 56945 56945 56945 56945 56945
 56945 56945 56945 56945 56945 56945 56945 56945 56945 56945 56945 56945
 56945 56945]
3 [ 5224 56940 16446  4472 56946 56940 10577   775  5224 13192  4472 11120
  5311 10291 11205  8493 23047  2928  4472 13030  8791 10621 16563 56932
 10621  5224  1909  4472 56946 56946  5224  2641  5226   425 13300  5226
  5804  4393  5137 56931 56945 56945 56945 56945 56945 56945 56945 56945
 56945 56945]
37 [  311 11211  5224 56946 56940 12764  5207 13126 56940 14260 56940   373
   440  7253 10621  7133  6151  4151  6731  5226 14088 21617 56932  7253
 10621  7133  5226  8493 11623  2700 56932 11120 10067   552 56940 56932
  5226 15168  4472  8606 56940  2890  8907 10067  2610 10067  7581 56940
 10621  4472]
29 [ 9000  8373  4472  5804   420 14058 13847  4472 11872 11120  5329  7936
  6151  5489 56932 56942   357 10067  1673 55412 56932 12835  7956  5224
 36490 10067 14139 44238 16844  4472  4151  4961 56934 16465 56935 56931
 56945 56945 56945 56945 56945 56945 56945 56945 56945 56945 56945 56945
 56945 56945]
17 [ 5224  1782 10067  8539  1240  3623  3245  1811 13396 11120  2020  5226
  5224  7346  2631 10067  9541  4472  2591 17261 14781 10621  5355 15722
 56931 56945 56945 56945 56945 56945 56945 56945 56945 56945 56945 56945
 56945 56945 56945 56945 56945 56945 56945 56945 56945 56945 56945 56945
 56945 56945]
20 [ 5224  5799  5226  5224 11211 23429 13371 11061 56932 56940 56946 56940
 56932  4562  4361  4472 21902 56932  9490 56946  4472 16997 56934 14134
 56935  5224  6260 11950 56942  4562  8493  5012  4472 13043  4284  4562
  3542  6151 12379  5452 56932  6862  8057  5224  6260   273  4472 12921
  8493  4903]
8 [ 5224  8086 10067  2342  4472 11122 12743 56942  4472 13732 56932   797
  4220 56932  7780    37  8493  2440  5226 11120 11211  9095 11120  7563
 11697 56932 11211  4105 56940 11120 10506 10668  4472 11120 15167  4472
  2514 11211 11120  8108   202  4472 13276  1645  4472  5187 11926 10621
 14931 11813]
8 [ 2890  9583  5226  5224 11211  9169  5224 13488  4472  2841  4472  8689
 56932  7295 10594 56932  1925   740 11211 11120  7415 12090  4472 11120
 14564 13107  4430  5240 11211  4151 14378 10736 56940  1340  8493  2862
 12407  2059 56940 11211 13280 37193  4151 36700 56931 56945 56945 56945
 56945 56945]
42 [11120 11840  8112 56946    85 12223  4562 56942 11804  4472   916 56934
 56942 11804  4472  5895 56935 13396  9851  1877 13949  5226 11120  3474
 11206 11109  4472 14113 56932  5224  9249  5974 56932  9732   217  4151
  6505  7873  4472 11120  5918 12693  4472 14381 56931 56945 56945 56945
 56945 56945]
1 [ 6151  7261  4472  2689 56932  4151  5008  4472  5804  9452  4472  4151
  1088 10191 12947 17273  4151 18267  4472 11120 56946 10611  5224 56942
 10621  5224 56942 13396 14108 56931 56945 56945 56945 56945 56945 56945
 56945 56945 56945 56945 56945 56945 56945 56945 56945 56945 56945 56945
 56945 56945]
15 [ 5224  4569 10067 12328 24312 56932    55 13707 56932 14231 11211  5224
 14555  7901 16175  5179 13439  2861 56940 12764  4146  5224 13296 12407
  3269  4472 12328 56940 56931 56945 56945 56945 56945 56945 56945 56945
 56945 56945 56945 56945 56945 56945 56945 56945 56945 56945 56945 56945
 56945 56945]
1 [ 5224  4472 12948  5240  5224  9518 11814 17799  4144  5226  8365  5226
  8871  4472  8373  5137 56931 56945 56945 56945 56945 56945 56945 56945
 56945 56945 56945 56945 56945 56945 56945 56945 56945 56945 56945 56945
 56945 56945 56945 56945 56945 56945 56945 56945 56945 56945 56945 56945
 56945 56945]
13 [11120  5404    36 10067  3071  9541    85 12543 13171  1975  1925  3772
  4562  7678 10067 10803  8493 14564 14988  4472  4391  6011  4562  5224
 12213 56940  5774  1137 56946 56940 56932 11211 11292 13371  7621  8493
  8784  4472   993 56931 56945 56945 56945 56945 56945 56945 56945 56945
 56945 56945]
22 [ 9220  4472 11120 15243  1346 11211 11120 15422 22643 13396 11120  2198
  4472 11120  2894  5226 11120  8001  8458  4472  4822  9330  7956 12328
 20375 56940  7952  5226  2370 10067  3432  4472 11120  5430  3537 56940
 56931 56945 56945 56945 56945 56945 56945 56945 56945 56945 56945 56945
 56945 56945]
1 [ 9197  4472 12244 56931 15938 56945 56945 56945 56945 56945 56945 56945
 56945 56945 56945 56945 56945 56945 56945 56945 56945 56945 56945 56945
 56945 56945 56945 56945 56945 56945 56945 56945 56945 56945 56945 56945
 56945 56945 56945 56945 56945 56945 56945 56945 56945 56945 56945 56945
 56945 56945]
7 [ 1925  8871 56942 14729 56946  4472 10766  4472  1313   746 35826  5226
  5804  4393   420  5137 56932 13083  4472 11904 13396  5224  2191 10067
  5331 11955 10067  6604  5226  5224  4842  5432 56932 14691   217 56932
  8788 56932  8493 13745 13402 56931 56945 56945 56945 56945 56945 56945
 56945 56945]
8 [ 5224  8533 11966   256 14360 56932 10067   776  4472  1723 56932    85
  4204 13371  5224 12232  7811  8491  4472 17377 56932  4562 56942 13349
 56931 56945 56945 56945 56945 56945 56945 56945 56945 56945 56945 56945
 56945 56945 56945 56945 56945 56945 56945 56945 56945 56945 56945 56945
 56945 56945]
48 [13685 14504  5226  1231 10043 11211 56940  3572 14968 11120  6946  2370
  5224 14358 32747  6151  2890 13937  4472 18011 56940 56932 56940  1709
 14102 11120  3252  7945  6151  2890  1437  8033  4562 10442  7956 14299
 56946 56940 10621 56940  4151 14729 56946 11120 13269  6151  6686  6151
  7198  4472]
21 [  425  4687 56932 26049 13396  5224  5373 10067   653  4472 56940  1090
 56940 56932    85 13339 13396  5224  8086 10067  2342  4472 15218  9283
 56942  4472  5806 56931 56945 56945 56945 56945 56945 56945 56945 56945
 56945 56945 56945 56945 56945 56945 56945 56945 56945 56945 56945 56945
 56945 56945]
17 [ 5224  8876  3430  8628 13396 11120  2198 10067 15175 16782  5217  1231
 15323  1925  6319 56932  5226   227  4472    24 13901  4472  4151  4290
 56932  3585 11211 11673 56940 23715 56940 15803  4472 11120 56940 12088
  9742 56940  4472  5804  9135 10067 12638 10621 10067 56940 12869  4472
  1231 10056]
24 [ 5804 42897 14423 17522  6151  9687  5224  8590  5226 11120  5346  4472
 56946 56946 56932  5226  5224 15934  4472 14233 56932 13396 11120 11602
  4472  4822  9330 56931 56945 56945 56945 56945 56945 56945 56945 56945
 56945 56945 56945 56945 56945 56945 56945 56945 56945 56945 56945 56945
 56945 56945]
28 [ 1233  5224  6260  8949    85  5224  8876  9230  3842 56946 13386 14576
 11120  3778  4472 11211  5804  2133  7711 10621  8984 56946 56940 10807
  7956  2890 14555   667 10291  8859 10621  3162 56940 56932 12948    85
  5224  9230  4472  8281 56932  4690 56946 56932  5224 11211 14828  1925
  2631  4472]
11 [ 3667 14114  8568 56932  5217  5224 14451 16950  4472 11120 14571  4472
  1447  3951 56932 14576 11120   681 10067 14399  2861 56940 13938   273
  6151  8493  4472  4151  1088 14971 11211 56946  6151 15986 10621 40058
 56940 13371  5240 56940 11120 16029  4472 11120  6146 56940 56931 56945
 56945 56945]
18 [ 5224  2792 10067 14457 10049 11120  1870 35259 13396 13478  5804  9464
 10621 11120   618  4472  5804 30631  4472  1561 56932 27175 10621 10634
 56932  6205 13371  4472  5804 16642  9617  4472 13478  5804 13349  4472
 11120 13476 56931 56945 56945 56945 56945 56945 56945 56945 56945 56945
 56945 56945]
11 [13396 13676 56932  2890 12479  4463 12948  5226  5224  3015 35134  4472
 23527   601 56942  6149 56931 56945 56945 56945 56945 56945 56945 56945
 56945 56945 56945 56945 56945 56945 56945 56945 56945 56945 56945 56945
 56945 56945 56945 56945 56945 56945 56945 56945 56945 56945 56945 56945
 56945 56945]
8 [ 5224  7843  8729 11120  6614  4472  1231  3104  4472   653 10291 12486
  5224  7944  4472  7425  3091  5226 11120  4932  2693 10067 56946  1925
 56946 56931 56945 56945 56945 56945 56945 56945 56945 56945 56945 56945
 56945 56945 56945 56945 56945 56945 56945 56945 56945 56945 56945 56945
 56945 56945]
45 [15023 16889 11211  5224   273  4472 11120 56940   545  2720 56940 10611
  2434 10621  5224  9638  9288 10067   424 12764 56940 16738  5226  5224
  2218  3676 13767 12046 10291  5804 10700  5226 11627 56940 56932 10545
 11211  5224 15063 56940  7780  8192  6818 13396  8493  2507  4472 45099
 10611  5224]
9 [ 5226  5224 13440  4472  4151  4558  5226 11120  6686  4472 10766 56932
  4880 10621  9316  4472 14564 15067 10291  5804 18331  2409  5224 11955
  4472   217    85  4472 56942 25083  4472  8538 56932  3245  8503  4472
  5804 13171 14956  5217 13330  4472 56942 56931 56945 56945 56945 56945
 56945 56945]
4 [ 7868  7795 10067  2880 10067  9322  1240   746 17078 56942  7392 11448
  6788 13396  4151  8089   216  4472 13336 56932  6205 13371  5226 13822
 25761  5226  5224 11034 56931 56945 56945 56945 56945 56945 56945 56945
 56945 56945 56945 56945 56945 56945 56945 56945 56945 56945 56945 56945
 56945 56945]
25 [ 5224  8614 15591  8493   989  4562  9810  7418 14790 56932  4890 13676
  7379 56932 10621  6086 10561  5226 11120 15489 56932  4146 13822  2285
  4562  7678  4472 11120  6855  4472  3667 14114  8568  6151 15232 56932
 10621  5224 12687 10067  6581  4562  3433   671 56931 56945 56945 56945
 56945 56945]
15 [ 4049 56946 56942  5581 56946 11211   766  1231  1651  4161  5224  2689
 56942 56932  5226  5408  4562  5224 12301 10291  9770  5224 14860 56932
 11120 13107 10621 11120 14327  4472    68  7162 56932  1240 14691   217
 56932 13348 56931 56945 56945 56945 56945 56945 56945 56945 56945 56945
 56945 56945]
16 [ 5804  5379  3982 11211 56932  8509  9379  5137 56932 56940   746  4449
 13961  8849  4562  5224 12684  4472 11211 11120  9849  4210 15107 11120
 14088 56940 56931 56945 56945 56945 56945 56945 56945 56945 56945 56945
 56945 56945 56945 56945 56945 56945 56945 56945 56945 56945 56945 56945
 56945 56945]
13 [10621 15649  8493  4472  4151  6157 11211  1383  4562  1976  2861 11120
  2897  4472  1911 56931 56945 56945 56945 56945 56945 56945 56945 56945
 56945 56945 56945 56945 56945 56945 56945 56945 56945 56945 56945 56945
 56945 56945 56945 56945 56945 56945 56945 56945 56945 56945 56945 56945
 56945 56945]
16 [ 5224  1782 10067 13723 10208 10718  5226 15252 56932  8747   285 56932
 13037   217  5224 11549 10067 11183 14491 13927 10291  2739  2890 14555
   653 56932 15023 11120  6393  4392 10067 10379 11211  4605  5224  9101
 12701  2849 56946 56931 56945 56945 56945 56945 56945 56945 56945 56945
 56945 56945]
10 [ 5224 15316  4472 15670    85  6659 13396  5224 13723 15512  8314  6151
 11120 56940  3778  4472 11211  1240  5824  2890  4322  3676  5226 11120
  7243  4472  4151  4240 11211 56946  5226  5224  7425  9823  4472  5804
  7345 56940 56931 56945 56945 56945 56945 56945 56945 56945 56945 56945
 56945 56945]
12 [ 5224  6519 15907 14524 18066 56932  5234  6516  4472 11120 11602 56946
  4472 20120 56932 15201 11211 56940 47496 11211  1469  1452  3693 13371
  9893  4472 12328 56940 10621  2332 56940  5224 29399 11211 56946 10267
  1004 11211  1240  3484  5224 15623  4472  4151 10531 56940 56931 56945
 56945 56945]
3 [ 5224 14139  9517  4472 13732  7951 12948  1231  8614 12176  9422 56932
  8493 11311  6119 10291  5231  5224  2689 56942  4562 12672 13171 11211
  8493 10506  7505  4472 10150 56931 56945 56945 56945 56945 56945 56945
 56945 56945 56945 56945 56945 56945 56945 56945 56945 56945 56945 56945
 56945 56945]
8 [ 5804  6185  4472  8285 10536  6151  2890  7600  4472 10477 11120  8471
  4472 11120 10514 56932 11211 12764  8946  4472 10634 56932 10954  4472
 12337 56931 56945 56945 56945 56945 56945 56945 56945 56945 56945 56945
 56945 56945 56945 56945 56945 56945 56945 56945 56945 56945 56945 56945
 56945 56945]
34 [ 5224 11829 10067 12956 11761 56932  4758 11581  6532 10224 56932  7780
  8192 13221  8015 10067  3158  4472 11120  1752  4549  4472  2186  4472
  4052 56932 11211 12027  6151  4151 56942 11725  4472 12474  4472  8689
 56931 56945 56945 56945 56945 56945 56945 56945 56945 56945 56945 56945
 56945 56945]
17 [ 6151 14849  4472 11211 11120  7444  4472 12474  5226  1922  7494  1231
   226  5226  5224 15631 15175  4472 13732 56932 11122 13938  5226  6542
 56931 56945 56945 56945 56945 56945 56945 56945 56945 56945 56945 56945
 56945 56945 56945 56945 56945 56945 56945 56945 56945 56945 56945 56945
 56945 56945]
9 [12297 11664 14099  7053 12297 14441 12024  6670  6151  4136  4472 13478
 12297 56931 56945 56945 56945 56945 56945 56945 56945 56945 56945 56945
 56945 56945 56945 56945 56945 56945 56945 56945 56945 56945 56945 56945
 56945 56945 56945 56945 56945 56945 56945 56945 56945 56945 56945 56945
 56945 56945]
1 [ 5224 10067  1002 56932  8294 56931 56945 56945 56945 56945 56945 56945
 56945 56945 56945 56945 56945 56945 56945 56945 56945 56945 56945 56945
 56945 56945 56945 56945 56945 56945 56945 56945 56945 56945 56945 56945
 56945 56945 56945 56945 56945 56945 56945 56945 56945 56945 56945 56945
 56945 56945]
11 [13396 11674 56932  1233  9198  7703  1009  4472 11120 14088 14238  4472
  2591 56946 56932  7703  3969  1379  4472  1231  9630  1661 56932  6956
 10621  7945 56931 56945 56945 56945 56945 56945 56945 56945 56945 56945
 56945 56945 56945 56945 56945 56945 56945 56945 56945 56945 56945 56945
 56945 56945]
12 [11514  2890 13723 11211 56946   683 13014 13763  4472  8493  8368  5226
  4534  4472  4163 56932  7450 56940 14573 56940 13396  7898 12495 11211
  5207 18988  8993  7012  5226  5804 13349  4472 12687  6165  6151 11120
 13269  4472  4151   420 14821  4494 56931 56945 56945 56945 56945 56945
 56945 56945]
11 [13396    19 12135 56932  9379  6523 14473 11211 11120  6675  4472  5272
  1925 13913  4472  5804 10798  4472  7394  4472  6387 56932  5410 10621
 10621  4249  5226 11471 56932  4026  8493   281 10291 11293  6151  9687
 13822 14436 56931 56945 56945 56945 56945 56945 56945 56945 56945 56945
 56945 56945]
