33 [10291  5224   413  9102 14434 56940 56946 56940 56932  5224  9541 10611
 56946 10621  5084  3037 56940  9275 10621 14384 13396  5804  9870 13171
 11211 13396  5224  5589  6480 56940 56932  6205 13371 26442  6151   861
 13371 56940  1680 56940 10621 11211 56940  8783  5226 11120 10509  1925
 13732 56940]
1 [56940   603  6151 11120  4988  4562 11120  4188  3288 11211 12171  7782
  8823 56931 12764  5240  2890   821 18068 10291 10809  5226  5804  1304
 56932 11122 56946  4472 12024  7147  1233  7016 56940 56932 11499 56931
 56945 56945 56945 56945 56945 56945 56945 56945 56945 56945 56945 56945
 56945 56945]
42 [ 5224   653  9028 14040 11120  7626  5611  4472 11120  8163  5226  5804
   620 12200  5224 11255  2689 56932  5226 14693  4562  5804 10067  7992
  4472  2551 56932  2831  5226 14662 11211  4151  5008  4472  5657 10291
  5224 56942 56946 13396  5804  9315   365  6151  6884  9697  4472  5804
  5657  6151]
11 [ 5224   870 10067  5683 13579 56932 13662 10067  5928 56932 11117 14039
   375  4472 11120  1562 11211  1240 12765  1296  3786  1925  9102 27155
  6151 13686  6894 10621 14524 15105 56932  6151  5804 11211  4473 12413
  5226 13072 10067  9541  4472 16932 10067 11255  8788 56931 56945 56945
 56945 56945]
6 [ 5224 13723 10208  6695 14204 11211 13798  1793  4562 17998  6151  4151
  8155 11211 56946  6151  5513 56946 56932  3951 11581  2462 13532 10621
 12909 10172 15341 56931 56945 56945 56945 56945 56945 56945 56945 56945
 56945 56945 56945 56945 56945 56945 56945 56945 56945 56945 56945 56945
 56945 56945]
8 [15023  6249  5224  5031 56932  5224 56946    85 26419  5226  9755  6151
 10025  3421  1312  6151 11122  2041  4472 11120  1296  4472 12948 10621
 56946 13822 13364 56931 56945 56945 56945 56945 56945 56945 56945 56945
 56945 56945 56945 56945 56945 56945 56945 56945 56945 56945 56945 56945
 56945 56945]
