2 [ 5224 12133 56946  6151 11120  2858 10067 10975 21600  5179  5963 15590
 10044 56931 56945 56945 56945 56945 56945 56945 56945 56945 56945 56945
 56945 56945 56945 56945 56945 56945 56945 56945 56945 56945 56945 56945
 56945 56945 56945 56945 56945 56945 56945 56945 56945 56945 56945 56945
 56945 56945]
26 [ 5224  9080 13012 14337 13396 11093  1004  1925  9102  4472 11120 14493
 56934 56946 56935  5226  9541  4150  4472 11120  5723 14443 10067  5138
  8984 10621 43968  1925  3612  4794  4472 13357 22421  5224  1673  6151
 11066  4472 14378  2185 10291 11120 14850 10067 11284 56931 56945 56945
 56945 56945]
4 [ 5224  1782 10067  5328 56946  6151  5804 17705  4472 11211 12764 11526
 17286 56940  2275 56940  5400 56931 56945 56945 56945 56945 56945 56945
 56945 56945 56945 56945 56945 56945 56945 56945 56945 56945 56945 56945
 56945 56945 56945 56945 56945 56945 56945 56945 56945 56945 56945 56945
 56945 56945]
6 [10420 56932  5224 12133  6695  7780  6444  6151  2892  4472 56940 30043
  1231  6153  6151 13907  4562  5224  4942 56940 56932 10621  7780 56946
  1925 56940  1381 10124 10621  6750 56940 14260 56940  5226  2668  6950
   753  8373  3615  5226  5488  4290 56932  9222   848 13578 56940 56931
 56945 56945]
3 [ 5804  5634  3462  6446  6151 56946  4472  4024 11120 23715 10067  3400
  5226  4151 10191  4472 11120 12613 15161 56931 56945 56945 56945 56945
 56945 56945 56945 56945 56945 56945 56945 56945 56945 56945 56945 56945
 56945 56945 56945 56945 56945 56945 56945 56945 56945 56945 56945 56945
 56945 56945]
