3 [ 5224  3245  9243 15919 46405 14039  6151  5804  9139 14931  3818  1925
 10731  6151 16594 56946 56934 56942 56935 56932 13396 56946 56932 56946
 56932 56946 56932 56946 10621 56946 56931 56945 56945 56945 56945 56945
 56945 56945 56945 56945 56945 56945 56945 56945 56945 56945 56945 56945
 56945 56945]
6 [ 5226  2890  1602 56932  5804 11699  1438 56946 10621  4800  7295 14235
 11211 56946 11673  4022  6151  5804 10050   548  4472  5319 56932  3790
 56946 56932 10621  4472  9121 56932  3830 56946 56931 56945 56945 56945
 56945 56945 56945 56945 56945 56945 56945 56945 56945 56945 56945 56945
 56945 56945]
