2 [56936 13933 56946   424  3644 56937 12297 12297 56931 56945 56945 56945
 56945 56945 56945 56945 56945 56945 56945 56945 56945 56945 56945 56945
 56945 56945 56945 56945 56945 56945 56945 56945 56945 56945 56945 56945
 56945 56945 56945 56945 56945 56945 56945 56945 56945 56945 56945 56945
 56945 56945]
8 [ 5804  8330  4472  3703  3982 11211 12764   746 15231  3260  5226 15583
  4562 11191 10621   470 11211  8993   746  3860  4151   621 10621  4304
  4472  5668 56932 13396 11122 11211 11242  6151 13661 11211 56946 56931
 56945 56945 56945 56945 56945 56945 56945 56945 56945 56945 56945 56945
 56945 56945]
18 [ 5850 11401  4472 14496  6151 13439 10621 11293  8493  7626 13171  6806
 56933  4562  4151  8865 12764  4365 13848 11122 11211 56946 56932  6151
  1000  1233  4562 11120  3111  4299 12297 56931 56945 56945 56945 56945
 56945 56945 56945 56945 56945 56945 56945 56945 56945 56945 56945 56945
 56945 56945]
8 [56934 12764  5191 11981  6205 14260  5804  6381 25724 12672  4643 56935
 56931 56945 56945 56945 56945 56945 56945 56945 56945 56945 56945 56945
 56945 56945 56945 56945 56945 56945 56945 56945 56945 56945 56945 56945
 56945 56945 56945 56945 56945 56945 56945 56945 56945 56945 56945 56945
 56945 56945]
