49 [11120  6805 15161  5147   217 56932  8788 56932 11211  7780  3924 11120
 12742  4472  2890 15316  4472  5997 13396  5224  7082 56946  8943 12139
 56934 14931 56935 56932  8468  6641 56934  5236 56935 10621 12613  6615
 14030 56934 56946 56935   805  5224  7057  4561  4472 12424 14729  2844
  4472 12381]
5 [ 5224 14399  1543  1793 11211  9486  2151 15145 11120  2796  3091 10067
  3612 56931 56945 56945 56945 56945 56945 56945 56945 56945 56945 56945
 56945 56945 56945 56945 56945 56945 56945 56945 56945 56945 56945 56945
 56945 56945 56945 56945 56945 56945 56945 56945 56945 56945 56945 56945
 56945 56945]
29 [ 8212 11211  5224  7425  4472  8468  5240 13314  2861 56940 14099 11117
 14170  8244  5226  5224  4842  9923 10621  7613  8493  8110 15161 10621
 11117  1697  6226  2890 12002  8606  5226  1713  4472  7396 12241 56940
 56931 56945 56945 56945 56945 56945 56945 56945 56945 56945 56945 56945
 56945 56945]
47 [13211 14781 56932 11211   987 11120  1860  4472 16010 56946 56932   915
 11120   513  5226 56942 15955 56932  8630 11211  5441 13781 56932  4562
  9248 15046  5226 56942  4607 56932  8358   486  5533 56932 56946 11211
   915  5226 56942  1231  8290  5265 56932 10621  4490  6953 56932 22303
  2815 10621]
6 [ 1240  7709 56946  2890  9591 13396 14324  9209 10621 16789 56946 56931
 56945 56945 56945 56945 56945 56945 56945 56945 56945 56945 56945 56945
 56945 56945 56945 56945 56945 56945 56945 56945 56945 56945 56945 56945
 56945 56945 56945 56945 56945 56945 56945 56945 56945 56945 56945 56945
 56945 56945]
5 [56936 12764  5240 14686  6221  6685 11120 56946 10067 15063 10611 11120
  2954  4472   424  1926 11555 10621  4151 56946 56946  4472    13  1926
 56937 56945 56945 56945 56945 56945 56945 56945 56945 56945 56945 56945
 56945 56945 56945 56945 56945 56945 56945 56945 56945 56945 56945 56945
 56945 56945]
