26 [ 5226  7809  6151 14196 56932  5224 10242    36  4472 11120  1752 10067
 12325  4472  2480 56932 14009  2200 56932 15201 11211 11120  4687 56940
  6667  8493  9852 10236 56940 13396 12135  4472  5804 12534  8493  1004
 11211 13711  5224  1584 10067 14399 56931 56945 56945 56945 56945 56945
 56945 56945]
11 [10621  5224 11575 56932  1659 56932  7780  8192  4472  8493 14352  8300
  7416 13396 12135  4472 11120  2858 56931 56945 56945 56945 56945 56945
 56945 56945 56945 56945 56945 56945 56945 56945 56945 56945 56945 56945
 56945 56945 56945 56945 56945 56945 56945 56945 56945 56945 56945 56945
 56945 56945]
10 [11514  2890 13723 11211 56946   683 13014 13763  4472  8493  8368  5226
  4534  4472  4163 56932  7450 56940 14573 56940 13396  7898 12495 11211
  5207 18988  8993  7012  5226  5804 13349  4472 12687  6165  6151 11120
 13269  4472  4151   420 14821  4494 56931 56945 56945 56945 56945 56945
 56945 56945]
10 [14931 11744 56932  5224  9591 13171  3269  4550  5240  5224 10729  4766
 10611 15686  4472 47233 56932  4884  5532  5240  8870 11211 11120  1781
  4472  5804  2237  4472 15590 10064 56946 56932  4562 11122 11211  5226
   424 13440  9379 14619  8540  2529  9251 28414   848 34922 56931 56945
 56945 56945]
