8 [ 4562 56946 12557 10949  5226 10554 12392 56932 14423  2917 56946 10621
 56946  5804  5574 11211 35683 11120 11752  5226  5224  3612  4472   719
 13529  8374 11211 56932  8552  6151   425   455 56932 12045  8493 13450
  7383  5226  5224 11284 56931 56945 56945 56945 56945 56945 56945 56945
 56945 56945]
21 [12948 56932 14931  4085 13171  2199 56932  5224  6576  4472 11120  9160
  8448 10067  6212  5207  1346 11211 11120  3852 11926  5240 12672 12407
 11255 56931 56945 56945 56945 56945 56945 56945 56945 56945 56945 56945
 56945 56945 56945 56945 56945 56945 56945 56945 56945 56945 56945 56945
 56945 56945]
2 [ 9379 14619   865 56932  5226 14022 56932 15351 10629  4562  1163  4472
  7038 10067  4152  4472 56942 12297 56942 56931 56945 56945 56945 56945
 56945 56945 56945 56945 56945 56945 56945 56945 56945 56945 56945 56945
 56945 56945 56945 56945 56945 56945 56945 56945 56945 56945 56945 56945
 56945 56945]
12 [ 5226   424  4492 30707 56946 11211 11122 11211   217  4235  6471 12764
  5240 10954 11120 56946  4472  2826  4472 18637 13961   848   563 11817
 56932 13478  5804  4705   805  5226 10267 12371  2890  4492 12407 28675
 56932   494 22608   848   159 56931 56945 56945 56945 56945 56945 56945
 56945 56945]
