22 [56936 11149  4026  5804 10856 56946 56932  1233  5804  1332 32722 19456
  6151 11120 12673 12843 11211 13822  4883 11211 12764  1240 36913  4472
 16068 56937 56931 56945 56945 56945 56945 56945 56945 56945 56945 56945
 56945 56945 56945 56945 56945 56945 56945 56945 56945 56945 56945 56945
 56945 56945]
41 [ 5224 13440 13171 13091  8946  5224  4291  4472  5734 12611 56932 11211
 15083  4472  8373  5137 20874  6151 11093 10241 56932   848  5224  4472
  6099 56946 11211 56932 12889  7952  5611  1578  5224  2689  6260  5226
  5224  9102 27155 56932 14442  7462  4472  7898 10013 10621  1240 16256
  1925  2270]
