3 [10621 12672  6667 11211  1000  4562  6226  8593 11120  6471 12031 10621
  5224 12100 56932  9000  3245  4151 12125 10621 14122  3765 10067 13365
 56931 56945 56945 56945 56945 56945 56945 56945 56945 56945 56945 56945
 56945 56945 56945 56945 56945 56945 56945 56945 56945 56945 56945 56945
 56945 56945]
0 [ 4716  6997 11211  5224 56942 13396 14108 10067  9925  4125  6151 15276
  4472 56946 10621  6950  5224 56942 13396 14108  6558  6151 13815  6151
 14198 13346 56932 10621 11211 11120  8373  9490  7934  5226  4151 11197
 12605 56931 56945 56945 56945 56945 56945 56945 56945 56945 56945 56945
 56945 56945]
49 [ 5217  5280 56932  9198   848  3260  1340 11211  1000  1996 22502  1661
 10621  1996 25215 12033  4562  5804  4472  5513  1384   848 14524 56946
 56932 13371 12764 15145  5224  4339  4561  4562 11120  7182 10621 11673
 12360  5226  5224 10620 14802  4472 11211 56946  6574 10621 11211 10267
 11950  2986]
49 [10621 11122 18983 10067  3612 56932  5240 14503 30346 56932  4562  2890
   804  4472  6480 12297 56946 12297 56932  6260  4472  7167 56932 33177
 56932 14931 13171 56946 10291  5224 11995 11211 14923 56946 19006  4472
  5095  4472 31118 10621  5224  2932  6151 11211 56932  4472  5000 56932
 11117  6502]
