13 [ 5224 12170  8642  6151 11293  6151  9687  5488 11176  8509 11120  8290
 15093  4472  5198 56931 56945 56945 56945 56945 56945 56945 56945 56945
 56945 56945 56945 56945 56945 56945 56945 56945 56945 56945 56945 56945
 56945 56945 56945 56945 56945 56945 56945 56945 56945 56945 56945 56945
 56945 56945]
16 [11120  1994  8885  5226 14842  2890 56946 13171  4472 56946 56932  4562
 15058  1925 12675  7977 10067 56942 56931 56945 56945 56945 56945 56945
 56945 56945 56945 56945 56945 56945 56945 56945 56945 56945 56945 56945
 56945 56945 56945 56945 56945 56945 56945 56945 56945 56945 56945 56945
 56945 56945]
21 [ 4151  2789  4472  4225 13089 10557  2890  8716 10067 56942 13396 14108
  5226  8289  6260  5226 15210  4562  5224 12675  7977  4472 56942 56932
  4161  5804 56942 11804  4472  5895 56932  1288   217  6118 10067 10386
 56931 56945 56945 56945 56945 56945 56945 56945 56945 56945 56945 56945
 56945 56945]
15 [11120  4760 10545 11211  8373  2402  1240 56946  5226 13822  6090  5534
 56932  5224 13913  4472 56942 56932 56946  6151  5804  7394 56932 11211
  2733  8493 18623  4472  6142 56931 56945 56945 56945 56945 56945 56945
 56945 56945 56945 56945 56945 56945 56945 56945 56945 56945 56945 56945
 56945 56945]
49 [ 5224 27155 11984   425  8818  5224  8876  5551  4472  1231  7645  5226
  5224   468  5206  5226  5544 10201 56934 56946 56935 56932  2890  2689
 15083  4472 11211  5224  6145 13732 11117 56946 13396 56946 56932 56946
  6151 12347 13396 12238  1004 14314 10621  1240 22809  5226 11120  4932
  8973  4472]
