41 [11120 14476  6393  4472 56946 56932  4472 56942  5137 56932  1240  2313
 15083  4472 11211 11120 14611  9823 10067  7581  3855  4562  1807  5224
  9591  4472 11211  5224  2792  6309  5892  4472  9424  4472  5895  4472
  5121  4472  9220 56932  8630  5016 13098 15244 56932 11211 12764 10376
 56931 56945]
29 [ 1793 56932  5224 56946  9230  9201 11120  2580 56946  4472  4151  6159
  6151  5804 14821  3846 56946 56932  3050 15447  5226  3032 14475  6151
 11120 11211  5224   653 52688 56946 17358 13396 56942 11804  4472 15457
 56934 56942 11804  4472  5895 56935 56931 56945 56945 56945 56945 56945
 56945 56945]
