36 [10624  4472 11120  9849 10621 10067  9489  9538 12948  5224  2445 56932
  4472  2159   824 56932 11211  1240  3734  4562    19   694  3269  2861
  5224 28455 10067 15387  8967 11729 56745 56932 12407  8041 56932 10291
  8678  8493 12135  5226 15743 56932  5331  5224 11211  1240 34505  2890
   742 56932]
48 [12764  2451 56932 15201 11211 56940  4151 13910 10291  6744  5224 15623
  7482 12764  1240 11138  5226  9379  8445 56940 10621 56940  5226 14347
  7171 56940 12297  6351 12297 56940 11120  8728  2839   373 23530 11120
  7891  3285 10495 10291 32498  5224  7581  4472  4151 11816 10621 10291
 10530  5224]
11 [11120 13916 12800  1240  8783 12764  2451  5224 56946 35396 11211  4868
 17635 56942  3204 12566 10621 11211  1296  1240  4338  4562  5224   567
 20298 17364 56934 56942 56935 56931 56945 56945 56945 56945 56945 56945
 56945 56945 56945 56945 56945 56945 56945 56945 56945 56945 56945 56945
 56945 56945]
20 [ 5224  3835  4848 56932  8503  4472  5804 13171  2741  4472  1723 56932
 14662  5217   217  4562 11120  3057  7638 10291 14342  5226 14016 13371
 15284 13216  5942 56932  1288  5224  3835  5769 10621  6118 10067  3835
 56931 56945 56945 56945 56945 56945 56945 56945 56945 56945 56945 56945
 56945 56945]
2 [ 4693  4472  8606 10468 11120  2440 56932  5804 14058  3042  2890  4666
  6659 13396  9394  2704  2370  5224   994 10067 14246 56931 56945 56945
 56945 56945 56945 56945 56945 56945 56945 56945 56945 56945 56945 56945
 56945 56945 56945 56945 56945 56945 56945 56945 56945 56945 56945 56945
 56945 56945]
29 [56940  4550 56932 56936 11149 15590  6151  8606  5804 14765  4472 11120
    19 12135 56934  5804 15544 56935 11211  4562  3336 13371  4151 17574
 10621  4151 45389 15181  6151  1179  5804  4900 10291 13822  1357  7345
 56937 56940 56932  6183  9019 56931 56945 56945 56945 56945 56945 56945
 56945 56945]
35 [ 5224 13676 13857 10067 11955 10067 13365 13396 12135 10067  7843 12297
  5224  7206  5226 11122 11211  3645  4472  2689 12297  1240 10532  5224
  6260 56942  4472  8289 56932  5534  5804 32357  4472  4703  5724  9292
  4151 18267  4472 13822 15461  1088  4472 56946  5226  2890  9003  4472
  1601 56931]
10 [13396 11529 56932  5226  8567 12764  4770    13 10587 11211 11148 11120
  5272 56931 56945 56945 56945 56945 56945 56945 56945 56945 56945 56945
 56945 56945 56945 56945 56945 56945 56945 56945 56945 56945 56945 56945
 56945 56945 56945 56945 56945 56945 56945 56945 56945 56945 56945 56945
 56945 56945]
44 [ 5226  5224 10103  4472 13171 27039 13946  4472 11120  4722 56932  5226
 11120  6275 11091  7591 12019 11581  4758  4472  6013 56932  5226 24699
 56932  6151 56942 10440  1925 12728  4472  2921 56932   671  6006  6151
  5804  8752 56932  6151  5804 11211  5165 11211  5540 11120  6471 13396
 13396 12645]
9 [12764 14548  2678  5226  5224  2642  4472  2892  4472 40606  5224 15120
  5226  5804 12535 56931 56945 56945 56945 56945 56945 56945 56945 56945
 56945 56945 56945 56945 56945 56945 56945 56945 56945 56945 56945 56945
 56945 56945 56945 56945 56945 56945 56945 56945 56945 56945 56945 56945
 56945 56945]
34 [ 5226  1231 10785 56932  5224 56946  9823  4472  2654  6485  5226   425
   989  6151  5224 13640 11211  1231 10101  3349 14412   853    59  7956
  5804  6361  4472  4276 13371  9852  6151  4151   621 11211 14629  5804
  6829  5217 11120  7070  4472  8945  2370 11120 14611  1912 56931 56945
 56945 56945]
18 [ 4337 56946 56934 56946 56935  1240  4810  5224  5551 15083  4472  1879
  7381 11651 10621  2890  6203 56932 13278 14560 17040 56932  8355   420
 56946 56932  3421  2961 56932 12764  8902 27769 20436 10621 18083   420
 48117 56931 56945 56945 56945 56945 56945 56945 56945 56945 56945 56945
 56945 56945]
11 [ 5224  7843  8729 11120  6614  4472  1231  3104  4472   653 10291 12486
  5224  7944  4472  7425  3091  5226 11120  4932  2693 10067 56946  1925
 56946 56931 56945 56945 56945 56945 56945 56945 56945 56945 56945 56945
 56945 56945 56945 56945 56945 56945 56945 56945 56945 56945 56945 56945
 56945 56945]
7 [11120  9212  4472 11120  9893 14102  4472  9701  5699   424 13610 56931
 56945 56945 56945 56945 56945 56945 56945 56945 56945 56945 56945 56945
 56945 56945 56945 56945 56945 56945 56945 56945 56945 56945 56945 56945
 56945 56945 56945 56945 56945 56945 56945 56945 56945 56945 56945 56945
 56945 56945]
38 [ 4758 13529  8443  4472   671 56932 42069 10067 16772 56932  1040 12948
 11211  5804 10333  1240 56946 10067 56942  4472 14724  1925 56942  4472
 11966 56932 56942  3861 13171  4472 11122  7485 56932 10621 11211  5224
 12684  5240 10021  5224  9283  4472  8330 56934 10611   366 10621  8752
 56935  4161]
13 [ 5224  6260 56942  4472  8289 56932 10025 14378  9271  1487 11120  7626
  1925  2678  5224 15018  5226  5224 11211 26488 13396  2890 42931  4472
   683 56942  5056  5226 11120 14248  4472 20094 56931 56945 56945 56945
 56945 56945 56945 56945 56945 56945 56945 56945 56945 56945 56945 56945
 56945 56945]
16 [ 5224 14139  9517  4472 13732  7951 12948  1231  8614 12176  9422 56932
  8493 11311  6119 10291  5231  5224  2689 56942  4562 12672 13171 11211
  8493 10506  7505  4472 10150 56931 56945 56945 56945 56945 56945 56945
 56945 56945 56945 56945 56945 56945 56945 56945 56945 56945 56945 56945
 56945 56945]
10 [ 5224  4154  6201  5224   515  4472  9728 11211  1776  4472  4864  5217
  2890 14293   763 56931 56945 56945 56945 56945 56945 56945 56945 56945
 56945 56945 56945 56945 56945 56945 56945 56945 56945 56945 56945 56945
 56945 56945 56945 56945 56945 56945 56945 56945 56945 56945 56945 56945
 56945 56945]
