37 [ 5224  1702  5296 56932 13676 10067  8288  5567  4472 11120  8946 15875
 56932 28488  5224 56942  4472   995 56932 10621  4562 12342  1240  8317
  6755  6151 11120 21751  2890 13723  4472  1395  2095 11211  8509 11120
 27599 15515 47306  6151  4151 11817 17255 56932 13554  5226  1723 13371
  5226  5224]
18 [11120 12643  4472  9841 13334  8493  5500  8144  5432 15023 11120  4073
 10067  5234  2792  7466  3941  6151  8663  7795  1925 15548  7956  5224
 12218  4472  1231  3012 56931 56945 56945 56945 56945 56945 56945 56945
 56945 56945 56945 56945 56945 56945 56945 56945 56945 56945 56945 56945
 56945 56945]
