7 [ 5226 11646 12541 56932 11120  6855  4472  1296 10067  5806 31136  2890
 56946 56946  5226  5224  5879 56931 56945 56945 56945 56945 56945 56945
 56945 56945 56945 56945 56945 56945 56945 56945 56945 56945 56945 56945
 56945 56945 56945 56945 56945 56945 56945 56945 56945 56945 56945 56945
 56945 56945]
9 [11120  7210  4472   261 14201 12948 56932  4472 13478  3183 56932  5224
  2471  4332  4472 11120 10767 10621 11120  8281 10067  5076 56932  8236
 56946 56932  7930 11211 11120  6240 10067 14479  2273 19233  1925  9541
 10067  3786  2861 56940  5224  1437  4472 15590 10044 12764  4498 10067
 11575  4472]
3 [ 5351 11120   520   375  4472 13439 14260  6205 12015 56946 56931 56945
 56945 56945 56945 56945 56945 56945 56945 56945 56945 56945 56945 56945
 56945 56945 56945 56945 56945 56945 56945 56945 56945 56945 56945 56945
 56945 56945 56945 56945 56945 56945 56945 56945 56945 56945 56945 56945
 56945 56945]
27 [ 4472  2890  5689  1240  5924  4472  3806  4922 56932  4472 12761  6151
 11120 12523 56932  4472  8144  5432 56932  4472  6221  8493 14988  4472
 12164  4472 14555 47390 11211 48459  6151 15223  5226 11120 56946  4472
 11120 10134  3733 56931 56945 56945 56945 56945 56945 56945 56945 56945
 56945 56945]
18 [11120 13916 12800  1240  8783 12764  2451  5224 56946 35396 11211  4868
 17635 56942  3204 12566 10621 11211  1296  1240  4338  4562  5224   567
 20298 17364 56934 56942 56935 56931 56945 56945 56945 56945 56945 56945
 56945 56945 56945 56945 56945 56945 56945 56945 56945 56945 56945 56945
 56945 56945]
6 [56940 31867 14694   177  6151 11120  1004 56932  4562 11120 12673 12220
  4472 13681  9000 13092 18599 56940 56931 56945 56945 56945 56945 56945
 56945 56945 56945 56945 56945 56945 56945 56945 56945 56945 56945 56945
 56945 56945 56945 56945 56945 56945 56945 56945 56945 56945 56945 56945
 56945 56945]
4 [ 5224  9541 11827 15456  1296 56932  8788 56932  5226  7386 10621 12181
 13822  4290 14311 56932  6072 12297  1793  4472  6151 13822  8424 12297
  6151  5804  9996  6862  7298 13412 56931 56945 56945 56945 56945 56945
 56945 56945 56945 56945 56945 56945 56945 56945 56945 56945 56945 56945
 56945 56945]
12 [11120 56946  4472 11120  6686  4472  1324  1240  7780  2729  3245  1925
 11950  4472  1231 14564 15107 10621  1240 17416 13371 56940 56946  1324
 56940 56931 56945 56945 56945 56945 56945 56945 56945 56945 56945 56945
 56945 56945 56945 56945 56945 56945 56945 56945 56945 56945 56945 56945
 56945 56945]
19 [11120  5532 13006  4562 11120  4670 11211 17706  6151 11120 12394  4472
  8365 56934  1189 33595 56932 13396    19 12135 56935  1925  4189 11120
 17739  4472   713 56931 56945 56945 56945 56945 56945 56945 56945 56945
 56945 56945 56945 56945 56945 56945 56945 56945 56945 56945 56945 56945
 56945 56945]
15 [ 5534 12015 56946  1925  8598  9283 56942 56932  3650 11211 11122  4585
 56946  6151  6221 25012 10621 11211  1240  9952  5224 14578 56931 56945
 56945 56945 56945 56945 56945 56945 56945 56945 56945 56945 56945 56945
 56945 56945 56945 56945 56945 56945 56945 56945 56945 56945 56945 56945
 56945 56945]
9 [15394 17005  3245 11211 11120  9868 34727 56946 10067  3472 56934  4472
  5272  6151 11120 10773 56935 56932 11122 11211 13334  4151  9056  8550
 56931 56945 56945 56945 56945 56945 56945 56945 56945 56945 56945 56945
 56945 56945 56945 56945 56945 56945 56945 56945 56945 56945 56945 56945
 56945 56945]
32 [ 5224  2792  4472 11120  5844  4472 10700  8892  4472   968 56934  1369
 56935  9528 11211  5224  6949  7780  1896 56940  5226 56942 11804 11120
 13107   424  2689 10621  5804  4900 14811  5226  8425 56940 56932  5226
  8493   989 13031 11211 10627   217  5224   413 56940  5224  3733 56940
  4472  2921]
10 [56940  5224 13732  9840    52  4629  5224  8590 56931  4472  9591 56932
  6226  5224  1926  7780  8823 11211 13901  4472 11120  8200 10930  5280
  3869 14931  1170  4562 13822   778 56931  5224 13732 12764  7027 56932
 13371   746  8857 56932 12676 56942  1362 10291 14254  2890 14555  9541
 56931  4562]
19 [10291  6380 11120 35255  4472 11120  3806  4472 56946 56932  5224  3835
  4472  4049 56946  5804  5657  4472  7425 11950  6151 11950  5226  5224
 56942 13396 14108  5226 14842  4472 56942 56932 10621  5010  1231  6240
  4562  5224  9583  4472 11211 11120 13156  4472 11120 56946  5240 12543
 25579 56931]
21 [10291  6380 11120 35255  4472 11120  3806  4472 56946 56932  5224  3835
  4472  4049 56946  5804  5657  4472  7425 11950  6151 11950  5226  5224
 56942 13396 14108  5226 14842  4472 56942 56932 10621  5010  1231  6240
  4562  5224  9583  4472 11211 11120 13156  4472 11120 56946  5240 12543
 25579 56931]
38 [ 3401 56932  1240 15542 11211 11120 39818   155  5226  8493 38989  4472
  8373 13067  5226  2890 20741 10067  6812  4472 21484 56932   375 10067
 34080 10067 18534  3537 56932  9000  5804  4846  4608   746  1715 11211
 56932  5226 15107 56932  1240  6760  4472 22629  4472 11555 56931 56945
 56945 56945]
14 [ 5226 11120  4932  2693 56932  4151  9389 10067  5566 10621  4472  3432
  6151  2122 14568   865  4151  3243  5217  3559  4472  5804  5137 56942
 56931 56945 56945 56945 56945 56945 56945 56945 56945 56945 56945 56945
 56945 56945 56945 56945 56945 56945 56945 56945 56945 56945 56945 56945
 56945 56945]
19 [ 5224   653  9028 14040 11120  7626  5611  4472 11120  8163  5226  5804
   620 12200  5224 11255  2689 56932  5226 14693  4562  5804 10067  7992
  4472  2551 56932  2831  5226 14662 11211  4151  5008  4472  5657 10291
  5224 56942 56946 13396  5804  9315   365  6151  6884  9697  4472  5804
  5657  6151]
8 [56936  5217  3286  5804  9547  1240 18703  5226  2663  8973  6151  5804
 22413 10291 47668 11211 15394  2816 13396 10210 56937 56931 56945 56945
 56945 56945 56945 56945 56945 56945 56945 56945 56945 56945 56945 56945
 56945 56945 56945 56945 56945 56945 56945 56945 56945 56945 56945 56945
 56945 56945]
2 [13396  5224  5545 56932  4151 14030  4472  9379 14304 10621  3713 11959
 23850 15058  1925  2689  2824  5226   420  3388  6653 56934 13171  5226
 10336 56932 12889  3245  5226  5224  6319  5692 10621  4487 56935 10621
  5226  4151    21  4472  8859 10621  3162 56931 56945 56945 56945 56945
 56945 56945]
7 [12511   730 11211  5224 15548 14012 13396   273 56940  7780  9002  8555
  6151 11120 13480 56932 11211  8159  4562  6221  2496 11211  5240  1231
  3012 56940 56931 56945 56945 56945 56945 56945 56945 56945 56945 56945
 56945 56945 56945 56945 56945 56945 56945 56945 56945 56945 56945 56945
 56945 56945]
16 [ 9000 14735 56932 56946   683 13007 56942 10013  4472  5181 56932  1240
 52058  5226  2288  6151 11765 13396 11120 15615  4161 11120 14571  4472
  8689 56932   907  6151 11211 11120 13455  5530  8946  5723 56932 10621
  5224  5309  4472 12895 56932  9918 56931 56945 56945 56945 56945 56945
 56945 56945]
37 [ 5224 27155 11984   425  8818  5224  8876  5551  4472  1231  7645  5226
  5224   468  5206  5226  5544 10201 56934 56946 56935 56932  2890  2689
 15083  4472 11211  5224  6145 13732 11117 56946 13396 56946 56932 56946
  6151 12347 13396 12238  1004 14314 10621  1240 22809  5226 11120  4932
  8973  4472]
10 [ 5224 10386   201  8159 11211 56932 15083 10067  3104  4472 12948 10621
 10067 13004  4472  5804  7298 56932 56940  1240  7780 56946 11120  3063
  4472 17422 56940  5226   196 56931 56945 56945 56945 56945 56945 56945
 56945 56945 56945 56945 56945 56945 56945 56945 56945 56945 56945 56945
 56945 56945]
2 [ 2052  6151  2052 56932  1240 10756  1006  6151 11120 12901 56932 14931
  2923 13396  2865  7494 10363 56931 56945 56945 56945 56945 56945 56945
 56945 56945 56945 56945 56945 56945 56945 56945 56945 56945 56945 56945
 56945 56945 56945 56945 56945 56945 56945 56945 56945 56945 56945 56945
 56945 56945]
22 [ 5804  2208 34478   217 11120  4727 13845  6151 11120 14088  4472  9557
 56946 11211 11095 13822 15271  1925 14802  6151 15254  4472  1296  5226
  5224 15175  4472  9527 13814 10696 56931 56945 56945 56945 56945 56945
 56945 56945 56945 56945 56945 56945 56945 56945 56945 56945 56945 56945
 56945 56945]
9 [ 2890  1926 16383 14483 56932  2890  3343 12624  8823 56946 56932  7782
 12752 11120  1476 11211 56946 56934 51198 11120  7645  3733  4562  5224
 10565 56932 56946 11120  3058  1906 11098  4562  5240 14657  2041 56935
 11120 13107  4472 12345 13689 56931 56945 56945 56945 56945 56945 56945
 56945 56945]
20 [11120  7811   989  2861 11120  4472 18024 54591 10291  7325 13933 38836
  4562  4151  7764 10621  4562 11120 23877 10722  2814 56931 56945 56945
 56945 56945 56945 56945 56945 56945 56945 56945 56945 56945 56945 56945
 56945 56945 56945 56945 56945 56945 56945 56945 56945 56945 56945 56945
 56945 56945]
2 [13396    19 12135 56932  5224 10242 18531 10067 13723 10208 15512  5226
  5224  1950 10621  4569 13396 14791 56932  3908  9502 56946 56932 15625
  3245  1925  2595 10067   653 11211 56940  4959  1231  3111  4472  8606
 15244 13822  8732 13396 13822  7809  4472  1062 56940 56931 56945 56945
 56945 56945]
24 [ 5804 11360 56946 10621 19162 56946  3245  1240  9567  4979  5226  8325
 56932 12889  5226   425 11093  4722 13822  5843 12764  1240 12813  6151
  7538 10621 30235  3361 12128  1925  6812 56931 56945 56945 56945 56945
 56945 56945 56945 56945 56945 56945 56945 56945 56945 56945 56945 56945
 56945 56945]
28 [14939  3255 11211 10611  8155 27156  5226 12057  4472 13822 14464 14225
 10621  4562 13649 15354  8426 14128 56932  5224  3719  4472 11120  3852
 54397  6950 10067  6151  2814 12407 16715 21564 11211 13888  4151 14494
 56931 56945 56945 56945 56945 56945 56945 56945 56945 56945 56945 56945
 56945 56945]
41 [56940 12015  7780 14985  5224  2104  4472  7626 11211  8777  5804  4755
 56932  5224  8254  4472 11426  1925 11211 13512 10621 11120 13636  4562
 11120 11211  1240 13731  5226  5224  5372 13396  5224 13132  4472  1000
  6151 11120  8150  8128  5226  9735 56940 56931 56945 56945 56945 56945
 56945 56945]
2 [ 5226 11120 11938 56932  5804  8330 13512 56946 10621 11120  4687  1240
 56946 56931 56945 56945 56945 56945 56945 56945 56945 56945 56945 56945
 56945 56945 56945 56945 56945 56945 56945 56945 56945 56945 56945 56945
 56945 56945 56945 56945 56945 56945 56945 56945 56945 56945 56945 56945
 56945 56945]
7 [ 5226 11120 11938 56932  5804  8330 13512 56946 10621 11120  4687  1240
 56946 56931 56945 56945 56945 56945 56945 56945 56945 56945 56945 56945
 56945 56945 56945 56945 56945 56945 56945 56945 56945 56945 56945 56945
 56945 56945 56945 56945 56945 56945 56945 56945 56945 56945 56945 56945
 56945 56945]
6 [ 2890 13723  4472 12770 14662  5226 15445 11211  5224 10242  4472  7581
  4472  6467 56932 11966  2128  4472 14393 56932  7780 15328  6151  3969
 11211 56940  1233  5226 11120  3174   635  5224 14358  7494  5224 56946
  4472  5804  2322 56932  3245 11117  4346  5224 56946  4472  5804 12770
 56940 56932]
7 [11120 10767  4472 11669  7238 56932  4472 56946  5226  5224 23534 56932
 56946  6151  2890  7379  4562  6221  1231  9928 56932 12015 11617  4472
 43844 56931 56945 56945 56945 56945 56945 56945 56945 56945 56945 56945
 56945 56945 56945 56945 56945 56945 56945 56945 56945 56945 56945 56945
 56945 56945]
7 [ 1233  8373  9674  1240 15628  6151 11120  1004  1633  2890 11023 13016
 56932 13822  1892  1240 13754 56931 56945 56945 56945 56945 56945 56945
 56945 56945 56945 56945 56945 56945 56945 56945 56945 56945 56945 56945
 56945 56945 56945 56945 56945 56945 56945 56945 56945 56945 56945 56945
 56945 56945]
3 [56946 56932  5226 12328 56932  7212 14915 14315  8493 10177 11028 15447
 10621 13396 13290 11270  5226  5224  7532  2106  4472 13822  6557 56931
 56945 56945 56945 56945 56945 56945 56945 56945 56945 56945 56945 56945
 56945 56945 56945 56945 56945 56945 56945 56945 56945 56945 56945 56945
 56945 56945]
6 [10621  6205 56932 10611  5722  2890 13554 56946 56932 14377  5224 15623
 56931 56945 56945 56945 56945 56945 56945 56945 56945 56945 56945 56945
 56945 56945 56945 56945 56945 56945 56945 56945 56945 56945 56945 56945
 56945 56945 56945 56945 56945 56945 56945 56945 56945 56945 56945 56945
 56945 56945]
2 [ 4472 12937   682 56932  1233  5804  8162  4472  2606  1240 19466 56932
  1231  7037  6497  5226   420  5137 56931 56945 56945 56945 56945 56945
 56945 56945 56945 56945 56945 56945 56945 56945 56945 56945 56945 56945
 56945 56945 56945 56945 56945 56945 56945 56945 56945 56945 56945 56945
 56945 56945]
