20 [ 5224 12133  4472  4984  6351 11211 13280 11066  2890 10563 11085 11211
  6965  4151 14030  5226 11791 10621 11627 10621  1872  6151 11120 11840
  6151  8877  6151   453  9315 56931 56945 56945 56945 56945 56945 56945
 56945 56945 56945 56945 56945 56945 56945 56945 56945 56945 56945 56945
 56945 56945]
10 [13396 12135  4472  5804 10916 56932  5804 12969  4472 56946  2381  7956
 11120 12077  5224 15623  4472  5804   508 10621  3286  6667 15168  1231
  8324 56931 56945 56945 56945 56945 56945 56945 56945 56945 56945 56945
 56945 56945 56945 56945 56945 56945 56945 56945 56945 56945 56945 56945
 56945 56945]
17 [ 8509 11120  6255  5818  4472  9410 56932  5804 11754  4472  7581   848
  4472   653  4472 11120  2894 56946  1925 11964 15164 10621  1925  3104
  6151 11211 56946 56932  5226  5224 14568 13171  9888  1958 56932  4151
  8373 14596  4694 56932  6205 13371 11120  9443  6151 11120 11798 32168
  4472  5804]
5 [ 5224  3245  9243 15919 46405 14039  6151  5804  9139 14931  3818  1925
 10731  6151 16594 56946 56934 56942 56935 56932 13396 56946 56932 56946
 56932 56946 56932 56946 10621 56946 56931 56945 56945 56945 56945 56945
 56945 56945 56945 56945 56945 56945 56945 56945 56945 56945 56945 56945
 56945 56945]
11 [ 9000  8373  4472  5804   420 14058 13847  4472 11872 11120  5329  7936
  6151  5489 56932 56942   357 10067  1673 55412 56932 12835  7956  5224
 36490 10067 14139 44238 16844  4472  4151  4961 56934 16465 56935 56931
 56945 56945 56945 56945 56945 56945 56945 56945 56945 56945 56945 56945
 56945 56945]
2 [ 1416 47587 38183 12948  4562  8493 15905  1233 56946 15737 11211  5224
  4817   582 14496  6151   658 56931 56945 56945 56945 56945 56945 56945
 56945 56945 56945 56945 56945 56945 56945 56945 56945 56945 56945 56945
 56945 56945 56945 56945 56945 56945 56945 56945 56945 56945 56945 56945
 56945 56945]
14 [56940  1233  5224  9925 13280 11122 11211  1659 11211  3645  6151  8606
 56932 15360 12994  1925 11255  2792  4472 12379  5452 56940 56932  1243
   505  5226 11120  7442 56940 11140  4472  6976 56940 15023  5224  7261
  4472  8493  1300   445 56931 56945 56945 56945 56945 56945 56945 56945
 56945 56945]
31 [ 2890  7738 56932 56946 13371  2890 17811  9558 10621 32968  4562  8586
 10067  6013 40518  6151  1231  6566 10621 11211  9358  6151 11120  9893
  3733 56932 56946 10621 14931  4200 56932  4302  6151 11120 16346  5226
  1231  1863  4472 13171  4472  8493  4000 56931 56945 56945 56945 56945
 56945 56945]
6 [10621  4550 56932 13529 23691 56932 56384  1925 15234  4472 11120 13806
  8503  4472  5804  8373 56946 10621 56946  6151  7922  5224  2220 56931
 56945 56945 56945 56945 56945 56945 56945 56945 56945 56945 56945 56945
 56945 56945 56945 56945 56945 56945 56945 56945 56945 56945 56945 56945
 56945 56945]
2 [12424  6002 14718  6151 13822  6616  6151 11120 13161 56932  2207 13396
 11156 56931 56945 56945 56945 56945 56945 56945 56945 56945 56945 56945
 56945 56945 56945 56945 56945 56945 56945 56945 56945 56945 56945 56945
 56945 56945 56945 56945 56945 56945 56945 56945 56945 56945 56945 56945
 56945 56945]
