8 [11120  6805 15161  5147   217 56932  8788 56932 11211  7780  3924 11120
 12742  4472  2890 15316  4472  5997 13396  5224  7082 56946  8943 12139
 56934 14931 56935 56932  8468  6641 56934  5236 56935 10621 12613  6615
 14030 56934 56946 56935   805  5224  7057  4561  4472 12424 14729  2844
  4472 12381]
11 [13555  5240 11120 14053  4472  5804  3049  5226 11120 14779 10468 11211
 56932 56946  5804  8561 13396 11950  4472 11120 12921 56932  5804  9446
   865  5804  3861 11211 32449 13171  8440  4472  5804 15148 56931 56945
 56945 56945 56945 56945 56945 56945 56945 56945 56945 56945 56945 56945
 56945 56945]
31 [ 5224  3612  9210  8729  1231  2415 10291  1227  5224  9541 56932  9000
  5224  2610 13064  4653  5226  5804 10013  3559  4562  8373   340 10067
  7364 56946  5226 14442  7381 10013 10621  5534 18132 10025   372 10291
  5224  7261 10067 12687 13342 13396  5224  8984  9775 11281 56931 56945
 56945 56945]
10 [ 9000  5224  4760 56932 11211  5224 56942  4472  8289 41295 11211  2464
 56946  5226  4224  4472 10022 56932  3120 11211  4151  3336  9895 13396
  5224   653 12764   865  1189 12512 10621  1240  9127  5226 15276  4472
    13 22485 11211 56946  6151 11120  9745  5226   420  8589 56931 56945
 56945 56945]
8 [11120  9745  2775 56946 56946  5147  5224  9544 11211  7780 15328  6151
  2890 14399  4472  1242 10291  1231   990  4562 11120  9694 56946 11211
  4319  5224 12328  4472 56942  8849  4472 56946 13396 10267  8493  4472
 11120  9745 50633 56931 56945 56945 56945 56945 56945 56945 56945 56945
 56945 56945]
41 [ 5224  6519 10067  4942 13396 11623 10621 56946 15512  4472 11120  6805
  4472 12831 10067 14084 56932 10958 37873 56932  7780   880 11120  3820
  5226 11120  1976  8973 10067  9230  4472  2667 56932  3908  2004  6270
 56932  4562  5224   273  4472 11211 13004  7956  5224 15316  4472 14693
  4472 11807]
43 [10291  5804  4908  4472 11120  5918 56932 11120  2169  4472  5804 13043
  7962 56932 12555 11120  6855  4472  2828 56932  1240 15174  5217  5224
  1601  4472  8819  3405  5226  8493  4472  4151 14928  3455  4472 11921
  5217  5224 11143  8658  4472 56942 56932  5534  5804 10319  7502 11067
  5217  5224]
5 [13525  5165  1925 10386 15445 11211  2670 11120 11791  7956  5224  6058
 10621  5147 11211  5226  9888 11120 13778  9260  2890 21862 16511  4472
  4151 11622  4472  5804  8014  4472  6058 56931 56945 56945 56945 56945
 56945 56945 56945 56945 56945 56945 56945 56945 56945 56945 56945 56945
 56945 56945]
16 [ 1352 56932  5224  4188  4285 10621 15639  5972  4472 10766 56932  9353
   217 56932  3786 56932 11211 13776 10899  5224  2445  4472 11016  4472
  9835  3301 13396 11120 11556  4472  5804 10700  9362  4472 10766 56934
 56946 56935 10291 13853  8493  4188   657  5226  4151  4558 13901 10067
  6604 56931]
4 [ 5165  6151 11120  6275 11211  1049  7305  5226 10105  5226 11120  3174
  5224   982  4472 56940 12611 13396  5224 13893  4518  9591 56940 56932
 14260  5226  5804 10700 11211 56946 13396 56940 56946 13822 10555  7956
 11120 11668 10621 11120  6471  1396 28610  1925  5566  3676 10621  6151
 10733  4472]
15 [13780  9054  2890 13857  4472 11120  2749  4472 11120 11786  4472  8444
 56942  6151   661 11211  8714  5224  9283  4472 14702 13371  4482 13970
  8271  4562  1892  6151 10355 13849  4472 12596  5500 56932  3416  4151
  6118 56931 56945 56945 56945 56945 56945 56945 56945 56945 56945 56945
 56945 56945]
6 [ 9775 12611  5165  1925 56946  8984 11211  1641  6151  7851 56932 56940
  5226  1527  4472 13910 56940 56932 14352  4657 15058  6151 11646 14729
  4472 11120 14653 56931 56945 56945 56945 56945 56945 56945 56945 56945
 56945 56945 56945 56945 56945 56945 56945 56945 56945 56945 56945 56945
 56945 56945]
12 [ 3623  1231 15472  4562 15116 11211  4585 13171  8448  4472  5804 56946
 11211  4472  4151 13864 56931 56945 56945 56945 56945 56945 56945 56945
 56945 56945 56945 56945 56945 56945 56945 56945 56945 56945 56945 56945
 56945 56945 56945 56945 56945 56945 56945 56945 56945 56945 56945 56945
 56945 56945]
38 [ 4973 37911 56932  2792  4472 11120 10260 13524 21922 13149 56932 11499
 11211  5224 13513    85   880 13396 56940  9394   465 56940 10621 10272
 11211  7780 14043  1925  9230 10246  4472 12336  9121 56932  4758 13662
  9992 56932 11211  1191 14122 12831 56931 56945 56945 56945 56945 56945
 56945 56945]
20 [ 7793 10118  1346 11211  1231 14623  1240 11220  4472 39816  6151  1447
  3667  4472  7440  5226 13330  4472 56942 10621 11211  2575 10621  5195
 15394 19975  5226 11120 34350 56931 56945 56945 56945 56945 56945 56945
 56945 56945 56945 56945 56945 56945 56945 56945 56945 56945 56945 56945
 56945 56945]
21 [12511   730 11211  5224 15548 14012 13396   273 56940  7780  9002  8555
  6151 11120 13480 56932 11211  8159  4562  6221  2496 11211  5240  1231
  3012 56940 56931 56945 56945 56945 56945 56945 56945 56945 56945 56945
 56945 56945 56945 56945 56945 56945 56945 56945 56945 56945 56945 56945
 56945 56945]
11 [56946 56946 15201 12948 11211  7780 14043  1925  9230  4472  2496 11211
 56946 56931 56945 56945 56945 56945 56945 56945 56945 56945 56945 56945
 56945 56945 56945 56945 56945 56945 56945 56945 56945 56945 56945 56945
 56945 56945 56945 56945 56945 56945 56945 56945 56945 56945 56945 56945
 56945 56945]
24 [ 5224  2880 11828  5226  8876 15168  6151  5804  4740 11211 56932  4693
  4472  9607 11120  4348 56932  4493  6151  5804   433  2831  5226 14662
 11211  8090 13371 11120 15315 56932 11120  9223 56932 11120 13491  5401
   848  7353  5647 10621  8612  1240  1784  4562 11120 10225  2246 56932
  1925    20]
29 [56940 10291   786 56932  5224 13866  4472 11120  9852  4472 11120  1035
 56946  4868  6151  8545 12407  7758 56931  5804  5574  8433  1340 12761
  6151  4151  2960 13910  5989 11211  5804  5574  1317 56932 13396 11122
 11211  1233  6151  2890   821  3733  1240 11117 56946 11120 15167 10621
  6151  8503]
12 [ 5226 11669  7532 56932 11120 56940  9875 56940 14204 13822  3243  4649
  5534 26605 56932 56946   848 54916  1240 56946  6151  8244  4161  5224
 10855  4472 11120 18507 56946 56932 12889  5226  5224    13  5689 14866
 11122 12754  5226  5804  3758  4472 56946   848 56946 56932  4518 56946
 13396  8995]
9 [11120  4836 10067  2792  9222  1694 56940 43560 56940 11211  1723 15145
  5224  6319  4562  5224 13343  4472 24285 13171  5331 10067  1926 10621
  4721  6151  5804 14331  4472  1231  9541  6151 56940  2188  8493  3174
  4472 10107  3432 10621 11120  9927  1893  4472  4151   713  5226  5224
  1926 10067]
29 [13396    19 12135 56932  5224 10242 18531 10067 13723 10208 15512  5226
  5224  1950 10621  4569 13396 14791 56932  3908  9502 56946 56932 15625
  3245  1925  2595 10067   653 11211 56940  4959  1231  3111  4472  8606
 15244 13822  8732 13396 13822  7809  4472  1062 56940 56931 56945 56945
 56945 56945]
5 [ 2522  1015  5226  8876 15168 11211  1723  3546  6151 56946 11120 14602
  4472   692 15244 11211  5224  2610  4472 11120  2894 56932  2890 56946
 10067 11763  4472 56942 13344  6151  2890 56946 56932 10621  1379  8871
 11211  4049 56934 56946 56935 56932 10442 56934 56946 56935 10621  5754
 56934 56946]
15 [ 2522  1015  5226  8876 15168 11211  1723  3546  6151 56946 11120 14602
  4472   692 15244 11211  5224  2610  4472 11120  2894 56932  2890 56946
 10067 11763  4472 56942 13344  6151  2890 56946 56932 10621  1379  8871
 11211  4049 56934 56946 56935 56932 10442 56934 56946 56935 10621  5754
 56934 56946]
13 [ 5224  9591  4472 11211  1231  3852 12764  1240 40445  4161 12948 12675
  9999 11211 12407  3361  8155 56946  1925  1087 56931 56945 56945 56945
 56945 56945 56945 56945 56945 56945 56945 56945 56945 56945 56945 56945
 56945 56945 56945 56945 56945 56945 56945 56945 56945 56945 56945 56945
 56945 56945]
14 [56946 56946   217 56932  8509 13649  2185  7956 11120 13450 11091  4472
  2668 56932 11211  6151 14914 12284  1240  2542  5224  7977  6260  5226
  8573 56934 12379  5452 56935  5224  2792  2631  4472  2464 56932 14716
 56946 56932 10621  5224 14357  4472  9535  4472 11120  9849 56932  9557
 56844 56931]
2 [ 6151   661 11211  2417  5804  3861 56932 11120   445  5061 10621  4151
 13864 31867 10267  1004 13171  9158 56931 56945 56945 56945 56945 56945
 56945 56945 56945 56945 56945 56945 56945 56945 56945 56945 56945 56945
 56945 56945 56945 56945 56945 56945 56945 56945 56945 56945 56945 56945
 56945 56945]
7 [ 2890 13723  4472 12770 14662  5226 15445 11211  5224 10242  4472  7581
  4472  6467 56932 11966  2128  4472 14393 56932  7780 15328  6151  3969
 11211 56940  1233  5226 11120  3174   635  5224 14358  7494  5224 56946
  4472  5804  2322 56932  3245 11117  4346  5224 56946  4472  5804 12770
 56940 56932]
6 [  425  9049  5240  2890 56946 14974 11211  5224  9874  5942  4472 56942
 11804  6154  5226    20 11762 10067  2689  2824 56931 56945 56945 56945
 56945 56945 56945 56945 56945 56945 56945 56945 56945 56945 56945 56945
 56945 56945 56945 56945 56945 56945 56945 56945 56945 56945 56945 56945
 56945 56945]
24 [ 6205  5240 11211  4562 15640  5137  4518 34183 56932  2591 56946  5240
 13441  8493 34548 56932 23713  4562  5224 22670 56932 15640  5137 15083
 11211 12035 56946 56931 56945 56945 56945 56945 56945 56945 56945 56945
 56945 56945 56945 56945 56945 56945 56945 56945 56945 56945 56945 56945
 56945 56945]
23 [ 3047  5224 17393  4472 56946 13841  6151  1231 14761 12297 12297  1925
  8871  5226  2890  1242 12297 12297 13371  8493 22383 13171 56946 11211
 13775 56933  9000 11122 14347  5240 11211  8666  5224  1926  4562    13
 12562 10621  9039  3082 56932  4562  5224 16090  4472  2890 29708 56931
 56945 56945]
