26 [  930 56932 45009  5224  9322  4562  1870  4472  8493  1976  4472   587
 19014  6151  7608  4472 11120 41669 56932  4161 11211  2890 56946  1909
   915 13498  8244  5217  5224 34080 14777  5226   425  1976 56932  3828
 16105 10809   420 16491 56932  7868 11120  7276  3091 56931 56945 56945
 56945 56945]
5 [ 8493  4472  4151 56946  4472 12936  5226 11120  7207  2076  3682  5972
 56932  4550  3974  5226 11120  8290 56932 56946 56931 56945 56945 56945
 56945 56945 56945 56945 56945 56945 56945 56945 56945 56945 56945 56945
 56945 56945 56945 56945 56945 56945 56945 56945 56945 56945 56945 56945
 56945 56945]
