22 [ 5224  4332  3268  4472  5804  2402 56946  5226 14123 56932 10827 10867
  8615 56932  6351 12948 11211 56940    85  2890  2642 12764 14566  6151
 11120  4816 12683 56940  5534  5224  9544 13396 11120 14675 11430  8122
  5224 15175  4472 15538  8509 14378  1362  5226  9028  4472 11211 10481
 13822 56946]
8 [ 5804  5574 10067 12741  7846   217 11211 14575 13135  1925 13732  5226
 11120  7261  4472 11120 13172 10067 11183  5226 15168  4472  5226  4151
  9001 56932 15023   673 12948 12049 11360  6644 10291   425 13046 56931
 56945 56945 56945 56945 56945 56945 56945 56945 56945 56945 56945 56945
 56945 56945]
9 [ 3245  1240 31969  4151  9684  4472 56946 56932 11211  1828 15969  1925
  4842  4472 16071   558 56931 56945 56945 56945 56945 56945 56945 56945
 56945 56945 56945 56945 56945 56945 56945 56945 56945 56945 56945 56945
 56945 56945 56945 56945 56945 56945 56945 56945 56945 56945 56945 56945
 56945 56945]
23 [10420 56932  8509  5224 56946  2870  4472  2890  1782  4472 11120  3664
  5427 56932 56946 56946 56946 56932 10621  4472  1231  4836  1240 56946
  6151 11120  9033 56931 56945 56945 56945 56945 56945 56945 56945 56945
 56945 56945 56945 56945 56945 56945 56945 56945 56945 56945 56945 56945
 56945 56945]
2 [ 7393  6151 56946  1925  3070 56932 11122 11100  5240 12764  6708 11211
 56946 13822 31455 56932 56946  5226 11904 56931 56945 56945 56945 56945
 56945 56945 56945 56945 56945 56945 56945 56945 56945 56945 56945 56945
 56945 56945 56945 56945 56945 56945 56945 56945 56945 56945 56945 56945
 56945 56945]
4 [ 8493   437  2940  6151 56946  4472 14555  6151 56946 56142 56931 56945
 56945 56945 56945 56945 56945 56945 56945 56945 56945 56945 56945 56945
 56945 56945 56945 56945 56945 56945 56945 56945 56945 56945 56945 56945
 56945 56945 56945 56945 56945 56945 56945 56945 56945 56945 56945 56945
 56945 56945]
14 [ 5224  5887 31107 11211  1231  6319 12764  1240  1841 13396  1811  4161
 11211  1240 56946  6151  5804  4908 10621  1240 51712  5224 13365  2820
 56946 56931 56945 56945 56945 56945 56945 56945 56945 56945 56945 56945
 56945 56945 56945 56945 56945 56945 56945 56945 56945 56945 56945 56945
 56945 56945]
14 [ 5224 13723 10208  6695 14204 11211 13798  1793  4562 17998  6151  4151
  8155 11211 56946  6151  5513 56946 56932  3951 11581  2462 13532 10621
 12909 10172 15341 56931 56945 56945 56945 56945 56945 56945 56945 56945
 56945 56945 56945 56945 56945 56945 56945 56945 56945 56945 56945 56945
 56945 56945]
18 [11120 13724 10067 15175 56932 14545  9083 56932   730 11211  5224 10103
  9768 56940 15588 11120 12895 10621 56946  6151  5804  7691 10067 13857
  4472  9379  1825 56940 56931 56945 56945 56945 56945 56945 56945 56945
 56945 56945 56945 56945 56945 56945 56945 56945 56945 56945 56945 56945
 56945 56945]
30 [ 1233 11120  9852  4472  2890  3345  3158  5240  5224 12764 52496 56932
 44302 12702  6151  1231  4492  4472 11120 11752 13344  6151  5804 11853
 52661 56932  9000  5226 11813 13440 54827  1925  3888 56931 56945 56945
 56945 56945 56945 56945 56945 56945 56945 56945 56945 56945 56945 56945
 56945 56945]
17 [11120  7833  3727 56932 11211  7494 10291 11120 10789  8493   467  4472
 10350 56946 56932  7780  3609  2296  6151  5804 12534  4562 56942  5699
 13396 10267  7337  2565  5226  4151 14633 56946 10621 56946 10067 13579
  5226 15019 56931 56945 56945 56945 56945 56945 56945 56945 56945 56945
 56945 56945]
