2 [ 3623  1231 15472  4562 15116 11211  4585 13171  8448  4472  5804 56946
 11211  4472  4151 13864 56931 56945 56945 56945 56945 56945 56945 56945
 56945 56945 56945 56945 56945 56945 56945 56945 56945 56945 56945 56945
 56945 56945 56945 56945 56945 56945 56945 56945 56945 56945 56945 56945
 56945 56945]
37 [ 2890  7738 56932 56946 13371  2890 17811  9558 10621 32968  4562  8586
 10067  6013 40518  6151  1231  6566 10621 11211  9358  6151 11120  9893
  3733 56932 56946 10621 14931  4200 56932  4302  6151 11120 16346  5226
  1231  1863  4472 13171  4472  8493  4000 56931 56945 56945 56945 56945
 56945 56945]
