38 [15424  4343 56932 13242  7466 10067  5806 56932  4044   217  6151 11120
 25691 10291 14234  1925 23546  1727  5226  5224  9541  4472  6764  4472
 11120 15677  8897  4472 11120  8200  4472  8263 11211  5224  3612  4472
 14655  8292    28  5224 11255 13348  5226 13720 11662 56931 56945 56945
 56945 56945]
21 [ 6151 14849  4472 11211 11120  7444  4472 12474  5226  1922  7494  1231
   226  5226  5224 15631 15175  4472 13732 56932 11122 13938  5226  6542
 56931 56945 56945 56945 56945 56945 56945 56945 56945 56945 56945 56945
 56945 56945 56945 56945 56945 56945 56945 56945 56945 56945 56945 56945
 56945 56945]
