5 [ 5226   424 13440 56932  5676 56946  5226  5224  7956  4472  1231 14753
  4472 11120  1062 10291 11211  1240 12730  5226 14662  5226  5224  3172
  4472 13408 56931 56945 56945 56945 56945 56945 56945 56945 56945 56945
 56945 56945 56945 56945 56945 56945 56945 56945 56945 56945 56945 56945
 56945 56945]
25 [ 5226 12379  5452 53847  5226  1242 56932 14931 11744 56932  9135  4472
  4151  8373  7429 56932 12889  1240   874  1233  6572  5226 56946   848
  1240 56946  5226    13 15168 56931 56945 56945 56945 56945 56945 56945
 56945 56945 56945 56945 56945 56945 56945 56945 56945 56945 56945 56945
 56945 56945]
