11 [11120  1971 10067 56946  5835 56932 13396    13  5689 56932 11120 13622
  4472  1231  9541  4472  8678  6151  5804  1551 10621 11120 13174  5226
 15623  5769  4472 11120   445 10471  4472  1231 11668 12031 10291  4151
  4290  6151 11120  9832  4472 10110 10621  5082  6221   207  1925 15058
 56931 56945]
6 [ 5804 11770 26348 10291  9703  5224 15316  4472  1131  4472  1877  4472
 13732 56932 13300 56932  5226  1231  6098 56932  4472 11211  5224  2623
  5240 56946 56931 56945 56945 56945 56945 56945 56945 56945 56945 56945
 56945 56945 56945 56945 56945 56945 56945 56945 56945 56945 56945 56945
 56945 56945]
6 [ 5224  7811 12213  2861  5224 10067  5078  4472 56946  4472 14545 56946
 56932 56940  6950  4151 17607 11526 56946 56940 11211  5224 56946 15884
 56946  1240  8057 15379  3245  5226  1231  2175 56931 56945 56945 56945
 56945 56945 56945 56945 56945 56945 56945 56945 56945 56945 56945 56945
 56945 56945]
