14 [13396  1231 12135 56932  5224  1408  1218 56932 14009 56946 56932  7780
  7039  6151 24506  5226 10746 10621 14524 56946 10291 13135  1925  3612
 56940 56946 56940 56931 56945 56945 56945 56945 56945 56945 56945 56945
 56945 56945 56945 56945 56945 56945 56945 56945 56945 56945 56945 56945
 56945 56945]
8 [13649 56942  8155  4472  1069  4472  6221  1723  4990 10067 11950 56942
  1925 56942  5226  2084  5226 13649  2185 10291  2003  4151  2131  9434
  5226 11120 13870 15227 56931 56945 56945 56945 56945 56945 56945 56945
 56945 56945 56945 56945 56945 56945 56945 56945 56945 56945 56945 56945
 56945 56945]
14 [56940  8025  5684  6341 43621 11211  5224  6757 12764  5240  5224 12675
 10621 15219 15669  5226 11120 10346 56940 56932  6299  5224  2471  2944
 56931 56945 56945 56945 56945 56945 56945 56945 56945 56945 56945 56945
 56945 56945 56945 56945 56945 56945 56945 56945 56945 56945 56945 56945
 56945 56945]
14 [56940  5226 56942 56932  2340  6151  3225 10067  8876 22049 56932  5226
  4884 11111  1749 56940 56931 56945 56945 56945 56945 56945 56945 56945
 56945 56945 56945 56945 56945 56945 56945 56945 56945 56945 56945 56945
 56945 56945 56945 56945 56945 56945 56945 56945 56945 56945 56945 56945
 56945 56945]
