3 [13396 11674  5224  9691 11783  1925 11211  1240 10469  1925  9599  7412
  4562 11120 11946  5974  4472  9161 10621  3245  4562  1540  4472  8854
 12764  5240 13171 11211  8493 19890 25305 56932 26170  4472  6256 56932
  6151 14849  4472 11211 12569  7394  1396  1452 56946 13371  2481  7344
 56931 56945]
17 [ 5224  3835  4848 56932  8503  4472  5804 13171  2741  4472  1723 56932
 14662  5217   217  4562 11120  3057  7638 10291 14342  5226 14016 13371
 15284 13216  5942 56932  1288  5224  3835  5769 10621  6118 10067  3835
 56931 56945 56945 56945 56945 56945 56945 56945 56945 56945 56945 56945
 56945 56945]
41 [13567 56946 56932  3497 10067  8876 13554 10067  3612  5913 56932  8666
  6151 56942  1231 14662  5226  5224  7871 11284 10621  6197  5240  1782
  5226 11648  4472 11120 11753  4472 10131 10067 13732  5226 11120  8200
 56946 56932  4562  8503  4472  2415  7956   861 56931 56945 56945 56945
 56945 56945]
23 [ 5224 13576  3384  6118   730  2861 56940 12937  4151  2171   865 56946
 10621 56932  1233   753 14923 12489 56932  6241  5226 11120  7811  9707
 10291  8606  5804 10314 10971 56940 56931 56945 56945 56945 56945 56945
 56945 56945 56945 56945 56945 56945 56945 56945 56945 56945 56945 56945
 56945 56945]
23 [ 5224 12956  1096 11211 56932  6151 14849  4472 11211 11120 14753  4472
 11120  4476  3037 56940 15074 56940 56932 11120   124  4472  4151   621
  7956 11120 56940  8728  7594 10621   942 56940    85 10972  4472  5187
 56940  4223 10621 10294 56940 10621  4562 10722  7718 56931 56945 56945
 56945 56945]
5 [ 5153  4405  5226  2135 11120  6098 11211  7494  5224  2792  4472 11120
 15284   635  7956 11120 14390  4472   424  3835  5047 56931 56945 56945
 56945 56945 56945 56945 56945 56945 56945 56945 56945 56945 56945 56945
 56945 56945 56945 56945 56945 56945 56945 56945 56945 56945 56945 56945
 56945 56945]
12 [56946  9768  9292  1379  1231 14693  4472  4284 13940 56932  4562  8493
 11469 12407  7001  5179 11120 11111  4472 33754 56931 56945 56945 56945
 56945 56945 56945 56945 56945 56945 56945 56945 56945 56945 56945 56945
 56945 56945 56945 56945 56945 56945 56945 56945 56945 56945 56945 56945
 56945 56945]
