23 [10867 11979   424 13723  4472 56940 12407  7008 56940 10621 15201 11211
 56940  1061  5534  7709 56940 56932 10621  9371 11211 19764   919 15583
 10611  4151 13549  2370  4151 17344  4472  5804  3204 10621 11120 14678
 10067  5234  4817   501 11513 13952   848  4562  5804 12525 15278   425
 14675  5226]
6 [ 8630 11211 11120 15302  5942 56934  4212 10611  2789  6862 10994 56935
 10067  8876 13610   595  5226 56942 11804 15058  1925 12675 11762  4472
 56942 56932  5804  8732 13688 13396  3054  6950   746 15566  5226 56942
 11804 56931 56945 56945 56945 56945 56945 56945 56945 56945 56945 56945
 56945 56945]
29 [ 8509  5224  8876 13610 10067  2689 56932  5224 11783  9829  4472  4151
  2789 10621  5224 13857  5226  2890 56946  4472  4151 10994   746  9591
 11211  5224  9874  5942 56934  4212 10611  2789  6862 10994 56935  1240
  8930  5226 56942 11804 56931 56945 56945 56945 56945 56945 56945 56945
 56945 56945]
