4 [ 5224  6251  4472 13223 12387  2986 11515 56932  4562  5615  4472 11616
 10621 10025 56946 13396  1231  5632  1329 10621 14869 56931 56945 56945
 56945 56945 56945 56945 56945 56945 56945 56945 56945 56945 56945 56945
 56945 56945 56945 56945 56945 56945 56945 56945 56945 56945 56945 56945
 56945 56945]
44 [ 5226  7386 56932  5224 12365  4472  9146  7780 20444 26767 13822  1825
  5226  5224  2792  4472 10442 56932 10556  2828 56932 10621  5226  5224
  7423 10621  4569 12855 56932  1925  9792 56932 37705  5226 11211 56940
  5011 56942  3861 10291  5224   273  4472 11120  8946 56946 56940 56932
  8630 11211]
32 [ 2890  1926 16383 14483 56932  2890  3343 12624  8823 56946 56932  7782
 12752 11120  1476 11211 56946 56934 51198 11120  7645  3733  4562  5224
 10565 56932 56946 11120  3058  1906 11098  4562  5240 14657  2041 56935
 11120 13107  4472 12345 13689 56931 56945 56945 56945 56945 56945 56945
 56945 56945]
