27 [ 5224  3612  3676 10067  2792  1218 56932 14524 15043 14751 56932 10621
  8493  3933 10067  7538 11343  5432 56934  1403 56935  7829 12948  5226
 11517  8493  6614  8572 12682 10291 12208  2259 13251  6151 11120  4415
 12925  1106 11211  4807  6151 11120  3806 10067  6319  4566 56931 56945
 56945 56945]
28 [ 5224  3612  3676 10067  2792  1218 56932 14524 15043 14751 56932 10621
  8493  3933 10067  7538 11343  5432 56934  1403 56935  7829 12948  5226
 11517  8493  6614  8572 12682 10291 12208  2259 13251  6151 11120  4415
 12925  1106 11211  4807  6151 11120  3806 10067  6319  4566 56931 56945
 56945 56945]
