8 [ 4472  9198  5815 11211  4151  8165  5708  2745  9511  6151  9678  5224
 10511 12297 12297 13171 13276  5226  5804  2974 12297 12297 10621  6151
  2158  5804  5657  4472  7425 12297 12297  8870  1728  4472  7243 13402
 10621   414 13171 13084 12297 12297 56931 56945 56945 56945 56945 56945
 56945 56945]
10 [ 8493 14564 56946 56946  1723  6151 15254  4472   217 10621   522  8415
  6151  8295 10621  5224 12728  4472 11120 14774 56932 12889 11120  5152
 10067 11554 21843  4472 12948  5226 11120  4188 12135 10067  6319  6645
  6151 14028 12683  3956 13478  5804 24122  4472 10942 56931 56945 56945
 56945 56945]
4 [11120  1752  3245  7780 15211  1925   821 10621  1925 12741 56931 56945
 56945 56945 56945 56945 56945 56945 56945 56945 56945 56945 56945 56945
 56945 56945 56945 56945 56945 56945 56945 56945 56945 56945 56945 56945
 56945 56945 56945 56945 56945 56945 56945 56945 56945 56945 56945 56945
 56945 56945]
7 [35326 56933  7321 10095  4472 14113 56932 56946  6151 14378  5574  4472
  3733 10621  6151   420  4472 11688 56931 56945 56945 56945 56945 56945
 56945 56945 56945 56945 56945 56945 56945 56945 56945 56945 56945 56945
 56945 56945 56945 56945 56945 56945 56945 56945 56945 56945 56945 56945
 56945 56945]
