28 [13555  5240 11120 14053  4472  5804  3049  5226 11120 14779 10468 11211
 56932 56946  5804  8561 13396 11950  4472 11120 12921 56932  5804  9446
   865  5804  3861 11211 32449 13171  8440  4472  5804 15148 56931 56945
 56945 56945 56945 56945 56945 56945 56945 56945 56945 56945 56945 56945
 56945 56945]
12 [ 5224 12133  4472  4984  6351 11211 13280 11066  2890 10563 11085 11211
  6965  4151 14030  5226 11791 10621 11627 10621  1872  6151 11120 11840
  6151  8877  6151   453  9315 56931 56945 56945 56945 56945 56945 56945
 56945 56945 56945 56945 56945 56945 56945 56945 56945 56945 56945 56945
 56945 56945]
9 [ 2905 56932  6489 56932 13673 10621  2383  5377 13396 14001  5224  7478
  8661 56931 56945 56945 56945 56945 56945 56945 56945 56945 56945 56945
 56945 56945 56945 56945 56945 56945 56945 56945 56945 56945 56945 56945
 56945 56945 56945 56945 56945 56945 56945 56945 56945 56945 56945 56945
 56945 56945]
5 [32596  1925   468  5206  5240 32596 12672 13171 11211  1925  4584 56931
 56945 56945 56945 56945 56945 56945 56945 56945 56945 56945 56945 56945
 56945 56945 56945 56945 56945 56945 56945 56945 56945 56945 56945 56945
 56945 56945 56945 56945 56945 56945 56945 56945 56945 56945 56945 56945
 56945 56945]
9 [ 5224  9102  4472 11120 14493    65 11120 13734  4472 56946   264 11120
  8200  6151  1231 15276  5226  5224 12908 10067  9080 13012 56932  9000
 10705    82 56934 56946 56935 10621  8783 12734  5804   541  4472  9338
  4472  5683 13579 56932 13732 10621  5189 56931 56945 56945 56945 56945
 56945 56945]
1 [ 1233  9490  2890  9541 11211 16359 11120  8134  5226  5224  8614  4472
   217  5668  8946  5224 11211  8535  1925  9243  7859   138 10621  1925
 12796 15884 56946 56931 56945 56945 56945 56945 56945 56945 56945 56945
 56945 56945 56945 56945 56945 56945 56945 56945 56945 56945 56945 56945
 56945 56945]
1 [13386 15869   425 10213  9768 56946 11120  7198  5683 10067 14687 56931
 56945 56945 56945 56945 56945 56945 56945 56945 56945 56945 56945 56945
 56945 56945 56945 56945 56945 56945 56945 56945 56945 56945 56945 56945
 56945 56945 56945 56945 56945 56945 56945 56945 56945 56945 56945 56945
 56945 56945]
3 [ 5804 10319 30323 18667 20615  5224  1926  4472 11120  2858 10621  5224
 10067   653 56931 56945 56945 56945 56945 56945 56945 56945 56945 56945
 56945 56945 56945 56945 56945 56945 56945 56945 56945 56945 56945 56945
 56945 56945 56945 56945 56945 56945 56945 56945 56945 56945 56945 56945
 56945 56945]
0 [ 2296  4151  6994 56946  7956 13579 13371 14025  4472 13305  4562  2890
  1537   475 13974 56932  5240 11107 11120  2663  4472  5804  8330  5226
  2890 11105 13722 56931 56945 56945 56945 56945 56945 56945 56945 56945
 56945 56945 56945 56945 56945 56945 56945 56945 56945 56945 56945 56945
 56945 56945]
