22 [13525  5165  1925 10386 15445 11211  2670 11120 11791  7956  5224  6058
 10621  5147 11211  5226  9888 11120 13778  9260  2890 21862 16511  4472
  4151 11622  4472  5804  8014  4472  6058 56931 56945 56945 56945 56945
 56945 56945 56945 56945 56945 56945 56945 56945 56945 56945 56945 56945
 56945 56945]
18 [ 6151   424  1678 10404  1240 14447  8373 12785  2861  4345 10051 56934
 13427 56935 56932 12311 10621  2904  4119  4472 13770 56932 10621  4513
 13903 56934  8352 56935 56932 11211  4473  7626  1925 11776  4472  2890
  8429 56932 10540  3337 10291 13649   713  4562 13555  2862 56931 56945
 56945 56945]
