214
45
669
42
43
130
134
495
41
225
1832
25
1948
27
20
21
22
23
160
28
29
1945
0
4
400
810
8
2012
147000
11
10
13
120
1954
1957
1956
1950
265
1952
128
1995
1959
1994
1703
59
58
55
54
57
1996
51
50
52
19
1998
56
704
706
700
316
192
68
89
111
1926
80
81
118
84
85
138
836
791
511
1903
3
7
915
367
360
24
300
26
47
1930
385
1836
100
101
107
105
39
38
694
33
32
31
30
37
36
35
34
1943
114
430
1997
450
330
60
61
62
63
64
65
66
67
1906
69
250
2000
172
171
1986
1987
1985
1982
1980
1981
1988
1989
654
2
162
187
184
651
500
750
6
460
462
1918
169
91
90
93
92
95
94
97
1991
1990
1993
1992
15
14
17
16
1999
18
728
87
150
152
600
550
1898
230
1891
233
123
1968
1969
1812
49
46
1965
44
1967
1960
1961
40
871
1
260
321
5
9
200
209
613
77
76
74
73
72
70
483
78
1955
800
48
1979
1978
1976
1975
1973
1972
1971
1970
2002
2003
470
2001
2006
2004
350
1964
684
2008
12
1966