39 [  425 12921 56932 11093  4472 14842 56932  1240   373   892 11120 11124
  4472  4667  4472 11120 56946 10067 15175  4472 14414  2423  8897  6151
  4151  4290  3496 56932  4562  8493 10823  4472 56942  2798 56932 11211
 13478  5804  3204 14343  5224 15645 13611 13171  2686  4472 13478 13014
  1240 11292]
4 [ 5226  2668  4151 14030 28653  2890  8834 13396 14108 56932  8630 11211
  5226  8295  1240  3731   264  5226  5224 12675 14198 11211  5226  5224
 13676  3297 56934  9226  2890 13857 10067 56942 13396 14108 56935 56931
 56945 56945 56945 56945 56945 56945 56945 56945 56945 56945 56945 56945
 56945 56945]
22 [ 4472  2890 11554  6151   425 12135  5804 15202 11211  8733 11120  7444
  4472 12474 56934  1663 10291 14566 10067 13489  9313 56935 11292  8493
  2507  4472  8600  4562   420  6772  9565 10621  4104 56932 10267  8493
  4472  4151  4705  8210  5226 11120 11576 56931 56945 56945 56945 56945
 56945 56945]
