26 [ 5224  5806  5783 37406  1231  2972  4562 11120 13269  4472 56946  9000
    85  5224  9328  5224 11211 56932  6151 14849  4472 14254  5226 26469
 21311 56932  4810  5224   911 10067  9541 56931 56945 56945 56945 56945
 56945 56945 56945 56945 56945 56945 56945 56945 56945 56945 56945 56945
 56945 56945]
21 [ 9379  8373 10700 14343 11211 11120 56940 12283  6587 56940   582 14001
  5226 14390  4562 14915  6950 14378 10700 56932 11211 28593  8493  5073
 56940  7945 10621  4987 56940 11211 43912  4472 56940 11921  4472  6478
 10291  5606 11211 56946 11120 12613 56940 56932  6278  1231 11311 56931
 56945 56945]
