24 [11120  9212 56946 56932  8503  4472  5804  2242   401  4472 11120 13307
  4472 11120 12117 56946 56932  6055  5226 56942  4562 14792  2944 56932
  3403  6151  4425 15023  8373  5137  4472  4857  6151  7198  4472 11120
  3032  6656 13396 13822 11462  5217 56942 56932  5224 13723  8622 56946
 56946 56931]
1 [56940 13831  6151 12676 11211 56946  9379 16299  3861 56931 56946  6151
 11981  4472 12453  5240 12246 56931 14099 12764  4365  7075 11211   424
 15145  5224 13959  5226 11211  1240 40532 10636 15583  4562  8225 56940
 56932 15201 11120  4949 56931 56945 56945 56945 56945 56945 56945 56945
 56945 56945]
2 [11120 17057  8642  6151 20430  5224 56942  4472  8853  5226  8493  8544
 13314  4472 51167 11211 15749  4562  2890 14451  5226  1231 12135 14974
 56931 56945 56945 56945 56945 56945 56945 56945 56945 56945 56945 56945
 56945 56945 56945 56945 56945 56945 56945 56945 56945 56945 56945 56945
 56945 56945]
