18 [ 6226 11122  5545  2861  6151  5804  4509 10067 56946 56932 13396  7932
  1925  5683 13579 56932  6197 15394 13126  3549 56932 10621  4161  3582
 56931 56945 56945 56945 56945 56945 56945 56945 56945 56945 56945 56945
 56945 56945 56945 56945 56945 56945 56945 56945 56945 56945 56945 56945
 56945 56945]
20 [ 4562  8493 10526 14299 56932  5804  3947 56946 13441  8993  4151 13430
 12392  4472  1231  1431 10621 56932  5534  1240 56946  1925  2972 56932
 30323  4095 13822  3361  4649  4472 12168 56931 56945 56945 56945 56945
 56945 56945 56945 56945 56945 56945 56945 56945 56945 56945 56945 56945
 56945 56945]
22 [ 1233  6151 11120  8328 11117  9680  8993  7291  6151 14923  6909 56932
  5226 13478  5804  3204  4472 11120 12767 56932 12889  1240 56946  1925
 15175 56932  7780  4472    52  2890 13638 56932  2890 56946 10621 56932
  6151 10778  2529 56932  2890 11279 56931 56945 56945 56945 56945 56945
 56945 56945]
5 [ 6151   424  1678 10404  1240 14447  8373 12785  2861  4345 10051 56934
 13427 56935 56932 12311 10621  2904  4119  4472 13770 56932 10621  4513
 13903 56934  8352 56935 56932 11211  4473  7626  1925 11776  4472  2890
  8429 56932 10540  3337 10291 13649   713  4562 13555  2862 56931 56945
 56945 56945]
6 [ 6151  4151 12877 56932  1240  4563 14445  4562 13649 56942  1882 10722
  4472  4151  8155 11211   930 12522 11120 15886  4472  7384  5224 19441
 13935 56932 13396 11122 11211 10611  5488   420 14862 30324  6950  2890
 14643  4472  4507  4472 13801 56931 56945 56945 56945 56945 56945 56945
 56945 56945]
1 [56946  6667 19391  5226  2627  4472  7261  1925 12835 10067  9541 10611
  5224  8984  4345  1725 10621  5224 12796 56946 35396 56932  9283  7381
 10067  1926 56932 10621  5224   821 11211 13171  3153  7780  5788   424
  2689 56934 56942 56935 56931 56945 56945 56945 56945 56945 56945 56945
 56945 56945]
44 [56940 10291   786 56932  5224 13866  4472 11120  9852  4472 11120  1035
 56946  4868  6151  8545 12407  7758 56931  5804  5574  8433  1340 12761
  6151  4151  2960 13910  5989 11211  5804  5574  1317 56932 13396 11122
 11211  1233  6151  2890   821  3733  1240 11117 56946 11120 15167 10621
  6151  8503]
42 [ 4562 11120 13269  4472 42718 10067  7057  4472 11120 47676 56932   884
 15175 18348 10621  5804  7568  3911 32541 35683 11120 15459  4472 11120
  9745 13396  2890 14568  4472 56942  3861 56932  1925  9687  4472  5804
  4705  5224  8224  6667 11211  2529 12190  6151  5804   453 13801 33944
 56931 56945]
6 [11120  8494  4472  4151  5581 13261 20239  6151 12424 14729  6382 56932
 10611 11904  5224  6333  4472  4284  7750 43482 22116 56932  3416  4151
  6118 56931 56945 56945 56945 56945 56945 56945 56945 56945 56945 56945
 56945 56945 56945 56945 56945 56945 56945 56945 56945 56945 56945 56945
 56945 56945]
6 [ 6151  5804 10758  3245  1240 15394 56946  7898  3049  4472  7258 47101
  5226 11120 14779 10468 56931 56945 56945 56945 56945 56945 56945 56945
 56945 56945 56945 56945 56945 56945 56945 56945 56945 56945 56945 56945
 56945 56945 56945 56945 56945 56945 56945 56945 56945 56945 56945 56945
 56945 56945]
12 [ 4562  8493 12101  7035 13396 56942  8330 56932 11120  9745  1240  7780
 13771  3245  6151  5606  3084 24292  4472  3464 13387 10291   775  1231
 11199  4472  5869  2861 14180  9140 10358  4472  6226  5224  1926 10621
  5804  5643  5226  1723 56931 56945 56945 56945 56945 56945 56945 56945
 56945 56945]
15 [ 5224 30057  5240  8493 50195  5226 11120 21362  4472 11120  5272 10621
  1925 56946 11117 10501  3245 11122 11211  6151 11120   520 56946  2861
 11211  1233 11117 56946 11120 50195 12764  1240  6469  5226  8493 27590
 56932 10954 11211  1240  4770 10291  6221 11120  7626 13371  8493 56946
 56946 10621]
7 [ 6151 10267  3087 10067  4667  1240 11117 13444  2890 11960 56931 56945
 56945 56945 56945 56945 56945 56945 56945 56945 56945 56945 56945 56945
 56945 56945 56945 56945 56945 56945 56945 56945 56945 56945 56945 56945
 56945 56945 56945 56945 56945 56945 56945 56945 56945 56945 56945 56945
 56945 56945]
