33 [ 7868  5224  9230 56932  1352  7494 13822 12043 10291  9543 11120 13141
 56932 11211 12669 51018  4562 11120  3933 10067  7538 11343  5432 56934
  1403 56935 11211  1240 12680  5226  1352 10621 11211   373 18122 13396
  5224  9283  8373  4472   424 11925 16709  6282 56931 56945 56945 56945
 56945 56945]
15 [11120   661 13050  6151 56942 56932 13478  5804 11211 11122  4563   880
 10621 11211 12764  4585  4700 13396 10025  9138   848  9824 56931 56945
 56945 56945 56945 56945 56945 56945 56945 56945 56945 56945 56945 56945
 56945 56945 56945 56945 56945 56945 56945 56945 56945 56945 56945 56945
 56945 56945]
2 [ 1793  4472  5487 11898  6151  5804 25100 10842 56932  1254  8560 12305
  1231 25241  4562 14821 10555 10291 10530  5224 17693 56932 14184  4152
  6151 11120  7308 30007 10621  3341  4151 11001 20686 56931 56945 56945
 56945 56945 56945 56945 56945 56945 56945 56945 56945 56945 56945 56945
 56945 56945]
1 [10621  5240 11211  4550  5804 23313  6492 15157 10291 29494  5804 56946
 56932 10621   865  5314  5804 11211  5207 18503  1231  8298 56946 56931
 56945 56945 56945 56945 56945 56945 56945 56945 56945 56945 56945 56945
 56945 56945 56945 56945 56945 56945 56945 56945 56945 56945 56945 56945
 56945 56945]
1 [10621  5240 11211  5224 17569 56932  5226 12342 10621  5226  1231 12297
 12238 12297 56932  5240   217  1969  2890  9463 13171 11211  8493 55748
 56933  2890 10103  4472 12191 13171 11211  4472  8157 56931 56945 56945
 56945 56945 56945 56945 56945 56945 56945 56945 56945 56945 56945 56945
 56945 56945]
