29 [ 4472  2890  5689  1240  5924  4472  3806  4922 56932  4472 12761  6151
 11120 12523 56932  4472  8144  5432 56932  4472  6221  8493 14988  4472
 12164  4472 14555 47390 11211 48459  6151 15223  5226 11120 56946  4472
 11120 10134  3733 56931 56945 56945 56945 56945 56945 56945 56945 56945
 56945 56945]
30 [ 5224  2595 10067  5328 56932 39404 56946 56932  1040 11211 56932  1233
 15206 10621  5227 12764 15690  2254 11211  1340 56940  1863 12033 56940
 10621  7508 10291 56940 15336 10621  5307  6151 15488 11211  9444 56946
  1633  3572 56940 56932  1240 11095  2890 14555 13959  5226  5224 11211
  4151 14862]
24 [ 5226  6226 13440 56932  5224  1883 16477  4472  6917  3958  9490 41676
 11122 11211  5224  1094  4472  1524 56932 10621  5224  7249 11211  4413
 34204  6151  2637  5224 12664  7261  4125  4465  4472  4945  1633 11120
 22425  4472 11120  7132 56931 56945 56945 56945 56945 56945 56945 56945
 56945 56945]
