17 [11120  7300  4472  5611 10295  5226 11931 28089  6891  8415 13396  5822
 56932  1233  4518 11120  9421 14662 10611 13822  3911  4562 13593 56932
 11840  2358 11211  3245 14662  4562 10274  5226 11120  4932 56931 56945
 56945 56945 56945 56945 56945 56945 56945 56945 56945 56945 56945 56945
 56945 56945]
6 [56940  5224 14687 12764  1240  7709  2791  4562 11122  4472  4550 56932
  9000 12015 11152  1379 14260  1240 34414  1379 56946 10621  1240  5714
  5804  8373  3204  5452 10621  1240 24143  5804 11211  1240 23667  2838
 56940 56932    11 56931 56945 56945 56945 56945 56945 56945 56945 56945
 56945 56945]
12 [ 5224  3835  4848 56932  8503  4472  5804 13171  2741  4472  1723 56932
 14662  5217   217  4562 11120  3057  7638 10291 14342  5226 14016 13371
 15284 13216  5942 56932  1288  5224  3835  5769 10621  6118 10067  3835
 56931 56945 56945 56945 56945 56945 56945 56945 56945 56945 56945 56945
 56945 56945]
16 [ 4151 14729  8371 10877  1170  7254 13396 11120   657 10067 11955  5432
 10067 10766 56932 11664  6105  4562  1379  6604 28030 56932 11211 11430
 11211  1593  6151  2890  4200 12407 11379  1925  4472 13760 56932 15648
 22363 56931 56945 56945 56945 56945 56945 56945 56945 56945 56945 56945
 56945 56945]
34 [ 5224 15250  5247 12135  4472 11120  9245  8086 10067 27155  1633  5224
  3612 43726 56932  9000    85  2853 13396  5224 33974  6621 56946 56946
  5226 11120  8290 12135 56932 13396 11122 11211  7780  8192 15156  4562
  2890  9541  4472  5157 56931 56945 56945 56945 56945 56945 56945 56945
 56945 56945]
10 [15471 11499 11211 11120 11921 15161  4472   694 13084   582  5471  4562
  2890 56940 10255  3448 56940  5226  5224  4177  4472 15461 56932  9000
 11211  5224 15175  4472  5804  8561   234   582  2037 56940  5226  5046
 56932 12065  4472  4390 13627 56940 56931 56945 56945 56945 56945 56945
 56945 56945]
9 [ 5224 14479  7948 56932  5584 10929 56932 12764  6021  5471  1969  4562
  5804  6628 11581  4233  7845 10621 13567  3427 56932 12889 56946  6151
  3333 56946 56932  1967 56946 56932 11384 15491 10621 12909 10182 56932
 13478  8025  1021 10067  4339  1633  5224 56946 13329 56931 56945 56945
 56945 56945]
46 [ 1925  9283 56942 56932 13396 11122 13554 56932 11117 56946  1925  8871
  9394  9939  5226 10341 56932  9000 56932  5226  1490 13440 56932  1240
  6760  4472  2890 28721  5226 10107 10855  4472 11120  5918 11211  6118
 11197  5092 11211   229 12407  5267  4472   535 56932 12889   375  4562
  5224 13803]
8 [56940 11120 15225 11211 12473  7494  1379 11211  1000  4562  5224  6480
 11211  4365  4449 11788 10621  3245  5207  4473  9677  5224  9591  4472
 11211  5224  9102  4210  2890  9096  9541  5224  6260   972  1633  5224
 56946 56940 56932 12828 56931 56945 56945 56945 56945 56945 56945 56945
 56945 56945]
19 [ 5224  8987 13803 11211  1240   373 13218  5226  6226  5224  1926  5226
  5224  5351  4472  9379   453  4521 56932 14662  3245  5226 10644  6319
  4562  1414  4472 11791 10038  5226 12424  6467 10621  5226  5224 13368
 56931 56945 56945 56945 56945 56945 56945 56945 56945 56945 56945 56945
 56945 56945]
