1 [ 7780  1602  4562 11904 12937  4151  1761 56932  4195 56946 56931 56945
 56945 56945 56945 56945 56945 56945 56945 56945 56945 56945 56945 56945
 56945 56945 56945 56945 56945 56945 56945 56945 56945 56945 56945 56945
 56945 56945 56945 56945 56945 56945 56945 56945 56945 56945 56945 56945
 56945 56945]
1 [14930 56946 10611 56942 10621 56942  8330 56931 56945 56945 56945 56945
 56945 56945 56945 56945 56945 56945 56945 56945 56945 56945 56945 56945
 56945 56945 56945 56945 56945 56945 56945 56945 56945 56945 56945 56945
 56945 56945 56945 56945 56945 56945 56945 56945 56945 56945 56945 56945
 56945 56945]
8 [ 4151  4094 11211  2007 38825  5226  5224  7147 10007  9198  6151  9198
  1996 10767 56931 56945 56945 56945 56945 56945 56945 56945 56945 56945
 56945 56945 56945 56945 56945 56945 56945 56945 56945 56945 56945 56945
 56945 56945 56945 56945 56945 56945 56945 56945 56945 56945 56945 56945
 56945 56945]
2 [ 5534  9625 15201 10291 11120  7645  2091 15944  2735  4472  2865 11117
 40187 10067  5138 56932 12764  1240  4125 50529  5529  6151  2890 11640
  4562   893 11211  1240 56946 10067  2052 10067 11554 10291  3142  2890
 15168  7785 56932 10954  6151   577 12407  4643  6151 12342 12675 56931
 56945 56945]
