4 [ 1925 15168  3245  1240 37737 13716 11360  4472    97  4472 22828 56932
 56946 10621 56946 56931 56945 56945 56945 56945 56945 56945 56945 56945
 56945 56945 56945 56945 56945 56945 56945 56945 56945 56945 56945 56945
 56945 56945 56945 56945 56945 56945 56945 56945 56945 56945 56945 56945
 56945 56945]
19 [ 8981 56946 15083 11211 11120 10615  4472  1551  5226  4123 12096    85
 10067 56946  4161 14842 56932  1233  4518 14046  1925 56946  4161  5224
 56942  4472  5198 56931 56945 56945 56945 56945 56945 56945 56945 56945
 56945 56945 56945 56945 56945 56945 56945 56945 56945 56945 56945 56945
 56945 56945]
