25 [13396  1231 12135 56932  5224  1408  1218 56932 14009 56946 56932  7780
  7039  6151 24506  5226 10746 10621 14524 56946 10291 13135  1925  3612
 56940 56946 56940 56931 56945 56945 56945 56945 56945 56945 56945 56945
 56945 56945 56945 56945 56945 56945 56945 56945 56945 56945 56945 56945
 56945 56945]
9 [ 5224 13343  4472 11120  6686  4472  1446  3673 56934 56946 56935  4695
 12948  4562  8493 15568 10067 56946 10621  4716  5226 56942 13349 56931
 56945 56945 56945 56945 56945 56945 56945 56945 56945 56945 56945 56945
 56945 56945 56945 56945 56945 56945 56945 56945 56945 56945 56945 56945
 56945 56945]
10 [14344  4472 11120 13077 10561  5226 11120  8290 12135 13396 56946 56934
 15694 56931 56942 56935 10621  1923  6151  3775 11120  2415  4472  1231
  3612 56931 56945 56945 56945 56945 56945 56945 56945 56945 56945 56945
 56945 56945 56945 56945 56945 56945 56945 56945 56945 56945 56945 56945
 56945 56945]
2 [ 4693 10067 56946  7261 56932 10621  4562 11120  7261 28577 56932  6197
 11122  8057  4562 11120  7195  5226  8493 16348 10067  4667 56931 56945
 56945 56945 56945 56945 56945 56945 56945 56945 56945 56945 56945 56945
 56945 56945 56945 56945 56945 56945 56945 56945 56945 56945 56945 56945
 56945 56945]
14 [ 1925 15168  3245  1240 37737 13716 11360  4472    97  4472 22828 56932
 56946 10621 56946 56931 56945 56945 56945 56945 56945 56945 56945 56945
 56945 56945 56945 56945 56945 56945 56945 56945 56945 56945 56945 56945
 56945 56945 56945 56945 56945 56945 56945 56945 56945 56945 56945 56945
 56945 56945]
4 [11120  2178 13450 10067 56946 56931 56945 56945 56945 56945 56945 56945
 56945 56945 56945 56945 56945 56945 56945 56945 56945 56945 56945 56945
 56945 56945 56945 56945 56945 56945 56945 56945 56945 56945 56945 56945
 56945 56945 56945 56945 56945 56945 56945 56945 56945 56945 56945 56945
 56945 56945]
15 [ 5804  9839   736  5224  4813  1681  4472   406  4472 56946 10621 11120
   657  5490 13396 56946 56932  4884  8069    85  6656 13396 11120 12613
  9500  6821 56934 56946 56935  4472  2934 56931 56945 56945 56945 56945
 56945 56945 56945 56945 56945 56945 56945 56945 56945 56945 56945 56945
 56945 56945]
45 [ 5224  1827 10246  3667  4233  9920 56932 11211 12212  5226 11120 12613
  9107  4151  2314 56932   198  5451  6151 11120 11093 10241 56932    85
 10659 13396  1231 10056 10291 14254  5224  7950  1633  7874 10621  2370
  8774 56932 13706  6151  4151  9655  3736 13044  1925 56946 56931 56945
 56945 56945]
8 [ 4695  4562 11120  8290  4188  8522 10067  6371 56942 11669 11950 56931
 56945 56945 56945 56945 56945 56945 56945 56945 56945 56945 56945 56945
 56945 56945 56945 56945 56945 56945 56945 56945 56945 56945 56945 56945
 56945 56945 56945 56945 56945 56945 56945 56945 56945 56945 56945 56945
 56945 56945]
3 [56941 12225 14120 56942 56941   677 12538  5226  1231   270  5226 12379
  5452 56931 56945 56945 56945 56945 56945 56945 56945 56945 56945 56945
 56945 56945 56945 56945 56945 56945 56945 56945 56945 56945 56945 56945
 56945 56945 56945 56945 56945 56945 56945 56945 56945 56945 56945 56945
 56945 56945]
25 [11120  8858  4131  6667  8503  4472 13822 13349 11071  5226  5224 20014
  4472 15412 10067  3786 56932  4562 13175 13371 10199 10621 16040 56934
 17213 56946 56935 10621 56946 56934 10067 47771  3959 21050 56935 56931
 56945 56945 56945 56945 56945 56945 56945 56945 56945 56945 56945 56945
 56945 56945]
21 [38526 13530 11984 56942 13349 10621 14560 16163 56932  5224   997 16899
  1706  5886  4562 56942   372 56932  8630 11211 25377 56946 20426 14560
  5681  2396  4472  5804 27613 10621 11581 23175  7623  1231  7811  8600
  4472 56942  1637 56931 56945 56945 56945 56945 56945 56945 56945 56945
 56945 56945]
8 [11120 13916 12800  1240  8783 12764  2451  5224 56946 35396 11211  4868
 17635 56942  3204 12566 10621 11211  1296  1240  4338  4562  5224   567
 20298 17364 56934 56942 56935 56931 56945 56945 56945 56945 56945 56945
 56945 56945 56945 56945 56945 56945 56945 56945 56945 56945 56945 56945
 56945 56945]
33 [ 1233  6151 11120  8328 11117  9680  8993  7291  6151 14923  6909 56932
  5226 13478  5804  3204  4472 11120 12767 56932 12889  1240 56946  1925
 15175 56932  7780  4472    52  2890 13638 56932  2890 56946 10621 56932
  6151 10778  2529 56932  2890 11279 56931 56945 56945 56945 56945 56945
 56945 56945]
7 [11120 11556  3733  4472 10191 12947 56934 56946 56935  1040   217 11211
 56940 11120 11851 10236 56940 10291  5804  1170  8343  4472 14113   373
  5226 14928  7452  5226  5804  5118 10621 12764  5226  5224  8716  4472
  5804  9578 56931 56945 56945 56945 56945 56945 56945 56945 56945 56945
 56945 56945]
21 [13529  1522  2004 14576 11120 56940  1970 10621  2334 56940  4562 11120
 11211  1240  7780  2302   424  3172 56932 11211  5224 56946  4473 13396
   254 56932 12889 48139 11120  6475  3091 10067  7346  3733  4794 56931
 56945 56945 56945 56945 56945 56945 56945 56945 56945 56945 56945 56945
 56945 56945]
9 [11120  1994  8885  5226 14842  2890 56946 13171  4472 56946 56932  4562
 15058  1925 12675  7977 10067 56942 56931 56945 56945 56945 56945 56945
 56945 56945 56945 56945 56945 56945 56945 56945 56945 56945 56945 56945
 56945 56945 56945 56945 56945 56945 56945 56945 56945 56945 56945 56945
 56945 56945]
28 [ 5224  2471  4472 11120 15284  1106   730 56932  1793 56932 11211   425
 11124  6197  1240 11634  5226  4151    21  4472  1339 56932 16997 56932
 44190 56932 44843 56932 56946 10621 13624  1240 37953  5226 10222 56931
 56945 56945 56945 56945 56945 56945 56945 56945 56945 56945 56945 56945
 56945 56945]
9 [ 4472   425 13030 56932  5804 13042 11211 12199   535  5895 11117 11500
 10267 14519   897 56942  5699 56932  5224 14198 13171  8965  5217 56942
 56931 56945 56945 56945 56945 56945 56945 56945 56945 56945 56945 56945
 56945 56945 56945 56945 56945 56945 56945 56945 56945 56945 56945 56945
 56945 56945]
45 [11673 11016 56932  4562 11120 11211  5804  9362  6846 14793 11120 34894
  5432 10067  6604 56932  7709  4134  5226  5804  8373  5137   683 56942
 11804  4472 56946  4472 56942  6468  7956  8493 13107 56946 10291  5224
 12675  3146 11211  1240  2616  5226 56942 11804  4472 56946 56934 56942
 11804  5226]
13 [ 5226 11120 11093 16505  5226  5224  9322 10067 16831  1240  4563 34380
  5804 36970 14777 10621 14560 56932 12889  1240 20706  5226  8555  5804
 14117  4102 56931 56945 56945 56945 56945 56945 56945 56945 56945 56945
 56945 56945 56945 56945 56945 56945 56945 56945 56945 56945 56945 56945
 56945 56945]
40 [10958  3076 56932 11211  4966 13371 10249  4841  4472 11120  5683  1752
   635  4472 10837 56932  5240  5224 11697  7828  4472  1723  4472  4141
 56932 10621 56946 11120 13300  4472  1231 13476  8664 13371 10249  3091
  4472 21798  4562  2890 56942 19205 21731 18736 56932  4562  5224 11211
    85  8288]
20 [11120  1019 10611  5224 13723  5822 56932  2902 13396  1231 15098 56932
 11120 12647  9244  6641  4472  1446  3673 56934 56946 56935 56932 10621
 56946 10149 56932  8642  5226 11966  4472   424  2689 10621    85  8803
  6151  3687  4472   424  7977 13396  5224  3900  7262 10067 10386 56932
 11120  3465]
8 [ 5224   870 10067 10217  1447 11581 56932 56940 56946 56940 56946 56932
  1240  3623  1811 15023  2135  5224  9691  5226  4151  9001  4472 11120
   476  4472  2551  4562  5224 56946 56942  8957 56932  5226  3196 56932
 14260  5224  9541  4472  7037  1240 15410  5226  8302 56931 56945 56945
 56945 56945]
29 [ 5224   870 10067 10217  1447 11581 56932 56940 56946 56940 56946 56932
  1240  3623  1811 15023  2135  5224  9691  5226  4151  9001  4472 11120
   476  4472  2551  4562  5224 56946 56942  8957 56932  5226  3196 56932
 14260  5224  9541  4472  7037  1240 15410  5226  8302 56931 56945 56945
 56945 56945]
6 [  731 56932  5226  7809  6151 14374 56942 10368 13396 14196 56932  1040
  1793 11211 56940  5224 56946  5240  2166  5534 11120 13450 10067  9541
  5240  4073 56940 56932 10621  7620 13396 56940  8493  5404  5041 10621
 56946 10291  4746  4472   424 56946  4472 14694  5137 56940 56931 56945
 56945 56945]
23 [11673  3778 10067   753 11211  8606 12672  5207  4868  6151 13251 11211
 12171 11122   865 56932  9000 11211  5207 56946  4161  5224 11255 56946
  4472 11120 32827 56931 56945 56945 56945 56945 56945 56945 56945 56945
 56945 56945 56945 56945 56945 56945 56945 56945 56945 56945 56945 56945
 56945 56945]
30 [ 5804  8373  6381 11211 12764  6283 14244  6151 56946 13396  1170 10906
 10621 13396 12970 56932  8170 56932 11120  6255  4722  1633  5224  5683
 15497 56932 13371 21265 56946 10621 56942 12117 56932  4248  1925  3612
  5226  5224   797  6212 56931 56945 56945 56945 56945 56945 56945 56945
 56945 56945]
41 [ 5226  8373 12766 38297   425 14675  6151  4151  8373   741  4472  8945
  1729 56932 11120 56946 10621 11120 49516 56932   690  8902  6151 10912
 11211  4151 10193 11211 12342  4271    52  2299 12764  1240  8540  2791
  4562  5224 37992 10976 13396 56946 56931 56945 56945 56945 56945 56945
 56945 56945]
42 [ 8593 14067 11211  5804 56942 55771  4472  4212 10611  4151  8373 35638
 56934 11120  4472 13732 10621 11120  4472 11067 56935 56932 40098  6151
 13171  4472 56942  5699 56932  5240  1009 56932  5224 12675 56946 11211
  1233  1240 13280 11120 15210  5226  5699 56931 56945 56945 56945 56945
 56945 56945]
40 [56940 56946  6151  5804  7301 10291  9227  5226  6905 13272 13371  7345
  9139 10291 10778  5345  6151  6014 56931 12764 12703 35595  5226 11120
  4333  4472  4822  9330 10291  5345  6151  6014 56940 56932   730  5224
 13576 10718  6151 12341 56942 56931 56945 56945 56945 56945 56945 56945
 56945 56945]
27 [  671 11211  1833 56942   340  5226 11120  1578 56932  9028 12010  6151
 11211 11718 11120  7261   583 56932  5226 11120 11211 13822 13171  8407
  9094  5224  1218 56946 10621  5224  5347 12606   971 56932 12049 10067
 14628 56932 14447 14915 14315 56942 10621 56942   340 56932  8170 56932
 10621  4938]
23 [56940 12764  4365  7581 16935 56932 11372 56946 56932 11372 21334 56931
  5207 13180  6226 10621  3245 11120 14329 56931 13396 11674  5224 56946
    85  8993 14974  5226 12596  3828  4852  8373  5574 56932  8630 11211
 14099  6950 14394  8503 56940 56932  1015  5224  6184 56931 56945 56945
 56945 56945]
7 [11120 12878 56946 56946  4472  2555 56934 56946 56935 10621  4984   746
 14043  1925  7966  4472 11120  5918 56934  5688 56935 11211 12830  4472
 13171   692  1925  3660 56946  7587  2106 56932  2890  3900  7577 10067
 11211  3245  2752 12135 10624 11197 56932 14218  7054 10621 15404 56931
 56945 56945]
12 [ 5224 12232  2729  7780  8192 10291  5224  2775  4800 35568 56934  8429
 56942  3197 56935 56932  3497  4472  8493  2994 13269 56932  9000  6197
 12764  4091  8606  3260  2370  5804 56946 27998 10621 17899 56932 10621
  5224  7615    85 10291  5224  4978 35377 56946 56934 51185 56946 56946
 56935 56931]
18 [ 4151  2295 13171  9441   746  8192  5282  6151  4151  8589 25127 56934
 13723 56946 56935 56932 30806 56934 56946 56935 56932 56946 56932 56946
 56932 17782 23263 10621 50169 56932 11211  4779  2550  1925 51684 14802
 56942 11804  4472  5699 56932 56942 56932 56942 56932 56942 56932 56942
 10621 56942]
21 [ 4151  2295 13171  9441   746  8192  5282  6151  4151  8589 25127 56934
 13723 56946 56935 56932 30806 56934 56946 56935 56932 56946 56932 56946
 56932 17782 23263 10621 50169 56932 11211  4779  2550  1925 51684 14802
 56942 11804  4472  5699 56932 56942 56932 56942 56932 56942 56932 56942
 10621 56942]
12 [15023 11673   455  5224 15494 16392    85  6154  5226 11120  7276  4472
 56946  4472  5804  3243 12804  4562  5224  9283   748 10621  5226 56942
 11949  2426  6151 11120 14443 17311  5226 11120 11211 45166  1925 11203
 10067  1926 56932  5224  6821 56946 56946  4562  5224 11211  1765 56931
 56945 56945]
29 [56416 12758  6151 11120 13812  5226 56942 56932 10621 12752  1240  7780
  9002  1000 11211  6151 15952 11117 14939  5506  5226  5224 14555  9444
 21512 56934  3645 43966  5226 13998 56932  9000 11562 14931 11107  1379
 13171 10067 56942 56943  4472 13822 10430 56935 56932 11211 56946  1240
  3648 16443]
39 [21258 12764  1240 56946 56932 16738  6151  2890 13723  4472 17370  4472
 11169 16581  9000  6578  7460 56932 10621  4472  1274  5224  3612  5371
  1925  8871 14915  4518 13371  5224  4472  5804  5710  2861 13512  4161
  5804 12297 17090 56942 12297 10067  6171  4472 11120 11528 10621  5226
  8025  1487]
33 [13822 13618 10916 56946 11120 13107  4472 16161 56946  4472  8920  4472
 11120 10162 56932 56946 56932 37897 10621 10025  1046 11086 56932 11211
 56932 24280  5226  4151  9601  7747 29939 13927 12297 56942 10621 13927
 12297 56942 56932   209    52 56946 13396  1901  5224  5285  4472 11120
 12615 56931]
37 [13822 13618 10916 56946 11120 13107  4472 16161 56946  4472  8920  4472
 11120 10162 56932 56946 56932 37897 10621 10025  1046 11086 56932 11211
 56932 24280  5226  4151  9601  7747 29939 13927 12297 56942 10621 13927
 12297 56942 56932   209    52 56946 13396  1901  5224  5285  4472 11120
 12615 56931]
9 [ 5804  7795 56946 56932 10621  5226 14923 13440  5224 56946  4472  1134
  6460 56932  2883 11211  5488  1325 12764   865 10899  9565 10621  1240
  9567  1189 56946 56931 56945 56945 56945 56945 56945 56945 56945 56945
 56945 56945 56945 56945 56945 56945 56945 56945 56945 56945 56945 56945
 56945 56945]
17 [ 9379 56946 56946   756  2890 13571 10611  4151 11817  1325 56932  4562
 11120  5532 56946 10236 56934 56946 56942 56935 56931 56945 56945 56945
 56945 56945 56945 56945 56945 56945 56945 56945 56945 56945 56945 56945
 56945 56945 56945 56945 56945 56945 56945 56945 56945 56945 56945 56945
 56945 56945]
