14 [ 3959 13566 56932 11211    85  6659 13396  1231 19057 56932   730 11211
  6950  7780  6888 13554 10621  4562 13554 10703  6151 10025  8373 12535
  4256  2861 13822  1542  4337 10621  6235 56931 56945 56945 56945 56945
 56945 56945 56945 56945 56945 56945 56945 56945 56945 56945 56945 56945
 56945 56945]
10 [13371  4569 56932  5224  9582 56946  6485 11211 12764  1240 23853  1925
 12931 10067  5095  4472  7276 10621  1096 56932  1633  4151 15581  4472
  1231 12754  9541 56932 11211   753 10722  3765 11211 12764 10145 56932
 13371 13396  7932 56932 14855  4472  1009 11122 11211  1064 12889 11117
 14941 56946]
