7 [11120 10767  4472 11669  7238 56932  4472 56946  5226  5224 23534 56932
 56946  6151  2890  7379  4562  6221  1231  9928 56932 12015 11617  4472
 43844 56931 56945 56945 56945 56945 56945 56945 56945 56945 56945 56945
 56945 56945 56945 56945 56945 56945 56945 56945 56945 56945 56945 56945
 56945 56945]
17 [ 5804 17198 12109 11211 56946  7397 14363 56946 56946 11714  5226 11120
 13733 10621 14363 56946  1234 34823  6151 11120 56946 56943 56945 56945
 56945 56945 56945 56945 56945 56945 56945 56945 56945 56945 56945 56945
 56945 56945 56945 56945 56945 56945 56945 56945 56945 56945 56945 56945
 56945 56945]
