35 [ 8493 14564 56946 56946  1723  6151 15254  4472   217 10621   522  8415
  6151  8295 10621  5224 12728  4472 11120 14774 56932 12889 11120  5152
 10067 11554 21843  4472 12948  5226 11120  4188 12135 10067  6319  6645
  6151 14028 12683  3956 13478  5804 24122  4472 10942 56931 56945 56945
 56945 56945]
2 [ 9775 12611  5165  1925 56946  8984 11211  1641  6151  7851 56932 56940
  5226  1527  4472 13910 56940 56932 14352  4657 15058  6151 11646 14729
  4472 11120 14653 56931 56945 56945 56945 56945 56945 56945 56945 56945
 56945 56945 56945 56945 56945 56945 56945 56945 56945 56945 56945 56945
 56945 56945]
2 [56946  7780 14043   217  5226  3213 56946  6151  5804  7114  4472 11120
  1976  4472  5804  7345 56932 56946 56946 56932 10621  4472  4151  9269
 56932 56946 56946 56932 11211 56946  2890 14555  3161  4472  5804  2322
 56931 56945 56945 56945 56945 56945 56945 56945 56945 56945 56945 56945
 56945 56945]
