37 [ 5224  4569  7789  3289 10477 15772   217  1231   445 13396  5224 56940
  6952  4472 11120  7182 56940  4562  2890  2870  2871  5226 11120  5918
  4472 24508 56932 56942 10440  1925 13823  4472 10989 56932  1633 13649
 14378 11316  8155 11211 12919  2131  4290 56931 56945 56945 56945 56945
 56945 56945]
8 [11120  9212  4472 11120  9893 14102  4472  9701  5699   424 13610 56931
 56945 56945 56945 56945 56945 56945 56945 56945 56945 56945 56945 56945
 56945 56945 56945 56945 56945 56945 56945 56945 56945 56945 56945 56945
 56945 56945 56945 56945 56945 56945 56945 56945 56945 56945 56945 56945
 56945 56945]
