20 [ 8493  4472  5488  9862 56932 13339  1925   870 10067  3612  4472  5138
 56946  4472 56946 56932 56946 56946 56932  1240 10424 11211    85  9592
  5217  2890 10210  4472 11120 15098 15227 10067  3835  6695 17775 56932
  4890 13488  7780  8192  6197  2482  4161  5224   273  4472  4151 14414
 56931 56945]
2 [ 4472  9198  5815 11211  4151  8165  5708  2745  9511  6151  9678  5224
 10511 12297 12297 13171 13276  5226  5804  2974 12297 12297 10621  6151
  2158  5804  5657  4472  7425 12297 12297  8870  1728  4472  7243 13402
 10621   414 13171 13084 12297 12297 56931 56945 56945 56945 56945 56945
 56945 56945]
4 [10621 11122 12675  1240  1096 11211 10501  5226  8295 56931 56945 56945
 56945 56945 56945 56945 56945 56945 56945 56945 56945 56945 56945 56945
 56945 56945 56945 56945 56945 56945 56945 56945 56945 56945 56945 56945
 56945 56945 56945 56945 56945 56945 56945 56945 56945 56945 56945 56945
 56945 56945]
13 [56946  5065  6151 10429  2545  4562 11120 14564 13524 56932 12889  5668
  1240  7930 56946 13396  5224 56940  6757 11757 56940  3924  4472  1231
  1431 56931 56945 56945 56945 56945 56945 56945 56945 56945 56945 56945
 56945 56945 56945 56945 56945 56945 56945 56945 56945 56945 56945 56945
 56945 56945]
34 [56940  5224 14687 12764  1240  7709  2791  4562 11122  4472  4550 56932
  9000 12015 11152  1379 14260  1240 34414  1379 56946 10621  1240  5714
  5804  8373  3204  5452 10621  1240 24143  5804 11211  1240 23667  2838
 56940 56932    11 56931 56945 56945 56945 56945 56945 56945 56945 56945
 56945 56945]
31 [11120 11088  6870 11211  5224   275  1240  3315 56932 15017 56932  5226
 13822 13043  7392  4472 11463  4472  6226  5224  6319 10621 56932 13371
 11575  4472  4151  3455 13906 56932  1240 10424 11211  5224  8614 56940
  1240 12680 10899 18884 10621  3237 56940 10291 13460  5226  5224  3172
 10471 56931]
2 [10621 12672  6667 11211  1000  4562  6226  8593 11120  6471 12031 10621
  5224 12100 56932  9000  3245  4151 12125 10621 14122  3765 10067 13365
 56931 56945 56945 56945 56945 56945 56945 56945 56945 56945 56945 56945
 56945 56945 56945 56945 56945 56945 56945 56945 56945 56945 56945 56945
 56945 56945]
17 [ 5804  5508  4472 11120 12516  4562 11120  3050  4472  2139 10621  5224
 13212 10067  3074 56946  1240  9028 11211  9444 13920  1925  2792  4472
 11120  8847  1976 10067  3360 56932 56946 31671 56932 13396  5224  9230
  2595 10067   653 56946 52889 56932  6151 11093  4000  4472 11120  8818
 56931 56945]
4 [12015 45690 11149 15394 40864  1233 13822  7864 56932 15794 13822  6295
 56932  9297 11122 12675  4562  8025  5534 10481  6151  8085 56931 56945
 56945 56945 56945 56945 56945 56945 56945 56945 56945 56945 56945 56945
 56945 56945 56945 56945 56945 56945 56945 56945 56945 56945 56945 56945
 56945 56945]
26 [ 5224  5234  6340 13382 11211  5226  5804  4393  7381  9939  1240 56946
  5226 12424  4649 56932  9000  1040 11211  6197 11122  7780  2779 10621
 11211 11117 56946  1000 11211  1231 16581  5226  5224 11034 12764  7780
  5492 14041  5400 56932 13371 11122  7780  3858  5224  9591  4472 11211
  4151 10201]
18 [ 1240 10566 11211  1233  4151 32558 13835  4472  9540 12764  2182 34335
  2890 14399 12297 12297 10621  1240  5083  3058 11211  6205 15145 12297
 12297 56932  5804  5286 10067 27049   209 10378  5224  5823  4472  5804
  8373  9979 22495  1233  5240  5224 10386 27200  6151 15255 13386 56946
 13822 13835]
8 [ 2188 44074  5226 11120 11436 10067    13 12015  4473 11120  7069  4472
 11211 12015 13280 13171 15340 56932   848 13171  6073 10067 15168 56931
 56945 56945 56945 56945 56945 56945 56945 56945 56945 56945 56945 56945
 56945 56945 56945 56945 56945 56945 56945 56945 56945 56945 56945 56945
 56945 56945]
