20 [13396  1231 12135  5224 14358 56932  3623  1231  4073  6151  2863  6151
 15276  4472   425 11334  4472  3077 56932 13396  6495 11211 56940  1469
 14261  4472  8493  9798 56940 56932  3828  4151  4240 56940  6728 13371
 11120  2556 56940 56931 56945 56945 56945 56945 56945 56945 56945 56945
 56945 56945]
47 [ 4550 11211  4299  1009 56932  6197 11211 12342  5240  5224  2471 10341
 11211  1240  4338  6151 11120 13300 16294  4472  8493  4415 12874 56932
  5207  5317  3245  4151 14596  3039  4472 13916  5217 14564 15067  2861
  1925  8871 56932  8493  9398  4472  4906 11211 13280  8834  3861  4603
 12764 13765]
