6 [12889  5011 13083  8155 11211 14811 11223  5224 13893 13371  8493  2731
 56932  5224 13496 28675  7334  2890 13305  3269  5226  5488 32534 56931
 56945 56945 56945 56945 56945 56945 56945 56945 56945 56945 56945 56945
 56945 56945 56945 56945 56945 56945 56945 56945 56945 56945 56945 56945
 56945 56945]
15 [12764  5240  3058 40160  1925 12754 14781 10076 56932 11211  1096  2529
  6750  4472    52  6260  8493 15079 10067 12980 12104  5226  5804  4393
  5137 56932  4562  1231 56946  7220 56931 56945 56945 56945 56945 56945
 56945 56945 56945 56945 56945 56945 56945 56945 56945 56945 56945 56945
 56945 56945]
8 [ 8503  4472  5804  6786   464  5226  5804 11211   753  3754  5240  5226
 11120  7210  4472 56940  4151 26461 56940 56932 14235  4151  2960  6118
 56932 11211  8455 11211  5224  2792  2828  7951  2890  3353 56946  4472
 11120 13450 11211 50341  6151 12379  5452  6151  1720  5224 56946 56931
 56945 56945]
41 [56940  4365  4449   683  4393  3204 13171 11211 14382 12889  5804  5286
 12764  2745  8192  5804  8500 56940 56932  1040 56932 10621  6299 11211
 56940  5224  3612  7780 14069  8445 12738  9320 56932  9000 12764  7780
 56946  2890 11575 11211  5207 12098 13171 15225 56940 56931 56945 56945
 56945 56945]
18 [ 5224  6519  9101 14691 11211  2622 26256  4151  3021  4472  5804 15611
  9097 10291 25349  8493  7107 11211 28460  4151  7374  4472  2890 14399
  5226  6036  6151 11120  7891  4472 11120  8709  2230 56932 11211 29407
 11120 15670 10067  3104  4472  2496  3733 10621 10067 12956  3285 56931
 56945 56945]
26 [ 5804 14619  6205  1902  3782 56932  1793  4472  5834  8472  5226 14035
  4472    84 11523 56934 12297 10008 12297 56935 56932  8493  4933  4243
  8241 11211  7880  2890  7415  4667  4472  5351  4472   453  4521  4562
  5834 10401 10621  8472 56931 56945 56945 56945 56945 56945 56945 56945
 56945 56945]
7 [ 5850 11401  4472 14496  6151 13439 10621 11293  8493  7626 13171  6806
 56933  4562  4151  8865 12764  4365 13848 11122 11211 56946 56932  6151
  1000  1233  4562 11120  3111  4299 12297 56931 56945 56945 56945 56945
 56945 56945 56945 56945 56945 56945 56945 56945 56945 56945 56945 56945
 56945 56945]
