4 [  425  4135  1240 56946  1806  6151  1806 56931 56945 56945 56945 56945
 56945 56945 56945 56945 56945 56945 56945 56945 56945 56945 56945 56945
 56945 56945 56945 56945 56945 56945 56945 56945 56945 56945 56945 56945
 56945 56945 56945 56945 56945 56945 56945 56945 56945 56945 56945 56945
 56945 56945]
11 [11120 14456 10067 19402 56932 13396  7932 56932   373  7035 13396   243
 22674  4472  8750 56946  5226   897 10621 14978 56931 56945 56945 56945
 56945 56945 56945 56945 56945 56945 56945 56945 56945 56945 56945 56945
 56945 56945 56945 56945 56945 56945 56945 56945 56945 56945 56945 56945
 56945 56945]
4 [ 5804  6312  9529  5226  2218  4035 14423  5224  6576 10621 11120 23715
  4472  5892  4472  9424  4472 10330  5226  4151  6505 10067  7581 56932
  8630  5226  5224  7217 12506 56932  5224  7538 11343  5432 11367 56932
 12948 56932 13348 56932 11120 14259 10067 14399  4562 15014 56932  4472
   681 14792]
23 [ 7023  4472 56942  3985 10621 10025  6928  1046  4472  2496  1317 10621
  1551  4779  7914 13396 11120  2496  4472  5804 14101 10621  1925 11554
  9046  5224  5104  4472  5804  7345 10291 11211  9658 26622  4472 13822
  1919 11750 56932 13371  4151  2983  6535  7923 18776 13396  1231 11950
  5972 56931]
1 [ 1925 15168  3245  1240 37737 13716 11360  4472    97  4472 22828 56932
 56946 10621 56946 56931 56945 56945 56945 56945 56945 56945 56945 56945
 56945 56945 56945 56945 56945 56945 56945 56945 56945 56945 56945 56945
 56945 56945 56945 56945 56945 56945 56945 56945 56945 56945 56945 56945
 56945 56945]
2 [ 6151   424 15058 56932  5224  9230  4472 14299 56932  3261  2435 56932
 15005 12948  4472 11211  5224 11211 12764  1240 56946 56940  6667  4151
  3336 56946 11211  5224  7581  7780  1076 56940 56931 56945 56945 56945
 56945 56945 56945 56945 56945 56945 56945 56945 56945 56945 56945 56945
 56945 56945]
18 [56940  5240  2890  1094  8148 13396 11122 11211    85  1231  7626 10621
  1231 14088 56932  6151  6256  4472  5615 56946 13396 12082  7956 11896
 12764 16953  4472 11047  2861 12766 56932  4391 10621  8493  8106  4472
   587 56932  4472  3421  1362  4472 11231 56932  9592 13396 11120  7489
  4472 15394]
1 [13371 12135  4472 11120   990 56932 11120 11840  6055  5226 56942 13396
  4472 56946 10621 56232  2979 56932 11211  8946  4161 11673 11374  1971
 26558  4472 56946  5226  9694 56932  1240 15174  5226  8493  3568  4472
 13231 10621  2622 13822  9643  5226 16857 56932  3828   373  1231   226
 56931 56945]
11 [11669  9102 14453  1200   425  8818  6151 13732 56932 10291 13135  1296
  1925 56946 14931  2890  6949  3338 56932  9000  6947  5226  1231  7508
  4472  3825  5199  5286 56931 56945 56945 56945 56945 56945 56945 56945
 56945 56945 56945 56945 56945 56945 56945 56945 56945 56945 56945 56945
 56945 56945]
16 [14016  7462 10067  8876 56946 10067  9541  9000 56932 12889 11372  4855
  1132  6151 17854  6151  3252 56932 15574  4188  8108  5226  5224  4667
  4562  4188  7057  5226 11120  4953  4472 11120  4988 56931 56945 56945
 56945 56945 56945 56945 56945 56945 56945 56945 56945 56945 56945 56945
 56945 56945]
24 [ 1925  4877   151 12672  4472 32170  4562 22061 27423  5226  4151 11211
 56946 10291  5224  2523   510 10621 16293 10291  5224  1056  6232  6151
  1601   752  4472 14184  5226  2415  6151 13822 11360 56931 56945 56945
 56945 56945 56945 56945 56945 56945 56945 56945 56945 56945 56945 56945
 56945 56945]
9 [12889  6151 47797 56932 10922 14204 11211  6330  2890  6560  4472 56942
 11804  4472 17235  8100 56942 11804  4472  5699 56932 56942 11804  4472
  5669 12297 12297 10621  4161    85  9312 13396  6388 15023 11120  7441
  4472 56942 11804  4472  5699 11211 11120  7070 56946  9490 11014  6151
 56946 56931]
24 [  425 10507  4472  4151  1882  2844 15394  6645  2135  5224  4842 10621
 11120  5187  4472  8606 13997  5226 11631  3426 56932 11122 11211 15604
 20509 23256   217 17419  5415  4472 11120  3806 17452 56931 56945 56945
 56945 56945 56945 56945 56945 56945 56945 56945 56945 56945 56945 56945
 56945 56945]
2 [ 4472  2890  5689  1240  5924  4472  3806  4922 56932  4472 12761  6151
 11120 12523 56932  4472  8144  5432 56932  4472  6221  8493 14988  4472
 12164  4472 14555 47390 11211 48459  6151 15223  5226 11120 56946  4472
 11120 10134  3733 56931 56945 56945 56945 56945 56945 56945 56945 56945
 56945 56945]
17 [ 7940 56946  7780  8806  5224 14399  4562  8468 10621  7780  7581  3450
  6151 11120  4687 56940  4472  1242  6151   273 56940 56932  8212 56946
 56932 11211  1240  6980 14260   424  9591 56940  7780 14069  2890 13305
  3510 56940 13974  4472 11120  9745 56931 56945 56945 56945 56945 56945
 56945 56945]
19 [ 7940 56946  7780  8806  5224 14399  4562  8468 10621  7780  7581  3450
  6151 11120  4687 56940  4472  1242  6151   273 56940 56932  8212 56946
 56932 11211  1240  6980 14260   424  9591 56940  7780 14069  2890 13305
  3510 56940 13974  4472 11120  9745 56931 56945 56945 56945 56945 56945
 56945 56945]
40 [15023  5249 11211 12764  9490  9228  6151 11981  4472  1231    27  5513
 10621  4472  1231  8069  1925  8036 56932 15201  2861 56940 12234 13055
  5240  5224  1387  6151  8798 56940 56932 12889  9445 11211  5226 12379
  5452  5224  7220  4472  4693 11211 13820 56940 12764  9142  6151 13290
 56932 11372]
26 [ 4562 15058  6151 11120  4687  4472 13760   848   990  4472  4611  2551
  6862 15501 56932  5224  2792 11499 11211 56940 12764  5850 20509  1009
  3260  1925 15058 56932  6197 11211 10267  8503  5240 12407  7376  4472
  7099 13371 18557 56933 12764  2451 12015 11073  5224 15623  4472  5804
 56940 56851]
23 [33574  8373 10013 10291  5224  7261 56932  5224 17921 12492  2890 12168
  1925  1408  4472 11120 10056  5853 56932  4233 23144 56932 13396   375
  4472  6480 10621  5668  8902  2890 56946 11211 16659 11120 16400   375
 10067  4667 56931 56945 56945 56945 56945 56945 56945 56945 56945 56945
 56945 56945]
16 [ 5224 10778  4472  5804  4976 56932 11120 13362 56932 49245 14203 10621
  4670 10291  8959  4472 11765  4161  5224  7261  8057 11211  1231  5329
  8291 11120  7811  4472 11122 11211  1240  4868 10067  2689 56942 10621
 12407  3058  4472 14234 15083 11211  1240 49077  8448  4472 56942  7961
 56931 56945]
30 [14735  1240 56946 10621 56946  4562 11120 12767 10621  5224 13741 26430
  4472  8328 10291 11184  6151  5489 11211  1240  4716 14931 11921 10291
 12049  3479 14931  4323  9000  5226 11765 56932  1633  5224 27908  4472
  5804  9163 56931 56945 56945 56945 56945 56945 56945 56945 56945 56945
 56945 56945]
1 [ 5224 14399 56932  5983  4262 12764   746  8192 43757 56932  5240  5224
 11100 10611   208 10621  8493 11840  4472  8561 25044 10621 56932  7868
  5804 15646 56932  7709 16137  8493  1781  4472 56942 11804  4472  5895
 56931 56945 56945 56945 56945 56945 56945 56945 56945 56945 56945 56945
 56945 56945]
29 [ 5226 11120  7611 14397 56932  3018  6151  2837 35292 13371 56946  2861
 16073 56932 56946 10621 56946  5804 13997 56933 56946 13365 12994 11120
  8945 56933 28124 11120  9852  4693  4472 11211 13290 24976 11120  8955
 56931 56945 56945 56945 56945 56945 56945 56945 56945 56945 56945 56945
 56945 56945]
34 [ 5226  1231  6855 56932  5224  9823 56946  7952  6116 13396  5224  9823
 47055  4472 26575 56932  6516 10067  7581  4188  4472  4151 14862 10937
 14037 56932 13386 11117  3623 56932 10611 11646  3765 56932 12135 10067
  2320  4305 16540 13396  5804 10916  6151 11120 15411 56931 56945 56945
 56945 56945]
1 [ 5226  4065 56932  1240  5145 56942  7823 56934 56942  1925 11950 56935
 56931 56945 56945 56945 56945 56945 56945 56945 56945 56945 56945 56945
 56945 56945 56945 56945 56945 56945 56945 56945 56945 56945 56945 56945
 56945 56945 56945 56945 56945 56945 56945 56945 56945 56945 56945 56945
 56945 56945]
32 [ 5224 12944 56932 11581  2964  3409 56932 11211  7780  8192  3860  6151
  8493 11518  4472 56942  5699 10621  7361  4472 11120 15167  4472  4953
  8509  2890  2689 56932 14435  5224 11814 11120  1296 10067 56942  4472
 14724 10067  6260  2689  5534  4237  1231 56946 12297  4890 14860 14983
 14315  4472]
2 [56940  4562  3907 56932  1793 56932 11285 11963 11211  4151  7764  2291
 13396  5804  9251  4472  8216  7821 12297 13083  2814  7394  4472 56942
  6151 56942  5137 12297   865  4472  8493 10960   124 56932 11664  1231
 12754  5879  5240  5224  7249 10169  6512  5226 13440  4472 11814 56940
 56932  1096]
19 [56936 56940 13933  2495  2135 10636  2862 10621 10636  7508  5226 14915
  9198 11554 56937 56940 56932  1240 40685 56946 56946 56932 56942  5137
 10621  6234  5956 14100 56931 56945 56945 56945 56945 56945 56945 56945
 56945 56945 56945 56945 56945 56945 56945 56945 56945 56945 56945 56945
 56945 56945]
1 [ 8493  1004  5226 11120 14792  8214 56932  4248  6151  1723  5226  1156
  9658 56932  6151 13675  4000  4472   217   848  1296 56931 56945 56945
 56945 56945 56945 56945 56945 56945 56945 56945 56945 56945 56945 56945
 56945 56945 56945 56945 56945 56945 56945 56945 56945 56945 56945 56945
 56945 56945]
35 [ 7868 11588 14900 56932  5224 11762  4472  5203 12305  6151  5471  5224
 13348 56932  9000  7868  5224  9230  5427  4472 13424  9121 56932 16181
 12753 56932  1231   653 56940   773 56940  3286  4113 11120 14662 14427
 56931 56945 56945 56945 56945 56945 56945 56945 56945 56945 56945 56945
 56945 56945]
1 [13396 11529 56932  5226  8567 12764  4770    13 10587 11211 11148 11120
  5272 56931 56945 56945 56945 56945 56945 56945 56945 56945 56945 56945
 56945 56945 56945 56945 56945 56945 56945 56945 56945 56945 56945 56945
 56945 56945 56945 56945 56945 56945 56945 56945 56945 56945 56945 56945
 56945 56945]
26 [56940  8509 56934  5804  4393 56942  5137 56935   424 11554 12297 10376
 12297 56932  1723 13371  3608  4472 11120 12613 15161 12764  1240  7780
  2432 11372 21594  4472  1231  7049  9239 56940 56931 56945 56945 56945
 56945 56945 56945 56945 56945 56945 56945 56945 56945 56945 56945 56945
 56945 56945]
26 [  928 56932 15648 56932 56940  7494  2890 14399 12407 15916  4562  5224
  2693 56933 11120  9893 10478 10621  5224  3835  5769  7364  1240 19220
   264  1925 41555  4562  5224  3835  5769 15164 56934  7843 56935 13371
 11122 11292  9784  4562  5224 56946  5217 13280 56942  5137 56932 13396
 11122 13554]
15 [13554 11211  6151  5804  6786 10013 56946  1240 15649  5226  5224  5482
  4562  2890 35707 13554  4472 56946 56932 10291  2628  5226 11120 56946
 56931 56945 56945 56945 56945 56945 56945 56945 56945 56945 56945 56945
 56945 56945 56945 56945 56945 56945 56945 56945 56945 56945 56945 56945
 56945 56945]
1 [ 8493  1004 36870  5224 13344  3676 56932  2044 11211  2403  5804  2060
  5226 15276  4472 11120 10365 56932 10291 15185 11120  8467  4472  5804
 24880  6151  5804  3837  1305 56931 56945 56945 56945 56945 56945 56945
 56945 56945 56945 56945 56945 56945 56945 56945 56945 56945 56945 56945
 56945 56945]
6 [56940 13815   373  8922  3741  4472  3496 56940 56932 11499  7669 56932
 13386 11499 11211  5226 11120  5411   753 14560 56946  6876  5226 13450
  4472  2710 13790   848  5331  7057  4472 10606 56931 56945 56945 56945
 56945 56945 56945 56945 56945 56945 56945 56945 56945 56945 56945 56945
 56945 56945]
31 [ 5226 13554 56932  5226 11120 14443 13705 56932  5224 15227  2310 56940
 43114 56940  6894  1240  1512  4562   166 10067 55959  5347 56946 56940
 56946 56940 20830 56932 15023 56946 13396   375  4472 12224 14479  6151
  5804  8373 10013 10621 56942  5263 10067 12754  8876 12189 56931 56945
 56945 56945]
31 [ 7868 56946 56932 11120 14753  4472 56946  6524 56946   503  2735 10067
 24742 13396  5224 11211  1240 56946  5804  8834 11804  4472  7872 56934
 56942 11804  4472  5895 56935 50054  6151  4004  5226  9694 10611 56942
 10621 56942 56932  9000 11562 13637  2983 17002 56932 11211  1925  6495
  6950  7709]
28 [  730 11211 13290 11211 11117 28124  7709 15223 11211  6984 12672 11211
  1000  4562  8593 10621 11211 13290  1240 10261  7467  6151 56946 11211
  5224  9541  5191 14040  4004 21482  5226 23950   848  5226  9694 56931
 56945 56945 56945 56945 56945 56945 56945 56945 56945 56945 56945 56945
 56945 56945]
15 [ 5224 12944 10067 15367  5226  5224 11211  7616 14201  3276 10291 13853
  5224  2191 56932  3719  5226  5224 11211  5172  2890 13469  4636 10067
  9518 12649  4472 11120 10572 12348 56931 56945 56945 56945 56945 56945
 56945 56945 56945 56945 56945 56945 56945 56945 56945 56945 56945 56945
 56945 56945]
21 [ 5804 22040 10067 13468  1288 11211 11120 16085 10067 56946  3387  6151
 56942 13931 56932  4562  8493  5611  4472 56942 13396 20272 56932 56942
  4472  8025  7518  4472 18271  5137 56932  1452 11120 13171  4476 11120
 14508 19179 10922 56932 11211  7494  2890  2689 10621 16490  5226  5224
  5799  6542]
14 [ 5224  7811 12213  2861  5224 10067  5078  4472 56946  4472 14545 56946
 56932 56940  6950  4151 17607 11526 56946 56940 11211  5224 56946 15884
 56946  1240  8057 15379  3245  5226  1231  2175 56931 56945 56945 56945
 56945 56945 56945 56945 56945 56945 56945 56945 56945 56945 56945 56945
 56945 56945]
4 [ 7645  9071 18590  5226 15107  5226 11120  5769 56931 56945 56945 56945
 56945 56945 56945 56945 56945 56945 56945 56945 56945 56945 56945 56945
 56945 56945 56945 56945 56945 56945 56945 56945 56945 56945 56945 56945
 56945 56945 56945 56945 56945 56945 56945 56945 56945 56945 56945 56945
 56945 56945]
14 [ 5224  4942  9017 11211  1240   418  4204  5224 15900  4472 11120 14381
 56932  5226 32270 56932 10291 10105  5224  8876 15175 10621  1040 11211
  3686    77  9591  2890 15846  4562  5804  3370 13171  9590 56931 56945
 56945 56945 56945 56945 56945 56945 56945 56945 56945 56945 56945 56945
 56945 56945]
7 [10621  5226  4151  2786  4472  5908 56932 56946 10507 13396 56940 52886
 56932  9000  8993 22135  5804 56946 56940 56931 56945 56945 56945 56945
 56945 56945 56945 56945 56945 56945 56945 56945 56945 56945 56945 56945
 56945 56945 56945 56945 56945 56945 56945 56945 56945 56945 56945 56945
 56945 56945]
34 [ 2890  5078  4472  8593    85 11120 14138 11211 56946  6151   285  4151
 14218  1796  1633  5224  8598 56932  4693  4472  1231   989  4562  5224
 11183 56932  3828 32687  3702  4562 11120  6780  4472 56940 12764  6151
 11120  5769  2358 56940 56932 10621 56946  4009  2370  5224 14555   653
 56931 56945]
31 [56940 11120  4670 10067 14358 12764  1146  6151  5804  7025 10067  6319
 56940 14260 56940  6905  3861  1859  4213  5534  5207 56946  6151 10333
  4472  6284 10621 56946  5226 14653  4562  1618  4472 14088  1379 13171
  4336  4472  3931   848 11870 56940 56931 56945 56945 56945 56945 56945
 56945 56945]
2 [ 6151  1009  1748 56932 14442  9237 14408  5400 56931 56945 56945 56945
 56945 56945 56945 56945 56945 56945 56945 56945 56945 56945 56945 56945
 56945 56945 56945 56945 56945 56945 56945 56945 56945 56945 56945 56945
 56945 56945 56945 56945 56945 56945 56945 56945 56945 56945 56945 56945
 56945 56945]
32 [15083 13512  5804   649  4472 13424  9121 56932  4151  4822  9330 10621
 56932 13498 56932  4151 11582 56932 11211 12764   865  4151   514 11308
  1365 13587 13396  5140 56932 10954  4151 14218 12764  7873 56931 56945
 56945 56945 56945 56945 56945 56945 56945 56945 56945 56945 56945 56945
 56945 56945]
3 [ 9000  5534  6151  2814  1240 14273  3641 14213 10621 15564  5534 13831
  6151 11932  4472  3612 56932  5207 56946  3104   683  6151 10025 56931
 56945 56945 56945 56945 56945 56945 56945 56945 56945 56945 56945 56945
 56945 56945 56945 56945 56945 56945 56945 56945 56945 56945 56945 56945
 56945 56945]
1 [ 1925 12691  2069  4472  8216  8865  5466  5226  7415   661  6151   424
 12284  9580 56932 12249 11211 12703 10413   682 13310  4472  2972 11211
  2986 15526  9193 10621  7803 11120 14299 56932 11372  4855  4472  5187
 14474 56931 56945 56945 56945 56945 56945 56945 56945 56945 56945 56945
 56945 56945]
46 [ 5534  4151  4931 56946 11211  5713 11120 27835  9226  2890 11023 13016
 56932 13371  2890 41128 23171   848  4151  3391  4472   424  3461 56932
   424  5240 34799  5226 15350 11741 11211  9908  6151 11120  5595  4472
  2890 23213 13396  5224 18254 19984 12297 12297  2890 18026 12381 14217
  6151  6256]
0 [56946 56932  5226 12328 56932  7212 14915 14315  8493 10177 11028 15447
 10621 13396 13290 11270  5226  5224  7532  2106  4472 13822  6557 56931
 56945 56945 56945 56945 56945 56945 56945 56945 56945 56945 56945 56945
 56945 56945 56945 56945 56945 56945 56945 56945 56945 56945 56945 56945
 56945 56945]
17 [ 6151 11120  4903 10067 12371  7426  5240 11120 10423 11122 11211  5237
  4275 13371  5778  4472  8493  1502  5226  7384  5683 56931 56945 56945
 56945 56945 56945 56945 56945 56945 56945 56945 56945 56945 56945 56945
 56945 56945 56945 56945 56945 56945 56945 56945 56945 56945 56945 56945
 56945 56945]
45 [ 5804  8346 27556 10067 26031 10621  5804 16595  1633  1168 56932 43673
 12937 13822 14862  5226 11120 35228   627  4472 52047  1231  8435  8374
 56932  4161 11211 13822 11210  7829  6151 51498 14931    52 15328  6151
 56946  5226  3260  5224 48175  1432 11211 56946  5224 23921  5179 13974
 56931 56945]
