9 [56941 12225 14120 56942 56941   677 12538  5226  1231   270  5226 12379
  5452 56931 56945 56945 56945 56945 56945 56945 56945 56945 56945 56945
 56945 56945 56945 56945 56945 56945 56945 56945 56945 56945 56945 56945
 56945 56945 56945 56945 56945 56945 56945 56945 56945 56945 56945 56945
 56945 56945]
31 [ 5804 10136  1240 56946  4562  5224 12365 14260  3281  5226 11120 16047
  4472  3287 13396 11120  1274  3474 10067 12074 56932  5226  4890 13344
  4585  7837 56932 10621  5724 12676  1231 13269 10291 56946 14260 19991
  5224 10103  4472 56946 13371  8493 34455 56932  7868  7898 14101  4472
 11120  5793]
