13 [ 5224  1107  5010  1231  4846 16129 11211 11120  1147  4472  4151  3336
  8343 56946  6151  1352   746  8192 11819 10621 11211  5224  5683   373
  4550 56946 56931 56945 56945 56945 56945 56945 56945 56945 56945 56945
 56945 56945 56945 56945 56945 56945 56945 56945 56945 56945 56945 56945
 56945 56945]
21 [ 5224  9874  5240 12555  4415  5804  6192  4472 12921 56932  5534  6950
   373  4472 13588  8493  7207 12135  4472  5804 13712 14049  1925  3015
 56931 56945 56945 56945 56945 56945 56945 56945 56945 56945 56945 56945
 56945 56945 56945 56945 56945 56945 56945 56945 56945 56945 56945 56945
 56945 56945]
17 [ 5224  1827 10246  3667  4233  9920 56932 11211 12212  5226 11120 12613
  9107  4151  2314 56932   198  5451  6151 11120 11093 10241 56932    85
 10659 13396  1231 10056 10291 14254  5224  7950  1633  7874 10621  2370
  8774 56932 13706  6151  4151  9655  3736 13044  1925 56946 56931 56945
 56945 56945]
0 [ 6072  6151 11120 22801 10621 56946 13396 11120  9852  4472  5804 11211
 11378  6950 32537 56932  1340  6151  1231 15276 11120  7300  4472  4151
  8373 29147 22224 10067 10772  2861  5804 14650  9640 23642 10621 56946
  1402 56931 56945 56945 56945 56945 56945 56945 56945 56945 56945 56945
 56945 56945]
20 [ 5217  1296 10621  8509  5804  4185   420  9939 56932 13478  5804  6192
  4472 12921  1240 56946  5226   424 14408  2190 10453  6151  2140 10621
 14928 56931 56945 56945 56945 56945 56945 56945 56945 56945 56945 56945
 56945 56945 56945 56945 56945 56945 56945 56945 56945 56945 56945 56945
 56945 56945]
11 [ 7940 56946  7780  8806  5224 14399  4562  8468 10621  7780  7581  3450
  6151 11120  4687 56940  4472  1242  6151   273 56940 56932  8212 56946
 56932 11211  1240  6980 14260   424  9591 56940  7780 14069  2890 13305
  3510 56940 13974  4472 11120  9745 56931 56945 56945 56945 56945 56945
 56945 56945]
15 [13396    19 12135 56932 12764  2746  6396  1633  5224  7346  4472 10185
 13396 11120  3657  3688  5224  6260  3786  5226 15497  1925   821  5513
  4472  3951 56931 56945 56945 56945 56945 56945 56945 56945 56945 56945
 56945 56945 56945 56945 56945 56945 56945 56945 56945 56945 56945 56945
 56945 56945]
33 [ 5224  2792    91 56932  6349 15520 56932  7780  3924  5224 15038  4472
  1231  3879  9243 56932 10556  2828 56932 13386  1240  3623 15009  6151
  9493  6151  5804 14304  4459 11211 56946  4151 10633  9842  1925  8699
 56932  9877 13396  4151 12831  4472  6393 56931 56945 56945 56945 56945
 56945 56945]
27 [15648 11211  3260 13171  8877  6151 11120 12695 10067 11964  5692  5172
  8493  7442  4472  4188  5226 11120 11211 11117  1295 11211  1231  4136
 17975  5226  5242 56946  6151  3572 56931 56945 56945 56945 56945 56945
 56945 56945 56945 56945 56945 56945 56945 56945 56945 56945 56945 56945
 56945 56945]
3 [ 1793  4472  5487 11898  6151  5804 25100 10842 56932  1254  8560 12305
  1231 25241  4562 14821 10555 10291 10530  5224 17693 56932 14184  4152
  6151 11120  7308 30007 10621  3341  4151 11001 20686 56931 56945 56945
 56945 56945 56945 56945 56945 56945 56945 56945 56945 56945 56945 56945
 56945 56945]
14 [ 2890  7738 56932 56946 13371  2890 17811  9558 10621 32968  4562  8586
 10067  6013 40518  6151  1231  6566 10621 11211  9358  6151 11120  9893
  3733 56932 56946 10621 14931  4200 56932  4302  6151 11120 16346  5226
  1231  1863  4472 13171  4472  8493  4000 56931 56945 56945 56945 56945
 56945 56945]
9 [ 5804 12825  6151  4151 14414 56932 11120  1147 15261  5939  1925 20717
 56932 13196  5226  2370 14260 11120  3249 12477 11120  8494  4472 14400
 56931 56945 56945 56945 56945 56945 56945 56945 56945 56945 56945 56945
 56945 56945 56945 56945 56945 56945 56945 56945 56945 56945 56945 56945
 56945 56945]
6 [ 5226  8406 56932 56946  2890 15770 13843  6151 11120   712  4472  5804
  3692 10067 11183 56932  5804 16680  4472 13732 56932 11211 12993  5226
   425  5346 11169 12135 10067  6710  6151 11211 15394  2879  5224 19576
 56932 10621  5226 56946  5224 11183 10097  5224  1673  4472  3400 18228
 10067 15837]
12 [ 9222   668 11211  1969   373  5226  5187  5534  5226   776  1240  3648
  9331  6151  8606  2890  9185  4472 19901 10291 10778  1000  6151  6226
  5224 14802 11211 11117  7731 56931 56945 56945 56945 56945 56945 56945
 56945 56945 56945 56945 56945 56945 56945 56945 56945 56945 56945 56945
 56945 56945]
43 [ 5534  9625 15201 10291 11120  7645  2091 15944  2735  4472  2865 11117
 40187 10067  5138 56932 12764  1240  4125 50529  5529  6151  2890 11640
  4562   893 11211  1240 56946 10067  2052 10067 11554 10291  3142  2890
 15168  7785 56932 10954  6151   577 12407  4643  6151 12342 12675 56931
 56945 56945]
2 [ 5800  6101 23353  6151 11120 48792 21575 56932  5804 14543 56946 11120
  5532 10067 28211  4562 15058  6151  4151 29223  4472  5804 10095 10621
  5804 54616 56931 56945 56945 56945 56945 56945 56945 56945 56945 56945
 56945 56945 56945 56945 56945 56945 56945 56945 56945 56945 56945 56945
 56945 56945]
