13 [10621  6205 56932  5224 14784  5172  2530  3153 13371 16732 18093 16732
 56932 22446 19969 56932 22335  5007 29919 56932 16654 22783 56932 56946
 12102 10621 11120 56946 56946 56931 56945 56945 56945 56945 56945 56945
 56945 56945 56945 56945 56945 56945 56945 56945 56945 56945 56945 56945
 56945 56945]
17 [11120  1853  3655  5226  2890 13615 11211  5804  1598 56946  8568 10621
 11294 13517 11120  1955 14526  2574  5179  5224  1229  4472  7252 12728
 56932  3828  1240  4301 10333  4472  1420 56932  5534 56932  1925  6495
 56932  5224 11100  4472  9379 56940 11633 14746 10621  1240  6093 56940
 56931 56945]
9 [ 2890  7738 56932 56946 13371  2890 17811  9558 10621 32968  4562  8586
 10067  6013 40518  6151  1231  6566 10621 11211  9358  6151 11120  9893
  3733 56932 56946 10621 14931  4200 56932  4302  6151 11120 16346  5226
  1231  1863  4472 13171  4472  8493  4000 56931 56945 56945 56945 56945
 56945 56945]
25 [11122 11211  1240  7780  9591  5226  5224 14004 56932 11120  5869  4472
   721 13396  8589 10621 12764 13396 13193 56932  5240  2890 10119 11211
  1999 15176  4472  5811  5226  6226  5224  1926 56931 56945 56945 56945
 56945 56945 56945 56945 56945 56945 56945 56945 56945 56945 56945 56945
 56945 56945]
14 [13487  5224  6256 15795 56946 56932  5224 56946  6223 15952 10621  5224
   473  5546 16711 56946  6151  3125 56931 56945 56945 56945 56945 56945
 56945 56945 56945 56945 56945 56945 56945 56945 56945 56945 56945 56945
 56945 56945 56945 56945 56945 56945 56945 56945 56945 56945 56945 56945
 56945 56945]
