34 [   68 11080   746 13016  4151  2131 14164  4472 11120  3174  2469 56940
 11211  5240  6863 13458 56940 56932 15201  5224  2792 56932 13386  1694
 11211  5226   424 12687 10067  5567  5804  8390 11526  2529  4421  6151
  5804 23431 10067  1437 10621 56940 12764 10364  6151  5804  5199 18128
 56940 56931]
47 [ 5224 13440 13171 13091  8946  5224  4291  4472  5734 12611 56932 11211
 15083  4472  8373  5137 20874  6151 11093 10241 56932   848  5224  4472
  6099 56946 11211 56932 12889  7952  5611  1578  5224  2689  6260  5226
  5224  9102 27155 56932 14442  7462  4472  7898 10013 10621  1240 16256
  1925  2270]
30 [ 5217 11211  1240 12098  6151  2135 17441  4562  6273 50638 56932  2067
 55193  7780  8192  8503  4472  5804 14650 10067 14555  8285 11211 56932
  5226   919   661 56932  1240  7780 56946 13171  6151  5804  4472  4693
 56931 56945 56945 56945 56945 56945 56945 56945 56945 56945 56945 56945
 56945 56945]
