19 [56946 12567  1199   950  6151  6282 12297 13386 12305  1231  2928 12031
  5226 13035 10606 56946 56932 12889  7780  5254  1379 13822  8180 12297
 11211 12342  5240 56940 11120 13675 13480 56940  4472 13386  1064  3255
 56940   319  4472  7182 56940 56931 56945 56945 56945 56945 56945 56945
 56945 56945]
23 [ 4562 15058  6151 11120  4687  4472 13760   848   990  4472  4611  2551
  6862 15501 56932  5224  2792 11499 11211 56940 12764  5850 20509  1009
  3260  1925 15058 56932  6197 11211 10267  8503  5240 12407  7376  4472
  7099 13371 18557 56933 12764  2451 12015 11073  5224 15623  4472  5804
 56940 56851]
5 [ 5224  2880 10067  5609  5509  1841 15038  3405 10621 14479 10621 13261
  5224 35507  1633  4151 11725 10067 10963 10291  5620  4151  4968  4472
   853 56931 56945 56945 56945 56945 56945 56945 56945 56945 56945 56945
 56945 56945 56945 56945 56945 56945 56945 56945 56945 56945 56945 56945
 56945 56945]
17 [11120 14774 10347 47555  6151 11120 15948 13396  5224  4467 56946  4472
  2551 10621 14378  8155   746 27790 15350  4472 11211 12672  1450    44
 56931 56945 56945 56945 56945 56945 56945 56945 56945 56945 56945 56945
 56945 56945 56945 56945 56945 56945 56945 56945 56945 56945 56945 56945
 56945 56945]
37 [ 5226  2890 13615 56932  5224 10327  2355  9445 11211  5224  8033 10611
  8468  1723 10621  1877 13732 56932 11211    85  7529  5226 56942 10621
 11211  8902 12121  6151 11120 15582  4472 11120  3174 56946 56932 56940
 12764  6913 14399  4472  5229  2618 10611 11120  9745 15921  4472  8851
  5510 56934]
18 [ 5224  2792  4472 11120  5844  4472 10700  8892  4472   968 56934  1369
 56935  9528 11211  5224  6949  7780  1896 56940  5226 56942 11804 11120
 13107   424  2689 10621  5804  4900 14811  5226  8425 56940 56932  5226
  8493   989 13031 11211 10627   217  5224   413 56940  5224  3733 56940
  4472  2921]
33 [ 6151  4151 12877 56932  1240  4563 14445  4562 13649 56942  1882 10722
  4472  4151  8155 11211   930 12522 11120 15886  4472  7384  5224 19441
 13935 56932 13396 11122 11211 10611  5488   420 14862 30324  6950  2890
 14643  4472  4507  4472 13801 56931 56945 56945 56945 56945 56945 56945
 56945 56945]
17 [ 5224  8876  9230 10102 56946  2139 56932 15071   217 56932  8788 56932
  5226  1231  5003 56932  7780  7040  2890 10379  4884 12843  5611  5240
  4472 56942  5137  4472 12843 10621  7780  8449  5226  5224  2880  4472
  5712  6151 56946 56946 56932   997 12033 11211  5676   676 11120  9396
 10151  3682]
2 [ 5804  6242  1487  1633  5804 11233 11120 13870 10067  8876  9211  5226
   681 10067  6319 56932  5224  4472  1001 56932 11211  6524 13441  5609
  5627  4472  5804 13171  4472  7381 11804  4472  2322 11211 10072  6151
 14055  6151 11120   925 10067  7581  5226 56942 56931 56945 56945 56945
 56945 56945]
6 [15083 56932  3667 14114  8568 12764  3623   784 25012 13396 56946  1925
  9878 10067 16447 16950  8568 56931 56945 56945 56945 56945 56945 56945
 56945 56945 56945 56945 56945 56945 56945 56945 56945 56945 56945 56945
 56945 56945 56945 56945 56945 56945 56945 56945 56945 56945 56945 56945
 56945 56945]
28 [ 4562  8493 12101  7035 13396 56942  8330 56932 11120  9745  1240  7780
 13771  3245  6151  5606  3084 24292  4472  3464 13387 10291   775  1231
 11199  4472  5869  2861 14180  9140 10358  4472  6226  5224  1926 10621
  5804  5643  5226  1723 56931 56945 56945 56945 56945 56945 56945 56945
 56945 56945]
