32 [11120 13524  5769 10471 56934  2927 56935 56932 14206  4472  7803  4151
  4290 56932   730   217 11211  5224   653  7780  6803  4151 11243  4472
  7345  7215 56932 14694  4472  5804  4705 56940  6492  8459 56940  7868
  5654  9986  4472 11243 56932  6151  5804 11211  8414 10067  3430  4472
 11593 56931]
3 [11120  9033  9004    85 18165 10621  1633  8493  1500  5609 21255 56932
 11122  4472 24291  1765  1379 11089 56931 56945 56945 56945 56945 56945
 56945 56945 56945 56945 56945 56945 56945 56945 56945 56945 56945 56945
 56945 56945 56945 56945 56945 56945 56945 56945 56945 56945 56945 56945
 56945 56945]
6 [10621  6108 13371 12024 15225   746  8192  4731  4472 11022 56932  8630
 11211 16972 12015  1677 13171 12297 12297 56931 56945 56945 56945 56945
 56945 56945 56945 56945 56945 56945 56945 56945 56945 56945 56945 56945
 56945 56945 56945 56945 56945 56945 56945 56945 56945 56945 56945 56945
 56945 56945]
4 [ 5804  5137 56946   746  8192   979 10291 10922 56931 56945 56945 56945
 56945 56945 56945 56945 56945 56945 56945 56945 56945 56945 56945 56945
 56945 56945 56945 56945 56945 56945 56945 56945 56945 56945 56945 56945
 56945 56945 56945 56945 56945 56945 56945 56945 56945 56945 56945 56945
 56945 56945]
24 [ 5224 10778  4472  5804  4976 56932 11120 13362 56932 49245 14203 10621
  4670 10291  8959  4472 11765  4161  5224  7261  8057 11211  1231  5329
  8291 11120  7811  4472 11122 11211  1240  4868 10067  2689 56942 10621
 12407  3058  4472 14234 15083 11211  1240 49077  8448  4472 56942  7961
 56931 56945]
28 [12049 10050  3416 11211 11120  6390    85 56940 12407 19682 56940 56932
 10621  1402  7427  7520 11148  6151 10912  8493 11851  4472  1242  1925
  8826 11211 11120  6614    85 56940 10124 10291 15232 56940 56931 56945
 56945 56945 56945 56945 56945 56945 56945 56945 56945 56945 56945 56945
 56945 56945]
7 [56940  8908 43639 56932  8908  3947 10621  8908  3462 10621 10291 12082
  5240  1189 10621 12764 33207 13171 56940 56932  1015 56931 56945 56945
 56945 56945 56945 56945 56945 56945 56945 56945 56945 56945 56945 56945
 56945 56945 56945 56945 56945 56945 56945 56945 56945 56945 56945 56945
 56945 56945]
46 [ 5226  2890 28899  4472 11120  6614 56932  5224  2595 10067  5328  5065
  8493  1668  4472  2858  5226 11120 11211 15201 11211 56940  3572 12764
  7709 30017 56946  8493  8110 47267 56932 11211  5240 11120 11211  4868
 56932  4562  8493  5039 12031 56932 14260  4151  4534 11526  2529  7758
 56932  1714]
38 [ 5226  5847  7564   753  8373  5657 56932  8503  4532 13396 12461  4562
  6661 56932 11211  5240  5224  5987 56932 10621  5224 56946 56932 11211
  1240  5151 13396  4589  5715 10621  7494  2890 11955 14974 56932 11664
  1231  3172  5240 13171 12562 10291  3775  7811  4151  4618  4472  5879
 56932  2711]
40 [11120 56946  1096  5226  1231 13615 11211  5224  2792 56940 12171 56940
  7780   880  3260  5937 10067  5234  2792 10067  7346  4794  4472   348
 10621 14504 11211   420  4472  5804  3421 11360  4472 11093 10241 10394
 11211  5894 11120 15338   865 10856 13396 13822  5286 56932 12764  6950
 13371 11511]
18 [56940  5207   746 56946  4151   557 56932 25724  3421  1362  4472  5185
 10621  6197 12764  1340 13365 56931  5240 56946 56940 56932 15201  8493
  5541 56931 56945 56945 56945 56945 56945 56945 56945 56945 56945 56945
 56945 56945 56945 56945 56945 56945 56945 56945 56945 56945 56945 56945
 56945 56945]
9 [51303  4151  4004  2861 56936 14915  4415 10621 56946  5240 11669 52189
  5179  5224 11426 11211  5804 12821  4472 56946 35470 56937 56931 56945
 56945 56945 56945 56945 56945 56945 56945 56945 56945 56945 56945 56945
 56945 56945 56945 56945 56945 56945 56945 56945 56945 56945 56945 56945
 56945 56945]
32 [ 9000 14735 56932 56946   683 13007 56942 10013  4472  5181 56932  1240
 52058  5226  2288  6151 11765 13396 11120 15615  4161 11120 14571  4472
  8689 56932   907  6151 11211 11120 13455  5530  8946  5723 56932 10621
  5224  5309  4472 12895 56932  9918 56931 56945 56945 56945 56945 56945
 56945 56945]
33 [  420 14058 10067  8778    59 56932 11211  7494 15133  7956  5804 15657
 12854  4472  9146 56932  5714  2890 10500  6165  4472  2890 12956  4472
 11317 11211  8900 11120 13332  4472 11211  1997 12764  5240  8813  3087
 10067  7581  4472  5930 56931 56945 56945 56945 56945 56945 56945 56945
 56945 56945]
24 [ 5804 11770 26348 10291  9703  5224 15316  4472  1131  4472  1877  4472
 13732 56932 13300 56932  5226  1231  6098 56932  4472 11211  5224  2623
  5240 56946 56931 56945 56945 56945 56945 56945 56945 56945 56945 56945
 56945 56945 56945 56945 56945 56945 56945 56945 56945 56945 56945 56945
 56945 56945]
15 [15058  1925 11255 10119  4472  7243  7483 56932 40325 11499 11211  5804
  1954  4472 13111   865 56940 28106 10621 56946 56940 56932 12889   749
 56940 13485 56940  5226  5804 11211  1240  7476  5534  1240 31615  6151
 15336 56932  5226  5224  4492  4472 56940 12764  5240 13554  5224 10778
  3825  4188]
0 [  865 12195  4472 17251 56946  7883 56932 14260  1231  1274 12764 15394
  4473 10291 13171 56931 56945 56945 56945 56945 56945 56945 56945 56945
 56945 56945 56945 56945 56945 56945 56945 56945 56945 56945 56945 56945
 56945 56945 56945 56945 56945 56945 56945 56945 56945 56945 56945 56945
 56945 56945]
2 [11120 11864  5240 13171 56946 10621 10399 11211  5224  2275   848 11120
 24269 56933 11120  8067 11211 51479  4562 11122 17989  7780  4380 13171
 11211 11120 11211   987  1633 11122  1537 56931 56945 56945 56945 56945
 56945 56945 56945 56945 56945 56945 56945 56945 56945 56945 56945 56945
 56945 56945]
23 [ 5804  5199  5597  5804  6898  4472  4151  5424 56932  4733  4472  8493
  2142  5697 56932 11211  9575  4151 14674 13171  9915 11211  1233 13892
  2131 56932  4562  5804  5478 10621  5804  4976 13371 11506   198 56946
 56931 56945 56945 56945 56945 56945 56945 56945 56945 56945 56945 56945
 56945 56945]
