10 [12015 13126 15223 11211 56946 56932 12889  6151  2814 12764 15145  5179
 15600 10954 14750 24949 56931 56945 56945 56945 56945 56945 56945 56945
 56945 56945 56945 56945 56945 56945 56945 56945 56945 56945 56945 56945
 56945 56945 56945 56945 56945 56945 56945 56945 56945 56945 56945 56945
 56945 56945]
26 [56940 11120  8955  5240  2861 56936 11149 18975 15009  6151 13278 10291
  5307  6151  2529 13171  6695 56937 56931 10621  6196 12764 56946  3260
 14260 12764  5850 13396 11149 13278 56931 56936  2865  9929  6151  4151
 22008 56937 56940 56932  1240  3484 56931 56945 56945 56945 56945 56945
 56945 56945]
0 [ 4868 13171  4472  8373  9939 56946  5226 11673 15422  7755  1880 56931
 56945 56945 56945 56945 56945 56945 56945 56945 56945 56945 56945 56945
 56945 56945 56945 56945 56945 56945 56945 56945 56945 56945 56945 56945
 56945 56945 56945 56945 56945 56945 56945 56945 56945 56945 56945 56945
 56945 56945]
27 [ 5611 10295 56932 11211  5151 13817  7060 13371  8362 56932 56946 56932
  2906  3089 56932 14601 56942 56932 14601  5076  8723 56942 56932   579
 10621  6471 56932  7494  5226 15316  3245  1920  2890 14601 10435 12520
  5226  5138 56932  1793  4472    13 13843  6151  5804 13379 10067 14847
 56931 56945]
2 [ 5224 19648  6913  5256  5224 15482  3268  7485 56931 56945 56945 56945
 56945 56945 56945 56945 56945 56945 56945 56945 56945 56945 56945 56945
 56945 56945 56945 56945 56945 56945 56945 56945 56945 56945 56945 56945
 56945 56945 56945 56945 56945 56945 56945 56945 56945 56945 56945 56945
 56945 56945]
4 [ 1233   428  1240 14662  5240 14260  7494  6711 56932  9000  5240  9918
 11211  1233  1240 38079 12764  1240 12826 56931 56945 56945 56945 56945
 56945 56945 56945 56945 56945 56945 56945 56945 56945 56945 56945 56945
 56945 56945 56945 56945 56945 56945 56945 56945 56945 56945 56945 56945
 56945 56945]
