17 [ 8630 11120 15822  4125  5226  1231 19356  4472  3852 56932    19 22445
 56932 11120   160 45363 56932 12305  6151 56946  1925 10846 11165 56932
 10067  7082  8946 12407 37477 56931 56945 56945 56945 56945 56945 56945
 56945 56945 56945 56945 56945 56945 56945 56945 56945 56945 56945 56945
 56945 56945]
8 [ 5224 11131  7780  9002 12002 11211  8361 11581  5088  6151 11755  1883
  5226  9888  4562  8493  8581 10621  8682  4476 56932  6151 11120 11211
  5207  7780  8192 15526  6647 56931 56945 56945 56945 56945 56945 56945
 56945 56945 56945 56945 56945 56945 56945 56945 56945 56945 56945 56945
 56945 56945]
