9 [ 7956 11120  7167 10067 56942 56932 15201 11211 56940 13261 13371 11120
 11211  7782  9228  9784  4161  4550  2861  4987 56932 12353 10621 27164
 56940  6862  3655 11211 56940 11120  2457 18142  6151 11120 13902 13261
  5224 13132 10621  5224 13395 11211  3645  4562 10636  5187  4472  2529
 56932 11122]
3 [ 5804 10585 47731  1396  4472 14399  5226 12486  5804   620  4472 17678
 56932 11211 13396    19 12135 12171   746 12249  1170  5226 11120 13107
 56946  4472 11120  4932 56932  9000 14343 11211 11673  5474   582  2529
 32694 10621 56946  4562 11554  4693  4472 11120  7361  7638  4472  5804
  4284 56931]
