9 [ 5224 14479  4113  6151  5487 26931 10621  1231  1437  2048  4550 13396
 11120  6614 11211  6499   424  9544  5224  3104  4472 13870 10067  5076
 56931 56945 56945 56945 56945 56945 56945 56945 56945 56945 56945 56945
 56945 56945 56945 56945 56945 56945 56945 56945 56945 56945 56945 56945
 56945 56945]
13 [ 5224  6260 56942  4472  8289 56932 10025 14378  9271  1487 11120  7626
  1925  2678  5224 15018  5226  5224 11211 26488 13396  2890 42931  4472
   683 56942  5056  5226 11120 14248  4472 20094 56931 56945 56945 56945
 56945 56945 56945 56945 56945 56945 56945 56945 56945 56945 56945 56945
 56945 56945]
