7 [13396    13  5689 56932 12049  3618  1240 56946  6151 11120  8001 10794
  5226 15232  4472  9394 22495 11211  1240  4563  8524  4562  5224  2792
 10067   653  4758 13529  9222  4562  7678  4472 11120  4916  5226 11120
 13476  4472 11120  5818 11064 56931 56945 56945 56945 56945 56945 56945
 56945 56945]
35 [  788  4472  5804  4908  7329  4472 11120 56946  8321 38922  7956  1233
 11120  4670 10478  6667   739  5631  5226  9161 10621  5224 13804 11096
 56932 11211  4472  7397  6151  8373  5137 11526 11872  1233  1240 20311
  6151 11120  9893  7253 56931 56945 56945 56945 56945 56945 56945 56945
 56945 56945]
10 [56940  1925 56946  9394  7290  5226  2890 12675  7174 56932  8902 15168
  6151 11211  2144  2890  1381 10300 11211  4091  2529 15920 13371  5224
 15038  1925  3849 56940 56932 15201  7856 56931 56945 56945 56945 56945
 56945 56945 56945 56945 56945 56945 56945 56945 56945 56945 56945 56945
 56945 56945]
