8 [ 6950 15201 11211  5226  1231  7107  4472  1437  7367   420 10555 56932
 14931  5249  5224  4152 56931 56945 56945 56945 56945 56945 56945 56945
 56945 56945 56945 56945 56945 56945 56945 56945 56945 56945 56945 56945
 56945 56945 56945 56945 56945 56945 56945 56945 56945 56945 56945 56945
 56945 56945]
7 [ 6205 11211 56932 13396  1233 14686 56932 56946  5226  5219 56931 56945
 56945 56945 56945 56945 56945 56945 56945 56945 56945 56945 56945 56945
 56945 56945 56945 56945 56945 56945 56945 56945 56945 56945 56945 56945
 56945 56945 56945 56945 56945 56945 56945 56945 56945 56945 56945 56945
 56945 56945]
24 [ 5224 10988  4472 11120 10714  7035 10291 11434  4562  5224   653  4472
  4151   420   171  4934 10621  5224  7057  4472  4151 11876  8239  6197
  5773  5226  2890 14175  5935 10611  5224  2792  4472 15610 56932  4233
 15255 56932 10621  5224 10242  9823 56932  7631 12967 56932 11211  7951
  1231  6393]
30 [56940 11120  8879 12764  5240 12672  6205 13371  5224 44537 11211   373
 12752 56932 10954 11211  5240 12135 10067 13496  4472 11120  3806 56931
  1233 11120 14602  4472 11120 13553 12731  5226 13450  4472  8879 10621
  4472  8596 56942 11804  5226 10960  8879 14067 11211  5529  5488  8155
 12764  8540]
10 [11122 11211 12764  3159  5240 11211  7906 11122 11211   373 56946  5226
  5224   626  4472  1231 15367 12764 15145  8053  9071 10954  8053 11211
  2343  2890 56946  4472 23420 56931 56945 56945 56945 56945 56945 56945
 56945 56945 56945 56945 56945 56945 56945 56945 56945 56945 56945 56945
 56945 56945]
15 [  340  2861 56946 56932 56946 56932 29959 56946  5226  5224  1229 15949
 56932  5224 11629 56946  5226  5224  2175  4472 56946 10621  1240  3645
 17657 56933 56946 56932 56946 56932  3951  6894 56932  4472  8303 56932
 15023 11066  4472 41017  7956 54916 56931 56945 56945 56945 56945 56945
 56945 56945]
5 [11120 14950 10621 11120  3561 49072 12948  4562 18126 16276  5226  4151
 13551  4472 15538 10621 13968 56931 56945 56945 56945 56945 56945 56945
 56945 56945 56945 56945 56945 56945 56945 56945 56945 56945 56945 56945
 56945 56945 56945 56945 56945 56945 56945 56945 56945 56945 56945 56945
 56945 56945]
7 [15023 11673   455  5224 15494 16392    85  6154  5226 11120  7276  4472
 56946  4472  5804  3243 12804  4562  5224  9283   748 10621  5226 56942
 11949  2426  6151 11120 14443 17311  5226 11120 11211 45166  1925 11203
 10067  1926 56932  5224  6821 56946 56946  4562  5224 11211  1765 56931
 56945 56945]
