20 [56940 11120 15107 12031  5240 11120 11211  5240 10621  1925  7261  5666
  5240 56946 10621  1240 15683 56940 56932  7780  4845 56932 15083  4472
 13966  5226 12424  4649 11211  5224 13959 12033  8984  7780  8109  4562
 11120  1147   197 10067 14358 10621 11211  8593  4807  3245  6151  2668
 56931 56945]
41 [56940 11120  8955  5240  2861 56936 11149 18975 15009  6151 13278 10291
  5307  6151  2529 13171  6695 56937 56931 10621  6196 12764 56946  3260
 14260 12764  5850 13396 11149 13278 56931 56936  2865  9929  6151  4151
 22008 56937 56940 56932  1240  3484 56931 56945 56945 56945 56945 56945
 56945 56945]
8 [ 5224  8570  5240  2890 56946 10291  8025  1233 12473  5226 14662 11211
  1240   373  9784  9198   848  3260 10291 11211    68  8597  9444  9388
 15554 56931 56945 56945 56945 56945 56945 56945 56945 56945 56945 56945
 56945 56945 56945 56945 56945 56945 56945 56945 56945 56945 56945 56945
 56945 56945]
18 [13371  4569 56932  5224  9582 56946  6485 11211 12764  1240 23853  1925
 12931 10067  5095  4472  7276 10621  1096 56932  1633  4151 15581  4472
  1231 12754  9541 56932 11211   753 10722  3765 11211 12764 10145 56932
 13371 13396  7932 56932 14855  4472  1009 11122 11211  1064 12889 11117
 14941 56946]
20 [56940 12764 14394  1368 15583  4562  5804 10025 11516 56931 56946 16109
 13371  8150 11211 10463  1231  7626 56940 56932 10395 56931 56945 56945
 56945 56945 56945 56945 56945 56945 56945 56945 56945 56945 56945 56945
 56945 56945 56945 56945 56945 56945 56945 56945 56945 56945 56945 56945
 56945 56945]
25 [13336  9768 11120  5660  5427  4472  5804 11344 10067 56946 56932 12745
  5226 56942  8509 11120   545  4472  5804  7381  3861 56932  8630 11211
 13897 11204 10291 12350 11211 11100  1240 11117 10068  8493 14988  4472
 14026 10291  1231  2496 56931 56945 56945 56945 56945 56945 56945 56945
 56945 56945]
17 [ 5224   413 56946 56946 10627  5224  6260 56942  4472 14842 13649  7809
 10067  5887  5226  4151 11211 27603  2861 56940 21660  5061 11120  3374
  4472  5804 53587 56932 11211  1240  9567  5226  5224 11034 56932  4562
  5224   273  4472 56946 10621 10189 11120 11791  4562  5224 31747  4472
  5804  5684]
9 [ 5226 10107 12619 56932  4271 56932  1240  1132  6151  2923 56940  1233
 12764  7175  8192  7811  5002  5226  2890  1136  3828  2144 14069  5224
 13305  4472  2890  6799 12944  4472 12517 56940 56931 56945 56945 56945
 56945 56945 56945 56945 56945 56945 56945 56945 56945 56945 56945 56945
 56945 56945]
26 [56940  9000 15083 56932  9068  3597 17811 56932  4562 31964  4472  2890
 11215  4154 56932 12015 11121 56932 13371  8057  4562 13083  8155 56940
 56932  7780 14236 56931 56945 56945 56945 56945 56945 56945 56945 56945
 56945 56945 56945 56945 56945 56945 56945 56945 56945 56945 56945 56945
 56945 56945]
4 [12297   784  7316 12297 14441 12297 56931 56945 56945 56945 56945 56945
 56945 56945 56945 56945 56945 56945 56945 56945 56945 56945 56945 56945
 56945 56945 56945 56945 56945 56945 56945 56945 56945 56945 56945 56945
 56945 56945 56945 56945 56945 56945 56945 56945 56945 56945 56945 56945
 56945 56945]
1 [ 7053  3783 13396 11149 13512 12297 56931 56945 56945 56945 56945 56945
 56945 56945 56945 56945 56945 56945 56945 56945 56945 56945 56945 56945
 56945 56945 56945 56945 56945 56945 56945 56945 56945 56945 56945 56945
 56945 56945 56945 56945 56945 56945 56945 56945 56945 56945 56945 56945
 56945 56945]
18 [12297 12297 12297  7780  8823 13691  4151  5544 28794  4472 56941 56946
  9743 56941 56937 12297 12297 11117 56946  8493  1004 13171  5224 35464
 18785 56931 56945 56945 56945 56945 56945 56945 56945 56945 56945 56945
 56945 56945 56945 56945 56945 56945 56945 56945 56945 56945 56945 56945
 56945 56945]
