2 [ 5804 15646 13526 11211  5224  9185  5226 11120  6098 10468  6151 15276
  4472 56940 40019 56940 56934 56946 56935  1240   582 56932 10996 56932
  1925 14384 16500 10611  1231   611 10621 11120 10067 11211   375  2792
  5217 11120 10365  4472  9515  4472 11120 15386  7430 15512 13346  5226
 56942 56932]
49 [11120  4670    85  7582 13396  5224  2880  4472  3806 15023  5307  6151
 11120 14850  4472 11211  5224 13857  5226  5224 15682  4472  7556  4472
 11120  4675 56932 56940  6151 15254  4472  2890  1958  6017  4472  9480
 10291 11120 13917 56940 56932   373 11721  5226  5309 11669  4666  1225
 56932 14691]
17 [ 5226  1156  6151 11120 11311  4472  3046  7956  5224  7057 14631  4472
  5804 10542 56932  4151  6118 56946  3245 11211  5224 14399  5240  1958
 56932 12889  1240  3731 12543 10722  4160  5226  6036  6151  5804  5126
 13396  5804 11211   582 39277  5224  9283  4472 14072 11211  4026 11211
  3669  6151]
13 [ 5224  9230  4472  9786 56932 16018 42373 56932 14576 11211 56940  5224
   653 10377 11211  1490 14659 11211  1240  5824  5226  5224 10386  2355
 15145 37634 10291  5804 15544 56932  5283  3434 10621 14729 56940 56931
 56945 56945 56945 56945 56945 56945 56945 56945 56945 56945 56945 56945
 56945 56945]
18 [31584   373 10611  4151 20703  4472 11120 37040 56932 12555  5217 56942
 56932  5534  8493  6805  4472 11791 12953 11211  5224 14860 10067 13893
 17885  4125 12407 23301 56931 56945 56945 56945 56945 56945 56945 56945
 56945 56945 56945 56945 56945 56945 56945 56945 56945 56945 56945 56945
 56945 56945]
4 [ 5224 10242  4472  7581 56946 11211 11120  1274  5226 11120  2894  4472
  9394 10700 10067   424  6913 10291  1723  8493 10177 56940  7253 56940
  4472 10147 56940  4173 56940 56932 15083  4472 11211 13396 56940 14324
  7606  5226  5224  6260 10621  8165  5226  5137  4979 56940 56932   418
  7581 56940]
6 [56940  5240  3314 11211  5224   653 56946 56932 13396  7932 56932  1233
   753  1427  1658  4472 14122  4004 56940 56932   730 56931 56945 56945
 56945 56945 56945 56945 56945 56945 56945 56945 56945 56945 56945 56945
 56945 56945 56945 56945 56945 56945 56945 56945 56945 56945 56945 56945
 56945 56945]
20 [56940  2831  5226 14662  5224 11950 11211  5240 10621  5224 11554 11211
  7780  9591 56932  1469 12407 12018 56940 56932 56946  1925  7261 10067
 11950 28395 12511 56932 13488  4472 56946 33312 56932 30209  4472 11120
  1404 56931 56945 56945 56945 56945 56945 56945 56945 56945 56945 56945
 56945 56945]
19 [56940  2890 12684  4841  4472   425  2142  5240  1920 10621  6714 14304
 28249 11211 56946  6151  5804 13678 56943 56946  6714 11120  7626 12764
 13371  9388 11120  3700 56932 10954 14914 10621 13371  9840  2529  5226
  2890  5509  2138 10067 15991 56932  5226 10025  2611 56932  4562 10025
  4521  6862]
19 [ 4161  5224  3742  4472 12886 56932  8964 11211 11122 14733  5224  3015
 10621 11674 12764  7709  2529 12297 56932 56946 23764  6151 23764 56931
 56945 56945 56945 56945 56945 56945 56945 56945 56945 56945 56945 56945
 56945 56945 56945 56945 56945 56945 56945 56945 56945 56945 56945 56945
 56945 56945]
