7 [56940  4550 56932 56936 11149 15590  6151  8606  5804 14765  4472 11120
    19 12135 56934  5804 15544 56935 11211  4562  3336 13371  4151 17574
 10621  4151 45389 15181  6151  1179  5804  4900 10291 13822  1357  7345
 56937 56940 56932  6183  9019 56931 56945 56945 56945 56945 56945 56945
 56945 56945]
32 [ 5226 11120  3252  4472 11120 13439 12348 56932 13905 15201 11211  5172
  4472 10076  4472 38649  2890  3430  5226  5224 11211  5224 56946  6792
 13822  1088 20703 56932  4472  4151 11211  6950  3971 10722 56932 14260
  4693  4151 10978  6151  5804  7568 13801  4472 11120  6462 11211 54613
  1231 13870]
