5 [  424  3430 56932 11211  7780  7575 13371  6425 11120 12815  4472 13579
 56932 13280  3238  5226 11211  5804 56946  7329  4472  4151 14030  5226
 11791 10861   865 56940 12407 11357 56940 56932 10621 11211 56940  5224
 13789 10865  5953  6151  2529 28595  5226 13142 11211  3240 12046 13767
  8509  2890]
5 [10611  5804  8834 13160 11211  8726  5224  9541  6950  9490  2890   821
  8334  5226  1723 56932 11486 56934  7444  1447 14524 56935 56932 10621
  5224 11203  5240  5224  3612 11211 13171  9541 11236  6151 11120  7316
  4472  9282  8906 56931 56945 56945 56945 56945 56945 56945 56945 56945
 56945 56945]
10 [11120  7607  7658 10475    41 13396 56942  7691 56932 11211  6572  5804
 56942 15531 10067  8614 11211  1240  6442  5226 56942  9939 56931 56945
 56945 56945 56945 56945 56945 56945 56945 56945 56945 56945 56945 56945
 56945 56945 56945 56945 56945 56945 56945 56945 56945 56945 56945 56945
 56945 56945]
35 [13371 13441  8993 56932  5226  5224  3719 12429 10621  5534  2030 11122
  4595  1231  3612 56932  5224 13242 10341 16655  6151 56946 10621  8532
 11120  4622 10067 12168 14045 56932  4562 13478  5804 16904 11211 18243
  5224  5138 10621  5224 12691  4472  2890  7238 11211  6197  7780  9591
  7645  5226]
47 [ 5224  6783  3667  9909 12321 56932 14454 10067 10982  4274 56932  1240
  1512   217  5226  2283  4472  1231  1431 10067 11255  3786 56932  5224
  6145 13732 56932  1925 11267 12764  5665  5226  4474 13371 56940  5224
  7811  3612 10621 11120  7811 12101 56940  4472  4151  7428 11211 10007
  5226 11120]
22 [11120  1855  1240  2304  6151 15254  4472 11120 10098 11211  8416 56946
 56932 11211  5240 14448 56932 10621 10537 56932 11211  7780  2192  6311
 56932  5534  7422  5226 14564 15067  7305 13371  3738  5226  5224  4126
  5765  4472 15509 56931 56945 56945 56945 56945 56945 56945 56945 56945
 56945 56945]
20 [ 5804 10050  4472   965  4472 11120  2894 10590  9514  1296 56932 13348
 56932  2890 14399  7956 11120  1436  9400 11211 12859  5804 14304 13847
  4472 11120  8941  4472  5804 10925 10621 11120  9443  1925  7057  4472
  5804 14072  5226  5804  3460  3462 56931 56945 56945 56945 56945 56945
 56945 56945]
19 [11120 13760  1240 10532  5226 11966  4472 56942 56932  5226  2890 11950
  4472 12413  4472 11120 10056  1217 11211  4609 11120 13172 11631  5226
 11771 56931 56945 56945 56945 56945 56945 56945 56945 56945 56945 56945
 56945 56945 56945 56945 56945 56945 56945 56945 56945 56945 56945 56945
 56945 56945]
20 [15394 17005  3245 11211 11120  9868 34727 56946 10067  3472 56934  4472
  5272  6151 11120 10773 56935 56932 11122 11211 13334  4151  9056  8550
 56931 56945 56945 56945 56945 56945 56945 56945 56945 56945 56945 56945
 56945 56945 56945 56945 56945 56945 56945 56945 56945 56945 56945 56945
 56945 56945]
13 [ 5224  1689  4472 56946 56932  5234  8876  9230  4472 56942  5137 56932
 11211 18369 13396  7207  1004  5226  1231  2928 11120 11982  4472  5712
 56932    85  8493  6475 10291  5804 15646  4472 11211 11120 12031  3682
  4472  2139 56946  3361  4887 56931 56945 56945 56945 56945 56945 56945
 56945 56945]
27 [ 5226 11669  4492 56932  8361  7412  4472 15086 14641 11211  5226 11646
 16145   424  2299 11122  3315  5224  9527 10621 11120 10419  4472  4151
  9145  8367 11211 56946  9905 10621 18195 56931 56945 56945 56945 56945
 56945 56945 56945 56945 56945 56945 56945 56945 56945 56945 56945 56945
 56945 56945]
5 [ 5224  5923 14931 56932 11211 13851  5224 28682 10067  9270  4693  4472
  5804  2554 56932  5165  6151 10338 11211 56940 12764  1049 11372  2890
 11950 13171 56940  5226 11120 12695 56932 11211  1240  7780  5465 10291
 12342  5226  8493 56940   792  4472  2077 56940 56931 56945 56945 56945
 56945 56945]
47 [ 5224 10988  4472 11120 10714  7035 10291 11434  4562  5224   653  4472
  4151   420   171  4934 10621  5224  7057  4472  4151 11876  8239  6197
  5773  5226  2890 14175  5935 10611  5224  2792  4472 15610 56932  4233
 15255 56932 10621  5224 10242  9823 56932  7631 12967 56932 11211  7951
  1231  6393]
41 [11120 10213  4472 56946  5240 11211 56932  5217 11120  3252  4472 14578
  6151 29265 56932  1240 56946 11122 11211   865  4151 23582 17193  5226
  2890 11988 12297 12297 56946 56932 13491  7270 56932  3446 12297 12297
  4472  4151  8090 27884 11211  9822 13728 56946 56931 56945 56945 56945
 56945 56945]
14 [12764  2451 56932  5224  7811 10620 10611  5804 14821  7689  6151  2330
 56932 11211 14773  5224 56946 56931 56945 56945 56945 56945 56945 56945
 56945 56945 56945 56945 56945 56945 56945 56945 56945 56945 56945 56945
 56945 56945 56945 56945 56945 56945 56945 56945 56945 56945 56945 56945
 56945 56945]
16 [11120 11556  5226 14299  4472  5804 13272 10067  3187 56934 56946 56935
 56932 11120 11093 11211  2332  5804 15157 56932  7780 11682  6151 10282
  1882 10291  7882  6151 11120  9849 11211  9022  5224 16813  4472 11120
  3077  4472 14028  4472 10374 10621 11211  1240 56946  4151 12453 56931
 56945 56945]
15 [10621  5226  4151  2786  4472  5908 56932 56946 10507 13396 56940 52886
 56932  9000  8993 22135  5804 56946 56940 56931 56945 56945 56945 56945
 56945 56945 56945 56945 56945 56945 56945 56945 56945 56945 56945 56945
 56945 56945 56945 56945 56945 56945 56945 56945 56945 56945 56945 56945
 56945 56945]
32 [ 5534   865 45629 13396  4151  4931  1240  3240 56946 10621 56946 11211
  5317  6151   245  5804 15691  7750  4472  4151  1325 11211  1257 11120
  1713 16073 14750 15168  6151 56946 11211  8540  9825  4186 36642 56931
 56945 56945 56945 56945 56945 56945 56945 56945 56945 56945 56945 56945
 56945 56945]
16 [ 5804  5199  5597  5804  6898  4472  4151  5424 56932  4733  4472  8493
  2142  5697 56932 11211  9575  4151 14674 13171  9915 11211  1233 13892
  2131 56932  4562  5804  5478 10621  5804  4976 13371 11506   198 56946
 56931 56945 56945 56945 56945 56945 56945 56945 56945 56945 56945 56945
 56945 56945]
