27 [56940 11120 10838 16630  4472  2890 56942 13396 14108  5226  5224  9283
  4472  5804 11621  7518  4472 56942 11070  5226 56942 15058  4472 56942
  5083  2890  8870  3242  4472 11621  6151 11120 56946 10621 56932 13396
 15398 56932  8493   657  4472  5804 11621  1608  8509  5224 56942 56940
 56932 56946]
15 [ 3245  8321 14855  6997 11211 56940   424   653 11372 11813   653 56940
 12677  6151 11120 55512 10100  4472  6305  6151 11120 10134   635 56940
  5226 14923  3719 56940 56931 56945 56945 56945 56945 56945 56945 56945
 56945 56945 56945 56945 56945 56945 56945 56945 56945 56945 56945 56945
 56945 56945]
