26 [ 4151  2131 19721   290  5224 56940  2641  5226  6226  5224 11078 56940
 11211  5224  6516 10067  7581  4188  2610 56932  9823  4472  1651  8953
 36299 56932  8902  6151  2135  6151 15099  4472 14724 56931 56945 56945
 56945 56945 56945 56945 56945 56945 56945 56945 56945 56945 56945 56945
 56945 56945]
2 [ 9000  9827  2203  6151 11120  5012 10621 14828  4472 14555  1231  4109
  4472 14948  5226 12031 12506 13371 11122  8057  4294  8509  1231 12352
  4562 56946 30540 56932 10611 56942 10621 56942 56931 56945 56945 56945
 56945 56945 56945 56945 56945 56945 56945 56945 56945 56945 56945 56945
 56945 56945]
