2 [ 5224  2642    85  7674  9836  5226 13204 56931 56945 56945 56945 56945
 56945 56945 56945 56945 56945 56945 56945 56945 56945 56945 56945 56945
 56945 56945 56945 56945 56945 56945 56945 56945 56945 56945 56945 56945
 56945 56945 56945 56945 56945 56945 56945 56945 56945 56945 56945 56945
 56945 56945]
14 [ 5286  2848  1240  1425 13171  2308  4562  5224 56946  2861 11211  5804
  4573  8540  2529  1915 56946  4472  7171 32178 56932  4562 11122 11211
  8493  1855  4472   210 56932  4562  2890 56946 15134 56932  7709  7099
 13371  4039  5226  8493 13543 56931 56945 56945 56945 56945 56945 56945
 56945 56945]
