1 [ 7780 11238  2131 12336  4472 11120  7444  4472 10314 10621  4562  5224
 14687 11211 10848  5804 20749 56932  4161  1296 12764  6021  4201  1233
 12937  4151 12732 23220 31145  5226 11120  5404  4362 10291 14496  6151
  2037 10611  5804  8834 14117  5226 11120 11668  4472 13269 56931 56945
 56945 56945]
47 [ 5224 56946  7198 10703 56932  9000 17589  1148 14802 56933  5224  5738
 56932 53746 10621 56946 13371 14914 13396  5804 22334 11211 11236  4472
  1231 56946 56946 56932  6950  1240 18541  6151  1168 12675 10621 12764
 37879    13 12479 11211  5224  4472  1231 12759  8284 56932 11372 14102
    19 13277]
