5 [ 5224  7346  4472 11694 11856  6367 10267  7381  9939  6862  1292 10201
 14584 10291  6714  2131  9876  4472  5908 56931 56945 56945 56945 56945
 56945 56945 56945 56945 56945 56945 56945 56945 56945 56945 56945 56945
 56945 56945 56945 56945 56945 56945 56945 56945 56945 56945 56945 56945
 56945 56945]
9 [ 4161 11120 11374 56932 56946  7780 12355 56932  8871 10702 56932 12937
 13822 15090  2861  5210 11120 15582 56932 13868  1925   653  9499 10067
  8876  9230 15220  4967 56932 11120  5660 10067  2792 56946  9520 10621
 11120  6699 56931 56945 56945 56945 56945 56945 56945 56945 56945 56945
 56945 56945]
24 [ 7023  4472 56942  3985 10621 10025  6928  1046  4472  2496  1317 10621
  1551  4779  7914 13396 11120  2496  4472  5804 14101 10621  1925 11554
  9046  5224  5104  4472  5804  7345 10291 11211  9658 26622  4472 13822
  1919 11750 56932 13371  4151  2983  6535  7923 18776 13396  1231 11950
  5972 56931]
17 [10291  5224 17387 56932 15023 11120 10767 56946  4472 22251 56932 11211
  5224 12675  7738  5886  6151 15573 56932  1240 12680 56940 12764  6950
  2890 11665 13660 56932 10954  3245  2890 12361 50528 10621  2890  3728
 53829 56940 56931 56945 56945 56945 56945 56945 56945 56945 56945 56945
 56945 56945]
34 [ 8552  6151  1231   455  5226  5189 56934 56946 56935 56932  4562  2890
 12168  4472  8303  4472 13686 56932  3387  1925  8288  2729 10621 36874
  6151  1231 18096  1431 56932  5224  6145 13732 56932 11211 42317  5226
 12433 10067 13085 56934 56946 56935 56931 56945 56945 56945 56945 56945
 56945 56945]
1 [11606  6744 13171  4472 11122  1076  9000  5804   465 11122 56946 56931
 56945 56945 56945 56945 56945 56945 56945 56945 56945 56945 56945 56945
 56945 56945 56945 56945 56945 56945 56945 56945 56945 56945 56945 56945
 56945 56945 56945 56945 56945 56945 56945 56945 56945 56945 56945 56945
 56945 56945]
7 [56946  6151  4151 56942 10621  5611 10621  1894 14777  1362 56931 56945
 56945 56945 56945 56945 56945 56945 56945 56945 56945 56945 56945 56945
 56945 56945 56945 56945 56945 56945 56945 56945 56945 56945 56945 56945
 56945 56945 56945 56945 56945 56945 56945 56945 56945 56945 56945 56945
 56945 56945]
8 [ 1231 14405 12297 12297 11211  7780 11806  6151  9406  4562  2303 12297
 12297 11562 13451  4562 11066  9928 56934 11477 56935 56932  3257  4472
 13822  6261 56932 11211 10823 11120 15583  4472  3592 10621  6478 10611
  2890 11215  2206 10621 11120  4476 11658 11211 11117  1815 56931 56945
 56945 56945]
42 [ 5224 23805  4472 19879 56946 56932  6621 56946 56932 15648  6151 14196
 11211 56940  5226 56942  5804  2704  3882  4585  5226  4756  1128 56932
 10621 15023 11120 12925  5226  3222  5804 29063 18883 13441  5224 56942
 13396 14108  4472  5804 10003 11211  9490  5226 11120 14016 56932 10621
  5224  6319]
31 [10291  5224 12133  8536  5224  8716 10067 11955 11519 56932 11211  3645
  8186  6151  5804  9362 56932 56946 13171  1970 10291  5804  3035 56932
 14260  4550  2495  9724 13822  6159 56932 12735 13822 56946 10621  6416
 15225  5226  4151 14030 56931 56945 56945 56945 56945 56945 56945 56945
 56945 56945]
28 [15023  5249 11211 12764  9490  9228  6151 11981  4472  1231    27  5513
 10621  4472  1231  8069  1925  8036 56932 15201  2861 56940 12234 13055
  5240  5224  1387  6151  8798 56940 56932 12889  9445 11211  5226 12379
  5452  5224  7220  4472  4693 11211 13820 56940 12764  9142  6151 13290
 56932 11372]
26 [14931  5224   473 10621 10426 10067  3612 56932  5804  5037   746  3521
  8373  4472 13822   420  4393  3204 10621  1396  2199  4472  2529  5224
  3612 11211 11714 11120  6255  1578  5226 11120 13812 56931 56945 56945
 56945 56945 56945 56945 56945 56945 56945 56945 56945 56945 56945 56945
 56945 56945]
18 [56940  4151 22310 11526  9046 11120 14964  1135  4472  5804 13272   881
  5226  5224  1926 56932 10621 12764 39706  8849 11211  9658 56034  5804
  2826  1317 56940 56932  3120  9992 56931 56945 56945 56945 56945 56945
 56945 56945 56945 56945 56945 56945 56945 56945 56945 56945 56945 56945
 56945 56945]
7 [ 5226 11120  7611 14397 56932  3018  6151  2837 35292 13371 56946  2861
 16073 56932 56946 10621 56946  5804 13997 56933 56946 13365 12994 11120
  8945 56933 28124 11120  9852  4693  4472 11211 13290 24976 11120  8955
 56931 56945 56945 56945 56945 56945 56945 56945 56945 56945 56945 56945
 56945 56945]
35 [11211  3799  1622 10621  7780  8192 13373 56932 19780  4472  1335 56932
 13925 37559 56932 55651 10621  4993  5226 12341 10621  8945 56932 12445
  5224  1464 10067 17930 11648 10621 35387 56932 10621 10507 13396  1920
  5226 13723 56931 56945 56945 56945 56945 56945 56945 56945 56945 56945
 56945 56945]
22 [56940 12764 11122 13261 12297  6299 12297 56932  9000  1233 12342   848
 12760 15105  1396 13371 14124 56932  1240  6913 11211 12764  2044 10430
 10621 12764 56946  6151 13290 56940 56931 56945 56945 56945 56945 56945
 56945 56945 56945 56945 56945 56945 56945 56945 56945 56945 56945 56945
 56945 56945]
13 [11349  7780 13848  4550 13171 13365 56932 13171  6523 56932 13171  7258
 10291 45306 56932  3243  6312  3878 10621  5224 13273  4472 12619  5226
 15127 56932  4562 11122 11211 11120  1855  2986 13171  1918 56931 56945
 56945 56945 56945 56945 56945 56945 56945 56945 56945 56945 56945 56945
 56945 56945]
19 [10111  6151 11174 11120   358  5226 11120  9745  8509   683  9794  5137
   848 56932  5226 10025 15657 56932  6151  1353  5224  3299 13396  8223
 56932  9000  5226 11813 13440  7494  5224 12691  4472  8493  9556 17480
  4472  2890  2445  4472  2677 11211 56946  4151 11211  5226  1231 11950
  7709  6330]
6 [56940  6196 12543  9373  5321 10291 12735 56940 56931 56945 56945 56945
 56945 56945 56945 56945 56945 56945 56945 56945 56945 56945 56945 56945
 56945 56945 56945 56945 56945 56945 56945 56945 56945 56945 56945 56945
 56945 56945 56945 56945 56945 56945 56945 56945 56945 56945 56945 56945
 56945 56945]
7 [ 5226 15107 11122 11211  7350  8946  5529  6802 11120  8134  7956  1231
  7070  4472  4177 10621  7048  4472  6480 56931 56945 56945 56945 56945
 56945 56945 56945 56945 56945 56945 56945 56945 56945 56945 56945 56945
 56945 56945 56945 56945 56945 56945 56945 56945 56945 56945 56945 56945
 56945 56945]
30 [  424  8673 56932 10067 11211 11418 11120 13706 10316  5226  8837 56932
  5582  2890  5497  9638  3828  1240 11833  2406  4151 56940 13656  7606
 56940 11211 11120   726   668 12764  8555  5226  5804  6261  4472 13866
 56931 56945 56945 56945 56945 56945 56945 56945 56945 56945 56945 56945
 56945 56945]
12 [  930 56932  5226  6098  4472 56946 56932 56940 28089 11120  3778  4472
  1593 56932 14260  4151 14729  4472 14016 15590  6151  4746  6151  3685
 19577  4562  4151 56946  5226  5804 10025  9315 13901 56940 56931 56945
 56945 56945 56945 56945 56945 56945 56945 56945 56945 56945 56945 56945
 56945 56945]
24 [11120  4002  5685 56932 56946 56932  3064   217 11120  8134  7956 11120
  6544  5226 11120 12815 12957  5685  4472 56942  7393  4472 13893 14931
  2300  6418  6151 11120 11066  4472  1618  4472 14088 10236 56932  4884
  2684  1925  4842 13260 12780  4151  5008  7956 11120 10615  4472 10292
 10291  5224]
11 [11120  4670 16177  5226  9852  6151 11120  2725  4660 11211  5848   676
  5224  6909  2812 13155 56946 56932 13386 13280  8373 11970 10561  4562
  7381  6381  7030  5226  5224 11964 10621 38065  1925   653 10621  9394
  1416 56931 56945 56945 56945 56945 56945 56945 56945 56945 56945 56945
 56945 56945]
37 [ 7868  5224 13004 56932 11120  3290  5240  1593  5224  8876  2689 12764
  8871  4472 56942  6841  4472 10766 56946 56934   490 56935 56932   683
  8373 11804  4472  7136  5226  7029  4472  5045 10621  9173 10207 56932
 10621  2288  5280  4161 56942  6841 56932   683  8834 11804  4472  5283
 56931 56945]
17 [56940 12889  1969  5850  2890  9198  4472  1510 12297  6299 12297 11122
 56946 10621  9373 18884 10291  8740   424   273  4472 12921  6151 11120
  9707 10067   870 56940 56931 56945 56945 56945 56945 56945 56945 56945
 56945 56945 56945 56945 56945 56945 56945 56945 56945 56945 56945 56945
 56945 56945]
20 [13554 11211  6151  5804  6786 10013 56946  1240 15649  5226  5224  5482
  4562  2890 35707 13554  4472 56946 56932 10291  2628  5226 11120 56946
 56931 56945 56945 56945 56945 56945 56945 56945 56945 56945 56945 56945
 56945 56945 56945 56945 56945 56945 56945 56945 56945 56945 56945 56945
 56945 56945]
6 [11120 14248 15535    85 15593  6151  9981 10393  4472   193 13280 13171
  4472  2890  2689 56932  5226 14724  4472 56942 56932 14260 11120 12449
   343  2317  8871 24174 56932  9000 13822  9684 14811  1452 13441 10326
 56931 56945 56945 56945 56945 56945 56945 56945 56945 56945 56945 56945
 56945 56945]
40 [ 8630 56946  5224  8450  7956  5224  5328 56932 13554  9222 13371  4188
 10045 12297 12297  1231 11783  4569  6151 14124 12297 12297 12013 11211
 56932 56946 13386 56946  5226  4151  5839  4290  4934 56932 56946  4472
  5804 10276  1711 10291 10702  5226 11648 56931 56945 56945 56945 56945
 56945 56945]
32 [56946 15201  1925   413 56940 11497 56940 11211 11120 10957 12764   402
  5226  9379  8445  5226 13822 10804 56932  8630 11120  8945  8212  5224
  9591  4472 11211  5224  2197  5078 56932  9591 13280 11970 10621  4161
  4550 12764 12846 56932 14190  2529  8493 56940 56946  4403 56940 56931
 56945 56945]
7 [ 5804  7394  4472   217  6950  6728 10291 11400 13365 10621  2529  5710
 56931 56945 56945 56945 56945 56945 56945 56945 56945 56945 56945 56945
 56945 56945 56945 56945 56945 56945 56945 56945 56945 56945 56945 56945
 56945 56945 56945 56945 56945 56945 56945 56945 56945 56945 56945 56945
 56945 56945]
2 [56936 11562 15409  5224 11955  4472  2529 14915  5901 56937 12297 12297
 56931 56945 56945 56945 56945 56945 56945 56945 56945 56945 56945 56945
 56945 56945 56945 56945 56945 56945 56945 56945 56945 56945 56945 56945
 56945 56945 56945 56945 56945 56945 56945 56945 56945 56945 56945 56945
 56945 56945]
7 [ 9000  6196  9373  3860  6151 12764 10778  8606 13083  4472  4151  3765
 11211  8619  4151  8155   891 56931 56945 56945 56945 56945 56945 56945
 56945 56945 56945 56945 56945 56945 56945 56945 56945 56945 56945 56945
 56945 56945 56945 56945 56945 56945 56945 56945 56945 56945 56945 56945
 56945 56945]
13 [ 9000  6196  9373  3860  6151 12764 10778  8606 13083  4472  4151  3765
 11211  8619  4151  8155   891 56931 56945 56945 56945 56945 56945 56945
 56945 56945 56945 56945 56945 56945 56945 56945 56945 56945 56945 56945
 56945 56945 56945 56945 56945 56945 56945 56945 56945 56945 56945 56945
 56945 56945]
45 [10621  5240 13487  5534 56932  5226 14923 10103  4791 56932  2890  9823
   848  2890  7343  9823   848  3446 56932  8993  5217  5224  8598  4472
  7222  4472 11120  4431 56932 11236  2175 56932 13903  1925 12051  3633
 10067  2274 10621 56932  5226 15422  4472   767 56932 12455 11120   108
  4472  2396]
13 [ 2240 56932 12015  7780  4643  4472  8493  3196 22502 11211  5224  7238
 11211 14817  5224 28302 18217  4472 56940 26071 11120  3363 56940 56932
 15145 11906  5226  8445 14915 35698 19714 10291 11120 17292 10621 11120
  3363 56931 56945 56945 56945 56945 56945 56945 56945 56945 56945 56945
 56945 56945]
11 [56940 13822 17140  4472 14747   865 24222  4472 16875 56931 12764   753
  3260  5226 47979 11211 12764  2273  5226 56946 56940 56932  8964  5825
 56931 56945 56945 56945 56945 56945 56945 56945 56945 56945 56945 56945
 56945 56945 56945 56945 56945 56945 56945 56945 56945 56945 56945 56945
 56945 56945]
11 [  425  6297  1240 11696  6151  5804 56942 11804 11211  7494  1076  8196
  5224  7901 13396  5224  1079  4472 14821  9536 10621 11211 11033  1925
 12675   273 56931 56945 56945 56945 56945 56945 56945 56945 56945 56945
 56945 56945 56945 56945 56945 56945 56945 56945 56945 56945 56945 56945
 56945 56945]
10 [ 9528 11211 11127  5226 11120  7508 10067  6319  5692 10291 33119 56946
  4151 10219 56932 10621  1240  6183  1233  8493  3174 32462 56932 29456
 13396 11120  9927 10621 11120 15380  2106 56932 11211   373 13941  5224
 10522  4472 11120 14227 11091 56932 12764  3645  6151 10778 11620  1231
  3474 14687]
15 [   68 11080   746 13016  4151  2131 14164  4472 11120  3174  2469 56940
 11211  5240  6863 13458 56940 56932 15201  5224  2792 56932 13386  1694
 11211  5226   424 12687 10067  5567  5804  8390 11526  2529  4421  6151
  5804 23431 10067  1437 10621 56940 12764 10364  6151  5804  5199 18128
 56940 56931]
16 [13182  5240  5224  7249  9925  4472 11120  4524 11992 11211  9929  4472
  9360  4472 14746 10291  5522  5226 13913 56932  5226  7415 12135 13396
  4151  4968  4472  4151  2983  3006 56931 56945 56945 56945 56945 56945
 56945 56945 56945 56945 56945 56945 56945 56945 56945 56945 56945 56945
 56945 56945]
37 [56942  4472  8853 56931 12297  5804 13227 12990 40467 56932  5226 11093
  3990 56932  5224 15316  4472 12516  4472   425  1976 56932 15023  2890
 48950   695 10067  1782 10718 56932  5226  5224 11211  1240 10823 15204
  4472  1607  4290 55370 56931 56945 56945 56945 56945 56945 56945 56945
 56945 56945]
2 [56940 56946 11400 56932  9000  4365 14069  2890  1431  3720 56940 56932
 15648  5831 14981 56932 11211 12764 14204  5224  1800 19606 13371   870
 10067 15538 56931 56945 56945 56945 56945 56945 56945 56945 56945 56945
 56945 56945 56945 56945 56945 56945 56945 56945 56945 56945 56945 56945
 56945 56945]
18 [ 5224  2270 15484  5226 11120 11093 10241  4562 14915  6950  2890   821
 10067 14705 13936 11211  6197  9490 42375 11120  6255   445  5226 11120
  5723 14443 10067  5138  3733 56931 56945 56945 56945 56945 56945 56945
 56945 56945 56945 56945 56945 56945 56945 56945 56945 56945 56945 56945
 56945 56945]
17 [ 7868 56946 56932 56940  1240    58  4472 11211  2464 56946  4472 14847
  1925 13105 11085 11211 11606 10290 11120  9849 10621 11211   546  5217
  5224  7560  4472 11120  6275 12957  4472 13732 56934 56946 56935 56932
  6534 13396  5224  3538 11085 10067 25634 56932 11211   373  5226 14614
  4472  9805]
34 [56940 12889  1490  7944  4472 14399 10611  4151  8373   373  1969 12407
  2199 10621  5240 14844 11211 10499  4693  4472  4151  5839  4290  3496
  5226  1723 56932  4151 14373 13526  5224 13826 10843 11211   753  5226
   424 10386  5226  2551  5226   424  4492 56940 56932  8964  5224   413
 56931 56945]
10 [ 2890  6203  4472  5804 56942  9251 11211 14423 14734 13396 12712 10540
  2149 56932  8777  8493  5595 11211  3367  5226 13171  4472 56942 56946
 11120 11160 56931 56945 56945 56945 56945 56945 56945 56945 56945 56945
 56945 56945 56945 56945 56945 56945 56945 56945 56945 56945 56945 56945
 56945 56945]
1 [ 5217 10463  5137  5878  2890  7379 56946  7956  3253   504 56931 56945
 56945 56945 56945 56945 56945 56945 56945 56945 56945 56945 56945 56945
 56945 56945 56945 56945 56945 56945 56945 56945 56945 56945 56945 56945
 56945 56945 56945 56945 56945 56945 56945 56945 56945 56945 56945 56945
 56945 56945]
17 [11349  5240  3608 10067 15175 27501  9541  4472 11120 14227  9500 56934
 13209 56935 11211 11117  7780  9591 13043  1098 56932 10611  8025  2890
   339  4472 11120  3652  4472 11120  5918  4472  3222 56932 11211 14817
  2632   153  2370  5804  3618  6011 11211 12764 30168  1231  5551  5226
  2732 56931]
35 [11349  5240  3608 10067 15175 27501  9541  4472 11120 14227  9500 56934
 13209 56935 11211 11117  7780  9591 13043  1098 56932 10611  8025  2890
   339  4472 11120  3652  4472 11120  5918  4472  3222 56932 11211 14817
  2632   153  2370  5804  3618  6011 11211 12764 30168  1231  5551  5226
  2732 56931]
44 [11349  5240  3608 10067 15175 27501  9541  4472 11120 14227  9500 56934
 13209 56935 11211 11117  7780  9591 13043  1098 56932 10611  8025  2890
   339  4472 11120  3652  4472 11120  5918  4472  3222 56932 11211 14817
  2632   153  2370  5804  3618  6011 11211 12764 30168  1231  5551  5226
  2732 56931]
7 [ 5226  5224  4842 11690 56946 56932 11211 13073  8493  1004 11211  4151
  8081 13391 13299 56932  4151  8849  4472  9471  2170 39140 56942  5895
  6151 56942  5895 10621  4151  4472  2664  6842 50736 56942  5895  6151
 56942  5895 56931 56945 56945 56945 56945 56945 56945 56945 56945 56945
 56945 56945]
18 [10291 13853 11211 46363  5226 11120   704 56932  5804  1046 12171  2495
  8244 17626  5226  2890 15227 56932  2738  8493  1563 56932 39492  1231
  4071 11372 37076 12424  2814  2890 12675 43886 56931 56945 56945 56945
 56945 56945 56945 56945 56945 56945 56945 56945 56945 56945 56945 56945
 56945 56945]
22 [10291 13853 11211 46363  5226 11120   704 56932  5804  1046 12171  2495
  8244 17626  5226  2890 15227 56932  2738  8493  1563 56932 39492  1231
  4071 11372 37076 12424  2814  2890 12675 43886 56931 56945 56945 56945
 56945 56945 56945 56945 56945 56945 56945 56945 56945 56945 56945 56945
 56945 56945]
26 [10291 13853 11211 46363  5226 11120   704 56932  5804  1046 12171  2495
  8244 17626  5226  2890 15227 56932  2738  8493  1563 56932 39492  1231
  4071 11372 37076 12424  2814  2890 12675 43886 56931 56945 56945 56945
 56945 56945 56945 56945 56945 56945 56945 56945 56945 56945 56945 56945
 56945 56945]
32 [ 1925  6117  4472 11120  1016  4472  4284 56932 11120 11840  7780  5159
  3245 13396 10021 13822 13817  4472  5869  6151 11120  4194  5822 56932
 10621  7780  2729  5226 14390  8493  3723 10291 14342  3245  6151  7608
  4472  1335 56931 56945 56945 56945 56945 56945 56945 56945 56945 56945
 56945 56945]
37 [13371  5226  5804  5199  2260  4472 14417  8671 10621 12047 56946 56932
  4151 14633  8992  4585  7917  4472  7258 10621  4151  8373  4581 10067
  5076  5597  2890 13056  4472  6101 13802 56932  6221  8493  3933 15526
 56932  3145  5226 14923   436 10291 14500  1925  5622  9809 12118  4472
 11120 13075]
2 [ 2669  4472  8839  2890  7379 11211 12764 56946  5226  4474  4472  3269
 56931 56945 56945 56945 56945 56945 56945 56945 56945 56945 56945 56945
 56945 56945 56945 56945 56945 56945 56945 56945 56945 56945 56945 56945
 56945 56945 56945 56945 56945 56945 56945 56945 56945 56945 56945 56945
 56945 56945]
0 [14184  6683  5226  5224 13893  5240 56946  6079  2861  4938  5207 56946
  6151  9379 56946 12764  4299  9761 14931 10703 56931 56945 56945 56945
 56945 56945 56945 56945 56945 56945 56945 56945 56945 56945 56945 56945
 56945 56945 56945 56945 56945 56945 56945 56945 56945 56945 56945 56945
 56945 56945]
22 [ 2530 13396 11120  6675  4472  4151  2131   741  4472  8945 10621  9092
  1633  5224 10437  4472 11120  8467  1152 56932  9490  3609 11932  1231
  6879  5987 10621   354 56932  5226  5879 10621  9928 56932  1925  9003
  4472  5487 56931 56945 56945 56945 56945 56945 56945 56945 56945 56945
 56945 56945]
31 [ 6151 11093  4000  4472 11120  1296 10463  4940  4562 56946 15894  5226
  5224 18344  4472 11120 12767 56932  8630 56946  4151  3039  3205  4472
 11120 16669 56932 11122 11211  5226  4649 30527  7898  8445  4472 56946
 56933  1925   273 10621  1925  9687 56932 56942 56946 56946 11120  1216
  8328 10621]
45 [ 6151 11093  4000  4472 11120  1296 10463  4940  4562 56946 15894  5226
  5224 18344  4472 11120 12767 56932  8630 56946  4151  3039  3205  4472
 11120 16669 56932 11122 11211  5226  4649 30527  7898  8445  4472 56946
 56933  1925   273 10621  1925  9687 56932 56942 56946 56946 11120  1216
  8328 10621]
32 [12015  4470 14662  4472 11211 11120  4811 11752 56932 11122 11211  2816
  5224   911 10067  9857 56932  4615  4472 10160  7956 11325  9137  4562
 11120 56946  4472  8493  4472  4151  2562 11211 12455 13507  5534 12764
   373  6160   417   848 56946  5804  9242  4562  2890 11104  4472   367
 56931 56945]
40 [12015  4470 14662  4472 11211 11120  4811 11752 56932 11122 11211  2816
  5224   911 10067  9857 56932  4615  4472 10160  7956 11325  9137  4562
 11120 56946  4472  8493  4472  4151  2562 11211 12455 13507  5534 12764
   373  6160   417   848 56946  5804  9242  4562  2890 11104  4472   367
 56931 56945]
7 [ 5240 13171 11751  9761  5226 14299 13802 14793  5224 11629 14931 11066
 11211 11830  4472 13853  8493  8364  4472  5804  9094 12889 15145  4562
 11066 56931 56945 56945 56945 56945 56945 56945 56945 56945 56945 56945
 56945 56945 56945 56945 56945 56945 56945 56945 56945 56945 56945 56945
 56945 56945]
15 [ 5240 13171 11751  9761  5226 14299 13802 14793  5224 11629 14931 11066
 11211 11830  4472 13853  8493  8364  4472  5804  9094 12889 15145  4562
 11066 56931 56945 56945 56945 56945 56945 56945 56945 56945 56945 56945
 56945 56945 56945 56945 56945 56945 56945 56945 56945 56945 56945 56945
 56945 56945]
34 [56416 12758  6151 11120 13812  5226 56942 56932 10621 12752  1240  7780
  9002  1000 11211  6151 15952 11117 14939  5506  5226  5224 14555  9444
 21512 56934  3645 43966  5226 13998 56932  9000 11562 14931 11107  1379
 13171 10067 56942 56943  4472 13822 10430 56935 56932 11211 56946  1240
  3648 16443]
38 [ 5226  2972 56932  4228  6151 11120  1004 11211 13478  5804  6381 56946
  6151 11120  8364 56932 11211 12764  6950 17284 19197 56946 13822 42720
 10621 24409 56932 10621 11211  1240 56946 12672  4643  6151  2890  2972
  9322 10291  7721  4151  3765  2370 56946 10621 19550 15513 22469 56931
 56945 56945]
45 [ 5226  2972 56932  4228  6151 11120  1004 11211 13478  5804  6381 56946
  6151 11120  8364 56932 11211 12764  6950 17284 19197 56946 13822 42720
 10621 24409 56932 10621 11211  1240 56946 12672  4643  6151  2890  2972
  9322 10291  7721  4151  3765  2370 56946 10621 19550 15513 22469 56931
 56945 56945]
19 [ 5224 16446 12764 10577  2529 27825 56932 10954 17654 56933  5224 56946
   848  8835  5240    19  3269  3933 11211  4962 11120  3745  5226  2983
  4273  4472 10374 11211 56932 13396   919 14251 56932  5246  2426 54010
 56931 56945 56945 56945 56945 56945 56945 56945 56945 56945 56945 56945
 56945 56945]
15 [ 1793 11120  7132 12764  7709  8606  1379  5226  1156  1925 13730 56932
 11664  7494 11211  5527  5224 13314  4472 11122  9329 10291  4425  6272
  8874 56931 56945 56945 56945 56945 56945 56945 56945 56945 56945 56945
 56945 56945 56945 56945 56945 56945 56945 56945 56945 56945 56945 56945
 56945 56945]
22 [ 1793 11120  7132 12764  7709  8606  1379  5226  1156  1925 13730 56932
 11664  7494 11211  5527  5224 13314  4472 11122  9329 10291  4425  6272
  8874 56931 56945 56945 56945 56945 56945 56945 56945 56945 56945 56945
 56945 56945 56945 56945 56945 56945 56945 56945 56945 56945 56945 56945
 56945 56945]
11 [ 8493  5980  7709   444  2890  9925 16352  5226   683  5263 56932 20401
 14085 10621   170  9935  6151  1231  2052 56931 56945 56945 56945 56945
 56945 56945 56945 56945 56945 56945 56945 56945 56945 56945 56945 56945
 56945 56945 56945 56945 56945 56945 56945 56945 56945 56945 56945 56945
 56945 56945]
14 [ 8493  5980  7709   444  2890  9925 16352  5226   683  5263 56932 20401
 14085 10621   170  9935  6151  1231  2052 56931 56945 56945 56945 56945
 56945 56945 56945 56945 56945 56945 56945 56945 56945 56945 56945 56945
 56945 56945 56945 56945 56945 56945 56945 56945 56945 56945 56945 56945
 56945 56945]
16 [ 9000  6786  5137 15083 56932  5226 56942 56932  5224 15063 56946  4472
 25924  1240 12374  4472 56627 11120 30280  4472  4151 35595 13901 56931
 56945 56945 56945 56945 56945 56945 56945 56945 56945 56945 56945 56945
 56945 56945 56945 56945 56945 56945 56945 56945 56945 56945 56945 56945
 56945 56945]
5 [ 5226  6226 13440 56932 14917  7325 56946 11120 14964 10067   175  4472
  6471  6151   273  4472 10667 12764 13554  4151 13993 13939  9254 13371
  5224  7532 10067  2597  5226 11211  1240   746  7683 10621  1231 11977
 11697 56931 56945 56945 56945 56945 56945 56945 56945 56945 56945 56945
 56945 56945]
7 [ 1925  3976  4472  5804 15721  1240  9490 13381  2890  5935 10611  8373
 12690 56932  4472  5804 11211  4852 14137 24766  5804 21655  6862   494
 11120  8150  4561  2861  5224  4472 11120 12088 10621  5224 10067  7049
 56933  5668 13676   229 56932 10291 56946 56932  5224  4472 11120  6471
 11211  1240]
4 [ 5224 16122  5953  6151 16799 11120  6471  4562 11120 14433 10621  4151
  2452 56932 56946  5226 12135  4472 11120 17311  5012  4472 11120  6685
 56933  9000  4161  5804 15721  4752 10621 15723 12764  1240 18798  1862
  5226  5224   175  4472  6471 13371 12297 11055 10067  2597 12297 10621
  7976  7945]
23 [ 5226  6226 13440 56932  1240  1630   264 15526 11211 56932  7878 45451
  4472  3572 11120  8048 56932 11120 12596  2273  5226 13910  4472 56061
 13822  3136  2861 12297 11372  5207 13116 11372 12473  1031  4472 11211
  3572   418 12355 18848  2890  2776  4472 22167 13371  5804 56946  5226
  1787 10067]
39 [ 5226  6226 13440 56932  1240  1630   264 15526 11211 56932  7878 45451
  4472  3572 11120  8048 56932 11120 12596  2273  5226 13910  4472 56061
 13822  3136  2861 12297 11372  5207 13116 11372 12473  1031  4472 11211
  3572   418 12355 18848  2890  2776  4472 22167 13371  5804 56946  5226
  1787 10067]
