18 [ 5224  1107  5010  1231  4846 16129 11211 11120  1147  4472  4151  3336
  8343 56946  6151  1352   746  8192 11819 10621 11211  5224  5683   373
  4550 56946 56931 56945 56945 56945 56945 56945 56945 56945 56945 56945
 56945 56945 56945 56945 56945 56945 56945 56945 56945 56945 56945 56945
 56945 56945]
28 [ 5224  6909  2944 10827 36860 56932 40686  5226  4151  4290 10067  6145
 13732 56932 12826 11211 11120 10241 11211 11418 13749  5226 11120  1959
  2106 10067  5076  9840 56946  1233  1503  4204 12342  2792 56932  9000
   373  5403  4472 11211 11120 15380 12764 13261  1958  1233  5804   917
  5226  4151]
4 [12015 13126 15223 11211 56946 56932 12889  6151  2814 12764 15145  5179
 15600 10954 14750 24949 56931 56945 56945 56945 56945 56945 56945 56945
 56945 56945 56945 56945 56945 56945 56945 56945 56945 56945 56945 56945
 56945 56945 56945 56945 56945 56945 56945 56945 56945 56945 56945 56945
 56945 56945]
9 [ 8493  1004 13171 11120 12973 10067 56940 16037 56940   345  5226  5804
  8445 14213 10621 32564  1925  5606  7381  4472 13822 56942 13349  5226
 11120 10719 11211  7187  6151  5804  5037 56934 56946 56935  4562 11120
  8290  7838 14314 15083  4472    52  7581  6151  4151 15271  4472  8493
 14564  8600]
1 [11120  2752 56946 56932   821  4472  5436 21827 56932 10621 56946 56932
  2890 13242 22942  5226 11120  3334 10067  1794 11211  7780  4147   424
  2689 10067 44834 56931 56945 56945 56945 56945 56945 56945 56945 56945
 56945 56945 56945 56945 56945 56945 56945 56945 56945 56945 56945 56945
 56945 56945]
13 [ 5226   424  4492    11 11211 56940 12764 14190 56940 11211  5224  2631
  5692 56946 10621  6491 11211  1925 18319  4472  2890 14339  4415 56940
  7709 11293   494  6151  6416 11211 14338  4472 12183  4694 18959  5534
  2890   653 17565 12764  4962  4562 13822 17358 56940 56931 56945 56945
 56945 56945]
27 [ 5226 14923  3719  3306 56932 15201 56932 12889  5226 11120  4932   865
 30669 11071 26962 10611  1163 15226 10621  9529 56932 56940  6151  4151
 11211  4365  4472 56946 56940 56931 56945 56945 56945 56945 56945 56945
 56945 56945 56945 56945 56945 56945 56945 56945 56945 56945 56945 56945
 56945 56945]
49 [ 5224  9230 12624  4472 14299 56932 15082 56946 56932 11499 56932  6151
  1231  1004 56932 11211  5224 14399  4472 46989 11562  1452  2890  5589
  1601  4472  9540 56932 12889 13382 11211 56932  6151 11120  7440  4472
  5804  5470 56932 11120 12135 11211  4807  1925   667  4472 14233  7709
    52  8109]
35 [11120  2595  4472 11120 11556  4472 15544 14431 56934 12204 56935 56932
  5602 13566 56932  3655  6151 14196 11211 56940  1178 13396 11120 13704
  4472  5804  4679  9757 11211 12676  2890  8716  4472  4900 13371    95
  5226  3627 56934 10442 56935 10621 13732 56934  1723 56935 56932 14931
 11744 56932]
4 [14260 11122 10067 28578 56946 56931 56945 56945 56945 56945 56945 56945
 56945 56945 56945 56945 56945 56945 56945 56945 56945 56945 56945 56945
 56945 56945 56945 56945 56945 56945 56945 56945 56945 56945 56945 56945
 56945 56945 56945 56945 56945 56945 56945 56945 56945 56945 56945 56945
 56945 56945]
8 [14352 10213  3389 10067 13893 13371  3077 16294 34224   494  5226  4151
 13728 25818  4472  7821 11211 56932 53426  2370 53426 56932 16761 15023
  5224   273  4472 12921 56931 56945 56945 56945 56945 56945 56945 56945
 56945 56945 56945 56945 56945 56945 56945 56945 56945 56945 56945 56945
 56945 56945]
