2 [11912 12764  7780 14069 12090  5226  5804  8373  1304 11211  7780  2840
  4161  5224  3719  5226  1231  4291  6151  4151 11327 56932 15083  4472
  2890  2041 11762 13370 56931 56945 56945 56945 56945 56945 56945 56945
 56945 56945 56945 56945 56945 56945 56945 56945 56945 56945 56945 56945
 56945 56945]
19 [ 4151  3388  6653 11211   746  6154  2890  4188 13857 10067  9283  4472
 13988 56932 15058  1925  2689 56942 56932   746  8192 17870 56932  5548
 10621  4487 56932 12889  4151  3388  3828   753  2890  4188  9283  4472
 13988  7849   865  2668 10621  9192 56931 56945 56945 56945 56945 56945
 56945 56945]
3 [ 5804  5137 56946   746  8192   979 10291 10922 56931 56945 56945 56945
 56945 56945 56945 56945 56945 56945 56945 56945 56945 56945 56945 56945
 56945 56945 56945 56945 56945 56945 56945 56945 56945 56945 56945 56945
 56945 56945 56945 56945 56945 56945 56945 56945 56945 56945 56945 56945
 56945 56945]
18 [ 7868 21653 56946 56932 23805  4472   238  4217 10291 11631  3426 56932
 12393  2786  4472  4151 14729  2844   746 14069  7528 24911  5226  5804
  9315  8620 56931 56945 56945 56945 56945 56945 56945 56945 56945 56945
 56945 56945 56945 56945 56945 56945 56945 56945 56945 56945 56945 56945
 56945 56945]
9 [ 6151 14849 10067  3443 11085 56932   784 33722  2801  7780  8192 15111
  4472 21383  5224  2222  4472  2890  5589 48071 56932  4472  2890 56946
   848  4472  2890 56946  4472 56946 56931 56945 56945 56945 56945 56945
 56945 56945 56945 56945 56945 56945 56945 56945 56945 56945 56945 56945
 56945 56945]
4 [56940 12024 14792  8993  7780  8192    52  8449 12024  3111 56940 56932
 56946  5224 56946 10291 11148 56932  6151  1721 56932  9394 15664  4293
 56932 13371  1231 10117  4472 10069 15600  5224  2693 56931 56945 56945
 56945 56945 56945 56945 56945 56945 56945 56945 56945 56945 56945 56945
 56945 56945]
21 [11120 12545  2127 10753  4693  4472 30602 10621   420 11970 15083 11120
 13450 10067 10386 56932 11211  5848  1298 11149 13021   746  8192 19096
 26970 10621  2436   209 13516  5224  8749 56932 12764  7780  5663 12543
  8493 11851 56931 56945 56945 56945 56945 56945 56945 56945 56945 56945
 56945 56945]
3 [ 5534 11120 32864  9490  8192  4415 56932  5224 36220    65 12761  6151
 11454  1231 12759  8030 56932 11211  4693  4413 56946 56946  5224  2075
  4161 11120 14602 14931 11211  1240 56946  6151 10506  8819 56931 56945
 56945 56945 56945 56945 56945 56945 56945 56945 56945 56945 56945 56945
 56945 56945]
40 [14931 11744 56932  5224  9591 13171  3269  4550  5240  5224 10729  4766
 10611 15686  4472 47233 56932  4884  5532  5240  8870 11211 11120  1781
  4472  5804  2237  4472 15590 10064 56946 56932  4562 11122 11211  5226
   424 13440  9379 14619  8540  2529  9251 28414   848 34922 56931 56945
 56945 56945]
13 [ 5286  2848  1240  1425 13171  2308  4562  5224 56946  2861 11211  5804
  4573  8540  2529  1915 56946  4472  7171 32178 56932  4562 11122 11211
  8493  1855  4472   210 56932  4562  2890 56946 15134 56932  7709  7099
 13371  4039  5226  8493 13543 56931 56945 56945 56945 56945 56945 56945
 56945 56945]
3 [14914  1004 12764  7175  8192 14915 22924  1233 10261 56946  4855 11149
  2199  4125  6917  3958  4472  9537 11661 56946 56932  5534 14442 21590
  6151 53738  5224 12051  4472  2890  1926  5226  5224 11211  6226  4125
  1076 56932  8871 11120 46124 56931 56945 56945 56945 56945 56945 56945
 56945 56945]
