34 [ 5804 15646 13526 11211  5224  9185  5226 11120  6098 10468  6151 15276
  4472 56940 40019 56940 56934 56946 56935  1240   582 56932 10996 56932
  1925 14384 16500 10611  1231   611 10621 11120 10067 11211   375  2792
  5217 11120 10365  4472  9515  4472 11120 15386  7430 15512 13346  5226
 56942 56932]
8 [ 4562   424 11575 56932 11211  6151  1231  1004  5240  5224  7811 12355
  4161  4550 13396  5224  3612 56946 56946  5226  8493 13300  4472 11120
   102 56932  8609  7780  5451  4161 11120 12165 15422  5226 11120 11753
   197 10067 11284 10621  1240  7780  6329  5226  5095 10611  5804 32474
 56932 27182]
5 [11211  3799  1622 10621  7780  8192 13373 56932 19780  4472  1335 56932
 13925 37559 56932 55651 10621  4993  5226 12341 10621  8945 56932 12445
  5224  1464 10067 17930 11648 10621 35387 56932 10621 10507 13396  1920
  5226 13723 56931 56945 56945 56945 56945 56945 56945 56945 56945 56945
 56945 56945]
32 [ 7868  9222 56932 11120  5158  7709 56940 13018 10621  9997 56940 11211
  1723  7706  6416 56940 13171 23723 56932 18128 10621  8390 56940 56932
 11122 11211 56932 10291  5224  2792 56932 56940  5240  8493  7415  7316
 10291  1723 56940 56931 56945 56945 56945 56945 56945 56945 56945 56945
 56945 56945]
12 [14039  1231 21069  7707  8910 10291  2135 11120 15107  4472  4938 12764
  1340 12771 11372 48229  4472 11120 11211 15224  1618 56931 56945 56945
 56945 56945 56945 56945 56945 56945 56945 56945 56945 56945 56945 56945
 56945 56945 56945 56945 56945 56945 56945 56945 56945 56945 56945 56945
 56945 56945]
6 [ 5226 11120  4932  4472  3290  1240 12993   683 11151 12764 31758  4472
 14352 13455 56932  9000  5804 14058 56932 11211 56932  1925  6495 56932
 56946  5224   587 10067 51803 56932 12764 56946 11120  3778  4472 22000
  5224 24179  4472 11120 13300 56931 56945 56945 56945 56945 56945 56945
 56945 56945]
17 [11120  8150 27452  3204 12297 12297 10621  5804 37256 12297 12297 13396
 56946 12407  9209 11211  6197 23952 13835 26652 56932 15404 56932  3434
 56931 56945 56945 56945 56945 56945 56945 56945 56945 56945 56945 56945
 56945 56945 56945 56945 56945 56945 56945 56945 56945 56945 56945 56945
 56945 56945]
13 [   11 11211  5224   653 56940  3686  3245 14184  7121  6151 11122 11211
   373  1452  2890  3053  6151 14198  3733 13371   865  5804 13767  2898
 11211  1396  2831  5804 56946  4472 11120 15426   848  5430 11211   746
  8192  8246 10621 11211  1240 15394  1396  7391  4472 11120  1618  1925
   653 56940]
30 [ 5226  5847  7564   753  8373  5657 56932  8503  4532 13396 12461  4562
  6661 56932 11211  5240  5224  5987 56932 10621  5224 56946 56932 11211
  1240  5151 13396  4589  5715 10621  7494  2890 11955 14974 56932 11664
  1231  3172  5240 13171 12562 10291  3775  7811  4151  4618  4472  5879
 56932  2711]
27 [ 5224  2792  7466  6299 11211  1240  5917  6151  9687 10680   465 10291
  3544 11211 11418  8493 15583  4472 15541 10611 11120 11635 56932 11211
  5226 11120  5411  7494 56942  5137 56932 10621  5224  6407 15548 56931
 56945 56945 56945 56945 56945 56945 56945 56945 56945 56945 56945 56945
 56945 56945]
8 [ 5224   966 10067  2631  5769 56932 11664 56932  5240  5224 12675 11211
  5224 10067  9541  6695 56934 14358 56935  2861 56946  1925  5328  4161
 15335  5226  4151 11003 11120 11920 12031 10067  6319  5692 56931 56945
 56945 56945 56945 56945 56945 56945 56945 56945 56945 56945 56945 56945
 56945 56945]
24 [11122 11211 12764  3159  5240 11211  7906 11122 11211   373 56946  5226
  5224   626  4472  1231 15367 12764 15145  8053  9071 10954  8053 11211
  2343  2890 56946  4472 23420 56931 56945 56945 56945 56945 56945 56945
 56945 56945 56945 56945 56945 56945 56945 56945 56945 56945 56945 56945
 56945 56945]
39 [ 7397 56932  5226  5224  7900  4472 12877 10067  7966 56932  8361  7412
  2118 13371  5804  9532  4472  5804 14378  3204 11211  2834 11120 16431
 45319  5226 11963 11211   425 15145 11120  7253  5918  4472 11120  1723
 19588 11211 12764  7494   724 12434  4562 13579 56932 10621 11211  6631
 15145 11120]
4 [ 2890  7944 11211 12764  7494  1778  4472 22247 10067  5138 56932 13171
  4518 14190  2890 56946 56932  9000 11211  7780  8753  2890 22206 23003
 56931 56945 56945 56945 56945 56945 56945 56945 56945 56945 56945 56945
 56945 56945 56945 56945 56945 56945 56945 56945 56945 56945 56945 56945
 56945 56945]
13 [ 2890  7944 11211 12764  7494  1778  4472 22247 10067  5138 56932 13171
  4518 14190  2890 56946 56932  9000 11211  7780  8753  2890 22206 23003
 56931 56945 56945 56945 56945 56945 56945 56945 56945 56945 56945 56945
 56945 56945 56945 56945 56945 56945 56945 56945 56945 56945 56945 56945
 56945 56945]
12 [56946 15648  6151  1231  4291  6151 15538 11211 56940 11122 13171  3269
  5240 11120  2985 11211  5151  5224   339 10067 13893  4449 56932  5226
  2890  7566  1925 11211  1240  3782 13171  4472  2890  6753  4472   278
  4472  6226  5224 11477 56940 56931 56945 56945 56945 56945 56945 56945
 56945 56945]
33 [11120  4836 10067  6516 10067  2631 20391  6151  1721  4151  1088 14633
  4472 56946 10621  1240  1819 12555  5226 11120 12394 16024 56932  2890
 15387 15417  4562 14382  1559 18700 10621  4884 14397  5240  8493  4472
  4151 13171 14821  4472 11120 14248 56946 56931 56945 56945 56945 56945
 56945 56945]
6 [ 4049 56946 56942  5581 56946 11211   766  1231  1651  4161  5224  2689
 56942 56932  5226  5408  4562  5224 12301 10291  9770  5224 14860 56932
 11120 13107 10621 11120 14327  4472    68  7162 56932  1240 14691   217
 56932 13348 56931 56945 56945 56945 56945 56945 56945 56945 56945 56945
 56945 56945]
13 [ 6151 15099 10067  6260 14724 56932 11120  8108 56946 56932 11211  5226
  1884  7494  3073 11350 56932  8882  6151 14777  8589 47273  8493 11518
  4472   683 56942 11804  4472  5699 13396 11120 12673 14251  2861  4563
  3301  5224 11955  1925 16688  4472  4151 11388 56931 56945 56945 56945
 56945 56945]
41 [ 5224  5432   567 56932 11211 13233 13261  8086  5224 11255   972  2370
  5224  9102 13396 11120  5332 10067 15156 16684 56946 56932  1040 11211
 11120 14299  5240  8503  4472  5804 11282  4472   424  5806 56932 11211
 13482  4562 11120 10067 27155  5240 11120 13171  9158  4472  6221 11120
  8200 10621]
13 [10545 11211  5240 56940  9918 56940 11211  8509  5804  4393  9939  5224
  4942  1452  8503  4472  5804  8390  4472 11120  8728  5226  5224  6319
  5692 56932  1346  5804  2347  4472 14524  7668 10621  4472  4758 10958
  9775  4472 36820 56932 10621 19618 11211  1793  4472  9379   949  5804
  9532 15468]
30 [ 5224 12675 12337 11211  1240  6125 10291  9701  4151  3062  4472  8427
   848  4472 11757 56932 10621 11211  4550  1240 35131  3245  4562  5224
  2693 56932  4562  8493 22621 11211  5240  8503  4472  5804   234  7811
 33568 13396  5224  9429 56931 56945 56945 56945 56945 56945 56945 56945
 56945 56945]
24 [13280  9198 13171  4472  8493 10947 56932 13873 11120  9645  4472  9065
  4472 56946 56932  1240  5866 13396 11093  1004  2890   210 10813 11211
  7201  8493  7038  2358  7451  6151 11120  4472  5804  9140 56931 56945
 56945 56945 56945 56945 56945 56945 56945 56945 56945 56945 56945 56945
 56945 56945]
15 [ 8630  2048 11120 15330 56932  2606  7780  3609 14496  1925  9682 56932
 12889  5804 11211 14423 13822  5747 12013 11211  5224  7247 12764  3645
  6151  2529 13371  5224  8098  4472  5278  2128  1925  7538  4472 11120
  8319 56931 56945 56945 56945 56945 56945 56945 56945 56945 56945 56945
 56945 56945]
