30 [ 5224  9541  6989  4472 11120  2589  7207  4722  4472 11120  8200  4472
 10241  4472 10977  4472  5138  1500 11834 56946  1447 14524  1240    28
  5224  8788 56942  4472 14842  6151  4151 56942  1362 56931 56945 56945
 56945 56945 56945 56945 56945 56945 56945 56945 56945 56945 56945 56945
 56945 56945]
18 [ 9000  8596  8946  4472  1225 56946 10621  6950  1240 12421 56932  4562
 31995 11443 56932  4472  3740  4472 11120 14675  6151  5544  5226  1601
  4472 11120  1296 56931 56945 56945 56945 56945 56945 56945 56945 56945
 56945 56945 56945 56945 56945 56945 56945 56945 56945 56945 56945 56945
 56945 56945]
25 [ 9000  8596  8946  4472  1225 56946 10621  6950  1240 12421 56932  4562
 31995 11443 56932  4472  3740  4472 11120 14675  6151  5544  5226  1601
  4472 11120  1296 56931 56945 56945 56945 56945 56945 56945 56945 56945
 56945 56945 56945 56945 56945 56945 56945 56945 56945 56945 56945 56945
 56945 56945]
