35 [ 2200 43862 11120 23351  4472 11120  4687 56932 11211  5582  2890  2445
  4472 14030  4472 56942 11804  4472  5699 56932 10621 15201 11211  5224
 56940 56946 56940  4562  5224 11211  1240  7780   254 26156  6151 15223
  5226 56940 11211  6115 12764 15145 14915 11169 11120  4194 13371  8396
  8606  1000]
22 [56940  4550 11122 11211 40292  5240 14496  6151  6416  8493  7415  1578
 56932  4562  2890  9198  4472 12090 10621  5280  6419  6151 15223  5226
  5224  7992  4472 11159 11211 12015 11449 11120  7626 56940 56931 56945
 56945 56945 56945 56945 56945 56945 56945 56945 56945 56945 56945 56945
 56945 56945]
36 [ 5224  3353 10246  2746 13371  9519  1633  3222 11120  2684 10067 13242
  3667 12594 56932 13386  7334  5226  5224  5076 25365  4472 11120 10241
  4472  1681 10067  5138 15275 56932 10621  6151 56946 27260 56932 13386
 12212  5226  5224 10792  4472 11120  8290 10241   635 56931 56945 56945
 56945 56945]
3 [ 5804 11779 11211 56946  5226 11120  9374  4472  1879  2890  9252  3245
  2495  6204 10067  5276 56931 56945 56945 56945 56945 56945 56945 56945
 56945 56945 56945 56945 56945 56945 56945 56945 56945 56945 56945 56945
 56945 56945 56945 56945 56945 56945 56945 56945 56945 56945 56945 56945
 56945 56945]
19 [10621  5534  8294 11211 12764  1659  5226  6086 12015 56946 12407   762
  1925 10067 16950 56932 14260  1240  9840   799  5226    13  6086 11211
 12764   375 56946 56932  9591  6151 10767 10621  3564 10067  7238 56931
 56945 56945 56945 56945 56945 56945 56945 56945 56945 56945 56945 56945
 56945 56945]
15 [11120 13110 10621 11120 14803  1240   746  5465  5226  8493 13314 12449
  6193 11211  1240  7033 12555  5226  7394  4708 10067  5778  2106 11211
  1557 11120 14940 10067  5879 56931 56945 56945 56945 56945 56945 56945
 56945 56945 56945 56945 56945 56945 56945 56945 56945 56945 56945 56945
 56945 56945]
