37 [10611  5804  8834 13160 11211  8726  5224  9541  6950  9490  2890   821
  8334  5226  1723 56932 11486 56934  7444  1447 14524 56935 56932 10621
  5224 11203  5240  5224  3612 11211 13171  9541 11236  6151 11120  7316
  4472  9282  8906 56931 56945 56945 56945 56945 56945 56945 56945 56945
 56945 56945]
11 [ 5224  7450 56946 56932  5224 13723  4472 15370 11211  6172 10291 11148
 13396  5583  2890  3172 10471  5226  5224 13579 56932  7494  1076 12095
  2890 14555  1602  6151 11120 12815  4472 13579 10291 11211 56946 11120
 14564 13524  3046  4472  9390  2034 56931 56945 56945 56945 56945 56945
 56945 56945]
48 [12764  2451 56932 15201 11211 56940  4151 13910 10291  6744  5224 15623
  7482 12764  1240 11138  5226  9379  8445 56940 10621 56940  5226 14347
  7171 56940 12297  6351 12297 56940 11120  8728  2839   373 23530 11120
  7891  3285 10495 10291 32498  5224  7581  4472  4151 11816 10621 10291
 10530  5224]
2 [ 4693  4472  8606 10468 11120  2440 56932  5804 14058  3042  2890  4666
  6659 13396  9394  2704  2370  5224   994 10067 14246 56931 56945 56945
 56945 56945 56945 56945 56945 56945 56945 56945 56945 56945 56945 56945
 56945 56945 56945 56945 56945 56945 56945 56945 56945 56945 56945 56945
 56945 56945]
26 [ 5226  2890 28899  4472 11120  6614 56932  5224  2595 10067  5328  5065
  8493  1668  4472  2858  5226 11120 11211 15201 11211 56940  3572 12764
  7709 30017 56946  8493  8110 47267 56932 11211  5240 11120 11211  4868
 56932  4562  8493  5039 12031 56932 14260  4151  4534 11526  2529  7758
 56932  1714]
7 [56946 56932  4472 56942  5137 56932  2499  3772 11120   944 12267  4472
 12753 13371  8493  4657 13396 11120 20637 13344  6151  2890  7238 10067
  9925 56932  6197 11211 12342  3241 10621  1240 20797  5226  8493 14623
 22686 56931 56945 56945 56945 56945 56945 56945 56945 56945 56945 56945
 56945 56945]
18 [ 4337 56946 56934 56946 56935  1240  4810  5224  5551 15083  4472  1879
  7381 11651 10621  2890  6203 56932 13278 14560 17040 56932  8355   420
 56946 56932  3421  2961 56932 12764  8902 27769 20436 10621 18083   420
 48117 56931 56945 56945 56945 56945 56945 56945 56945 56945 56945 56945
 56945 56945]
11 [ 5224  7843  8729 11120  6614  4472  1231  3104  4472   653 10291 12486
  5224  7944  4472  7425  3091  5226 11120  4932  2693 10067 56946  1925
 56946 56931 56945 56945 56945 56945 56945 56945 56945 56945 56945 56945
 56945 56945 56945 56945 56945 56945 56945 56945 56945 56945 56945 56945
 56945 56945]
35 [13396    19 12135 56932  5224 10242 18531 10067 13723 10208 15512  5226
  5224  1950 10621  4569 13396 14791 56932  3908  9502 56946 56932 15625
  3245  1925  2595 10067   653 11211 56940  4959  1231  3111  4472  8606
 15244 13822  8732 13396 13822  7809  4472  1062 56940 56931 56945 56945
 56945 56945]
25 [ 4151 14862  3878  4472 11120 11602  8363 12948 13396 11120  8818  5224
 12189  6151 11120 15012 11973  4472 56946 56932  5226 17541 56932 10621
  9706   938 29788 10621 56946  6151  5804 56942  1312 10621  5804   420
 29131 11211 12543 26067 39703  5226  5224 12074 56931 56945 56945 56945
 56945 56945]
2 [11948 15141   511  5804   453 11302 10291 12735 11120  4194 11697 10067
 11960 12297 12297 11211  5676  6607  5224   653 12297 12297  4562 11120
  4194  4472 11120  7070  9993  1764 10966 56932  4472 11120 11211 11120
  5844  5240  7071 14541 56931 56945 56945 56945 56945 56945 56945 56945
 56945 56945]
7 [11120  9212  4472 11120  9893 14102  4472  9701  5699   424 13610 56931
 56945 56945 56945 56945 56945 56945 56945 56945 56945 56945 56945 56945
 56945 56945 56945 56945 56945 56945 56945 56945 56945 56945 56945 56945
 56945 56945 56945 56945 56945 56945 56945 56945 56945 56945 56945 56945
 56945 56945]
38 [ 4758 13529  8443  4472   671 56932 42069 10067 16772 56932  1040 12948
 11211  5804 10333  1240 56946 10067 56942  4472 14724  1925 56942  4472
 11966 56932 56942  3861 13171  4472 11122  7485 56932 10621 11211  5224
 12684  5240 10021  5224  9283  4472  8330 56934 10611   366 10621  8752
 56935  4161]
16 [ 5224 14139  9517  4472 13732  7951 12948  1231  8614 12176  9422 56932
  8493 11311  6119 10291  5231  5224  2689 56942  4562 12672 13171 11211
  8493 10506  7505  4472 10150 56931 56945 56945 56945 56945 56945 56945
 56945 56945 56945 56945 56945 56945 56945 56945 56945 56945 56945 56945
 56945 56945]
14 [ 1925  6117  4472 11120  1016  4472  4284 56932 11120 11840  7780  5159
  3245 13396 10021 13822 13817  4472  5869  6151 11120  4194  5822 56932
 10621  7780  2729  5226 14390  8493  3723 10291 14342  3245  6151  7608
  4472  1335 56931 56945 56945 56945 56945 56945 56945 56945 56945 56945
 56945 56945]
14 [ 5224 13723  6059  4472 42077  6197  5866  5224  2689  6260  8373  6731
  3878 10291 11205 56942 56931 56945 56945 56945 56945 56945 56945 56945
 56945 56945 56945 56945 56945 56945 56945 56945 56945 56945 56945 56945
 56945 56945 56945 56945 56945 56945 56945 56945 56945 56945 56945 56945
 56945 56945]
25 [11514  2890 13723 11211 56946   683 13014 13763  4472  8493  8368  5226
  4534  4472  4163 56932  7450 56940 14573 56940 13396  7898 12495 11211
  5207 18988  8993  7012  5226  5804 13349  4472 12687  6165  6151 11120
 13269  4472  4151   420 14821  4494 56931 56945 56945 56945 56945 56945
 56945 56945]
26 [ 6226  1231 16461 48596 23096  1240 10479  2370  8493 14299 10621  2890
 56946 56946 56932  9000 13171 12543  2370 11120  9295  6197 56940 46266
 56940  4472  1195  2890 11629  2317  3828  3952  2986 15526 56931 56945
 56945 56945 56945 56945 56945 56945 56945 56945 56945 56945 56945 56945
 56945 56945]
10 [ 5224  4154  6201  5224   515  4472  9728 11211  1776  4472  4864  5217
  2890 14293   763 56931 56945 56945 56945 56945 56945 56945 56945 56945
 56945 56945 56945 56945 56945 56945 56945 56945 56945 56945 56945 56945
 56945 56945 56945 56945 56945 56945 56945 56945 56945 56945 56945 56945
 56945 56945]
