4 [32596  1925   468  5206  5240 32596 12672 13171 11211  1925  4584 56931
 56945 56945 56945 56945 56945 56945 56945 56945 56945 56945 56945 56945
 56945 56945 56945 56945 56945 56945 56945 56945 56945 56945 56945 56945
 56945 56945 56945 56945 56945 56945 56945 56945 56945 56945 56945 56945
 56945 56945]
8 [ 4161  5224  4522  6260 56932  4085  1925 14967  8946  4085  6151  1000
  2890 10772  7974  4562  5224  2333  4472 11122  7916 56931 56945 56945
 56945 56945 56945 56945 56945 56945 56945 56945 56945 56945 56945 56945
 56945 56945 56945 56945 56945 56945 56945 56945 56945 56945 56945 56945
 56945 56945]
9 [23068  1925  9814  4472 14928 13910 54703 10291  9761 14067 56946  3245
  4472 14928 13910  8165 10291 11211 15145 13171 24325 10621 13171  7973
  5226 11122 11211   582  2529  1231  4451 56931 56945 56945 56945 56945
 56945 56945 56945 56945 56945 56945 56945 56945 56945 56945 56945 56945
 56945 56945]
10 [56940  9158  4562  5804 17997 10621  6121  4562  5804 11071 14190  2529
 11120   967 10067   653 11211  4365  3788 13371 23133 56946 10621 11211
  5207 11073 13171  5226 11120   661  5226 11211  1240  1091 56940 56932
  1096  5224 12344  4472 11120  3596 56932  1925  9227  5226 11211  4472
  4087  4562]
16 [ 2296  4151  6994 56946  7956 13579 13371 14025  4472 13305  4562  2890
  1537   475 13974 56932  5240 11107 11120  2663  4472  5804  8330  5226
  2890 11105 13722 56931 56945 56945 56945 56945 56945 56945 56945 56945
 56945 56945 56945 56945 56945 56945 56945 56945 56945 56945 56945 56945
 56945 56945]
