4 [ 8493  8791   374 11120 16793  6197 13280   683  5137 56932 11120 17797
  5793  4443 13396  5224 13487   870 10067  5806 56932  5224 13064 56946
  9628 56932 13344  6151 11120 12185  4472  8265 17024  5226  5224 53941
 56931 56945 56945 56945 56945 56945 56945 56945 56945 56945 56945 56945
 56945 56945]
27 [ 1240  9028 11211  1240 30999 13171  4472 56942 12535  6151  4151  4290
 56932 11211  1240  2033  5224 12675 11950 11211  5224  1428  5234  8876
  9230 56946 56946 56946 56942  5137 56931 56945 56945 56945 56945 56945
 56945 56945 56945 56945 56945 56945 56945 56945 56945 56945 56945 56945
 56945 56945]
