16 [10621  5804  5802 56932  4908  4472  1649 11673 15107 56932 11833  4472
 11417  5226 10772 56932  9253  4472 11120 11902  5804   464  2820 13171
 14959 10291  5224  5705 56932  9470  4151 12472  4202 56931 56945 56945
 56945 56945 56945 56945 56945 56945 56945 56945 56945 56945 56945 56945
 56945 56945]
5 [12297 12297 56936 10621 11149   753  4472  5804   453 56946 10067  4842
  8984 56932 13371 11740  4472  2770 10621 11120 10045  4472 15590 22553
 56937 12297 12297 56931 56945 56945 56945 56945 56945 56945 56945 56945
 56945 56945 56945 56945 56945 56945 56945 56945 56945 56945 56945 56945
 56945 56945]
15 [ 4028 13396  4151   153 10067  2792 10067  5688 56932    55 13707 56932
  6151 11211  1240  3644 10067   552  6151  4151 13551  4472 13823  4472
 11120 12815  4455 14260 56940 56946 56940 14746 56932  4781 15201 11211
 56940   230 11120 10213  4472 11211 12473 11211   324  8493 11851 56940
  6151  5488]
37 [56940  1723  5172  4472 11120  2894  8493  8987  1870 11211  7780 11162
 11148  2890  7093 41135 56931   229 12407 10408 23910 11673 12673 13734
  6151 10025 10700 11211 13396 14324  7606  1240   746  8823 46069 16485
  4472  5487 13974 10067 16034  4472 11120  2551  1506 56940 56932  3120
 56931 56945]
25 [ 1793 56932  5224 14555 12761   582  4041 10291  4587 11120  6079  4472
  5804  9362 10621  5804 14997  4472 11120  1628 56932 10621 11120  3806
 11211 53336  2396  4472 11669  1926 56932  6197 11211  5488 15461 14915
  9051  6950  6955  5224 56946 10067 13276  5972  4472 12217 56931 56945
 56945 56945]
6 [ 6862 56946 56932 25104 56932 14931 14855  4472  2529 19710 56932  4113
  6151  5678 12549 56931 56945 56945 56945 56945 56945 56945 56945 56945
 56945 56945 56945 56945 56945 56945 56945 56945 56945 56945 56945 56945
 56945 56945 56945 56945 56945 56945 56945 56945 56945 56945 56945 56945
 56945 56945]
