7 [   11 11211  5224   653 56940  3686  3245 14184  7121  6151 11122 11211
   373  1452  2890  3053  6151 14198  3733 13371   865  5804 13767  2898
 11211  1396  2831  5804 56946  4472 11120 15426   848  5430 11211   746
  8192  8246 10621 11211  1240 15394  1396  7391  4472 11120  1618  1925
   653 56940]
4 [ 5224  2792  4472 56946 11220  1793  6151 56946 11120  3778  4472  7099
  5226 15276  4472 11120  7465 56946 56932  7956  6226 56946 10621 56946
 56932 56940 11211  7780  5492  5226  5804  4393  5137  2890  3172  4472
  5243  4472  5804 12960  5226  5804 11211 13611 56946 56940 56932 13396
 11122 11211]
