27 [ 5226 15805  1240  5050  5224 14600  4472 12336 38839  4472 15232  4562
 14113 10621   658 12297 11211  4563  7660 13822  4173 20924  5226 11120
 10947  4472  5804 16452 56931 56945 56945 56945 56945 56945 56945 56945
 56945 56945 56945 56945 56945 56945 56945 56945 56945 56945 56945 56945
 56945 56945]
16 [ 5226 11120  5918  4472 17307 56932  6151 56942  5056  4472 15765  4873
  5804  2208 10308   424   972 13371 12135  4472  1231  7107 11444 56932
 11120  8133  4472   217  3786  5821  8493 14119  4472 56942 15980  5331
 10966 56932  7868  5804  5556 10414 56931 56945 56945 56945 56945 56945
 56945 56945]
6 [ 5224 37223  8598 56946 56932 10067  1702  5721 56932  4762 13396 11120
 14623 56946 56932 13261 29329 10291 12205 11120   198 14852  2198 10067
  7901 56931 56945 56945 56945 56945 56945 56945 56945 56945 56945 56945
 56945 56945 56945 56945 56945 56945 56945 56945 56945 56945 56945 56945
 56945 56945]
38 [ 9000  5217 11211  1240  3159 11211  1231 10773  3474  7494  3753 13010
  4472    52  1100 56946  5226  5224   887 56932  5804 13171 56946  1340
 11120  7811  2612 10291  4201 11211 13290  5240  4472 10409 56932 11372
  5226  5224  1702  4752 11372  4550 56931 56945 56945 56945 56945 56945
 56945 56945]
39 [ 9000  5217 11211  1240  3159 11211  1231 10773  3474  7494  3753 13010
  4472    52  1100 56946  5226  5224   887 56932  5804 13171 56946  1340
 11120  7811  2612 10291  4201 11211 13290  5240  4472 10409 56932 11372
  5226  5224  1702  4752 11372  4550 56931 56945 56945 56945 56945 56945
 56945 56945]
16 [ 4151  3388  6653 11211   746  6154  2890  4188 13857 10067  9283  4472
 13988 56932 15058  1925  2689 56942 56932   746  8192 17870 56932  5548
 10621  4487 56932 12889  4151  3388  3828   753  2890  4188  9283  4472
 13988  7849   865  2668 10621  9192 56931 56945 56945 56945 56945 56945
 56945 56945]
4 [56940 10291 11120 10067 56946 14548 11454 11120 28772 12764  6950 13371
  4177 10954 13371 14408 10291  4289 15977 10291  6361  7956 13961 13906
 56940 56932  8964 56946 56931 56945 56945 56945 56945 56945 56945 56945
 56945 56945 56945 56945 56945 56945 56945 56945 56945 56945 56945 56945
 56945 56945]
19 [56946    85  1782  4472 11120  1752  2194  4472 11120 56946  2893  9823
 10067 13893 56934  1489 56935  5226  5804  5137 56942 56931 56945 56945
 56945 56945 56945 56945 56945 56945 56945 56945 56945 56945 56945 56945
 56945 56945 56945 56945 56945 56945 56945 56945 56945 56945 56945 56945
 56945 56945]
9 [10291  5224 56946 56946  5224  4280 56946 56946 56934 56946 56935 10621
 16684   928 56934 56946 56935 56932 12049   340  4472   623 12743 56931
 56945 56945 56945 56945 56945 56945 56945 56945 56945 56945 56945 56945
 56945 56945 56945 56945 56945 56945 56945 56945 56945 56945 56945 56945
 56945 56945]
18 [ 4562   340  4472 11536 56946 56934 56946 56935 56933  7872 13985 56934
 56946 56935 10621  7412  6894 56934 56946 56935 56932  4472  7371 12743
 56932  5804 14765 10067  3612  5047 11117  4286 13396 12645  6151  5804
 11157  4472 13439 11211 13323  5224  9541  4562  8373  4472 13822  5574
 18350 56931]
36 [13567 56946 56932  3497 10067  8876 13554 10067  3612  5913 56932  8666
  6151 56942  1231 14662  5226  5224  7871 11284 10621  6197  5240  1782
  5226 11648  4472 11120 11753  4472 10131 10067 13732  5226 11120  8200
 56946 56932  4562  8503  4472  2415  7956   861 56931 56945 56945 56945
 56945 56945]
49 [56946 56932  5226  7809  7453  1925 12612 56940  4000 13823  7207 13844
 56940  4472 14601 13823 12341 56932 10621 10368 13396 14196 56932  8212
 11211  9490  3380   217  6151  8493  8458  5226 56946 56934  4398 56935
 56932 10621  8212 11211  9220 17705  4472   425  5346 56940  4801 11211
   424   972]
12 [13396    19 12135 56932 11120 13675  4722  4472  8200  9840 56946  1925
  3786 10621  7898  3204  1925  4522 56932 10291 11211  6205  5224  7580
   848 10624  3947  5226 11120  7261  4472 11120  8200  4472  8263 10315
  6416 13171 11554 10291 11358 11120  7261 15161 56931 56945 56945 56945
 56945 56945]
22 [ 5226 11120  4932  2693 56932  4151  9389 10067  5566 10621  4472  3432
  6151  2122 14568   865  4151  3243  5217  3559  4472  5804  5137 56942
 56931 56945 56945 56945 56945 56945 56945 56945 56945 56945 56945 56945
 56945 56945 56945 56945 56945 56945 56945 56945 56945 56945 56945 56945
 56945 56945]
10 [ 5804  7025  4472 11120  8163 56946  1925  7581  5224 11255  2689  2890
  3804  4472 56942  6937  4472  5699 56932 11211  8493  1004 56946  5804
  8732   194  4472 11120  6569 11207  5226 56942  6937 56932  5224  3421
 13396 14108  8871 11211   424  2689 56931 56945 56945 56945 56945 56945
 56945 56945]
32 [ 5224  9541  6989  4472 11120  2589  7207  4722  4472 11120  8200  4472
 10241  4472 10977  4472  5138  1500 11834 56946  1447 14524  1240    28
  5224  8788 56942  4472 14842  6151  4151 56942  1362 56931 56945 56945
 56945 56945 56945 56945 56945 56945 56945 56945 56945 56945 56945 56945
 56945 56945]
14 [ 4151 14030 10067  7581 56932 11120  2496  2106 10621  5804 14304 15244
  5226  5224  2689 56942 56946  5226 12937  4151  3388  6653  4195  5226
  2668 10621 11122  1613 13171  5226  7419 56932  7868  5804  7795  4472
  5869  6187  4472 11120  5908 10468 11211  1240   290  5226  5224 15316
  4472   266]
23 [ 3245  1240   290  5226 11673  9049 56942 11804 11211  1240  2377  1925
 11034 56932  8493  4472  4151 18087 11211 13171 23850 15058  1925  2689
  6260 56934 56942 56943 56935 56931 56945 56945 56945 56945 56945 56945
 56945 56945 56945 56945 56945 56945 56945 56945 56945 56945 56945 56945
 56945 56945]
49 [ 5224  4685  4472  9450 56932  8552  6151  2890 12168  5226 12759  3252
  4472 56946  5226  5224  1030 56942 56932  7578  6151  5487  5226  4932
 15161 56932  5226  5224  7615 56014  4472 11120 11753 56932 15023 11141
 13396 56946  6151  2890  9328 11211 10360  1231 17187  7838  4472 11120
  8200 56946]
38 [15428  1362 15083  4472 11358  6224  1925  6319  4562  2890  8876   695
  5226  5224 11211  9956  2890  5285  1537  4472 11120 13450  3682 10067
  7581 56932 11437  1240 13851 13396 12341 10621  8945  1925  6319  6151
  4151 56942  1362 11511 56934 56942 11613 56935 10291  9965 11120  7276
  4472  3336]
6 [ 6151 11120 11311   635 10067  6260 11966 10291  7803 10701 56946 39705
  5226  1713  4472 12031 12506 10621  4472  2496 56932  1240  6299   217
    19  4472  1906  6862  1884 11211  7880 11120 14779  6151  2003  5224
 12869 10291  6226  7944  4472  8165 56932 12889 56940 14931 14184  5226
  7306  5224]
25 [11120  7253  5226 11120 11093 12135 10454 26292  4472  2890  3928 15175
  4472 56946 56932 11211 30477 56946 56946 10621 16659  5224 11629   375
 56934 56946 56935 56931 56945 56945 56945 56945 56945 56945 56945 56945
 56945 56945 56945 56945 56945 56945 56945 56945 56945 56945 56945 56945
 56945 56945]
33 [ 5224 13440 13171 13091  8946  5224  4291  4472  5734 12611 56932 11211
 15083  4472  8373  5137 20874  6151 11093 10241 56932   848  5224  4472
  6099 56946 11211 56932 12889  7952  5611  1578  5224  2689  6260  5226
  5224  9102 27155 56932 14442  7462  4472  7898 10013 10621  1240 16256
  1925  2270]
25 [11120  6686  4472  1163  4472  3108  5648   217 56932  8788 56932  8493
   967  6151 11120  5332 10621  1231 13343  9823 56946 29482  6151  4151
 56946 11613 56942 13349 10621  1240 22583  5226 56946 56931 56945 56945
 56945 56945 56945 56945 56945 56945 56945 56945 56945 56945 56945 56945
 56945 56945]
24 [11120 15822 12731  5226 47443 10621 14202  6151 11120 16824  4472  4151
 16168  4472 11120  7150  4472  1447 13662 38237 56932 11211  5226  5804
  5137 56942 19525  5226  5804  6537 56931 56945 56945 56945 56945 56945
 56945 56945 56945 56945 56945 56945 56945 56945 56945 56945 56945 56945
 56945 56945]
19 [ 9000  8596  8946  4472  1225 56946 10621  6950  1240 12421 56932  4562
 31995 11443 56932  4472  3740  4472 11120 14675  6151  5544  5226  1601
  4472 11120  1296 56931 56945 56945 56945 56945 56945 56945 56945 56945
 56945 56945 56945 56945 56945 56945 56945 56945 56945 56945 56945 56945
 56945 56945]
26 [ 9000  8596  8946  4472  1225 56946 10621  6950  1240 12421 56932  4562
 31995 11443 56932  4472  3740  4472 11120 14675  6151  5544  5226  1601
  4472 11120  1296 56931 56945 56945 56945 56945 56945 56945 56945 56945
 56945 56945 56945 56945 56945 56945 56945 56945 56945 56945 56945 56945
 56945 56945]
