5 [56940  9373  6226  5224 13811 15688  5226  8493  8305 56932 11211  5240
 11122 11211  8057 12342 11169 12135  4472  1231  7626 56932 14261 10621
 56946  6151  2890  3411 27854 56932 11211  9840  2529 56946 11047  5534
  8946 14505 56940 56931 56945 56945 56945 56945 56945 56945 56945 56945
 56945 56945]
7 [ 9445 11211  5224  4188  9283  4472  5259  6922  5226 11120  4932  1586
  1240  3265  6151  7608  4472  5804 13349  1193  4472 11933 56932  5226
  4151    21  4472  3643 56932  1871 10621  3397 56931 56945 56945 56945
 56945 56945 56945 56945 56945 56945 56945 56945 56945 56945 56945 56945
 56945 56945]
10 [ 5224  5566  4472  2460 10291  5804  4185  7381  5137 56932 26126  5226
  5224 56942 13396 14108 13797 56932  7868  5224 13488  9823 56932 13649
  9684  4472  7023  4472 56942 11804  4472  7821 56931 56945 56945 56945
 56945 56945 56945 56945 56945 56945 56945 56945 56945 56945 56945 56945
 56945 56945]
16 [ 5226  5224  7026  6735  4562  9338 56932 13280  2890  7977 56932 11120
 10151  4472    13  4832  6531  5226 12823 56931 56945 56945 56945 56945
 56945 56945 56945 56945 56945 56945 56945 56945 56945 56945 56945 56945
 56945 56945 56945 56945 56945 56945 56945 56945 56945 56945 56945 56945
 56945 56945]
