19 [ 5224 23805  4472 19879 56946 56932  6621 56946 56932 15648  6151 14196
 11211 56940  5226 56942  5804  2704  3882  4585  5226  4756  1128 56932
 10621 15023 11120 12925  5226  3222  5804 29063 18883 13441  5224 56942
 13396 14108  4472  5804 10003 11211  9490  5226 11120 14016 56932 10621
  5224  6319]
4 [56940 10644  9823  5676  5487  5226   658  4693 10067 56942  4472   995
 56932  4472 11122  5545 11122 56946 13396 11120 14251   848 13396 11120
 11921 56940 56932 15201  5224 13615 56931 56945 56945 56945 56945 56945
 56945 56945 56945 56945 56945 56945 56945 56945 56945 56945 56945 56945
 56945 56945]
21 [ 5224  4685  4472  9450 56932  8552  6151  2890 12168  5226 12759  3252
  4472 56946  5226  5224  1030 56942 56932  7578  6151  5487  5226  4932
 15161 56932  5226  5224  7615 56014  4472 11120 11753 56932 15023 11141
 13396 56946  6151  2890  9328 11211 10360  1231 17187  7838  4472 11120
  8200 56946]
13 [ 5224  8288  2449 10291  5224  7581  4537  2376  5240 11211  4151  1325
 11526  5487  5226  2890  7581  4472    84 56946 56931 56945 56945 56945
 56945 56945 56945 56945 56945 56945 56945 56945 56945 56945 56945 56945
 56945 56945 56945 56945 56945 56945 56945 56945 56945 56945 56945 56945
 56945 56945]
