8 [11120  6805 15161  5147   217 56932  8788 56932 11211  7780  3924 11120
 12742  4472  2890 15316  4472  5997 13396  5224  7082 56946  8943 12139
 56934 14931 56935 56932  8468  6641 56934  5236 56935 10621 12613  6615
 14030 56934 56946 56935   805  5224  7057  4561  4472 12424 14729  2844
  4472 12381]
11 [13555  5240 11120 14053  4472  5804  3049  5226 11120 14779 10468 11211
 56932 56946  5804  8561 13396 11950  4472 11120 12921 56932  5804  9446
   865  5804  3861 11211 32449 13171  8440  4472  5804 15148 56931 56945
 56945 56945 56945 56945 56945 56945 56945 56945 56945 56945 56945 56945
 56945 56945]
13 [ 5224  9211  4472  5319 15201 15058  6151 11120 13675  3820  4472 11120
 11840 11211  5666 12764  7494  5226 14662  5224  9591  4472 11211  1240
  7780 13016 56940 11211  2464  7780  2299 22669 10877  2771  2772 10621
 11211  5240  9369  2003 19886  6741 10291 22548 11120 14653  6862  2637
  2771  2848]
27 [ 5224  9211  4472  5319 15201 15058  6151 11120 13675  3820  4472 11120
 11840 11211  5666 12764  7494  5226 14662  5224  9591  4472 11211  1240
  7780 13016 56940 11211  2464  7780  2299 22669 10877  2771  2772 10621
 11211  5240  9369  2003 19886  6741 10291 22548 11120 14653  6862  2637
  2771  2848]
36 [ 5224  9211  4472  5319 15201 15058  6151 11120 13675  3820  4472 11120
 11840 11211  5666 12764  7494  5226 14662  5224  9591  4472 11211  1240
  7780 13016 56940 11211  2464  7780  2299 22669 10877  2771  2772 10621
 11211  5240  9369  2003 19886  6741 10291 22548 11120 14653  6862  2637
  2771  2848]
10 [ 9000  5224  4760 56932 11211  5224 56942  4472  8289 41295 11211  2464
 56946  5226  4224  4472 10022 56932  3120 11211  4151  3336  9895 13396
  5224   653 12764   865  1189 12512 10621  1240  9127  5226 15276  4472
    13 22485 11211 56946  6151 11120  9745  5226   420  8589 56931 56945
 56945 56945]
8 [11120  9745  2775 56946 56946  5147  5224  9544 11211  7780 15328  6151
  2890 14399  4472  1242 10291  1231   990  4562 11120  9694 56946 11211
  4319  5224 12328  4472 56942  8849  4472 56946 13396 10267  8493  4472
 11120  9745 50633 56931 56945 56945 56945 56945 56945 56945 56945 56945
 56945 56945]
3 [ 5224  4760 12572 11211  2464  7780   497  4151  2171  5613 10621  1240
  9028 11211 56946  8493  4333  5226  9888 56931 56945 56945 56945 56945
 56945 56945 56945 56945 56945 56945 56945 56945 56945 56945 56945 56945
 56945 56945 56945 56945 56945 56945 56945 56945 56945 56945 56945 56945
 56945 56945]
13 [13280  8373 11970 56932  5224 12361 15288  8352  2691 29228  8212  5226
  3222 11211 13662   809   297 11120  7253 10643  4472  7384 10291 14184
   273  6151 56942  5137 10067 13215  5226  5224 10778 56931 56945 56945
 56945 56945 56945 56945 56945 56945 56945 56945 56945 56945 56945 56945
 56945 56945]
28 [56940 11120 15107 12031  5240 11120 11211  5240 10621  1925  7261  5666
  5240 56946 10621  1240 15683 56940 56932  7780  4845 56932 15083  4472
 13966  5226 12424  4649 11211  5224 13959 12033  8984  7780  8109  4562
 11120  1147   197 10067 14358 10621 11211  8593  4807  3245  6151  2668
 56931 56945]
42 [56940 11120 15107 12031  5240 11120 11211  5240 10621  1925  7261  5666
  5240 56946 10621  1240 15683 56940 56932  7780  4845 56932 15083  4472
 13966  5226 12424  4649 11211  5224 13959 12033  8984  7780  8109  4562
 11120  1147   197 10067 14358 10621 11211  8593  4807  3245  6151  2668
 56931 56945]
24 [56940  3315  6090  4472 21493  4472 10977 10067  3612  3733  8310  4472
  2740  8509  5804  4679  4472 13732 56932 11122 11211 12764  7494  3260
 11211  1000  4562 11120  8069 56940 56932   668  5224  3430 56931 56945
 56945 56945 56945 56945 56945 56945 56945 56945 56945 56945 56945 56945
 56945 56945]
15 [11120  5844 10421 48191  8943 56934 15191 56935  5165   217  6151 12379
  5452 10621 12795 11211  1240 56946  1156  4693  1925 12301  5432  4472
  7361  4472  4151  5581 56946 10621 31834  4472  9701 11669  7944  4472
  8865 56931 56945 56945 56945 56945 56945 56945 56945 56945 56945 56945
 56945 56945]
6 [11120  1853  3655  5226  2890 13615 11211  5804  1598 56946  8568 10621
 11294 13517 11120  1955 14526  2574  5179  5224  1229  4472  7252 12728
 56932  3828  1240  4301 10333  4472  1420 56932  5534 56932  1925  6495
 56932  5224 11100  4472  9379 56940 11633 14746 10621  1240  6093 56940
 56931 56945]
0 [13371 13441  8993 56932  5226  5224  3719 12429 10621  5534  2030 11122
  4595  1231  3612 56932  5224 13242 10341 16655  6151 56946 10621  8532
 11120  4622 10067 12168 14045 56932  4562 13478  5804 16904 11211 18243
  5224  5138 10621  5224 12691  4472  2890  7238 11211  6197  7780  9591
  7645  5226]
9 [ 5543 14576  5226  8458  4472  2858 15023  5224  6550 11211 56940   753
 11211 12702 56932 13371  8993 56932  6151 10636   434 10291 11211 26282
 10621 15031  1925  5715 56932 11211  5207 15842 56940 56931 56945 56945
 56945 56945 56945 56945 56945 56945 56945 56945 56945 56945 56945 56945
 56945 56945]
29 [ 5543 14576  5226  8458  4472  2858 15023  5224  6550 11211 56940   753
 11211 12702 56932 13371  8993 56932  6151 10636   434 10291 11211 26282
 10621 15031  1925  5715 56932 11211  5207 15842 56940 56931 56945 56945
 56945 56945 56945 56945 56945 56945 56945 56945 56945 56945 56945 56945
 56945 56945]
5 [13525  5165  1925 10386 15445 11211  2670 11120 11791  7956  5224  6058
 10621  5147 11211  5226  9888 11120 13778  9260  2890 21862 16511  4472
  4151 11622  4472  5804  8014  4472  6058 56931 56945 56945 56945 56945
 56945 56945 56945 56945 56945 56945 56945 56945 56945 56945 56945 56945
 56945 56945]
16 [ 1352 56932  5224  4188  4285 10621 15639  5972  4472 10766 56932  9353
   217 56932  3786 56932 11211 13776 10899  5224  2445  4472 11016  4472
  9835  3301 13396 11120 11556  4472  5804 10700  9362  4472 10766 56934
 56946 56935 10291 13853  8493  4188   657  5226  4151  4558 13901 10067
  6604 56931]
23 [ 5224  7423  8288 10067   653 10621  9230  4472  3806 56932 11536 13811
 56932 15201 56932  7956 11120  1958  8467  4472 11120 12030 56932 11211
  5224  2631 12764   373 10291  6188  2786 11211  1340 11211  2738  5804
  3618  4472  4151 14729 56940 13539  1231 12759 11752 56940 56931 56945
 56945 56945]
17 [ 5224 13723 10208 15512 56946  1925   653 56932 11120 11259 12921  5226
  5224 10107 10067 14084 56932 11211  1037  7096 17698  4562  4151  8589
 11211 14340  5226  5224 10386  2355 56932  4562  4151 14218  4472 15544
 10621  4562  5804 12534  4693  4472  6607 11120   990  4472  8468  6862
 13593 56931]
0 [11211  3799  1622 10621  7780  8192 13373 56932 19780  4472  1335 56932
 13925 37559 56932 55651 10621  4993  5226 12341 10621  8945 56932 12445
  5224  1464 10067 17930 11648 10621 35387 56932 10621 10507 13396  1920
  5226 13723 56931 56945 56945 56945 56945 56945 56945 56945 56945 56945
 56945 56945]
5 [ 5224 14124   981  4472 16212 11211  5224  5328  8993  7780 22658 10621
 56946  1231  5229  7956  8373 15099 16209  2861 56940  5224 10647  6151
 11120  7626 10621  6151  5804 13272   881 56932 10621  5224 10647  6151
 11120  3832  4472 11120  3174  5685 56940 56932 11122  7082 56932  1694
 56932 56940]
6 [ 8630 11211  5224  3461 56942  6974 11211   865 56946  4151 11601 56946
 10621 56932 10611 11646 56932  5224  1951   951   425  9168  6151  4151
  5836  2861  4151 11211 56940 15083  4472 28553  3317 11120  6805  4472
  2890   837 56940 56933 56940  4151   849 10937 56940 56933 56940  4151
 11211 56932]
5 [10621 12764  1240  7709 14857 11211  4563  3380 11120  1147  4472  5804
  7345  4472 13732 56932  5534  6950  9490 56942  8155 56943 56945 56945
 56945 56945 56945 56945 56945 56945 56945 56945 56945 56945 56945 56945
 56945 56945 56945 56945 56945 56945 56945 56945 56945 56945 56945 56945
 56945 56945]
16 [10621 12764  1240  7709 14857 11211  4563  3380 11120  1147  4472  5804
  7345  4472 13732 56932  5534  6950  9490 56942  8155 56943 56945 56945
 56945 56945 56945 56945 56945 56945 56945 56945 56945 56945 56945 56945
 56945 56945 56945 56945 56945 56945 56945 56945 56945 56945 56945 56945
 56945 56945]
13 [  894 15648   217 11211  5224   821 12727  8493   659 10067  1698 56946
 10621 11211 56940  6950  7494  8493 11851  2861 11211 15145  6404  5981
  5224 11255 13348  5226 13732 56940 56931 56945 56945 56945 56945 56945
 56945 56945 56945 56945 56945 56945 56945 56945 56945 56945 56945 56945
 56945 56945]
20 [  894 15648   217 11211  5224   821 12727  8493   659 10067  1698 56946
 10621 11211 56940  6950  7494  8493 11851  2861 11211 15145  6404  5981
  5224 11255 13348  5226 13732 56940 56931 56945 56945 56945 56945 56945
 56945 56945 56945 56945 56945 56945 56945 56945 56945 56945 56945 56945
 56945 56945]
8 [ 1719 10621  2722  1240 56946  1925 12675 10843 11211 13822  5747  8509
 11120  4000 10621  5611 11211 11717 11120  9234 11211 13851 13662 10067
  5928 56931 56945 56945 56945 56945 56945 56945 56945 56945 56945 56945
 56945 56945 56945 56945 56945 56945 56945 56945 56945 56945 56945 56945
 56945 56945]
9 [ 5534 12015 56946  1925  8598  9283 56942 56932  3650 11211 11122  4585
 56946  6151  6221 25012 10621 11211  1240  9952  5224 14578 56931 56945
 56945 56945 56945 56945 56945 56945 56945 56945 56945 56945 56945 56945
 56945 56945 56945 56945 56945 56945 56945 56945 56945 56945 56945 56945
 56945 56945]
17 [ 5534 12015 56946  1925  8598  9283 56942 56932  3650 11211 11122  4585
 56946  6151  6221 25012 10621 11211  1240  9952  5224 14578 56931 56945
 56945 56945 56945 56945 56945 56945 56945 56945 56945 56945 56945 56945
 56945 56945 56945 56945 56945 56945 56945 56945 56945 56945 56945 56945
 56945 56945]
46 [ 5240  9918 11211  4938  1240 11936 10291  2426  8493 13300  4472 16751
  4472 14776 56934  7903 11326 56935 10621  1925 56946 14811  8493 11668
 56946  4472  9394  5137 56934 10611   420 10621 14378 56932  7868 11120
  3590 56935  1340  3243 13910 10291 56946 13371   366 42062 11211  4938
 16167 10025]
15 [13780  9054  2890 13857  4472 11120  2749  4472 11120 11786  4472  8444
 56942  6151   661 11211  8714  5224  9283  4472 14702 13371  4482 13970
  8271  4562  1892  6151 10355 13849  4472 12596  5500 56932  3416  4151
  6118 56931 56945 56945 56945 56945 56945 56945 56945 56945 56945 56945
 56945 56945]
28 [13371  4569 56932  5224  9582 56946  6485 11211 12764  1240 23853  1925
 12931 10067  5095  4472  7276 10621  1096 56932  1633  4151 15581  4472
  1231 12754  9541 56932 11211   753 10722  3765 11211 12764 10145 56932
 13371 13396  7932 56932 14855  4472  1009 11122 11211  1064 12889 11117
 14941 56946]
21 [ 2480  1015 11211 12764  1240  7709  6708  5224 56940 14938 56940 13402
  5226 11120  9622  4472 11669  7944  4472  8307 10621 11211   865  6948
  3336 22877 11211 56946 11211  1723  7706 56683  4562  5804 11026 10700
  4472 11120 12613 15161  5226  9049 10621   227 10067  3432 56931 56945
 56945 56945]
22 [11120 14556  4472    26 10621  5039  8916 10067 14358 56932 13211 11195
 56932  5165   217  1925   653 10621  6151  5804  1046 15404 11211 56940
  2162  1302  5226  4151  3336 10125  5226 11120  6255  2568 10621 11211
 56946  5226  4151 10531 11211  1396  2029  3432 56940 56931 56945 56945
 56945 56945]
21 [11120 14556  4472    26 10621  5039  8916 10067 14358 56932 13211 11195
 56932  5165  1925   653 10621  6151  5804  1046 15404 11211 56940  2162
  1302  5226  4151  3336 10125  5226 11120  6255  2568 10621 11211 56946
  5226  4151 10531 11211  1396  2029  3432 56940 56932  6205 13371 10291
 12486 11120]
25 [56940 12764  7709  2529  1958 11211  2890  7238 11211  7780 15311  5224
  4415 14687 11211 23158  5224  9076 56932   217  2273 22039  5226  5224
 11034 11211 12342  7709 56946  7827  6151   425  2839 56940 56932 11211
 15062  6151  6226  5224  6319 56940 11211  8946  2839 56940 56931 56945
 56945 56945]
42 [56940 12764  7709  2529  1958 11211  2890  7238 11211  7780 15311  5224
  4415 14687 11211 23158  5224  9076 56932   217  2273 22039  5226  5224
 11034 11211 12342  7709 56946  7827  6151   425  2839 56940 56932 11211
 15062  6151  6226  5224  6319 56940 11211  8946  2839 56940 56931 56945
 56945 56945]
11 [ 5224 13004   668 11211 13280  8373  5137  8946  5224 56946 10621 11211
  1925 12362  7780  9511  8493  4188 56940 45685 56940 56931 56945 56945
 56945 56945 56945 56945 56945 56945 56945 56945 56945 56945 56945 56945
 56945 56945 56945 56945 56945 56945 56945 56945 56945 56945 56945 56945
 56945 56945]
6 [ 9775 12611  5165  1925 56946  8984 11211  1641  6151  7851 56932 56940
  5226  1527  4472 13910 56940 56932 14352  4657 15058  6151 11646 14729
  4472 11120 14653 56931 56945 56945 56945 56945 56945 56945 56945 56945
 56945 56945 56945 56945 56945 56945 56945 56945 56945 56945 56945 56945
 56945 56945]
12 [ 3623  1231 15472  4562 15116 11211  4585 13171  8448  4472  5804 56946
 11211  4472  4151 13864 56931 56945 56945 56945 56945 56945 56945 56945
 56945 56945 56945 56945 56945 56945 56945 56945 56945 56945 56945 56945
 56945 56945 56945 56945 56945 56945 56945 56945 56945 56945 56945 56945
 56945 56945]
24 [ 5224  5234  6340 13382 11211  5226  5804  4393  7381  9939  1240 56946
  5226 12424  4649 56932  9000  1040 11211  6197 11122  7780  2779 10621
 11211 11117 56946  1000 11211  1231 16581  5226  5224 11034 12764  7780
  5492 14041  5400 56932 13371 11122  7780  3858  5224  9591  4472 11211
  4151 10201]
38 [ 4973 37911 56932  2792  4472 11120 10260 13524 21922 13149 56932 11499
 11211  5224 13513    85   880 13396 56940  9394   465 56940 10621 10272
 11211  7780 14043  1925  9230 10246  4472 12336  9121 56932  4758 13662
  9992 56932 11211  1191 14122 12831 56931 56945 56945 56945 56945 56945
 56945 56945]
6 [12764 11120 10365  4472 11482 56932 11211  6226  5226  7182  5240  1958
 56932 10954 11120  3852 56932  1231   281 10621  1231 14860 12033 56931
 56945 56945 56945 56945 56945 56945 56945 56945 56945 56945 56945 56945
 56945 56945 56945 56945 56945 56945 56945 56945 56945 56945 56945 56945
 56945 56945]
28 [56946  7780 14043   217  5226  3213 56946  6151  5804  7114  4472 11120
  1976  4472  5804  7345 56932 56946 56946 56932 10621  4472  4151  9269
 56932 56946 56946 56932 11211 56946  2890 14555  3161  4472  5804  2322
 56931 56945 56945 56945 56945 56945 56945 56945 56945 56945 56945 56945
 56945 56945]
6 [56940  7780  9228  1368  8150 56946 11211 15394 56946  5224 14181 10067
 14519 56932  9000  5240 56946 13386   582 14326  5224 14687 56932 12764
 14099 56940 56932  3655  8493  3273  4472 15689  8762 56931 56945 56945
 56945 56945 56945 56945 56945 56945 56945 56945 56945 56945 56945 56945
 56945 56945]
15 [ 5804  5634 56932  7868  1240 20638  4472  4151 13864  4472  1231 10242
  9823 56932 56946 11211 11148 56946  1925  5328 56932 13371 13280  9222
 56932  7709 12764  2529  5224  7811  7171  4472 56946 11120  9344  9500
 56931 56945 56945 56945 56945 56945 56945 56945 56945 56945 56945 56945
 56945 56945]
3 [ 5224 56946  2280 11211 56932 15083 10067 13676 10639 56932 56940 11482
 56946  4472 14555  1231  7415 19630  2861  2890 13441  5999 11484  2106
 13396 11120  9584 56932 13344  1925 21601  4472  5804  4293  7956 13933
 56946 56940 56931 56945 56945 56945 56945 56945 56945 56945 56945 56945
 56945 56945]
20 [ 7793 10118  1346 11211  1231 14623  1240 11220  4472 39816  6151  1447
  3667  4472  7440  5226 13330  4472 56942 10621 11211  2575 10621  5195
 15394 19975  5226 11120 34350 56931 56945 56945 56945 56945 56945 56945
 56945 56945 56945 56945 56945 56945 56945 56945 56945 56945 56945 56945
 56945 56945]
21 [12511   730 11211  5224 15548 14012 13396   273 56940  7780  9002  8555
  6151 11120 13480 56932 11211  8159  4562  6221  2496 11211  5240  1231
  3012 56940 56931 56945 56945 56945 56945 56945 56945 56945 56945 56945
 56945 56945 56945 56945 56945 56945 56945 56945 56945 56945 56945 56945
 56945 56945]
11 [ 5224   966 10067  2631  5769 56932 11664 56932  5240  5224 12675 11211
  5224 10067  9541  6695 56934 14358 56935  2861 56946  1925  5328  4161
 15335  5226  4151 11003 11120 11920 12031 10067  6319  5692 56931 56945
 56945 56945 56945 56945 56945 56945 56945 56945 56945 56945 56945 56945
 56945 56945]
22 [ 4151  7047  4472 13579  5207 50669  4151 14596 15003 11211 56946 16129
 11211 11120  7645 12764    65 11372  3758 11372  5095 56932 11211  8946
  8493 34455 56931 56945 56945 56945 56945 56945 56945 56945 56945 56945
 56945 56945 56945 56945 56945 56945 56945 56945 56945 56945 56945 56945
 56945 56945]
4 [ 6196 12015 56946  4562 11211 11120  9849 56946  5224 14657 56932 13371
  1490    13  7379 56932 10291 11211   375  6151  4151 17023 11458 56931
 56945 56945 56945 56945 56945 56945 56945 56945 56945 56945 56945 56945
 56945 56945 56945 56945 56945 56945 56945 56945 56945 56945 56945 56945
 56945 56945]
25 [ 5224  2595  4472 12031 12506 10067 13723 10208 56946 56932 16190 56946
 56932 15201 11211 10611  5804  3034 11211 16884 14233  9490  8971 14914
 16957 11211 10463 10495  1231 12659 56931 56945 56945 56945 56945 56945
 56945 56945 56945 56945 56945 56945 56945 56945 56945 56945 56945 56945
 56945 56945]
11 [56946 56946 15201 12948 11211  7780 14043  1925  9230  4472  2496 11211
 56946 56931 56945 56945 56945 56945 56945 56945 56945 56945 56945 56945
 56945 56945 56945 56945 56945 56945 56945 56945 56945 56945 56945 56945
 56945 56945 56945 56945 56945 56945 56945 56945 56945 56945 56945 56945
 56945 56945]
20 [40277 56946 56932  1231  4851 56932 29247  5226  5272 13280  8493 12921
  6151 28395 11498 56932 14944  4472 45431 56932 11211 12764  1240  2144
  4726 10067  7306 56931 56945 56945 56945 56945 56945 56945 56945 56945
 56945 56945 56945 56945 56945 56945 56945 56945 56945 56945 56945 56945
 56945 56945]
11 [  730 11211 13290 11211 11117 28124  7709 15223 11211  6984 12672 11211
  1000  4562  8593 10621 11211 13290  1240 10261  7467  6151 56946 11211
  5224  9541  5191 14040  4004 21482  5226 23950   848  5226  9694 56931
 56945 56945 56945 56945 56945 56945 56945 56945 56945 56945 56945 56945
 56945 56945]
25 [ 5224 14479  2203  6151 38033 13396  2890 10119 56944  5226  5224 11211
 11120 11093  8998 14190  6197 54812 56932 13396 11122 11211  6226 19329
  6151 11211  5513  9775 18533 13261  5224 13057  8086 56931 56945 56945
 56945 56945 56945 56945 56945 56945 56945 56945 56945 56945 56945 56945
 56945 56945]
29 [ 5224  2792    91 56932  6349 15520 56932  7780  3924  5224 15038  4472
  1231  3879  9243 56932 10556  2828 56932 13386  1240  3623 15009  6151
  9493  6151  5804 14304  4459 11211 56946  4151 10633  9842  1925  8699
 56932  9877 13396  4151 12831  4472  6393 56931 56945 56945 56945 56945
 56945 56945]
16 [ 5804  8330  4472  3703  3982 11211 12764   746 15231  3260  5226 15583
  4562 11191 10621   470 11211  8993   746  3860  4151   621 10621  4304
  4472  5668 56932 13396 11122 11211 11242  6151 13661 11211 56946 56931
 56945 56945 56945 56945 56945 56945 56945 56945 56945 56945 56945 56945
 56945 56945]
8 [12764 14939    20  2890 12675  4814  5226 13732 11211  5226 11877   848
  5226 11986 56931 56945 56945 56945 56945 56945 56945 56945 56945 56945
 56945 56945 56945 56945 56945 56945 56945 56945 56945 56945 56945 56945
 56945 56945 56945 56945 56945 56945 56945 56945 56945 56945 56945 56945
 56945 56945]
29 [56940 10291   786 56932  5224 13866  4472 11120  9852  4472 11120  1035
 56946  4868  6151  8545 12407  7758 56931  5804  5574  8433  1340 12761
  6151  4151  2960 13910  5989 11211  5804  5574  1317 56932 13396 11122
 11211  1233  6151  2890   821  3733  1240 11117 56946 11120 15167 10621
  6151  8503]
46 [ 7397 56932  5226  5224  7900  4472 12877 10067  7966 56932  8361  7412
  2118 13371  5804  9532  4472  5804 14378  3204 11211  2834 11120 16431
 45319  5226 11963 11211   425 15145 11120  7253  5918  4472 11120  1723
 19588 11211 12764  7494   724 12434  4562 13579 56932 10621 11211  6631
 15145 11120]
15 [ 5226  8857 12687 56932  5224  3835  8320 23718 56932  3245  6151  6662
  4472 13811 56932 11211 12764  1240  4563 13837  4004 56946   848 14931
  6849 10067  8086  5226  5224 10119  1107  8984 56932  3874  5666  7909
 13396 11120  3077 56931 56945 56945 56945 56945 56945 56945 56945 56945
 56945 56945]
20 [ 5224  7811 12213  2861  5224 10067  5078  4472 56946  4472 14545 56946
 56932 56940  6950  4151 17607 11526 56946 56940 11211  5224 56946 15884
 56946  1240  8057 15379  3245  5226  1231  2175 56931 56945 56945 56945
 56945 56945 56945 56945 56945 56945 56945 56945 56945 56945 56945 56945
 56945 56945]
29 [42385 56946 14039  4472  2529  5224 17371 19418  5534 56932  6151 13011
  4472 13330 56932  5224  9120 56946  8037 11211  5240    27 13396 12135
  4472  7132 10067  6340 56932 11211  7952  5226  5224 10292  9394  5137
 10621 11211 14717 56942  5699  2102  1925  7977 13396  9916 25873 56931
 56945 56945]
37 [42385 56946 14039  4472  2529  5224 17371 19418  5534 56932  6151 13011
  4472 13330 56932  5224  9120 56946  8037 11211  5240    27 13396 12135
  4472  7132 10067  6340 56932 11211  7952  5226  5224 10292  9394  5137
 10621 11211 14717 56942  5699  2102  1925  7977 13396  9916 25873 56931
 56945 56945]
29 [13396    19 12135 56932  5224 10242 18531 10067 13723 10208 15512  5226
  5224  1950 10621  4569 13396 14791 56932  3908  9502 56946 56932 15625
  3245  1925  2595 10067   653 11211 56940  4959  1231  3111  4472  8606
 15244 13822  8732 13396 13822  7809  4472  1062 56940 56931 56945 56945
 56945 56945]
42 [11120 11556  5226 14299  4472  5804 13272 10067  3187 56934 56946 56935
 56932 11120 11093 11211  2332  5804 15157 56932  7780 11682  6151 10282
  1882 10291  7882  6151 11120  9849 11211  9022  5224 16813  4472 11120
  3077  4472 14028  4472 10374 10621 11211  1240 56946  4151 12453 56931
 56945 56945]
0 [ 3828 10262   981 13337  4472  6143 56932  3761  8701    64 11211  9606
  6151 11955  4472  9214 56931 56945 56945 56945 56945 56945 56945 56945
 56945 56945 56945 56945 56945 56945 56945 56945 56945 56945 56945 56945
 56945 56945 56945 56945 56945 56945 56945 56945 56945 56945 56945 56945
 56945 56945]
13 [14931 11744 56932  5226 20458  1240 56946  4906  1925  7335  6226  2890
  9338 11211 15023 56942  5137  4472 52624 10916 10621  3136 31151  5226
 11120  6549 13171 56946 10067 11477 56932  5804 10700 12821  2745 56946
  6416  2890 10506  5071  4472  1542 56931 56945 56945 56945 56945 56945
 56945 56945]
21 [10420 56932   753 11211  6839 56932  3655  2200 12666 56932 11211  4151
  1919 14729  4495  1240  4960 10067 13185 56932 10621 11211  5449  6356
  5226 14914 11124   683 56942 11804  4472  5699 11352 56931 56945 56945
 56945 56945 56945 56945 56945 56945 56945 56945 56945 56945 56945 56945
 56945 56945]
37 [ 5224  6519 15907 14524 18066 56932  5234  6516  4472 11120 11602 56946
  4472 20120 56932 15201 11211 56940 47496 11211  1469  1452  3693 13371
  9893  4472 12328 56940 10621  2332 56940  5224 29399 11211 56946 10267
  1004 11211  1240  3484  5224 15623  4472  4151 10531 56940 56931 56945
 56945 56945]
3 [ 3245 15394  4275 11211 15599  4562 56940  7327 10621  7947 56940  4151
  7809  4472  7330  3091 56932 10291 13853 56946  5804 15157 56931 56945
 56945 56945 56945 56945 56945 56945 56945 56945 56945 56945 56945 56945
 56945 56945 56945 56945 56945 56945 56945 56945 56945 56945 56945 56945
 56945 56945]
6 [  425  9049  5240  2890 56946 14974 11211  5224  9874  5942  4472 56942
 11804  6154  5226    20 11762 10067  2689  2824 56931 56945 56945 56945
 56945 56945 56945 56945 56945 56945 56945 56945 56945 56945 56945 56945
 56945 56945 56945 56945 56945 56945 56945 56945 56945 56945 56945 56945
 56945 56945]
12 [ 5224  5778  5436 11705  1231  4136  4472 11673  3111   635 56932 16786
 11211 12764  5240  5226   195 17005  1925  1926 22746  2861  6197  8821
  5226  6542  9239  5226 56942 56931 56945 56945 56945 56945 56945 56945
 56945 56945 56945 56945 56945 56945 56945 56945 56945 56945 56945 56945
 56945 56945]
22 [10621  2044 11211  6330 11211 56932  1233  5207  2421  4472 56946 56932
  1494   865  4151  8373  2136  4472  2890  5589  5121  2861 11211 14941
  2890 56946 10621 11211  2007 14733  1368  2416  5226  5224  5879 56931
 56945 56945 56945 56945 56945 56945 56945 56945 56945 56945 56945 56945
 56945 56945]
27 [10621  2044 11211  6330 11211 56932  1233  5207  2421  4472 56946 56932
  1494   865  4151  8373  2136  4472  2890  5589  5121  2861 11211 14941
  2890 56946 10621 11211  2007 14733  1368  2416  5226  5224  5879 56931
 56945 56945 56945 56945 56945 56945 56945 56945 56945 56945 56945 56945
 56945 56945]
21 [ 2890  6176 11211 12764 14098  4472 11120  4356 11372  8493  8489  4472
 17582 10621  6205 56946  5123  6151  2018 12035 56946 11211 12015 56946
  8493  9553  1893 56932 13084 10621 16776 56931 56945 56945 56945 56945
 56945 56945 56945 56945 56945 56945 56945 56945 56945 56945 56945 56945
 56945 56945]
13 [ 5804 13171 18331 56946  2890 56946  6151 11120 14630 56932  6151 11120
  9579 11211 56946  2890 56946   848 56946 56931 56945 56945 56945 56945
 56945 56945 56945 56945 56945 56945 56945 56945 56945 56945 56945 56945
 56945 56945 56945 56945 56945 56945 56945 56945 56945 56945 56945 56945
 56945 56945]
24 [ 6205  5240 11211  4562 15640  5137  4518 34183 56932  2591 56946  5240
 13441  8493 34548 56932 23713  4562  5224 22670 56932 15640  5137 15083
 11211 12035 56946 56931 56945 56945 56945 56945 56945 56945 56945 56945
 56945 56945 56945 56945 56945 56945 56945 56945 56945 56945 56945 56945
 56945 56945]
39 [ 5224 56946  7198 10703 56932  9000 17589  1148 14802 56933  5224  5738
 56932 53746 10621 56946 13371 14914 13396  5804 22334 11211 11236  4472
  1231 56946 56946 56932  6950  1240 18541  6151  1168 12675 10621 12764
 37879    13 12479 11211  5224  4472  1231 12759  8284 56932 11372 14102
    19 13277]
12 [ 5804   953  7215   746 14069 33817 13083  8871  9876  5226 11120 11528
 11211  5226 11120 13812 10621  5452  5226  6036  6151  6381 13371 17539
 56932 21258   848  4337 42074 56932  1465   217  5319  2861  5804  3153
  1317 56946  6151  8593 56943 56945 56945 56945 56945 56945 56945 56945
 56945 56945]
45 [56416 12758  6151 11120 13812  5226 56942 56932 10621 12752  1240  7780
  9002  1000 11211  6151 15952 11117 14939  5506  5226  5224 14555  9444
 21512 56934  3645 43966  5226 13998 56932  9000 11562 14931 11107  1379
 13171 10067 56942 56943  4472 13822 10430 56935 56932 11211 56946  1240
  3648 16443]
2 [ 5226 13554 11211    12 56932  6196 12913 32899 11211 11673  2809 56946
  5137 10621  5137  5226 11120  5404 10067  7249  3612  4472  5138 11211
 13280 44153 13821  1925 56946 56931 56945 56945 56945 56945 56945 56945
 56945 56945 56945 56945 56945 56945 56945 56945 56945 56945 56945 56945
 56945 56945]
31 [10621 11122 18983 10067  3612 56932  5240 14503 30346 56932  4562  2890
   804  4472  6480 12297 56946 12297 56932  6260  4472  7167 56932 33177
 56932 14931 13171 56946 10291  5224 11995 11211 14923 56946 19006  4472
  5095  4472 31118 10621  5224  2932  6151 11211 56932  4472  5000 56932
 11117  6502]
16 [ 5226  2972 56932  4228  6151 11120  1004 11211 13478  5804  6381 56946
  6151 11120  8364 56932 11211 12764  6950 17284 19197 56946 13822 42720
 10621 24409 56932 10621 11211  1240 56946 12672  4643  6151  2890  2972
  9322 10291  7721  4151  3765  2370 56946 10621 19550 15513 22469 56931
 56945 56945]
25 [ 1231  3374  5240  8503  4472    68 14959 25687 11211 12543 11117  5011
  6151 11120  7037 10621 11211  3731  2890  7425 13171  8041  6151 11120
 17909 11211  6151 11120 19527 56931 56945 56945 56945 56945 56945 56945
 56945 56945 56945 56945 56945 56945 56945 56945 56945 56945 56945 56945
 56945 56945]
0 [11211 11122 51567 14914  1004   375 15563  9000 12764 56946 56931 56945
 56945 56945 56945 56945 56945 56945 56945 56945 56945 56945 56945 56945
 56945 56945 56945 56945 56945 56945 56945 56945 56945 56945 56945 56945
 56945 56945 56945 56945 56945 56945 56945 56945 56945 56945 56945 56945
 56945 56945]
28 [ 5534 11120 32864  9490  8192  4415 56932  5224 36220    65 12761  6151
 11454  1231 12759  8030 56932 11211  4693  4413 56946 56946  5224  2075
  4161 11120 14602 14931 11211  1240 56946  6151 10506  8819 56931 56945
 56945 56945 56945 56945 56945 56945 56945 56945 56945 56945 56945 56945
 56945 56945]
23 [ 1925 12691  2069  4472  8216  8865  5466  5226  7415   661  6151   424
 12284  9580 56932 12249 11211 12703 10413   682 13310  4472  2972 11211
  2986 15526  9193 10621  7803 11120 14299 56932 11372  4855  4472  5187
 14474 56931 56945 56945 56945 56945 56945 56945 56945 56945 56945 56945
 56945 56945]
8 [  425 24176  2376 16945 13233  8493  4188 15053 11211  5804  6312  6252
  4472 14736 10067 10119 56931 56945 56945 56945 56945 56945 56945 56945
 56945 56945 56945 56945 56945 56945 56945 56945 56945 56945 56945 56945
 56945 56945 56945 56945 56945 56945 56945 56945 56945 56945 56945 56945
 56945 56945]
23 [ 3047  5224 17393  4472 56946 13841  6151  1231 14761 12297 12297  1925
  8871  5226  2890  1242 12297 12297 13371  8493 22383 13171 56946 11211
 13775 56933  9000 11122 14347  5240 11211  8666  5224  1926  4562    13
 12562 10621  9039  3082 56932  4562  5224 16090  4472  2890 29708 56931
 56945 56945]
18 [12297 12297  1168 56932  3597 12297 12297 14441  5224 56946 12297 12297
 56933 11211 12764   753  2030  4992 11211  9183  5226  5224 11420 56931
 56945 56945 56945 56945 56945 56945 56945 56945 56945 56945 56945 56945
 56945 56945 56945 56945 56945 56945 56945 56945 56945 56945 56945 56945
 56945 56945]
5 [ 5226   424  4492 30707 56946 11211 11122 11211   217  4235  6471 12764
  5240 10954 11120 56946  4472  2826  4472 18637 13961   848   563 11817
 56932 13478  5804  4705   805  5226 10267 12371  2890  4492 12407 28675
 56932   494 22608   848   159 56931 56945 56945 56945 56945 56945 56945
 56945 56945]
8 [12764  4413  2529 28759  6151 11120 13877 11938 11211 56946  5237  6151
  8596 38785  4151 33920 56946  4472 11120 11093   207 56932  4562 13822
 10219 56932 13371   746  2729  4472 16212 17478 36495 10067 56946 56932
  5217 29951  4161  3721 56946 56932 10621 13371  1240  5787  5226  5224
 56946  4562]
11 [11120 56946 11120  9490 56946  4161  5224  1601  4472 12764 56946 11211
   375 11120 12673 56932 10621 11120  9490  7039 56946 10621 44600 56932
 10621 19567 10067  1926 56931 56945 56945 56945 56945 56945 56945 56945
 56945 56945 56945 56945 56945 56945 56945 56945 56945 56945 56945 56945
 56945 56945]
28 [14496  6151 11120  9231 56932 56946  5226  8493 16198 16092  6151 11120
  9028 10067  3343 10067   864 56932 56946 13396  8493  5918 10540  8819
 56932 14931    13 12684 11211  1720  5804  5286 10067  9472  4472 11273
  6862 18785 56932 18785 10621 13064 56932 13064 10621 11273 56932  8984
  6862 18785]
0 [11211  8946  2890  7238 11165 56932 14315 10621 45038 56931 56945 56945
 56945 56945 56945 56945 56945 56945 56945 56945 56945 56945 56945 56945
 56945 56945 56945 56945 56945 56945 56945 56945 56945 56945 56945 56945
 56945 56945 56945 56945 56945 56945 56945 56945 56945 56945 56945 56945
 56945 56945]
17 [56946  4472 14555 13802 15040  5224  6158 11211    65  7928  5226  5224
  2175  4472 11120 12673 13030 11211  1240  2049 11120 12661  4472  2890
  6858 56931 56945 56945 56945 56945 56945 56945 56945 56945 56945 56945
 56945 56945 56945 56945 56945 56945 56945 56945 56945 56945 56945 56945
 56945 56945]
