35 [15058  6151 11120  7316  4472 11211 12071 15145  2342 13396  5224 12956
  4472 11120   418 56932 12277    85  6454  2861 56940 12024  8024 12764
  6485  6151 11669 12956 56932 13396 11122 11211 12764  7709  2529  6444
 13396 12342 11372  7709   134  5226   227  4472  4656 56940 56931 56945
 56945 56945]
13 [ 5226  1231  6098 56932 56940  6226 14190  2891 11211   424 13440  5676
  2529  9644 13396  5046 56940 56931 56945 56945 56945 56945 56945 56945
 56945 56945 56945 56945 56945 56945 56945 56945 56945 56945 56945 56945
 56945 56945 56945 56945 56945 56945 56945 56945 56945 56945 56945 56945
 56945 56945]
