29 [56940  4550 56932 56936 11149 15590  6151  8606  5804 14765  4472 11120
    19 12135 56934  5804 15544 56935 11211  4562  3336 13371  4151 17574
 10621  4151 45389 15181  6151  1179  5804  4900 10291 13822  1357  7345
 56937 56940 56932  6183  9019 56931 56945 56945 56945 56945 56945 56945
 56945 56945]
7 [ 5224  7346    59  9747 11120  7316  4472 12095  1880  4472   134  1925
 13488 10067  5055 56934 11602 13346  4472 12379  5452 56935 56932  5963
 56946 56932 10621  6151  2890  5887 10067  2880  4472  5319 56932 11364
 56946 56932  7868  8455  4151  2960  6118 56931 56945 56945 56945 56945
 56945 56945]
34 [ 6151 11120 11311   635 10067  6260 11966 10291  7803 10701 56946 39705
  5226  1713  4472 12031 12506 10621  4472  2496 56932  1240  6299   217
    19  4472  1906  6862  1884 11211  7880 11120 14779  6151  2003  5224
 12869 10291  6226  7944  4472  8165 56932 12889 56940 14931 14184  5226
  7306  5224]
