27 [11120  1650  4472 11120  8069  4472 10196 11120 12921  6255  9524  2890
  9472  4472   621 10611 12049 12535 11211   981  4472  2047 11120  6544
  4472  8493  9158 10241  5226   425   314 12149  4549 56931 56945 56945
 56945 56945 56945 56945 56945 56945 56945 56945 56945 56945 56945 56945
 56945 56945]
30 [ 5226  1156  6151 11120 11311  4472  3046  7956  5224  7057 14631  4472
  5804 10542 56932  4151  6118 56946  3245 11211  5224 14399  5240  1958
 56932 12889  1240  3731 12543 10722  4160  5226  6036  6151  5804  5126
 13396  5804 11211   582 39277  5224  9283  4472 14072 11211  4026 11211
  3669  6151]
11 [11120 56946 56946  8493 10838  9049  4472  8865 10621 26065 10722 11243
  5226 12424 15461 18547  6151  9687  5224   972  5226 11120 14248 56931
 56945 56945 56945 56945 56945 56945 56945 56945 56945 56945 56945 56945
 56945 56945 56945 56945 56945 56945 56945 56945 56945 56945 56945 56945
 56945 56945]
11 [12764 14548  2678  5226  5224  2642  4472  2892  4472 40606  5224 15120
  5226  5804 12535 56931 56945 56945 56945 56945 56945 56945 56945 56945
 56945 56945 56945 56945 56945 56945 56945 56945 56945 56945 56945 56945
 56945 56945 56945 56945 56945 56945 56945 56945 56945 56945 56945 56945
 56945 56945]
5 [ 1793 56932  9792  7494 19574 11402  5226  7898 12379  8139 11211 11117
  8619 17286  9677  4472   455 56932   494  4562  8871  2322  1305 56932
  8552  6151 11120   314 10067  1767 10471 56931 56945 56945 56945 56945
 56945 56945 56945 56945 56945 56945 56945 56945 56945 56945 56945 56945
 56945 56945]
21 [ 5804  4236 11295 12297  3917 10621    56 12297  4472  5804  4900 10067
 56946 56932  5224 39113 10621 11120 19300 10557 11071  6884  5226 56942
 56932  7868  2890 13004  4532 13396 11120  9745  3733 56946 56931 56945
 56945 56945 56945 56945 56945 56945 56945 56945 56945 56945 56945 56945
 56945 56945]
11 [13974  4472  5804 12552 56946 56932 13526  5804 14513  4472   425  4212
  5226  4151  4558 10067 56946 56932  2729 11211  5226 56942  5224  6117
 46768  4472   424  4814 13006  5224 56942 13396 14108 15058  1925  2689
  2824 56932  5226 13554 11211  5224  6117 40384  1240 19715  5224 56942
 13396 14108]
21 [14201  8902 12948 13396 56946  5224 14339  4472 11120 25159  4472  4151
  2677  1791 10621   981  5224 18373  5226  6990  5804  8021  7893  5226
   424  4667  5226  5606  8493  1126  4472 13478  5804  6717 13171 14956
 56931 56945 56945 56945 56945 56945 56945 56945 56945 56945 56945 56945
 56945 56945]
7 [ 5804 14117  1240  4076  5226  5187  4472  7764  3267  5226  5224 12754
 12371  6164 56932  8630 11211  5804  5263 56932  1925  8795  6151  1231
 11555  6498 56932  1240  4076  5975 13371  5932  3412  6151  7608  4472
  1231  7066 56931 56945 56945 56945 56945 56945 56945 56945 56945 56945
 56945 56945]
20 [ 8953  8782 56932 13396  1231 12135 56932  8321 14500  6151 11120 12031
 56932  8057 56946  4472 56946 10621  1321  9418 24952  5226  1231  6325
  4472   245 13396 11120  8728 11120 56946  4472 13822  9778 56931 56945
 56945 56945 56945 56945 56945 56945 56945 56945 56945 56945 56945 56945
 56945 56945]
15 [13171  8818 56932  8509 11120  8290   545  5972 56932 13554  3212 13371
  2992 15212  6928 14313  5226 11669 12433 56932 11120  1147  4472  8025
   375  4472  5804 12575  4472 13400 56931 56945 56945 56945 56945 56945
 56945 56945 56945 56945 56945 56945 56945 56945 56945 56945 56945 56945
 56945 56945]
