16 [ 5224  8876  9230  5427 56932 10502  5264 56932  1132   217  9544  6151
 16149 56932  3828  1240 56946  4562  5224  2792  9243 56932 10556  2828
 56932  6614 11211  4125  1071 10291   425 14675  5226 11067 56932  8290
  7802 10067  1094 10067  8699  9243 56931 56945 56945 56945 56945 56945
 56945 56945]
45 [ 8596 11122  9490  4492  4746  4472  1231  5879  4562  5224  1405  4472
 29059  4472 12672 11211 12764  8946  7247 56932 10621  9490  5492  5224
 43844  4472  1168 12673  1925  4201 11211 12764 17667  5224  8870 20034
 13396  9068  5000  6151  5804 10229  3861 56932 10621   151 13396  9394
  5137  4562]
