18 [  425 14804  4472  9786  7780  9511  6151 56940 12486  3624  5804 10472
  8007  5226 11120 11244  4472  4151  7809  4472  1062 56940 56932  7868
  5224  2880 56931 56945 56945 56945 56945 56945 56945 56945 56945 56945
 56945 56945 56945 56945 56945 56945 56945 56945 56945 56945 56945 56945
 56945 56945]
14 [10621 56946 56932 16478 10621 10618 56932 10611 10025 56932  1240 14377
  4472 11120 14329 56932  4472  4151 56946 10621 10067 56946 10621 42047
 56946  5226  5224  9541 11211 14817  6151 11120  1691  1925 13242 13171
  5863 12297  7780 14384 13171  4472 56942   340 12297 11211  7780  6260
 13396 11120]
35 [ 5224 14399  3245  6913 11211  5804  3911 42341  2890  7661  4472 14792
  4472 56942 17235  8100 56934 56942  5895 56935 10621  2890 56946  3196
  4472 56942 17235  8100 56934   683 56942  5895 56935 13396 10267  5039
  4472 56946 56931 56945 56945 56945 56945 56945 56945 56945 56945 56945
 56945 56945]
48 [ 5804  6312  9529  5226  2218  4035 14423  5224  6576 10621 11120 23715
  4472  5892  4472  9424  4472 10330  5226  4151  6505 10067  7581 56932
  8630  5226  5224  7217 12506 56932  5224  7538 11343  5432 11367 56932
 12948 56932 13348 56932 11120 14259 10067 14399  4562 15014 56932  4472
   681 14792]
3 [ 8946 11120  8148 27677 10067 16446  4472  2794 10291  1231  4154 56932
  1428 13280  2890  9579  4472  9939 56931 56945 56945 56945 56945 56945
 56945 56945 56945 56945 56945 56945 56945 56945 56945 56945 56945 56945
 56945 56945 56945 56945 56945 56945 56945 56945 56945 56945 56945 56945
 56945 56945]
1 [ 5224   653  4472  4472 11120 13017 56932 11211  3717  5224  6260 56942
  4472   995 56932 15246  5224 15063 10067 10379  2824 56932  3030 13396
  4233 10584 56932 11211  8057 13440 34142  6151  4151   353  4472 11120
  6805 21950  4472 13272   881 56931 56945 56945 56945 56945 56945 56945
 56945 56945]
6 [ 6118  4472  2480  3245   192 11120  8467  4472 56940  6737 56940 56932
 12889   484  1231  2985 13396  5224  9591  4472 11211 11120 13870   418
 11682  6151 15336  8493 11311 11211  5804 12534  8363  5226 13330 56931
 56945 56945 56945 56945 56945 56945 56945 56945 56945 56945 56945 56945
 56945 56945]
6 [11120  7261  1240  3533 13371  2890 12224  4472 12191 56931 56945 56945
 56945 56945 56945 56945 56945 56945 56945 56945 56945 56945 56945 56945
 56945 56945 56945 56945 56945 56945 56945 56945 56945 56945 56945 56945
 56945 56945 56945 56945 56945 56945 56945 56945 56945 56945 56945 56945
 56945 56945]
1 [ 5224 10988  5226 11120  8200  4472  8263 10621  4151 35840 13396  4151
 11211  2049  5224 13732  5226 11120  8200 56932 12672 11211  7780  1108
 14347 11146  5226 11120  1959  7948 10621 12749  5226  9097 32541 56932
   373  2831  2890 13748 12407  2138  1925 11211  1240 10532  5226 11795
  9348 56932]
9 [56940  5240 12246  2738  3336  6151 11120  7440 10067 10620  4472  8373
   848   420  3861  4472  4842 56940 56932 15201 14418 56932 13386 11499
 11211   753 11211 12676  6151 11211  1240  4635  4151  1746  7956  5804
  1610  5226 11120 11259 10366  1217 56934 56942 56935 10621 11120 14277
 10067  4842]
22 [13371 13300  4472 11211  5804 23855 56932  4151 50175 10621  5804 56946
 11211  1240 21716   746 10748  4562  5224 11554 56932  5804 20082  4472
 11120  3757  4472  5806    47  2890  1611  4562  4151  8731  6108 10611
 13822  4756 56932  5224 11255 11950 56942 56931 56945 56945 56945 56945
 56945 56945]
7 [15083  4472 13728 14373 10621  8493  7415 14329 12031 10067  6319 56932
  2530  4562 11120  5844 10067  6171 56932 11120 56946  1240 39009 13396
 11120  5157 10067  6171 10621  5224 13185  4472 11120   226 56931 56945
 56945 56945 56945 56945 56945 56945 56945 56945 56945 56945 56945 56945
 56945 56945]
15 [11120   635  4969  8554   915   217 56932  3786 56932 11120  5265  4472
 15241  5226 11120 13300  4472 56940 56946 56940   848  1150  6226 12433
 56934  2531 56935  4472  5804  4679  4472  2732 56932  5226  8493  4722
  5226 11120 11211 11120  5043  6810 56946 56932 15077  5226  3627 56932
  3730  1231]
5 [11120 14556  4472    26 10621  5039  8916 10067 14358 56932 13211 11195
 56932  5165   217  1925   653 10621  6151  5804  1046 15404 11211 56940
  2162  1302  5226  4151  3336 10125  5226 11120  6255  2568 10621 11211
 56946  5226  4151 10531 11211  1396  2029  3432 56940 56931 56945 56945
 56945 56945]
5 [11120 14556  4472    26 10621  5039  8916 10067 14358 56932 13211 11195
 56932  5165  1925   653 10621  6151  5804  1046 15404 11211 56940  2162
  1302  5226  4151  3336 10125  5226 11120  6255  2568 10621 11211 56946
  5226  4151 10531 11211  1396  2029  3432 56940 56932  6205 13371 10291
 12486 11120]
24 [56940 12889  1969  5850  2890  9198  4472  1510 12297  6299 12297 11122
 56946 10621  9373 18884 10291  8740   424   273  4472 12921  6151 11120
  9707 10067   870 56940 56931 56945 56945 56945 56945 56945 56945 56945
 56945 56945 56945 56945 56945 56945 56945 56945 56945 56945 56945 56945
 56945 56945]
24 [11120  6805 10212 11211   650  4151 10193 12947  8509  5224   653  4472
  9091   690 11785   217 56932  1362  4693  4472 11122  1076 56932 11120
  9234  4472  2922  1925  5234  6340 56932  1925  3452  2890  5935 10611
 13822  9135 56931 56945 56945 56945 56945 56945 56945 56945 56945 56945
 56945 56945]
49 [ 4151 14030 10067  7581 56932 11120  2496  2106 10621  5804 14304 15244
  5226  5224  2689 56942 56946  5226 12937  4151  3388  6653  4195  5226
  2668 10621 11122  1613 13171  5226  7419 56932  7868  5804  7795  4472
  5869  6187  4472 11120  5908 10468 11211  1240   290  5226  5224 15316
  4472   266]
3 [45520  2861 13676 12687  4472  8200  4472  8290 10241 56932  4629  5226
  5224 12908  4233 24647  1633   683 56942  6062 56931 56945 56945 56945
 56945 56945 56945 56945 56945 56945 56945 56945 56945 56945 56945 56945
 56945 56945 56945 56945 56945 56945 56945 56945 56945 56945 56945 56945
 56945 56945]
1 [ 5804 22040 10067 13468  1288 11211 11120 16085 10067 56946  3387  6151
 56942 13931 56932  4562  8493  5611  4472 56942 13396 20272 56932 56942
  4472  8025  7518  4472 18271  5137 56932  1452 11120 13171  4476 11120
 14508 19179 10922 56932 11211  7494  2890  2689 10621 16490  5226  5224
  5799  6542]
1 [11120  5793  4472 12948    85 11120 13171  4415    14  4472  8728  5226
  5224  6319 11139  5217 11211 56932  6151 15099  4472  2689 56932  5804
 13984  4472   545  3973 13171  4472 56942  3006  5324  4472 11462 12480
  4562 11120 13622  4472  6380  5804 10804  4472  7797  4472    89 13720
 56931 56945]
1 [ 5224   653  4472  7797  2048 13396  1231 13171  4415 12925 12031 10621
  3682  5217 11120 10365 56932  5226 56942 56932 15023  5115 56932  5226
 14842 56932  5224 14954  7956 11120  7891  3285 56931 56945 56945 56945
 56945 56945 56945 56945 56945 56945 56945 56945 56945 56945 56945 56945
 56945 56945]
28 [ 5224  9211  5692  4472  9786  6005  6151 42373  4472 22803 56940 13371
  1523  4472 13894 56940 11211  5224 14687  1240 28897  6151 11120    26
  5226  5804  3587  4472  4670  4472 11120  2894 56931 56945 56945 56945
 56945 56945 56945 56945 56945 56945 56945 56945 56945 56945 56945 56945
 56945 56945]
9 [ 5804  2208 34478   217 11120  4727 13845  6151 11120 14088  4472  9557
 56946 11211 11095 13822 15271  1925 14802  6151 15254  4472  1296  5226
  5224 15175  4472  9527 13814 10696 56931 56945 56945 56945 56945 56945
 56945 56945 56945 56945 56945 56945 56945 56945 56945 56945 56945 56945
 56945 56945]
4 [ 5224 56942  3315 56942  7672  4472  6226  7944 56932  8630 11211 11120
  3752 14977  3315 13171  4472 56942 38473  6151  6537 56931 56945 56945
 56945 56945 56945 56945 56945 56945 56945 56945 56945 56945 56945 56945
 56945 56945 56945 56945 56945 56945 56945 56945 56945 56945 56945 56945
 56945 56945]
24 [11349  5240  3608 10067 15175 27501  9541  4472 11120 14227  9500 56934
 13209 56935 11211 11117  7780  9591 13043  1098 56932 10611  8025  2890
   339  4472 11120  3652  4472 11120  5918  4472  3222 56932 11211 14817
  2632   153  2370  5804  3618  6011 11211 12764 30168  1231  5551  5226
  2732 56931]
22 [11713 12407  2199  4472 11325  6261 10621 56932  5226  5224 16271  4472
 11120 15720  5226 11120 11211 13893 56932  7782  1462  4151  8851 10067
 12361  7513 56931 56945 56945 56945 56945 56945 56945 56945 56945 56945
 56945 56945 56945 56945 56945 56945 56945 56945 56945 56945 56945 56945
 56945 56945]
39 [13396 10711 56932  5224  5683 13579  7709  8606    19  1004  5224 30738
  5224   972 11211 10111 56932 14260   424  5683 13579 12764  5240  4472
 56946 56932  9000  1925  8871  4392    85 15111  4472  7291  5224 46871
 56946 10621 11120 11529 56946  4472  5804 19287 56931 56945 56945 56945
 56945 56945]
24 [15394 56946 11211  5224 56946  6197   373  1379  7811 56932  1189  4147
  4472 11120 14614 56946  4472 11120 56946 56932 35591 56946 13396  5224
 10620  4472 14802 10621   207  4562  1231 13676 56946 56934  5804 24092
 25974 56932 13396  1233   577 12764  1240  7780 28117 56935 10621 56946
  4372  4562]
17 [ 5226 13554 11211    12 56932  6196 12913 32899 11211 11673  2809 56946
  5137 10621  5137  5226 11120  5404 10067  7249  3612  4472  5138 11211
 13280 44153 13821  1925 56946 56931 56945 56945 56945 56945 56945 56945
 56945 56945 56945 56945 56945 56945 56945 56945 56945 56945 56945 56945
 56945 56945]
20 [ 5224 16122  5953  6151 16799 11120  6471  4562 11120 14433 10621  4151
  2452 56932 56946  5226 12135  4472 11120 17311  5012  4472 11120  6685
 56933  9000  4161  5804 15721  4752 10621 15723 12764  1240 18798  1862
  5226  5224   175  4472  6471 13371 12297 11055 10067  2597 12297 10621
  7976  7945]
11 [ 2339 10067   653  5692 14891 13248  6151 11120  6544  4472  8493 13721
  4472  8070  4472  4022  4472  1079 13946  5226  5224  6319  5692 56931
 56945 56945 56945 56945 56945 56945 56945 56945 56945 56945 56945 56945
 56945 56945 56945 56945 56945 56945 56945 56945 56945 56945 56945 56945
 56945 56945]
