6 [13396  4550 56932 11122 11211  7780 15328  1925   468  5206  8761  5804
  2283  4472 56946 56931 56945 56945 56945 56945 56945 56945 56945 56945
 56945 56945 56945 56945 56945 56945 56945 56945 56945 56945 56945 56945
 56945 56945 56945 56945 56945 56945 56945 56945 56945 56945 56945 56945
 56945 56945]
27 [12543  6205 56932  6470 56946 56932 13386 14576 11120   681  4472  4151
  8373  5839  2185  4472  8200 12297  6197 11211  5224  9102   582  5231
  1925  5806 10621  9901  1925   468  5206 12297  8159 11211  5224  3612
  4794 13261 13980  4472 11400  9379  8373  3204 56931 56945 56945 56945
 56945 56945]
