4 [13396   428  1240 11117 11204  5217  2551  8493 11851  9500 11211 12764
 10405  6151 10700 12821  8871 18808  5226  5224 14408 15164 56932 13396
   428  1240 11117  4275 11211 14931  5115  1231  9168  4472  7581 25662
 10621 26646 56946 11120  1903  6151  1231 12867 56946 56931 56945 56945
 56945 56945]
19 [ 5534 12015 56946  1925  8598  9283 56942 56932  3650 11211 11122  4585
 56946  6151  6221 25012 10621 11211  1240  9952  5224 14578 56931 56945
 56945 56945 56945 56945 56945 56945 56945 56945 56945 56945 56945 56945
 56945 56945 56945 56945 56945 56945 56945 56945 56945 56945 56945 56945
 56945 56945]
30 [ 1793 56932  4151  3336  5708 56932   865  2258 10067  1403 10291 56946
 56942 11804  4472  5895  5226  5804  4185  3740  9939 56932  4890   273
 20445 56946  4151  5712 11458 10621  9812 11120 24490 56931 56945 56945
 56945 56945 56945 56945 56945 56945 56945 56945 56945 56945 56945 56945
 56945 56945]
12 [56946  1040 11211   217 56940  4365  3025 11211 12764  1240  3645  6151
  3255  5651  4472 12691 11519 56940 56931 56945 56945 56945 56945 56945
 56945 56945 56945 56945 56945 56945 56945 56945 56945 56945 56945 56945
 56945 56945 56945 56945 56945 56945 56945 56945 56945 56945 56945 56945
 56945 56945]
15 [ 5224  9230  4472 13893 56932  3667  4233 22418 56932  7780  3805 11211
 12764  1240  7709 14184 11813  7932  4472 11211  5224 14358   418 32684
 11120 14028  2106 10621  7780  7699 56932 19204  6151  8502 11136 56932
  6151  9537 11211 56940  6846  4864 11426 14931 11211  2745 11289  1920
  3432 56940]
12 [ 7393  6151 56946  1925  3070 56932 11122 11100  5240 12764  6708 11211
 56946 13822 31455 56932 56946  5226 11904 56931 56945 56945 56945 56945
 56945 56945 56945 56945 56945 56945 56945 56945 56945 56945 56945 56945
 56945 56945 56945 56945 56945 56945 56945 56945 56945 56945 56945 56945
 56945 56945]
19 [ 5226  8857 12687 56932  5224  3835  8320 23718 56932  3245  6151  6662
  4472 13811 56932 11211 12764  1240  4563 13837  4004 56946   848 14931
  6849 10067  8086  5226  5224 10119  1107  8984 56932  3874  5666  7909
 13396 11120  3077 56931 56945 56945 56945 56945 56945 56945 56945 56945
 56945 56945]
1 [15023  6249  5224  5031 56932  5224 56946    85 26419  5226  9755  6151
 10025  3421  1312  6151 11122  2041  4472 11120  1296  4472 12948 10621
 56946 13822 13364 56931 56945 56945 56945 56945 56945 56945 56945 56945
 56945 56945 56945 56945 56945 56945 56945 56945 56945 56945 56945 56945
 56945 56945]
18 [ 5226  6928 15657  1240 15394 56946  5224  6992 10621 56932  5226 10722
  4649 56932  1240  7780 15328  6151 20982  1231  3242  5226  4123 56931
 56945 56945 56945 56945 56945 56945 56945 56945 56945 56945 56945 56945
 56945 56945 56945 56945 56945 56945 56945 56945 56945 56945 56945 56945
 56945 56945]
8 [ 5224  9387   311 12948 11211  1240  9840    52 33575  5224  1130  4472
 56946  4562  2890  7057  6165  5226  1723 56931 56945 56945 56945 56945
 56945 56945 56945 56945 56945 56945 56945 56945 56945 56945 56945 56945
 56945 56945 56945 56945 56945 56945 56945 56945 56945 56945 56945 56945
 56945 56945]
4 [11514  2890 13723 11211 56946   683 13014 13763  4472  8493  8368  5226
  4534  4472  4163 56932  7450 56940 14573 56940 13396  7898 12495 11211
  5207 18988  8993  7012  5226  5804 13349  4472 12687  6165  6151 11120
 13269  4472  4151   420 14821  4494 56931 56945 56945 56945 56945 56945
 56945 56945]
43 [ 1925    20 11211  5226  5804  9140 56932  5226   425 13450 56932 11120
  7038 56934  6151 56935 18012 13371 14022  4472  4151 22731 56946 56932
 11122 11211 15604  3245  5224 12284 56932  4693 16141 10291  5224 12562
 56946 56932  4472  8716  4472 56942  1925 17691 11120 14119 10621 56932
  4562  8596]
