30 [ 9000  5226 11120 14693 16605  5217 13280 11554 13396  5224   653 10621
 11120  8755  1912  1633  5224  1958 10988  4472 11120  4687 56932 56946
  9127   217 11211 56940 12764  7703 13018  5224  9338  1925  5045 13396
  5045 56940 56931 56945 56945 56945 56945 56945 56945 56945 56945 56945
 56945 56945]
3 [ 2480 10621  4984 56946   217  1231  5139  6151 11120  3737 10621 12166
  5224  3299   826  4472  5804   352  7956  7430  8509  5804 56942   949
 39015 10067 11100  4472  4709 56931 56945 56945 56945 56945 56945 56945
 56945 56945 56945 56945 56945 56945 56945 56945 56945 56945 56945 56945
 56945 56945]
41 [ 2112 12650  2529  5224 15175  4472 15461  4472  5804 11360 10621 13554
  5224 27811 13371  5224 10792 56946   746  9591 56946 13822 15821 13396
  4151 56946  6157  3828  8150 13371 12140 15537   848  9521 46354 56932
  8263  5402  4472 14848 56932  8619 13822 56946  6151  5804  6580  4472
 13822 10876]
12 [11120  5887 10067 12956  4472  4428  4472  1324 56932 14946 56946 56932
  5165   217  2890 56946 10300  6151  8493 14564  2749  4472 14678   635
  2370 11120  8094  5234  3608 10067 56940 10255 13579 56940  4472  3572
  5733 10867 14781 56932 56940  7468 56940 56931 56945 56945 56945 56945
 56945 56945]
3 [ 5224  5683 13579 11595 12948  6151  2890  5551 11120 15677  4472  2627
  4472  7261  4472 11120 10597  4562  5224 10175 12529  8552  6151  2890
  1688  5551 56934 56946 56935 56932 11211 11117  4105 10378  5224 14622
 56932 11211  1240    28  5224 13348  5226  8544  5043 56931 56945 56945
 56945 56945]
29 [ 1793 56932  5224 56946  9230  9201 11120  2580 56946  4472  4151  6159
  6151  5804 14821  3846 56946 56932  3050 15447  5226  3032 14475  6151
 11120 11211  5224   653 52688 56946 17358 13396 56942 11804  4472 15457
 56934 56942 11804  4472  5895 56935 56931 56945 56945 56945 56945 56945
 56945 56945]
7 [ 4392 56932 11120  8831 10805  2528 11117 15415  5224  5798 56946 11211
  5207 24223 56931 56945 56945 56945 56945 56945 56945 56945 56945 56945
 56945 56945 56945 56945 56945 56945 56945 56945 56945 56945 56945 56945
 56945 56945 56945 56945 56945 56945 56945 56945 56945 56945 56945 56945
 56945 56945]
42 [13685 14504  5226  1231 10043 11211 56940  3572 14968 11120  6946  2370
  5224 14358 32747  6151  2890 13937  4472 18011 56940 56932 56940  1709
 14102 11120  3252  7945  6151  2890  1437  8033  4562 10442  7956 14299
 56946 56940 10621 56940  4151 14729 56946 11120 13269  6151  6686  6151
  7198  4472]
2 [ 7595  7053 56946   153  6151 30872  2861 56940  9237  5224 13676 15168
  5226  4151  8136  4472   406 13396  1231 13205 10291 11620  2890 14687
 19828 13371  4151 11399  4472 14746 56932 11211  6197  8796  6151 56942
  3947 56940 56931 56945 56945 56945 56945 56945 56945 56945 56945 56945
 56945 56945]
36 [ 6151 15099 10067  6260 14724 56932 11120  8108 56946 56932 11211  5226
  1884  7494  3073 11350 56932  8882  6151 14777  8589 47273  8493 11518
  4472   683 56942 11804  4472  5699 13396 11120 12673 14251  2861  4563
  3301  5224 11955  1925 16688  4472  4151 11388 56931 56945 56945 56945
 56945 56945]
3 [ 5226  8406 56932 56946  2890 15770 13843  6151 11120   712  4472  5804
  3692 10067 11183 56932  5804 16680  4472 13732 56932 11211 12993  5226
   425  5346 11169 12135 10067  6710  6151 11211 15394  2879  5224 19576
 56932 10621  5226 56946  5224 11183 10097  5224  1673  4472  3400 18228
 10067 15837]
42 [ 5226  8406 56932 56946  2890 15770 13843  6151 11120   712  4472  5804
  3692 10067 11183 56932  5804 16680  4472 13732 56932 11211 12993  5226
   425  5346 11169 12135 10067  6710  6151 11211 15394  2879  5224 19576
 56932 10621  5226 56946  5224 11183 10097  5224  1673  4472  3400 18228
 10067 15837]
30 [ 1793 56932 11117  2940  6151 56946 13396  1602  6151   424 11925 56932
  5226  2890 14568  5715  4472  8834  3861 56932  1231  4339  6151 17555
  1231  9453 56932 10621 11117  7780  1079  8493 11518 56946  4472 56942
  5699 56932  4562  2890  5715  4472  8373 11804  4472  5699 56932 13396
 10267 11950]
6 [13396  1231 12135  5224 14358 56932  3623  1231  4073  6151  2863  6151
 15276  4472   425 11334  4472  3077 56932 13396  6495 11211 56940  1469
 14261  4472  8493  9798 56940 56932  3828  4151  4240 56940  6728 13371
 11120  2556 56940 56931 56945 56945 56945 56945 56945 56945 56945 56945
 56945 56945]
4 [13396  6226   428 11117 15515  5224  5798  9599  4472  4487  4472 11120
  9584  4472 56942  2861 14260   915  2529  8493 13480 56932 12889  3260
  5226  1231  4584  1240 11122 15301 56931 56945 56945 56945 56945 56945
 56945 56945 56945 56945 56945 56945 56945 56945 56945 56945 56945 56945
 56945 56945]
