21 [56946  5804 56942 11026  4585  4700  6151 54314 10291 20439 10333  5226
 11120 13870 56932  5231 22662 56932  2762 10621 11263 14210  4562 14304
 10414 56931 56945 56945 56945 56945 56945 56945 56945 56945 56945 56945
 56945 56945 56945 56945 56945 56945 56945 56945 56945 56945 56945 56945
 56945 56945]
26 [ 5226 11120  5411 56932  1793  4472 11673  4451 56932  5815  3245 10291
  9428  4151 12336  4472 11120  3737  4562 10700 11211  8396  6416  8493
 15583  4472 12283  4562 11120 10714 14931 11250  6151  8493  9927 56931
 56945 56945 56945 56945 56945 56945 56945 56945 56945 56945 56945 56945
 56945 56945]
4 [ 5804  1046 56946 11120 12895  4562 17632  1925  4323 56931 56945 56945
 56945 56945 56945 56945 56945 56945 56945 56945 56945 56945 56945 56945
 56945 56945 56945 56945 56945 56945 56945 56945 56945 56945 56945 56945
 56945 56945 56945 56945 56945 56945 56945 56945 56945 56945 56945 56945
 56945 56945]
40 [ 7397 56932  5226  5224  7900  4472 12877 10067  7966 56932  8361  7412
  2118 13371  5804  9532  4472  5804 14378  3204 11211  2834 11120 16431
 45319  5226 11963 11211   425 15145 11120  7253  5918  4472 11120  1723
 19588 11211 12764  7494   724 12434  4562 13579 56932 10621 11211  6631
 15145 11120]
4 [15083 56932  6870  2890 12687  4562 11120 13524  3046 15227  4472 11120
 11556  4472   713 10621  3491 10067 56946  3934 56934 56946 56935 56932
  4884  1971 12905 16394 11117  5165 11211 13143  1925   653  1231 22306
  4472  8493  1126  4472  4151  4803 56932 56940 13371  5609 10291  2188
  8493  4188]
30 [56940 13478  5804  5286  5207   746  6398 56932  9000  9373 12555  4372
 14260 11120 10767 10067  3612  7780  8192 12407 11169 56940 56932 15201
 11940 56932 13386 12764  3270 11120  6098  4562 10800  9502  7956 11211
 11120  5243  4472 12146 15362  3510  5226 11120 12090 10067  9541 56931
 56945 56945]
