26 [   19  6098 17873  5240 11120 10067 13488 10067  8967  4472  8483 10291
  5224 11627  5432 56932 21400 38486 56932 13386 56946 12948  5226  3868
 11211  1352  9840   494  8244  5226  5157 10067 15505 56931 56945 56945
 56945 56945 56945 56945 56945 56945 56945 56945 56945 56945 56945 56945
 56945 56945]
9 [ 5224 14124   981  4472 16212 11211  5224  5328  8993  7780 22658 10621
 56946  1231  5229  7956  8373 15099 16209  2861 56940  5224 10647  6151
 11120  7626 10621  6151  5804 13272   881 56932 10621  5224 10647  6151
 11120  3832  4472 11120  3174  5685 56940 56932 11122  7082 56932  1694
 56932 56940]
5 [ 9000  4151  8849 56946 12764  6283  9543 56932  5226  5804 56942 56932
 11120 16458 13396 12135  4472  5804 10606 29863 56931 56945 56945 56945
 56945 56945 56945 56945 56945 56945 56945 56945 56945 56945 56945 56945
 56945 56945 56945 56945 56945 56945 56945 56945 56945 56945 56945 56945
 56945 56945]
3 [56936 56940 13933  2495  2135 10636  2862 10621 10636  7508  5226 14915
  9198 11554 56937 56940 56932  1240 40685 56946 56946 56932 56942  5137
 10621  6234  5956 14100 56931 56945 56945 56945 56945 56945 56945 56945
 56945 56945 56945 56945 56945 56945 56945 56945 56945 56945 56945 56945
 56945 56945]
2 [56936  1240  7709 12002 11149 17375 56937 56931 56945 56945 56945 56945
 56945 56945 56945 56945 56945 56945 56945 56945 56945 56945 56945 56945
 56945 56945 56945 56945 56945 56945 56945 56945 56945 56945 56945 56945
 56945 56945 56945 56945 56945 56945 56945 56945 56945 56945 56945 56945
 56945 56945]
19 [  730 11211 13290 11211 11117 28124  7709 15223 11211  6984 12672 11211
  1000  4562  8593 10621 11211 13290  1240 10261  7467  6151 56946 11211
  5224  9541  5191 14040  4004 21482  5226 23950   848  5226  9694 56931
 56945 56945 56945 56945 56945 56945 56945 56945 56945 56945 56945 56945
 56945 56945]
26 [  730 11211 13290 11211 11117 28124  7709 15223 11211  6984 12672 11211
  1000  4562  8593 10621 11211 13290  1240 10261  7467  6151 56946 11211
  5224  9541  5191 14040  4004 21482  5226 23950   848  5226  9694 56931
 56945 56945 56945 56945 56945 56945 56945 56945 56945 56945 56945 56945
 56945 56945]
6 [ 6151 12342 10621  6151 21295 15394  7782  8823 13083  2814  5217 13487
 56931 56945 56945 56945 56945 56945 56945 56945 56945 56945 56945 56945
 56945 56945 56945 56945 56945 56945 56945 56945 56945 56945 56945 56945
 56945 56945 56945 56945 56945 56945 56945 56945 56945 56945 56945 56945
 56945 56945]
1 [56936 11562 15409  5224 11955  4472  2529 14915  5901 56937 12297 12297
 56931 56945 56945 56945 56945 56945 56945 56945 56945 56945 56945 56945
 56945 56945 56945 56945 56945 56945 56945 56945 56945 56945 56945 56945
 56945 56945 56945 56945 56945 56945 56945 56945 56945 56945 56945 56945
 56945 56945]
24 [ 2240 56932 12015  7780  4643  4472  8493  3196 22502 11211  5224  7238
 11211 14817  5224 28302 18217  4472 56940 26071 11120  3363 56940 56932
 15145 11906  5226  8445 14915 35698 19714 10291 11120 17292 10621 11120
  3363 56931 56945 56945 56945 56945 56945 56945 56945 56945 56945 56945
 56945 56945]
5 [ 5224 56946 56932   126 56932  9490  6539  4392  6151 56942  4472  5804
  2140 56931 56945 56945 56945 56945 56945 56945 56945 56945 56945 56945
 56945 56945 56945 56945 56945 56945 56945 56945 56945 56945 56945 56945
 56945 56945 56945 56945 56945 56945 56945 56945 56945 56945 56945 56945
 56945 56945]
6 [56940 56946  6151 35152  1233 12764  9490 56946  4151 11656  4472 13030
 11211 56946 11120  3277 56932  5224  3597 11349 12567 11211  4125 14347
  4472 12764 56946   497 56940 56932  9445  5224 12133 15275 56931 56945
 56945 56945 56945 56945 56945 56945 56945 56945 56945 56945 56945 56945
 56945 56945]
26 [56940 56946  6151 35152  1233 12764  9490 56946  4151 11656  4472 13030
 11211 56946 11120  3277 56932  5224  3597 11349 12567 11211  4125 14347
  4472 12764 56946   497 56940 56932  9445  5224 12133 15275 56931 56945
 56945 56945 56945 56945 56945 56945 56945 56945 56945 56945 56945 56945
 56945 56945]
19 [11713 12407  2199  4472 11325  6261 10621 56932  5226  5224 16271  4472
 11120 15720  5226 11120 11211 13893 56932  7782  1462  4151  8851 10067
 12361  7513 56931 56945 56945 56945 56945 56945 56945 56945 56945 56945
 56945 56945 56945 56945 56945 56945 56945 56945 56945 56945 56945 56945
 56945 56945]
16 [14184  6683  5226  5224 13893  5240 56946  6079  2861  4938  5207 56946
  6151  9379 56946 12764  4299  9761 14931 10703 56931 56945 56945 56945
 56945 56945 56945 56945 56945 56945 56945 56945 56945 56945 56945 56945
 56945 56945 56945 56945 56945 56945 56945 56945 56945 56945 56945 56945
 56945 56945]
20 [ 2530 13396 11120  6675  4472  4151  2131   741  4472  8945 10621  9092
  1633  5224 10437  4472 11120  8467  1152 56932  9490  3609 11932  1231
  6879  5987 10621   354 56932  5226  5879 10621  9928 56932  1925  9003
  4472  5487 56931 56945 56945 56945 56945 56945 56945 56945 56945 56945
 56945 56945]
21 [ 2530 13396 11120  6675  4472  4151  2131   741  4472  8945 10621  9092
  1633  5224 10437  4472 11120  8467  1152 56932  9490  3609 11932  1231
  6879  5987 10621   354 56932  5226  5879 10621  9928 56932  1925  9003
  4472  5487 56931 56945 56945 56945 56945 56945 56945 56945 56945 56945
 56945 56945]
4 [ 1793 11120  7132 12764  7709  8606  1379  5226  1156  1925 13730 56932
 11664  7494 11211  5527  5224 13314  4472 11122  9329 10291  4425  6272
  8874 56931 56945 56945 56945 56945 56945 56945 56945 56945 56945 56945
 56945 56945 56945 56945 56945 56945 56945 56945 56945 56945 56945 56945
 56945 56945]
6 [ 1925  3976  4472  5804 15721  1240  9490 13381  2890  5935 10611  8373
 12690 56932  4472  5804 11211  4852 14137 24766  5804 21655  6862   494
 11120  8150  4561  2861  5224  4472 11120 12088 10621  5224 10067  7049
 56933  5668 13676   229 56932 10291 56946 56932  5224  4472 11120  6471
 11211  1240]
37 [ 5226  6226 13440 56932  1240  1630   264 15526 11211 56932  7878 45451
  4472  3572 11120  8048 56932 11120 12596  2273  5226 13910  4472 56061
 13822  3136  2861 12297 11372  5207 13116 11372 12473  1031  4472 11211
  3572   418 12355 18848  2890  2776  4472 22167 13371  5804 56946  5226
  1787 10067]
38 [ 5226  6226 13440 56932  1240  1630   264 15526 11211 56932  7878 45451
  4472  3572 11120  8048 56932 11120 12596  2273  5226 13910  4472 56061
 13822  3136  2861 12297 11372  5207 13116 11372 12473  1031  4472 11211
  3572   418 12355 18848  2890  2776  4472 22167 13371  5804 56946  5226
  1787 10067]
15 [12297 12297  6942 12297 12297 56946 10621  1240 29247  6151 21381  8828
 56932 13371  1233 10261 15416  4472  5000  5487  3521  5226  8493  5918
 28890 56931 56945 56945 56945 56945 56945 56945 56945 56945 56945 56945
 56945 56945 56945 56945 56945 56945 56945 56945 56945 56945 56945 56945
 56945 56945]
4 [ 6151  2814 56932  5534  9490  1855 56932  1522  1240 56946  1925 13259
 10291  1000  4472 11149 13395  8946  5224  3983  4472 11120  7220 56931
 56945 56945 56945 56945 56945 56945 56945 56945 56945 56945 56945 56945
 56945 56945 56945 56945 56945 56945 56945 56945 56945 56945 56945 56945
 56945 56945]
