10 [11120 11464  6695  4472  2119  4472  4957 12297 12297  4562 14759  6151
 11120  6543 56946 10621  4559  2890 56946 12297 12297 10621  5224  6952
  4472 11120 10366 10067  5053 56946 56946 12297 12297 56946  4472 11120
  4351 10621 10674 56946 56946 12297 12297 56946  2890  6412  3047 12672
  5538 13396]
27 [ 5804 14048 56932  8271  4562  8493 13133  4562  5224  2519 10067  5982
  2944 56932  1240   107   217 56932  6151  4151 14560  4472 11120 14675
 56932  5226  2890 10803  1925 14854 13373  5226  5224  4252  4472 11120
  5978  4472 13732 56931 56945 56945 56945 56945 56945 56945 56945 56945
 56945 56945]
6 [ 5263 15083 56932  1240  1441 11120 14402  1925  4667  5226  5793 13396
 11122 11211  7630 11211  8946  2890 56940  1533 56940 10067  9541 56931
 56945 56945 56945 56945 56945 56945 56945 56945 56945 56945 56945 56945
 56945 56945 56945 56945 56945 56945 56945 56945 56945 56945 56945 56945
 56945 56945]
36 [  217  5226 11950 56932 12764   753  5995 20197  4472 14914  4136 11211
 12764  2050  9394  7969  4472  5916 11690  3828  5224 13256 11122  6722
  6226 14931 11211 17490 19370  5856 11554  6151 56946  4562  8493 37077
  8786  6151  5804 14543 56931 56945 56945 56945 56945 56945 56945 56945
 56945 56945]
49 [40658 56946 56932  8262 10621  8771  4472 12424 15780  5708 56932 15201
  6151 14196 11211 56940  5224 56946  7780 12355  1920 56932 10291  5804
 43127  8871 36538 56932  8493  7626  7811 12297 12213 10471 10067  9541
 12297 10621   217 14694 13171  4007  4562 15426 56932 14746  1606 56932
 10621 14578]
28 [ 5804  4826 12013 11211  4161 13011 10067  7977  4472  8289 12764 15590
  6151 27842  2890 12232 56946 10621 11211  5224 56946  8533 14963  3119
  9840  2529 11120  7811 10643  6151  3142 11669  2729 11211 14098  7785
 56946 56931 56945 56945 56945 56945 56945 56945 56945 56945 56945 56945
 56945 56945]
9 [ 5224 14357  4472  3293 11979 11122  9021  4562  4151  2762  1925 20233
  5226 10644  6319  4472 56940  2890  9591 45038 10291  5224 10042  4472
  1723 10621 56932  7956  6226 56932 10067   653  5769 56940 56931 56945
 56945 56945 56945 56945 56945 56945 56945 56945 56945 56945 56945 56945
 56945 56945]
6 [ 5804  1046 56946 11120 12895  4562 17632  1925  4323 56931 56945 56945
 56945 56945 56945 56945 56945 56945 56945 56945 56945 56945 56945 56945
 56945 56945 56945 56945 56945 56945 56945 56945 56945 56945 56945 56945
 56945 56945 56945 56945 56945 56945 56945 56945 56945 56945 56945 56945
 56945 56945]
27 [ 5543  9445 56932 15058  6151 23309 56932 11211 11122 11211  4026 11211
  8606  6905  7396  5240  5487 56940 15647 56940 10621  1603 11211 12342
 12171 17182 56940 56946  1925  7238 56940 56931 56945 56945 56945 56945
 56945 56945 56945 56945 56945 56945 56945 56945 56945 56945 56945 56945
 56945 56945]
16 [15232  5760 12424 11691  4472 56946  6151  8225 10291  2545  5226  4151
 12196  4472  6952 10621  8134  6151  5804  9424  4472 12865 11211  7187
  4151 48257   818 20946  5226   995 56931 56945 56945 56945 56945 56945
 56945 56945 56945 56945 56945 56945 56945 56945 56945 56945 56945 56945
 56945 56945]
12 [ 4151 14862  3878  4472 11120 11602  8363 12948 13396 11120  8818  5224
 12189  6151 11120 15012 11973  4472 56946 56932  5226 17541 56932 10621
  9706   938 29788 10621 56946  6151  5804 56942  1312 10621  5804   420
 29131 11211 12543 26067 39703  5226  5224 12074 56931 56945 56945 56945
 56945 56945]
14 [ 7868  5804 10810 56932  5224  9675    85  5224 13115  5179 11120  9748
 13396 11120  7384  6151  4151 12336 11211  5648  4562  1231  7132 56931
 56945 56945 56945 56945 56945 56945 56945 56945 56945 56945 56945 56945
 56945 56945 56945 56945 56945 56945 56945 56945 56945 56945 56945 56945
 56945 56945]
