36 [ 5224  9591  4472 11211 13822  8373  4711 56946  5226  6036  4472 11120
  3475  3268 11122  3717  6205 11120  5655  2861 56940 12015 13126  5224
 14807  4472  3475 56932 13371 56946 10621 13724 56932  9000 12764 10291
  5487 56946  5226 12342  6221 11120  7626 56940 56931 56945 56945 56945
 56945 56945]
21 [ 3245  8821 56932   425  1004  5226  6046 56932 11120  1005 12297 12297
  5226 56946 56946 12297 12297  7498 25501 56932 13386 10823 34955  6151
 13822 56946 10621 17499 56932  8373  1312 11211  1240  4810  6151 13439
 13280 56942 10621 56942  5137 56932  8170 56931 56945 56945 56945 56945
 56945 56945]
