8 [13396 11674  5224  9691 11783  1925 11211  1240 10469  1925  9599  7412
  4562 11120 11946  5974  4472  9161 10621  3245  4562  1540  4472  8854
 12764  5240 13171 11211  8493 19890 25305 56932 26170  4472  6256 56932
  6151 14849  4472 11211 12569  7394  1396  1452 56946 13371  2481  7344
 56931 56945]
16 [ 9992  1240  3623  5545  6151 11211  5226 11120  6805  4472 13272   881
  4472 11120  1391  1240 56946  6151  1490  6319 13396 11120 13450  5226
 11211  1240 12680 56932 14260 56940 11122 11211   753 11211  8606 12297
  6299 12297  5240  9678  5224 11426 10621 11120 12283 56940 56931 56945
 56945 56945]
6 [12764  5240  1958 11211  1240  7706  7530  6205  6151  2890  3187 11211
  7780 56946 10621 18115  1452  8993 15192  1925  7238 56931 56945 56945
 56945 56945 56945 56945 56945 56945 56945 56945 56945 56945 56945 56945
 56945 56945 56945 56945 56945 56945 56945 56945 56945 56945 56945 56945
 56945 56945]
34 [ 5224  5097 56932 13396 13676 56932  1240 10823  5226  2370  4472  1836
 14162  4472 13236   848  4472  3641  2848 14931  5224  1803  4472  5804
  3434 56932 10621 11211  5534  1240  3968 12472  2632  1240 56946  6151
  5804  6134  4562  6272  2965 56931 56945 56945 56945 56945 56945 56945
 56945 56945]
