24 [56940  9373  6226  5224 13811 15688  5226  8493  8305 56932 11211  5240
 11122 11211  8057 12342 11169 12135  4472  1231  7626 56932 14261 10621
 56946  6151  2890  3411 27854 56932 11211  9840  2529 56946 11047  5534
  8946 14505 56940 56931 56945 56945 56945 56945 56945 56945 56945 56945
 56945 56945]
46 [ 9827  5848 12436  6205  1231 56940  3527 56940  1633 11120  6098 10468
 10621 13703 10634  1925  5085  4562  5224  1926  8759 56932  3828 13822
 13864   746 14391  8493   791  4472  9609 56932  4693  4472 11537  5418
  4004  5224 13348  6151  4294 56932 13386 11117 11875 10621  3064  1925
  4152 56931]
