8 [13280 56942  5137 56932  5534  8650 56932 12015 56946  1925 15334  4562
 11120 13916  6511  4472  4579  6151  1299  3422 56931 56945 56945 56945
 56945 56945 56945 56945 56945 56945 56945 56945 56945 56945 56945 56945
 56945 56945 56945 56945 56945 56945 56945 56945 56945 56945 56945 56945
 56945 56945]
9 [10621  5534  8294 11211 12764  1659  5226  6086 12015 56946 12407   762
  1925 10067 16950 56932 14260  1240  9840   799  5226    13  6086 11211
 12764   375 56946 56932  9591  6151 10767 10621  3564 10067  7238 56931
 56945 56945 56945 56945 56945 56945 56945 56945 56945 56945 56945 56945
 56945 56945]
