44 [11120 11088  6870 11211  5224   275  1240  3315 56932 15017 56932  5226
 13822 13043  7392  4472 11463  4472  6226  5224  6319 10621 56932 13371
 11575  4472  4151  3455 13906 56932  1240 10424 11211  5224  8614 56940
  1240 12680 10899 18884 10621  3237 56940 10291 13460  5226  5224  3172
 10471 56931]
1 [ 2188 44074  5226 11120 11436 10067    13 12015  4473 11120  7069  4472
 11211 12015 13280 13171 15340 56932   848 13171  6073 10067 15168 56931
 56945 56945 56945 56945 56945 56945 56945 56945 56945 56945 56945 56945
 56945 56945 56945 56945 56945 56945 56945 56945 56945 56945 56945 56945
 56945 56945]
