33 [14931 11744 56932 23247  8159 11211 56940  5804   453 16747  4472  3432
 56932  8216 13371  5224 56946 56932  4151  3713 21267   848  4151  3713
 21426  5989 56946  5226  5224  1702 12482  5224 10107  3432  4472 11120
  6670 56932   907  6151 11211  1240 12015  2488 11211  5240  8493 24058
 56940 56931]
11 [13396    13  5689 56932 12049  3618  1240 56946  6151 11120  8001 10794
  5226 15232  4472  9394 22495 11211  1240  4563  8524  4562  5224  2792
 10067   653  4758 13529  9222  4562  7678  4472 11120  4916  5226 11120
 13476  4472 11120  5818 11064 56931 56945 56945 56945 56945 56945 56945
 56945 56945]
