3 [ 4151  2131 19721   290  5224 56940  2641  5226  6226  5224 11078 56940
 11211  5224  6516 10067  7581  4188  2610 56932  9823  4472  1651  8953
 36299 56932  8902  6151  2135  6151 15099  4472 14724 56931 56945 56945
 56945 56945 56945 56945 56945 56945 56945 56945 56945 56945 56945 56945
 56945 56945]
20 [ 5224  4569 10067 12328 24312 56932    55 13707 56932 14231 11211  5224
 14555  7901 16175  5179 13439  2861 56940 12764  4146  5224 13296 12407
  3269  4472 12328 56940 56931 56945 56945 56945 56945 56945 56945 56945
 56945 56945 56945 56945 56945 56945 56945 56945 56945 56945 56945 56945
 56945 56945]
2 [ 5224  8614 15591  8493   989  4562  9810  7418 14790 56932  4890 13676
  7379 56932 10621  6086 10561  5226 11120 15489 56932  4146 13822  2285
  4562  7678  4472 11120  6855  4472  3667 14114  8568  6151 15232 56932
 10621  5224 12687 10067  6581  4562  3433   671 56931 56945 56945 56945
 56945 56945]
