35 [10111  6151 11174 11120   358  5226 11120  9745  8509   683  9794  5137
   848 56932  5226 10025 15657 56932  6151  1353  5224  3299 13396  8223
 56932  9000  5226 11813 13440  7494  5224 12691  4472  8493  9556 17480
  4472  2890  2445  4472  2677 11211 56946  4151 11211  5226  1231 11950
  7709  6330]
43 [11120  6462  4472  2139 56932 13386  2645  8493   657  2180  4472   406
  5226 13822  4111  8373 14117  9939  5226  5224  5003 56932  8627  1231
  4339  4562 11120 10151  3682 10067  6319 56932  8630 11211 11120  7384
   411  6151  2139 13396 13822   959  5722 56946  4472 56946 56931 56945
 56945 56945]
7 [ 5224 10351  3466 11748  6197   373 10899  4147  4472 11120 39293 11211
 11117  5099 14254  5226  5224 13662  5977 56932  5226 13554 11211  5224
 14299 53871 11127  5226 10778 56946  5224   972 10291  5224  9541  1633
  5224 10792  5226  5224 42372  4472  1447 11075 56931 56945 56945 56945
 56945 56945]
25 [ 5804  7025  4472 11120  8163 56946  1925  7581  5224 11255  2689  2890
  3804  4472 56942  6937  4472  5699 56932 11211  8493  1004 56946  5804
  8732   194  4472 11120  6569 11207  5226 56942  6937 56932  5224  3421
 13396 14108  8871 11211   424  2689 56931 56945 56945 56945 56945 56945
 56945 56945]
49 [11211 11120 12925  9038  4472  4487  7494 13822  5052  5226  5804  3365
 10067  7423 11100 10067   653  5769 10621  5234 10242  9823 10067 14358
 56932  5224  8174  3908 56946 56932  4716 56946  6997  8509  5224  1950
  4472 11120 14877 56932  5224 14555  9541 14843 13396  7982 10621 13822
 10053  3622]
27 [ 5224 13676 56946  4472 11120  7198 56932 20084  4472  2591 56932  7780
 15823 11211 56932 12889 11120  7198  4472 30506 12764  1132  6151 27136
 56932  7780  7581 39883  4472  2260  7275 56931 56945 56945 56945 56945
 56945 56945 56945 56945 56945 56945 56945 56945 56945 56945 56945 56945
 56945 56945]
22 [ 5224  2792  8016 56932 15291 11437 56932  7951  1925  6319   217 56932
  8788 56932  2890  2445  4472 10732 10291  7721  5224  9874 11403 10067
  2824   653 56931 56945 56945 56945 56945 56945 56945 56945 56945 56945
 56945 56945 56945 56945 56945 56945 56945 56945 56945 56945 56945 56945
 56945 56945]
