15 [ 9000  5217 11211  1240  3159 11211  1231 10773  3474  7494  3753 13010
  4472    52  1100 56946  5226  5224   887 56932  5804 13171 56946  1340
 11120  7811  2612 10291  4201 11211 13290  5240  4472 10409 56932 11372
  5226  5224  1702  4752 11372  4550 56931 56945 56945 56945 56945 56945
 56945 56945]
13 [10621  6108 13371 12024 15225   746  8192  4731  4472 11022 56932  8630
 11211 16972 12015  1677 13171 12297 12297 56931 56945 56945 56945 56945
 56945 56945 56945 56945 56945 56945 56945 56945 56945 56945 56945 56945
 56945 56945 56945 56945 56945 56945 56945 56945 56945 56945 56945 56945
 56945 56945]
6 [ 5858 56946 56932   848  4518 13396 56946   848 14260 11968  4472  3765
  2941 56931 56945 56945 56945 56945 56945 56945 56945 56945 56945 56945
 56945 56945 56945 56945 56945 56945 56945 56945 56945 56945 56945 56945
 56945 56945 56945 56945 56945 56945 56945 56945 56945 56945 56945 56945
 56945 56945]
12 [ 1925  4877   151 12672  4472 32170  4562 22061 27423  5226  4151 11211
 56946 10291  5224  2523   510 10621 16293 10291  5224  1056  6232  6151
  1601   752  4472 14184  5226  2415  6151 13822 11360 56931 56945 56945
 56945 56945 56945 56945 56945 56945 56945 56945 56945 56945 56945 56945
 56945 56945]
42 [15023  5249 11211 12764  9490  9228  6151 11981  4472  1231    27  5513
 10621  4472  1231  8069  1925  8036 56932 15201  2861 56940 12234 13055
  5240  5224  1387  6151  8798 56940 56932 12889  9445 11211  5226 12379
  5452  5224  7220  4472  4693 11211 13820 56940 12764  9142  6151 13290
 56932 11372]
27 [  217  5226 11950 56932 12764   753  5995 20197  4472 14914  4136 11211
 12764  2050  9394  7969  4472  5916 11690  3828  5224 13256 11122  6722
  6226 14931 11211 17490 19370  5856 11554  6151 56946  4562  8493 37077
  8786  6151  5804 14543 56931 56945 56945 56945 56945 56945 56945 56945
 56945 56945]
7 [ 9413 10272 11120 13450  4472  4123 10291  7509 10621  5804 10025 14378
 14302 11211  6197  1240  6355  5226 11120  1795 56932  6205 13371 10291
  4233  1845  2578 56932  1925 11211 10376  5226 13048 13396 11701 14078
 56931 56945 56945 56945 56945 56945 56945 56945 56945 56945 56945 56945
 56945 56945]
22 [ 8630  1240 55981  5224 12761  6151  5407 12734  4472  5804  5023   721
 11211 12764  9658  9997  1231  3832 56932 12764  3686    52 56946 10291
  6330  5224 12761  6151  5790  4472  4938  9658 56946  4472  5187  6750
 56931 56945 56945 56945 56945 56945 56945 56945 56945 56945 56945 56945
 56945 56945]
37 [ 2530 13396 11120  6675  4472  4151  2131   741  4472  8945 10621  9092
  1633  5224 10437  4472 11120  8467  1152 56932  9490  3609 11932  1231
  6879  5987 10621   354 56932  5226  5879 10621  9928 56932  1925  9003
  4472  5487 56931 56945 56945 56945 56945 56945 56945 56945 56945 56945
 56945 56945]
46 [56416 12758  6151 11120 13812  5226 56942 56932 10621 12752  1240  7780
  9002  1000 11211  6151 15952 11117 14939  5506  5226  5224 14555  9444
 21512 56934  3645 43966  5226 13998 56932  9000 11562 14931 11107  1379
 13171 10067 56942 56943  4472 13822 10430 56935 56932 11211 56946  1240
  3648 16443]
6 [12297 13396 11149 12764 11120  5783 56946  5226 13579 56932  3828 12764
  4125 56946 10621 11813 10341  4036 56932 10621  1168  5226 13732 56937
 56945 56945 56945 56945 56945 56945 56945 56945 56945 56945 56945 56945
 56945 56945 56945 56945 56945 56945 56945 56945 56945 56945 56945 56945
 56945 56945]
