27 [11120    19 10177 56932 13171  3682 56932  5240 11211 10267 10146 37611
  4472  2890  8436 11211 18915  4151 14162 10621 11211  2890  4816   322
  1240 56946  4472 56946 10267 12921 56931 56945 56945 56945 56945 56945
 56945 56945 56945 56945 56945 56945 56945 56945 56945 56945 56945 56945
 56945 56945]
3 [12297  3047 11122 56946 13171  8818 12297 56932  4414  2450 56946 56943
 56945 56945 56945 56945 56945 56945 56945 56945 56945 56945 56945 56945
 56945 56945 56945 56945 56945 56945 56945 56945 56945 56945 56945 56945
 56945 56945 56945 56945 56945 56945 56945 56945 56945 56945 56945 56945
 56945 56945]
