48 [ 5224 10242  4472  7581 56946 11211 11120  1274  5226 11120  2894  4472
  9394 10700 10067   424  6913 10291  1723  8493 10177 56940  7253 56940
  4472 10147 56940  4173 56940 56932 15083  4472 11211 13396 56940 14324
  7606  5226  5224  6260 10621  8165  5226  5137  4979 56940 56932   418
  7581 56940]
6 [11120  7253  5226 11120 11093 12135 10454 26292  4472  2890  3928 15175
  4472 56946 56932 11211 30477 56946 56946 10621 16659  5224 11629   375
 56934 56946 56935 56931 56945 56945 56945 56945 56945 56945 56945 56945
 56945 56945 56945 56945 56945 56945 56945 56945 56945 56945 56945 56945
 56945 56945]
49 [12476 56946 56932 13488  9823  4472 11120 11840 56932 15604 11211  9140
 10621   194 56940  5240  8493 16244  9745  3492  4549 11211  5226  5804
  4393  5137  7780  4380  2861 13290  4472 11120 14623  1801  5226  5804
 13098 15370 56932  7780  1679  6361  3922 10291  5224  3104  4472 13870
 10621   373]
