46 [ 2200 43862 11120 23351  4472 11120  4687 56932 11211  5582  2890  2445
  4472 14030  4472 56942 11804  4472  5699 56932 10621 15201 11211  5224
 56940 56946 56940  4562  5224 11211  1240  7780   254 26156  6151 15223
  5226 56940 11211  6115 12764 15145 14915 11169 11120  4194 13371  8396
  8606  1000]
15 [ 2034  8902 12543 13171  3073  6151  3667 12333 56932  6151 13386  4075
  7423 11100 56932  1793  4472  3676 56931 56945 56945 56945 56945 56945
 56945 56945 56945 56945 56945 56945 56945 56945 56945 56945 56945 56945
 56945 56945 56945 56945 56945 56945 56945 56945 56945 56945 56945 56945
 56945 56945]
16 [ 2034  8902 12543 13171  3073  6151  3667 12333 56932  6151 13386  4075
  7423 11100 56932  1793  4472  3676 56931 56945 56945 56945 56945 56945
 56945 56945 56945 56945 56945 56945 56945 56945 56945 56945 56945 56945
 56945 56945 56945 56945 56945 56945 56945 56945 56945 56945 56945 56945
 56945 56945]
9 [ 5224 13057  2769 10621  5224  1827 23975  1340 14868 13371 14022 10067
  9541 10067  3786  5226  1397 56931 56945 56945 56945 56945 56945 56945
 56945 56945 56945 56945 56945 56945 56945 56945 56945 56945 56945 56945
 56945 56945 56945 56945 56945 56945 56945 56945 56945 56945 56945 56945
 56945 56945]
39 [14931 11744 56932 23247  8159 11211 56940  5804   453 16747  4472  3432
 56932  8216 13371  5224 56946 56932  4151  3713 21267   848  4151  3713
 21426  5989 56946  5226  5224  1702 12482  5224 10107  3432  4472 11120
  6670 56932   907  6151 11211  1240 12015  2488 11211  5240  8493 24058
 56940 56931]
17 [ 1352  1925  6495 12764  6667  9105 10291  9495  5224 14399  4472 11016
  4472  9835  4472   424  2689  6418  6151 11211 11120 10366 12764  1240
  9054 14915 11169 13371 11120  2824 10621  6151 11211  4151  2789 16061
  6151 11148 15350  4472  5474 56931 56945 56945 56945 56945 56945 56945
 56945 56945]
18 [ 1352  1925  6495 12764  6667  9105 10291  9495  5224 14399  4472 11016
  4472  9835  4472   424  2689  6418  6151 11211 11120 10366 12764  1240
  9054 14915 11169 13371 11120  2824 10621  6151 11211  4151  2789 16061
  6151 11148 15350  4472  5474 56931 56945 56945 56945 56945 56945 56945
 56945 56945]
31 [ 1352  1925  6495 12764  6667  9105 10291  9495  5224 14399  4472 11016
  4472  9835  4472   424  2689  6418  6151 11211 11120 10366 12764  1240
  9054 14915 11169 13371 11120  2824 10621  6151 11211  4151  2789 16061
  6151 11148 15350  4472  5474 56931 56945 56945 56945 56945 56945 56945
 56945 56945]
0 [ 7868  7780  9596  1231 15667 56932  5224 24711  4472 12576 56932  4472
 56942  5137 56932  1240   582  6151  8493 13896  2815 10621  5224  4373
  4472 13822 56946   373 38880  4562  8493  4655  3196 56931 56945 56945
 56945 56945 56945 56945 56945 56945 56945 56945 56945 56945 56945 56945
 56945 56945]
0 [ 4472 13030 11211  5217   420  1362  4693 10067  3719  9299 56932 17318
 10621  6967  4472  1335  4472  6221  1884  6105 56946 56932 16775 11120
  3939  4472 14694 11345  7012  5226  5804 56946  4472 11120 14774 56931
 56945 56945 56945 56945 56945 56945 56945 56945 56945 56945 56945 56945
 56945 56945]
10 [ 8493  1004  5226 11120 14792  8214 56932  4248  6151  1723  5226  1156
  9658 56932  6151 13675  4000  4472   217   848  1296 56931 56945 56945
 56945 56945 56945 56945 56945 56945 56945 56945 56945 56945 56945 56945
 56945 56945 56945 56945 56945 56945 56945 56945 56945 56945 56945 56945
 56945 56945]
11 [ 8493  1004  5226 11120 14792  8214 56932  4248  6151  1723  5226  1156
  9658 56932  6151 13675  4000  4472   217   848  1296 56931 56945 56945
 56945 56945 56945 56945 56945 56945 56945 56945 56945 56945 56945 56945
 56945 56945 56945 56945 56945 56945 56945 56945 56945 56945 56945 56945
 56945 56945]
13 [13780  9054  2890 13857  4472 11120  2749  4472 11120 11786  4472  8444
 56942  6151   661 11211  8714  5224  9283  4472 14702 13371  4482 13970
  8271  4562  1892  6151 10355 13849  4472 12596  5500 56932  3416  4151
  6118 56931 56945 56945 56945 56945 56945 56945 56945 56945 56945 56945
 56945 56945]
15 [ 5226   425  1968  1240  1831 11896  7956  5804  1163 10067 56946 56932
  3873 12494 56932  1793  4472  7096  4562 10091  4472  6226  5224  1926
 56934  8503  4472  8025  5240  4472  8689 56935 10621  5804 15099  4472
   424 14659 56931 56945 56945 56945 56945 56945 56945 56945 56945 56945
 56945 56945]
16 [ 5226   425  1968  1240  1831 11896  7956  5804  1163 10067 56946 56932
  3873 12494 56932  1793  4472  7096  4562 10091  4472  6226  5224  1926
 56934  8503  4472  8025  5240  4472  8689 56935 10621  5804 15099  4472
   424 14659 56931 56945 56945 56945 56945 56945 56945 56945 56945 56945
 56945 56945]
48 [ 5224  2880 11828  5226  8876 15168  6151  5804  4740 11211 56932  4693
  4472  9607 11120  4348 56932  4493  6151  5804   433  2831  5226 14662
 11211  8090 13371 11120 15315 56932 11120  9223 56932 11120 13491  5401
   848  7353  5647 10621  8612  1240  1784  4562 11120 10225  2246 56932
  1925    20]
49 [ 5224  2880 11828  5226  8876 15168  6151  5804  4740 11211 56932  4693
  4472  9607 11120  4348 56932  4493  6151  5804   433  2831  5226 14662
 11211  8090 13371 11120 15315 56932 11120  9223 56932 11120 13491  5401
   848  7353  5647 10621  8612  1240  1784  4562 11120 10225  2246 56932
  1925    20]
27 [ 9000 14735 56932 56946   683 13007 56942 10013  4472  5181 56932  1240
 52058  5226  2288  6151 11765 13396 11120 15615  4161 11120 14571  4472
  8689 56932   907  6151 11211 11120 13455  5530  8946  5723 56932 10621
  5224  5309  4472 12895 56932  9918 56931 56945 56945 56945 56945 56945
 56945 56945]
47 [11120  2595  4472 11120 11556  4472 15544 14431 56934 12204 56935 56932
  5602 13566 56932  3655  6151 14196 11211 56940  1178 13396 11120 13704
  4472  5804  4679  9757 11211 12676  2890  8716  4472  4900 13371    95
  5226  3627 56934 10442 56935 10621 13732 56934  1723 56935 56932 14931
 11744 56932]
0 [ 5226 13440  4472 11211   375  9369 11355  1231 14115 56932  5224 19938
   229  5224 15250 11138 56946 56931 56945 56945 56945 56945 56945 56945
 56945 56945 56945 56945 56945 56945 56945 56945 56945 56945 56945 56945
 56945 56945 56945 56945 56945 56945 56945 56945 56945 56945 56945 56945
 56945 56945]
1 [ 5226 13440  4472 11211   375  9369 11355  1231 14115 56932  5224 19938
   229  5224 15250 11138 56946 56931 56945 56945 56945 56945 56945 56945
 56945 56945 56945 56945 56945 56945 56945 56945 56945 56945 56945 56945
 56945 56945 56945 56945 56945 56945 56945 56945 56945 56945 56945 56945
 56945 56945]
2 [ 5226 13440  4472 11211   375  9369 11355  1231 14115 56932  5224 19938
   229  5224 15250 11138 56946 56931 56945 56945 56945 56945 56945 56945
 56945 56945 56945 56945 56945 56945 56945 56945 56945 56945 56945 56945
 56945 56945 56945 56945 56945 56945 56945 56945 56945 56945 56945 56945
 56945 56945]
10 [56940 11120 12283 10291 15951 10067  7770  6950   582 56946  6151  9168
  4472 11211  1231  3542 12764 31708  5226  4756 10916 56940 56932  1015
 15795 56932 12133 10067  7415  9541  3733 56931 56945 56945 56945 56945
 56945 56945 56945 56945 56945 56945 56945 56945 56945 56945 56945 56945
 56945 56945]
11 [56940 11120 12283 10291 15951 10067  7770  6950   582 56946  6151  9168
  4472 11211  1231  3542 12764 31708  5226  4756 10916 56940 56932  1015
 15795 56932 12133 10067  7415  9541  3733 56931 56945 56945 56945 56945
 56945 56945 56945 56945 56945 56945 56945 56945 56945 56945 56945 56945
 56945 56945]
12 [56940 11120 12283 10291 15951 10067  7770  6950   582 56946  6151  9168
  4472 11211  1231  3542 12764 31708  5226  4756 10916 56940 56932  1015
 15795 56932 12133 10067  7415  9541  3733 56931 56945 56945 56945 56945
 56945 56945 56945 56945 56945 56945 56945 56945 56945 56945 56945 56945
 56945 56945]
13 [11120  5844  5432 10067 15342  1225  2049  8493 56940  4415 12925 56940
 56932  7868  4146 11120  6425 10067  3104  4472 10050 56932  6151  7198
  4472 11120   657  4472  5804  4900 10067 15342  5226  5804  9315 13901
 56932 11122 11211  7780 22091  1231  5660  4472  5804 10700  9362 13171
    61 56931]
36 [ 5226  5224 10103  4966  3245  2430  3662 56932  5224  4569  4263  6151
  7423 56932 13386 56932  7868  7898 15646  4293  4461 56932  9840  5506
  5226  5224  2792  4472 11120  5956 56940  4472  9591 56940  5226 13440
  4472 11211  5224  2189 12000  5226 11120  8290  7037 56932  6418  6151
 11120 13205]
23 [11604  1009 11211 56932 13371 12013 56932  5224  3104  4472 10050  2669
  4472  4189  2890 15316  4472  3077  4472  7891 10067  1951 12683 10291
 11211  5804  3692  9658  9232  6151 13822  7864  4562  1490  4136 56932
   494   957 56932 12889 12543    60 10722  5414 56932 11149 10166 56931
 56945 56945]
10 [ 5804 13171 18331 56946  2890 56946  6151 11120 14630 56932  6151 11120
  9579 11211 56946  2890 56946   848 56946 56931 56945 56945 56945 56945
 56945 56945 56945 56945 56945 56945 56945 56945 56945 56945 56945 56945
 56945 56945 56945 56945 56945 56945 56945 56945 56945 56945 56945 56945
 56945 56945]
0 [ 5226 13554 11211    12 56932  6196 12913 32899 11211 11673  2809 56946
  5137 10621  5137  5226 11120  5404 10067  7249  3612  4472  5138 11211
 13280 44153 13821  1925 56946 56931 56945 56945 56945 56945 56945 56945
 56945 56945 56945 56945 56945 56945 56945 56945 56945 56945 56945 56945
 56945 56945]
27 [56940 11120  1147  4472  5804 18619  4562 13331 14482  2529  1189  3540
  5226  5224  4492  4472 11211  8818   848  9277  1240 56946 56932 56931
   428  5240  6418  6151 11211  1776  4562  4151 17428 10621 56932 13396
 13554  1240 19456  4472 12402 56931 56932  8593 26156  6151 15223 11211
 56932  5226]
17 [ 1925    20 11211  5226  5804  9140 56932  5226   425 13450 56932 11120
  7038 56934  6151 56935 18012 13371 14022  4472  4151 22731 56946 56932
 11122 11211 15604  3245  5224 12284 56932  4693 16141 10291  5224 12562
 56946 56932  4472  8716  4472 56942  1925 17691 11120 14119 10621 56932
  4562  8596]
