15 [56946 14641 11211 56940  5240 13406 11148 16718  6151  3572  1233 12764
   865 12195  4472  1000 11211 11120  8728  1870  1925  1387 56940 10621
  1603 11211 56940  1233  4801 11211  4562 15581   848  3136 15590  6151
 11293  1925  5328  6151  1231  7057 56932  1944  5224 11554 56932 11674
 12764  3645]
11 [ 4151  7047  4472 13579  5207 50669  4151 14596 15003 11211 56946 16129
 11211 11120  7645 12764    65 11372  3758 11372  5095 56932 11211  8946
  8493 34455 56931 56945 56945 56945 56945 56945 56945 56945 56945 56945
 56945 56945 56945 56945 56945 56945 56945 56945 56945 56945 56945 56945
 56945 56945]
29 [ 5226  8373 12766 38297   425 14675  6151  4151  8373   741  4472  8945
  1729 56932 11120 56946 10621 11120 49516 56932   690  8902  6151 10912
 11211  4151 10193 11211 12342  4271    52  2299 12764  1240  8540  2791
  4562  5224 37992 10976 13396 56946 56931 56945 56945 56945 56945 56945
 56945 56945]
7 [  730 11211 13290 11211 11117 28124  7709 15223 11211  6984 12672 11211
  1000  4562  8593 10621 11211 13290  1240 10261  7467  6151 56946 11211
  5224  9541  5191 14040  4004 21482  5226 23950   848  5226  9694 56931
 56945 56945 56945 56945 56945 56945 56945 56945 56945 56945 56945 56945
 56945 56945]
15 [11120  7384 11828  6151 13815 11211 48215 11120 12695 12391  6151 14593
 56946 56932 11211   668  2529  5224 12835  4472  4151  4290 10067  6260
 56942  4472  5385 13396  1147   197 56932 10621 12764  6950 10506 56932
 13371 41295 11120  6805 10471 56931 56945 56945 56945 56945 56945 56945
 56945 56945]
15 [10634 11122  7494 15277 13344  6151 17488  4472  1761 10067 13913 56932
  9000  5240  4472  6762 11211  1808  5856  8493 10177  8791 10291  9537
  6151  5804 11211 12764 15394 12384 56946  1685 15404  4472 11120 14443
  4472 56946 10621 34516 56931 56945 56945 56945 56945 56945 56945 56945
 56945 56945]
27 [13336  9768 11120  5660  5427  4472  5804 11344 10067 56946 56932 12745
  5226 56942  8509 11120   545  4472  5804  7381  3861 56932  8630 11211
 13897 11204 10291 12350 11211 11100  1240 11117 10068  8493 14988  4472
 14026 10291  1231  2496 56931 56945 56945 56945 56945 56945 56945 56945
 56945 56945]
28 [ 5224  2595 10067  5328 56932 39404 56946 56932  1040 11211 56932  1233
 15206 10621  5227 12764 15690  2254 11211  1340 56940  1863 12033 56940
 10621  7508 10291 56940 15336 10621  5307  6151 15488 11211  9444 56946
  1633  3572 56940 56932  1240 11095  2890 14555 13959  5226  5224 11211
  4151 14862]
31 [11120  9011  7343  4472 14944 56934 56946 56935  4721  6151  5804  3028
  6151  4229 13649  6535 13171 13024   211  5224 14860  4472  4273   777
 56932 11211  1340 13083 13171 13010  4472  5326 11211  5224  5987   367
 56931 56945 56945 56945 56945 56945 56945 56945 56945 56945 56945 56945
 56945 56945]
3 [56940 56946  6151 35152  1233 12764  9490 56946  4151 11656  4472 13030
 11211 56946 11120  3277 56932  5224  3597 11349 12567 11211  4125 14347
  4472 12764 56946   497 56940 56932  9445  5224 12133 15275 56931 56945
 56945 56945 56945 56945 56945 56945 56945 56945 56945 56945 56945 56945
 56945 56945]
11 [ 5224  5778  5436 11705  1231  4136  4472 11673  3111   635 56932 16786
 11211 12764  5240  5226   195 17005  1925  1926 22746  2861  6197  8821
  5226  6542  9239  5226 56942 56931 56945 56945 56945 56945 56945 56945
 56945 56945 56945 56945 56945 56945 56945 56945 56945 56945 56945 56945
 56945 56945]
6 [ 9388  8619 13171 22469  5804 11211  4634 11211  5804 11211 12764  4634
 56931 56945 56945 56945 56945 56945 56945 56945 56945 56945 56945 56945
 56945 56945 56945 56945 56945 56945 56945 56945 56945 56945 56945 56945
 56945 56945 56945 56945 56945 56945 56945 56945 56945 56945 56945 56945
 56945 56945]
6 [ 5240 13171 11751  9761  5226 14299 13802 14793  5224 11629 14931 11066
 11211 11830  4472 13853  8493  8364  4472  5804  9094 12889 15145  4562
 11066 56931 56945 56945 56945 56945 56945 56945 56945 56945 56945 56945
 56945 56945 56945 56945 56945 56945 56945 56945 56945 56945 56945 56945
 56945 56945]
13 [ 2890  3612  4472 20513 10648 17609 56932 42415  5595  5226  2972 11211
 11117  4105 54001  6151 13441  6226  5224  1926 56932  2890 22961   504
 10621 11531 56931 56945 56945 56945 56945 56945 56945 56945 56945 56945
 56945 56945 56945 56945 56945 56945 56945 56945 56945 56945 56945 56945
 56945 56945]
13 [56416 12758  6151 11120 13812  5226 56942 56932 10621 12752  1240  7780
  9002  1000 11211  6151 15952 11117 14939  5506  5226  5224 14555  9444
 21512 56934  3645 43966  5226 13998 56932  9000 11562 14931 11107  1379
 13171 10067 56942 56943  4472 13822 10430 56935 56932 11211 56946  1240
  3648 16443]
8 [11674  2669 13396 56946 11120 13704 56946 10621 49902  6416  8503 13371
 56946  5226 12024 12077 56932  9000 11669 49270 56939 56946 10067 11211
 18199  4693 12015 56946 56931 56945 56945 56945 56945 56945 56945 56945
 56945 56945 56945 56945 56945 56945 56945 56945 56945 56945 56945 56945
 56945 56945]
