3 [  425  4135  1240 56946  1806  6151  1806 56931 56945 56945 56945 56945
 56945 56945 56945 56945 56945 56945 56945 56945 56945 56945 56945 56945
 56945 56945 56945 56945 56945 56945 56945 56945 56945 56945 56945 56945
 56945 56945 56945 56945 56945 56945 56945 56945 56945 56945 56945 56945
 56945 56945]
11 [56936 11149  4026  5804 10856 56946 56932  1233  5804  1332 32722 19456
  6151 11120 12673 12843 11211 13822  4883 11211 12764  1240 36913  4472
 16068 56937 56931 56945 56945 56945 56945 56945 56945 56945 56945 56945
 56945 56945 56945 56945 56945 56945 56945 56945 56945 56945 56945 56945
 56945 56945]
27 [ 1424  7053  1240  8944  8186  6151 11120  1922  4472 11120  8163 13149
 56932 12889 15285 11211 11120  3962 10621  9805 56934  4472  4151 12336
 11120 56946 56935 15353  6151  5804  7025  4472  2654 10621   730 11211
 56940  1240  3645  6151  4087  5226 11673  5404 56940 56931 56945 56945
 56945 56945]
33 [11120  2512  9054 11211  5224  5566  4472 11120  3806  5972 56932 11211
    85 10067 56942 13396 14108  5224  6260  2689 56932  1240 56946  4161
  5224 56942 13396 14108  5226  5224 56942 10621  1240 56946  1925 56942
 13396 14108  1925  2689 11576 56931 56945 56945 56945 56945 56945 56945
 56945 56945]
21 [10291 12082 12342  7780  8192  5224  7811  9230  4472  9322 11211  7780
 14502 10621  5240  8493 10168 11211 13822  6161  1240  3513  1925 44165
 13396  5224 56946  4472  8127 56931 56945 56945 56945 56945 56945 56945
 56945 56945 56945 56945 56945 56945 56945 56945 56945 56945 56945 56945
 56945 56945]
6 [ 2317 56932  2890 20105  3728  9490 42045  6151  1231  2052 56932  2890
 11950 15023    13 56932 10621  4550 24198  4693 11211 12342 56931 56945
 56945 56945 56945 56945 56945 56945 56945 56945 56945 56945 56945 56945
 56945 56945 56945 56945 56945 56945 56945 56945 56945 56945 56945 56945
 56945 56945]
