7 [ 9198 15083  4472  5488  7809 56932  9222 12554  1925  2191  4472  2890
  3208 18474  4472 18724 14977 11211 11117 14817 36397 56946 56946 56932
  4476 18717  4472  5804  8521  4472 15038  6151  5804  9985  4472  3572
 56932 10621 11211  1240 10479  2370 11120 10773 56931 56945 56945 56945
 56945 56945]
4 [ 1233  8373  9674  1240 15628  6151 11120  1004  1633  2890 11023 13016
 56932 13822  1892  1240 13754 56931 56945 56945 56945 56945 56945 56945
 56945 56945 56945 56945 56945 56945 56945 56945 56945 56945 56945 56945
 56945 56945 56945 56945 56945 56945 56945 56945 56945 56945 56945 56945
 56945 56945]
