10 [ 5226  8689 56932  5224 15120  7956 14914 12761 12764  7780 11624  1969
 56931 56945 56945 56945 56945 56945 56945 56945 56945 56945 56945 56945
 56945 56945 56945 56945 56945 56945 56945 56945 56945 56945 56945 56945
 56945 56945 56945 56945 56945 56945 56945 56945 56945 56945 56945 56945
 56945 56945]
2 [ 5217 13487 10561  5226  1566   195 56931 56945 56945 56945 56945 56945
 56945 56945 56945 56945 56945 56945 56945 56945 56945 56945 56945 56945
 56945 56945 56945 56945 56945 56945 56945 56945 56945 56945 56945 56945
 56945 56945 56945 56945 56945 56945 56945 56945 56945 56945 56945 56945
 56945 56945]
21 [10291  5804  4908  4472 11120  5918 56932 11120  2169  4472  5804 13043
  7962 56932 12555 11120  6855  4472  2828 56932  1240 15174  5217  5224
  1601  4472  8819  3405  5226  8493  4472  4151 14928  3455  4472 11921
  5217  5224 11143  8658  4472 56942 56932  5534  5804 10319  7502 11067
  5217  5224]
3 [  425  9168    85  6811  5226 11120  1147  4472  5804  8561 15244 11211
 14423  8246  5226 11120 10947  6255 10291  6416  2890 16571  6151 11120
  4000  4472  2403  4151  6530 56932  9000  4550  5224   653  4472  5199
  6391  8159 11211 11674    85  2890 56940 56946 56940 56931 56945 56945
 56945 56945]
29 [ 5224  1681 10067  6260  4522  5226 14564 15067  4161  5804 56942 15457
 56932  5224 14198  5715  5226 13441 14378  9939 56932 41901 11120 16412
  4472 11211  5224  8538  7780  1266  5226  2890  3716 20487 10621  9524
  8493  3875 42921 10291 23540 13835 56931 56945 56945 56945 56945 56945
 56945 56945]
2 [56940  1240 26756 10291  8993  5226  5804 18774  4472 11120  7645 10067
  9809  4562  3391 56946 56932  6226  5224  1926  9142  1231  4136 10621
  9373  5403  4472 11211 12171 46364  5226  5224 18240 56940 56932 15201
 56946 56931 56945 56945 56945 56945 56945 56945 56945 56945 56945 56945
 56945 56945]
10 [ 5226 11120 11396 10067  8876  9283  4472 56940 10299 56940  8821  2890
 14555  5778  9102  4472 11120  8600  4991 15429 56931 56945 56945 56945
 56945 56945 56945 56945 56945 56945 56945 56945 56945 56945 56945 56945
 56945 56945 56945 56945 56945 56945 56945 56945 56945 56945 56945 56945
 56945 56945]
41 [ 7868  9379  7795 56932 14317   217 13396 11120  3465  3091  8214  4472
  3039 56932 56946 56932  5224  5234  2792 10067  6319 56932 13743 42488
 56946 56946 56932 11211  1240  7201 13371  8704 56932 12889  1925 13344
  4472  4151 11520 27521 56932  7476  6151  2632 12729  5226  5224 11964
 56932 15023]
19 [10621 13371  5224 25549  4472 11120 56946 10621  5224 16500   322  1506
  7494  6256  5226 14564 15067 56932  1240 56946  5226 11120  7415 23483
 56932  3828  1240  8057  4562  2890  5378  5226 13870 10468 56931 56945
 56945 56945 56945 56945 56945 56945 56945 56945 56945 56945 56945 56945
 56945 56945]
2 [ 5224 11814  4325  6151  4151 56942  4472 11120  1296  5226 11120  5346
  4472 56946 56932  5226  5224  6556  4472  7347 56946 56932  1925  2294
  4472  8365 56931 56945 56945 56945 56945 56945 56945 56945 56945 56945
 56945 56945 56945 56945 56945 56945 56945 56945 56945 56945 56945 56945
 56945 56945]
28 [15023  2890  3534  4472  8941 10621 15083  4472 11355  2890 13266 56932
 11211  6278  1231  7300  4562  2890  7415  6949 10067  2792  6235  7797
 56932  5224 14293  1240 19279  5226  2890  9619 15900  4472 14085 56931
 56945 56945 56945 56945 56945 56945 56945 56945 56945 56945 56945 56945
 56945 56945]
4 [ 5226   424 13909  1240   290  5804  8752  4472 15805 10621  4472 11646
   216 23397 11211 56932 13396 11464 56932  5226  1231 11938 12866  6725
  5226 13579 56931 56945 56945 56945 56945 56945 56945 56945 56945 56945
 56945 56945 56945 56945 56945 56945 56945 56945 56945 56945 56945 56945
 56945 56945]
21 [ 8365 12764  6645 14928 56946  6151  1231  1431 10621 56932 15023  3825
  5224 56946  1925  5795 56946  2890  8303 56932  7430 10705 13396  1901
  5226 11120 14059 56931 56945 56945 56945 56945 56945 56945 56945 56945
 56945 56945 56945 56945 56945 56945 56945 56945 56945 56945 56945 56945
 56945 56945]
20 [11120 15407  1095  6197  7780 56946  6367  4562  5804 10624  4472 11120
  7384 10621  7780 12720 11211  5224  1651 12764 56946  5226  3765  4472
  3204 56931 56945 56945 56945 56945 56945 56945 56945 56945 56945 56945
 56945 56945 56945 56945 56945 56945 56945 56945 56945 56945 56945 56945
 56945 56945]
2 [14122  7809 18458   217 13371  8493  9160  5226  1446  3673 56932  3828
  5804  9135 10621  9376  4472  4151  6565  4472 23165  4151  4723  8630
  9153 11120 19159  4472 11120  4696  4472   424 16330 56931 56945 56945
 56945 56945 56945 56945 56945 56945 56945 56945 56945 56945 56945 56945
 56945 56945]
4 [ 5224  8288  3179 14204 15168  5226  2027 56946 19169 56946 56934 12334
 12820 56935 56931 56945 56945 56945 56945 56945 56945 56945 56945 56945
 56945 56945 56945 56945 56945 56945 56945 56945 56945 56945 56945 56945
 56945 56945 56945 56945 56945 56945 56945 56945 56945 56945 56945 56945
 56945 56945]
31 [11120 14024 56932 11211    85  8486  5226 11120  1976  4472 10624 13396
 56942  2322  2370 56942 56932 13938  5226  4761  2983 10621  1072 14414
  4344 56932 10722  4472  4151  4705  6197  1396  5226  5009 56931 56945
 56945 56945 56945 56945 56945 56945 56945 56945 56945 56945 56945 56945
 56945 56945]
29 [ 5224 13440 13171 13091  8946  5224  4291  4472  5734 12611 56932 11211
 15083  4472  8373  5137 20874  6151 11093 10241 56932   848  5224  4472
  6099 56946 11211 56932 12889  7952  5611  1578  5224  2689  6260  5226
  5224  9102 27155 56932 14442  7462  4472  7898 10013 10621  1240 16256
  1925  2270]
34 [10621 14914 13371  1240  7780  5756  5217  2892 12297 12297 11211 13974
  4472  3361 11970  1873  5804   266 10067  7581 14931 56946  1231  1381
  6151  8493  1126  5683 10291  5804 56946 12297 12297  1240 56946  5226
  2890 14555 38230 56946  5226 10025 13349  4472  1723 56931 56945 56945
 56945 56945]
4 [ 9222   668 11211  1969   373  5226  5187  5534  5226   776  1240  3648
  9331  6151  8606  2890  9185  4472 19901 10291 10778  1000  6151  6226
  5224 14802 11211 11117  7731 56931 56945 56945 56945 56945 56945 56945
 56945 56945 56945 56945 56945 56945 56945 56945 56945 56945 56945 56945
 56945 56945]
30 [ 5226 12424  5421 10067  9936  4472  2740 10621  5226  4151  2983  5416
  2518  6151 11122  2041  4472 11120  1725 56932 13554  5224  5916 13371
 11120  2858 10621  5804 12552  1240 18843 13396  2625 56931 56945 56945
 56945 56945 56945 56945 56945 56945 56945 56945 56945 56945 56945 56945
 56945 56945]
36 [ 8509  5224  8876 13610 10067  2689 56932  5224 11783  9829  4472  4151
  2789 10621  5224 13857  5226  2890 56946  4472  4151 10994   746  9591
 11211  5224  9874  5942 56934  4212 10611  2789  6862 10994 56935  1240
  8930  5226 56942 11804 56931 56945 56945 56945 56945 56945 56945 56945
 56945 56945]
36 [13396 11674 56932  1925   224 10703 11211 10532 11122 11211  1240  3064
 12297  8984  4467 12297 56932  9569  4472 13975 13938 12764  6786 13349
  7956  4151  5240 10291 56946  9082 10621 56946  1347 56932  9000 12764
 56946  5226 56946 10889 56931 56945 56945 56945 56945 56945 56945 56945
 56945 56945]
7 [  428  7780  9591 11211  4151 14414  1240 56946  5226  5804 10428  8521
  4472  8965  5309  2861  5353 56934 15881 56946 13396  5609  4472 10456
 12167 56935 56932 16745 56934 15881 56946  6151  7608  4472  6857  8064
 56935 56932 17143  4472  7910  5226 14821   833 56932  7956  6226 56946
 56934 15881]
