17 [ 4472 18899  6151  9687 56932 11120   990 39795  8493  3174  4562  8732
 22857  4472 56942 11804  4472  5895  8630 11211  5804 13767  7329  8407
 56946  1925  8871  2890  4052  4472 56942 11804  4472  5895 56931 56945
 56945 56945 56945 56945 56945 56945 56945 56945 56945 56945 56945 56945
 56945 56945]
46 [ 4151 10229 11465 12524 13396  5224  3612  8984  5226 11120 12238  4722
  4472  5804  4679  4472  2732   746  7984 11120  5229 13171  1893  5226
  5804 14060  5217  5224  8926  4472 11120 10185 56932 11211  3731  6151
  5804  2095  3026  5226 11120 15407 10067   646  4562 11916 10621 14378
  2594 56932]
