33 [ 6151  3951 10867  4472 11120  2591 56932 11211  6197  1240 16174  8503
  4472  5804 17705 56932  1396  6151  1601  4472 56946  4472 11120  2859
 14260 12764  7780 13848 11211 13698 56934   848 13386 15145 56935 38774
 11122 11211 11828  1231 13556 56931 56945 56945 56945 56945 56945 56945
 56945 56945]
37 [10621 10958 13529 48297 56932 56946 56932 56946  5226 11120 14251  6151
 12666 13371  1782  4472 11120 56940  3595 56946 56940  1633  3572  2861
 56940  5804 26226 56932  5804 36123 56932  5804 25860 11211  5226 56942
 23667 56946  4472  9996  4472  6221 11120  7626 35562 11211  8946 10493
 11148  8493]
34 [13554  5804  3434 13371 13822 22392 20968 11211  1240 14444  5319 56932
 10621 25724  8493  7442  6151 11120 29718  4472  5804  6523  4472  8281
 10291 13853 56946 13171 13554 11120 10767 10468 11211  1240  4473  4472
  5804 10758 13371 11120 14964 10067  3172    59 56931 56945 56945 56945
 56945 56945]
40 [ 5224  2792 10246 56932 13029 13420 56932 10651  1231   445 13396 11120
 14720  5224  6260 13348 20490  1925  9322 10067  6319  5226  2890  2625
  5942 10621 26284  5226  7821    50 56932  6862 14691  4472 11211  8209
 56932 13396 11122 11211  4770  4472   445 56932 13822 15344  5226 56946
  4472  8851]
4 [ 2240 56932 12015  7780  4643  4472  8493  3196 22502 11211  5224  7238
 11211 14817  5224 28302 18217  4472 56940 26071 11120  3363 56940 56932
 15145 11906  5226  8445 14915 35698 19714 10291 11120 17292 10621 11120
  3363 56931 56945 56945 56945 56945 56945 56945 56945 56945 56945 56945
 56945 56945]
18 [11120 13171  4415  5240 44477  9202  8208 56932  4472 56942  5137 10621
  4472  7313   583 56932 11211    85 25403  4472 13822 10685  5226  5224
  8435 56932  1618 10621  1216 56932  7868 15648 11120 13724 10067 15175
  4472 45127 56931 56945 56945 56945 56945 56945 56945 56945 56945 56945
 56945 56945]
8 [ 4562 16502 18926   848  5226 56946 56946 56932 20792  4472  1231  1691
   848 56946 56932   948  4472  4188   848  8870 56946 12297  7494 12407
  5199  6161  5226  1231    52 12297  2067 55193   373 17206  2890  5778
 56946  4472 11120 45220  4472 10644 11554 56931 56945 56945 56945 56945
 56945 56945]
13 [ 5240 13171 11751  9761  5226 14299 13802 14793  5224 11629 14931 11066
 11211 11830  4472 13853  8493  8364  4472  5804  9094 12889 15145  4562
 11066 56931 56945 56945 56945 56945 56945 56945 56945 56945 56945 56945
 56945 56945 56945 56945 56945 56945 56945 56945 56945 56945 56945 56945
 56945 56945]
20 [15145 13371   386 56932 11122 11211   373  6997  5240 11211 11120  3745
  6913 10291  5804 10374  5224  3474  5609 10291  7188 10067 12506 56931
 56945 56945 56945 56945 56945 56945 56945 56945 56945 56945 56945 56945
 56945 56945 56945 56945 56945 56945 56945 56945 56945 56945 56945 56945
 56945 56945]
20 [13396  8593 56932  5804 12297 33163 12297  1240  8480  6151 10113 11372
  2890  6950 41099  4472 56946 56943  6151 12764  2529  4472  8493  5187
  6720 56931 56945 56945 56945 56945 56945 56945 56945 56945 56945 56945
 56945 56945 56945 56945 56945 56945 56945 56945 56945 56945 56945 56945
 56945 56945]
20 [32059  2032  4472  8244  5226  1231 10785 56932    65  2726  5226  5804
 16365 12297 10621  8493 14352  7069  4472    77 28503  4472 11950   848
  4472  2689 56931 56945 56945 56945 56945 56945 56945 56945 56945 56945
 56945 56945 56945 56945 56945 56945 56945 56945 56945 56945 56945 56945
 56945 56945]
