42 [ 5224  9230  4472 13893 10621 13424 15404 56932  9810 13317 56932  3120
   217 11211  5224  1958  8033 10611  5224  4942  6862  8567   753 11211
  3116 13371 56940  8493  4687 12031 56932 11211 12764 12015 14190 10291
  4188   207 11372   430 10954 11211   373  5226  1231  7376  1903 10621
 13396 13554]
20 [ 5226 11120 11093 16505  5226  5224  9322 10067 16831  1240  4563 34380
  5804 36970 14777 10621 14560 56932 12889  1240 20706  5226  8555  5804
 14117  4102 56931 56945 56945 56945 56945 56945 56945 56945 56945 56945
 56945 56945 56945 56945 56945 56945 56945 56945 56945 56945 56945 56945
 56945 56945]
27 [ 5226  1156  6151  4151  4803 56932  1240 10507 13396 11120 11199  4472
  6157 16643 43900  5226  6036  6151 11120 56946 56932 11211 12764  1240
 56946   848  1240 15174  5226  2897 13396  5224  7770 10067  3538  4472
  1478 56932  5004 11120 14353 56931 56945 56945 56945 56945 56945 56945
 56945 56945]
23 [ 5226  5224 10103  4966  3245  2430  3662 56932  5224  4569  4263  6151
  7423 56932 13386 56932  7868  7898 15646  4293  4461 56932  9840  5506
  5226  5224  2792  4472 11120  5956 56940  4472  9591 56940  5226 13440
  4472 11211  5224  2189 12000  5226 11120  8290  7037 56932  6418  6151
 11120 13205]
15 [ 4550 13261 11120 56946  4969  3993 13386 11707  4151 11488  4472 11120
  1019 10621  1240  6472  5226 11120 56946  4472 13529 18588 11623 56931
 56945 56945 56945 56945 56945 56945 56945 56945 56945 56945 56945 56945
 56945 56945 56945 56945 56945 56945 56945 56945 56945 56945 56945 56945
 56945 56945]
