24 [56940  5224 13732  9840    52  4629  5224  8590 56931  4472  9591 56932
  6226  5224  1926  7780  8823 11211 13901  4472 11120  8200 10930  5280
  3869 14931  1170  4562 13822   778 56931  5224 13732 12764  7027 56932
 13371   746  8857 56932 12676 56942  1362 10291 14254  2890 14555  9541
 56931  4562]
4 [ 9379  1046  6197   746 15076  5226  5804  4393  3861  6151 13171  4472
 56942  2265 10621  4140 11211 12764 26528  4151  3336 29534  5226  1682
 25519 26022 10621  6151 11646 10413  1730 11211 10935  4284 56946 56932
  5591  4391  4055 10621  9527 25396 56931 56945 56945 56945 56945 56945
 56945 56945]
