11 [11120 13269  4472 56946 10067  6550    85 13171  8493   661  4472 26748
 11211    19  4992 10621  1240 14662  4562  1231 14115  5224  3786  5226
  5224 12908   797  6212 56931 56945 56945 56945 56945 56945 56945 56945
 56945 56945 56945 56945 56945 56945 56945 56945 56945 56945 56945 56945
 56945 56945]
6 [12764 15345 56932 14931  8998 56932 19292 11211   365  5226   425  5404
 56931 56945 56945 56945 56945 56945 56945 56945 56945 56945 56945 56945
 56945 56945 56945 56945 56945 56945 56945 56945 56945 56945 56945 56945
 56945 56945 56945 56945 56945 56945 56945 56945 56945 56945 56945 56945
 56945 56945]
