27 [ 5804   465 11211 11120   746  6091  5654 11211 11120  6670 56932 11211
  9490  8192 56946 56932  9490 14043 11211  5224 17908 28836 15600 12889
  6151  8596 11117 42359 11122  2030 56931 56945 56945 56945 56945 56945
 56945 56945 56945 56945 56945 56945 56945 56945 56945 56945 56945 56945
 56945 56945]
5 [ 9000 56932 56936  6151  2865  2598  8850 11752 56937 56931 56945 56945
 56945 56945 56945 56945 56945 56945 56945 56945 56945 56945 56945 56945
 56945 56945 56945 56945 56945 56945 56945 56945 56945 56945 56945 56945
 56945 56945 56945 56945 56945 56945 56945 56945 56945 56945 56945 56945
 56945 56945]
