16 [ 5226  5224 30287 10501    13 13554  4472 11122 12675 56932  9000  5224
  2610  4472 17367 56946  5061 15192  1925 12675  2908  4472  6480  5226
 13822 21879 56931 56945 56945 56945 56945 56945 56945 56945 56945 56945
 56945 56945 56945 56945 56945 56945 56945 56945 56945 56945 56945 56945
 56945 56945]
29 [  217 56932 56942  5137 15083 56932 13684   579 56946 56932  8493  9745
  8104  4562  8493 15446 11211 13046  5804 56942 11804  4472  5699 10621
  2890 14384 12691  5432  2861   373  7871  5226 56942 10700 56931 56945
 56945 56945 56945 56945 56945 56945 56945 56945 56945 56945 56945 56945
 56945 56945]
2 [56940 11120  1340 17385  5226  4151 15056 56940 56932  1240 12567  5226
  5609  4472 56946 10621 56946  1925  2792  4472 11120 15661 56931 56945
 56945 56945 56945 56945 56945 56945 56945 56945 56945 56945 56945 56945
 56945 56945 56945 56945 56945 56945 56945 56945 56945 56945 56945 56945
 56945 56945]
13 [ 6862 56946 56932 25104 56932 14931 14855  4472  2529 19710 56932  4113
  6151  5678 12549 56931 56945 56945 56945 56945 56945 56945 56945 56945
 56945 56945 56945 56945 56945 56945 56945 56945 56945 56945 56945 56945
 56945 56945 56945 56945 56945 56945 56945 56945 56945 56945 56945 56945
 56945 56945]
