7 [ 6151 12937  5488  8155 56940 12764  4151 13831  6151    34 56940 56932
   730 12058 56932 11211  1015 11211  9222 56940 10608 32044  5217  5224
  5071 56932 14931  5339 56932  4562  6596 10621  6436 13396  5804  1170
 56932 10621 56946  1452  5804  5684 56940 56931 56945 56945 56945 56945
 56945 56945]
23 [10621 56946 56932 16478 10621 10618 56932 10611 10025 56932  1240 14377
  4472 11120 14329 56932  4472  4151 56946 10621 10067 56946 10621 42047
 56946  5226  5224  9541 11211 14817  6151 11120  1691  1925 13242 13171
  5863 12297  7780 14384 13171  4472 56942   340 12297 11211  7780  6260
 13396 11120]
1 [12049  7422  5226  1884 56932  5226  1231  7802  5226 11120 56946 56932
 10621  5217 13487   746  8449  7096 16664 56931 56945 56945 56945 56945
 56945 56945 56945 56945 56945 56945 56945 56945 56945 56945 56945 56945
 56945 56945 56945 56945 56945 56945 56945 56945 56945 56945 56945 56945
 56945 56945]
4 [56936 11149  4492  7494 20640 14915 11766 14169  4562 14915 27611  1148
 14931  5224 19628 17624  4472  2890  9084  7376 56932 11898  6862 43001
 56937 56931 56945 56945 56945 56945 56945 56945 56945 56945 56945 56945
 56945 56945 56945 56945 56945 56945 56945 56945 56945 56945 56945 56945
 56945 56945]
9 [ 5224  3612  5692   373 15009  6151 11211 14098  4472  5950 56932  4472
  5187  7638 56932  4472 56946 10621 13579 13371  5804  8373 14821 10067
   940  8984 56931 56945 56945 56945 56945 56945 56945 56945 56945 56945
 56945 56945 56945 56945 56945 56945 56945 56945 56945 56945 56945 56945
 56945 56945]
23 [ 5224 56946 15919 26690 14817  9541  4472  2890 17789 56932  5224 56946
 16474 56946 56932  5224 10246  2067 10621  5224 24168 56946 19592 30705
 29193 56932 13478 25713 56932 10291 11211  5804 15364  4472  3229 56946
 13396 56946  6151  5804 56946  4472 13998 56931 56945 56945 56945 56945
 56945 56945]
46 [56940 56946 56940 56932 13371  1240 11117  9142  5226 56946 56932  6197
 16738  1925  1883  9222  6151  1231  9925 13280   683  5137 10621   217
  9127 11211 56932  1925 20871  4472 11211 13211 12954 17069  4472 14555
  6151   425  5346 56932  8321  2529 12342 12675 13386 11120 56946  5217
 11120  9639]
5 [ 7659  6151 25249 56946 11120  7866  7898  3861  5226 11327 12764  1088
 10621  8025 44528 13371 19589 56931 56945 56945 56945 56945 56945 56945
 56945 56945 56945 56945 56945 56945 56945 56945 56945 56945 56945 56945
 56945 56945 56945 56945 56945 56945 56945 56945 56945 56945 56945 56945
 56945 56945]
22 [ 5224 56946  7198 10703 56932  9000 17589  1148 14802 56933  5224  5738
 56932 53746 10621 56946 13371 14914 13396  5804 22334 11211 11236  4472
  1231 56946 56946 56932  6950  1240 18541  6151  1168 12675 10621 12764
 37879    13 12479 11211  5224  4472  1231 12759  8284 56932 11372 14102
    19 13277]
22 [ 5804  5234  9491  3018  5226 13822 12517  4472  9424  4472  6041 10621
  5226  5224  8966 11211 12623  5224  7147  4472 15243 11211  4050 12322
 10067  5905  4562  5224  7992 10067  1926 56932  5224  1095  4472  4816
 18059  1925 15018 56932  8955 13396  5224  9283  4472  5234  9491 11211
  1240  9567]
49 [ 5804  5234  9491  3018  5226 13822 12517  4472  9424  4472  6041 10621
  5226  5224  8966 11211 12623  5224  7147  4472 15243 11211  4050 12322
 10067  5905  4562  5224  7992 10067  1926 56932  5224  1095  4472  4816
 18059  1925 15018 56932  8955 13396  5224  9283  4472  5234  9491 11211
  1240  9567]
10 [ 5226 13822 13644  4472  9942  5215 56932  7362  3709  4151 15002  6151
 11120 13269  4472 11120  6288  4472 14378 56932 56946  4472 11279 10621
  4562  5224  6447 10067  3542  5226  5224  7255 56931 56945 56945 56945
 56945 56945 56945 56945 56945 56945 56945 56945 56945 56945 56945 56945
 56945 56945]
27 [11120  7815  4472 15149  4876  6151 13386 13478  7630  1356 13396  5224
    87 12297 12297  4472  5804  3078  4755 12297 12297  1240  5911 13396
    77  7467  6151 11107  5226 11120  1795  6151  8155 14915  5936   272
 13371 14524  4472  5804 12408 56932 14915 56946 10297 13371 12959  9356
 10621 14915]
