23 [10420  5112 11120 15568  4472  4151  2789  6151 11631 10067  7770 56932
 11211  6955  2890 56942 13396 14108 56932  5226 13554 11211  4151 15629
  6151 11631 10067 13823 15633  2890 56942 56932  4562  2890  3269  8425
  4472  4151  2789  6151  1352 56932 11211 14955  2890 56942 13396 14108
 56931 56945]
42 [ 5611 10295 56932 11211  5151 13817  7060 13371  8362 56932 56946 56932
  2906  3089 56932 14601 56942 56932 14601  5076  8723 56942 56932   579
 10621  6471 56932  7494  5226 15316  3245  1920  2890 14601 10435 12520
  5226  5138 56932  1793  4472    13 13843  6151  5804 13379 10067 14847
 56931 56945]
