21 [ 5224  7346  4472  4428  2995  5224  4666  2370 11120  4670  4472 11120
  6805 12934 56932 11211  5224  6260 56942  4472  1787  8209  4562  3421
  9939  6151  4892 10621  4562 14378  6151  7836 56931 56945 56945 56945
 56945 56945 56945 56945 56945 56945 56945 56945 56945 56945 56945 56945
 56945 56945]
30 [ 6118 10067 10386   746  5664  1231 56946  7956 11120    48  1436  4472
  1756  5226  4756  4472  8493 15284  1106  2982  1925 10386 10067 12649
 56932 11211  4161  4550  1240  7780 13843  6151 38029 12736 10621  7352
 56932 10611 11646  9643 56931 56945 56945 56945 56945 56945 56945 56945
 56945 56945]
27 [56940  4550 56932 56936 11149 15590  6151  8606  5804 14765  4472 11120
    19 12135 56934  5804 15544 56935 11211  4562  3336 13371  4151 17574
 10621  4151 45389 15181  6151  1179  5804  4900 10291 13822  1357  7345
 56937 56940 56932  6183  9019 56931 56945 56945 56945 56945 56945 56945
 56945 56945]
21 [ 5224 14479 10067 12741  7780 13091 11120 11124  4472  2462  3539 56932
 13386  7780 14384  8373   340 56932 10621  1240  7780  7467  6151  8826
 11211  1240  7780  5788 11120  6240 56931 56945 56945 56945 56945 56945
 56945 56945 56945 56945 56945 56945 56945 56945 56945 56945 56945 56945
 56945 56945]
20 [ 5224   966 10067  2631  5769 56932 11664 56932  5240  5224 12675 11211
  5224 10067  9541  6695 56934 14358 56935  2861 56946  1925  5328  4161
 15335  5226  4151 11003 11120 11920 12031 10067  6319  5692 56931 56945
 56945 56945 56945 56945 56945 56945 56945 56945 56945 56945 56945 56945
 56945 56945]
0 [56946  6151 12592 56932 12015   474 16972  8769  6862 37586 56931 56945
 56945 56945 56945 56945 56945 56945 56945 56945 56945 56945 56945 56945
 56945 56945 56945 56945 56945 56945 56945 56945 56945 56945 56945 56945
 56945 56945 56945 56945 56945 56945 56945 56945 56945 56945 56945 56945
 56945 56945]
18 [11120 13724 10067 15175 56932 14545  9083 56932   730 11211  5224 10103
  9768 56940 15588 11120 12895 10621 56946  6151  5804  7691 10067 13857
  4472  9379  1825 56940 56931 56945 56945 56945 56945 56945 56945 56945
 56945 56945 56945 56945 56945 56945 56945 56945 56945 56945 56945 56945
 56945 56945]
10 [56940 13831  6151 12676 11211 56946  9379 16299  3861 56931 56946  6151
 11981  4472 12453  5240 12246 56931 14099 12764  4365  7075 11211   424
 15145  5224 13959  5226 11211  1240 40532 10636 15583  4562  8225 56940
 56932 15201 11120  4949 56931 56945 56945 56945 56945 56945 56945 56945
 56945 56945]
