42 [ 5224 13883 56940  5224 24172 56940  4472 14381 56932 21537 56940 49718
  3733 56940 10621   668 11211  6151 14849 10067 11575  5224 13057  5831
 38850  1240 14576 56932 15023 16889 11211 56940 11120 31360  4091    52
  8192 13171  5500 56932  4472 12764  2529 13396 11120  5229 10067 13057
 38850 10621]
19 [56946  5147 11211  5224   653 11606  7775  5224  5683  3849 13396 11120
 14779  4472 10816 10291 11211  7706  2529  8806 13396  5224  3104  4472
 10050  4693 10067 56942  4472 14842 56931 56945 56945 56945 56945 56945
 56945 56945 56945 56945 56945 56945 56945 56945 56945 56945 56945 56945
 56945 56945]
