31 [13396  1231 12135 56932 11120 12815  5432  7780  3860  5217  5224  1242
 11120  2725  4660 11211 15331 56946 10621 10700 13371  2740 10621 14564
 14557 56932 10611 10025 56932  1396  6151 11120  9028  4472 11211  5804
   508  9444  9475 10291  6188 12453  2370 11835 13396   782 11120 20732
  4472 11120]
1 [ 5226  5224 13440  4472   424 16565 56932 11120   445  9054 11120  7316
  4472 56946  5224  4291  6151  1231  6319  4472 12121   848  4518 12208
 56946  5226  1884  8493  9436   351 10621 11120  6324  4472  2890 13273
 13595  4472  7079 56931 56945 56945 56945 56945 56945 56945 56945 56945
 56945 56945]
18 [12297 11122  7249 11211 10501  5240 11211  8493  1976  1373 11646 11871
  2861 11120  4472  5140  3017  6151  4151  4472 11120  8945 56932 10621
  3694  6151  4151  4472  5804 24959 12297 56932 18451  8503  4472  5804
 32670 10067  4667  4472  5997 12297  1268  4472  9751 56931 56945 56945
 56945 56945]
11 [14496  6151 11120  9231 56932 56946  5226  8493 16198 16092  6151 11120
  9028 10067  3343 10067   864 56932 56946 13396  8493  5918 10540  8819
 56932 14931    13 12684 11211  1720  5804  5286 10067  9472  4472 11273
  6862 18785 56932 18785 10621 13064 56932 13064 10621 11273 56932  8984
  6862 18785]
