33 [11211  3799  1622 10621  7780  8192 13373 56932 19780  4472  1335 56932
 13925 37559 56932 55651 10621  4993  5226 12341 10621  8945 56932 12445
  5224  1464 10067 17930 11648 10621 35387 56932 10621 10507 13396  1920
  5226 13723 56931 56945 56945 56945 56945 56945 56945 56945 56945 56945
 56945 56945]
4 [ 5226  1316 56932  8630  9302 13396 11120  6962 56932   683 56946 12764
 11138  1283  6151 11122 11211  1013 13822 14543  2861 56940 56936 13691
  5240 56943 56937 56940 56931 56945 56945 56945 56945 56945 56945 56945
 56945 56945 56945 56945 56945 56945 56945 56945 56945 56945 56945 56945
 56945 56945]
