24 [56940  6950 12015  2582  5224  1242 56932 13487 56932 38770 11120 12341
 10621 56946  6151  4758 13529 14781 16129 56941 15992 11122 11211  1240
 56946 56932  6151 11120  7037  4472 11120 16348 56941 56932 10621 12015
  8057  1368  6711 11120 25464 56940 56932 11152 56931 56945 56945 56945
 56945 56945]
21 [ 5226 11669  7532 56932 11120 56940  9875 56940 14204 13822  3243  4649
  5534 26605 56932 56946   848 54916  1240 56946  6151  8244  4161  5224
 10855  4472 11120 18507 56946 56932 12889  5226  5224    13  5689 14866
 11122 12754  5226  5804  3758  4472 56946   848 56946 56932  4518 56946
 13396  8995]
30 [ 5226  5804 24135 10067 11964  5692 56932  7856   311 11120 56940  4065
  7384 56940 10067  2631  7482  1925  3849  3077 11211  1543 11120  7877
  4472  5804  9531 11295 56932 13396  4085  5226  2370 10067 10386 10621
 13396 12764    77    32  4562  4151  3388  6653 56931 56945 56945 56945
 56945 56945]
17 [ 5224 11100  8321 32047 10540  2254 10621  1231  8284 11117  4810 56932
  5226  8493   792 56932  6151 14663  2370  8493 26743 56931 56945 56945
 56945 56945 56945 56945 56945 56945 56945 56945 56945 56945 56945 56945
 56945 56945 56945 56945 56945 56945 56945 56945 56945 56945 56945 56945
 56945 56945]
