28 [13555  5240 11120 14053  4472  5804  3049  5226 11120 14779 10468 11211
 56932 56946  5804  8561 13396 11950  4472 11120 12921 56932  5804  9446
   865  5804  3861 11211 32449 13171  8440  4472  5804 15148 56931 56945
 56945 56945 56945 56945 56945 56945 56945 56945 56945 56945 56945 56945
 56945 56945]
12 [ 5224 12133  4472  4984  6351 11211 13280 11066  2890 10563 11085 11211
  6965  4151 14030  5226 11791 10621 11627 10621  1872  6151 11120 11840
  6151  8877  6151   453  9315 56931 56945 56945 56945 56945 56945 56945
 56945 56945 56945 56945 56945 56945 56945 56945 56945 56945 56945 56945
 56945 56945]
9 [ 2905 56932  6489 56932 13673 10621  2383  5377 13396 14001  5224  7478
  8661 56931 56945 56945 56945 56945 56945 56945 56945 56945 56945 56945
 56945 56945 56945 56945 56945 56945 56945 56945 56945 56945 56945 56945
 56945 56945 56945 56945 56945 56945 56945 56945 56945 56945 56945 56945
 56945 56945]
31 [ 6940  5579 10621  9810  3993 56932 11203 56946 10621  5265  4472 15241
 56932  8170 56932  5226  5289  4472 12077 56932 13655  8503  4472  5804
  8445 13171  9320 10067 10103 56932  1925 11293  6151  9687  5226  5224
 13959  8493 12185  4472  1231  9809 56931 56945 56945 56945 56945 56945
 56945 56945]
32 [ 6940  5579 10621  9810  3993 56932 11203 56946 10621  5265  4472 15241
 56932  8170 56932  5226  5289  4472 12077 56932 13655  8503  4472  5804
  8445 13171  9320 10067 10103 56932  1925 11293  6151  9687  5226  5224
 13959  8493 12185  4472  1231  9809 56931 56945 56945 56945 56945 56945
 56945 56945]
33 [ 6940  5579 10621  9810  3993 56932 11203 56946 10621  5265  4472 15241
 56932  8170 56932  5226  5289  4472 12077 56932 13655  8503  4472  5804
  8445 13171  9320 10067 10103 56932  1925 11293  6151  9687  5226  5224
 13959  8493 12185  4472  1231  9809 56931 56945 56945 56945 56945 56945
 56945 56945]
16 [10291 11211  5224  4885   375  7894 14204 11211 56946  6151 13649  9339
 28394  2861 12171  4413    52  2890  1566  4472 13171  4472 56942  5263
  8630 45396 10621 10267  3421  1362  2967  2890 12413  4472 14378 10013
 56933 10267 14777 56932  8503  4472  8834 56931 56945 56945 56945 56945
 56945 56945]
1 [ 1925  3479  5224 15120 56932  5804  8373 12535  1240  2542  4562 13822
  3491 11211 10762  1925 15120 10621  5495  4562  5804  1482 56931 56945
 56945 56945 56945 56945 56945 56945 56945 56945 56945 56945 56945 56945
 56945 56945 56945 56945 56945 56945 56945 56945 56945 56945 56945 56945
 56945 56945]
25 [ 5226   425   792 11117  7689  1925  4369 10426 56932 15609  3176 56932
  7650  4472 11120 13675 13844 10067 56940  9541  4472  4151  8308 56940
 56932 14361 11120  2970 11122 11211  7868  5224 13004 13326 11122  5517
  6151 10945  5224 10726  4472 11120  1578 56931 56945 56945 56945 56945
 56945 56945]
40 [ 4562   340  4472 11536 56946 56934 56946 56935 56933  7872 13985 56934
 56946 56935 10621  7412  6894 56934 56946 56935 56932  4472  7371 12743
 56932  5804 14765 10067  3612  5047 11117  4286 13396 12645  6151  5804
 11157  4472 13439 11211 13323  5224  9541  4562  8373  4472 13822  5574
 18350 56931]
3 [12672 11211 56940  4473  1368 13171  1970 56940 10621 11211  1240  7333
  4562    13   982 56940 12407  3196 56940 13396  6416 11120 13734  4472
 15390  6151  2732  4562    13   870 11211  7780  6947  5226 12342  5226
  5804  4393  5137  2861  6099 56946 56931 56945 56945 56945 56945 56945
 56945 56945]
14 [ 5224  8570  5240  2890 56946 10291  8025  1233 12473  5226 14662 11211
  1240   373  9784  9198   848  3260 10291 11211    68  8597  9444  9388
 15554 56931 56945 56945 56945 56945 56945 56945 56945 56945 56945 56945
 56945 56945 56945 56945 56945 56945 56945 56945 56945 56945 56945 56945
 56945 56945]
6 [ 8493 56932 11120 11326 56932 11211 11562  8493 11668 56946 56932  4562
 17049 56946 10621  2038  6506 11211  9929  8493  2736  1925 11950 11211
 14099  5684  4365 13381  2308 56931 56945 56945 56945 56945 56945 56945
 56945 56945 56945 56945 56945 56945 56945 56945 56945 56945 56945 56945
 56945 56945]
48 [ 5240  9918 11211  4938  1240 11936 10291  2426  8493 13300  4472 16751
  4472 14776 56934  7903 11326 56935 10621  1925 56946 14811  8493 11668
 56946  4472  9394  5137 56934 10611   420 10621 14378 56932  7868 11120
  3590 56935  1340  3243 13910 10291 56946 13371   366 42062 11211  4938
 16167 10025]
23 [10621  5226  2890  8778  7956 11120 12695  4472 11120  2894 10454  6151
  1009 11211 13537 56932 11211  5226  4151 14862 10937  2844 10608 13637
  6644 10621  5483 56931 56945 56945 56945 56945 56945 56945 56945 56945
 56945 56945 56945 56945 56945 56945 56945 56945 56945 56945 56945 56945
 56945 56945]
21 [56940  5240 11120  4670 13609 56932 17716  4472 11120 13450  4472  5804
  1031 56940 56932  9127 55343 56932  1362 15083  4472 22722  5224 32368
  6825 56931 56945 56945 56945 56945 56945 56945 56945 56945 56945 56945
 56945 56945 56945 56945 56945 56945 56945 56945 56945 56945 56945 56945
 56945 56945]
42 [11120 14556  4472    26 10621  5039  8916 10067 14358 56932 13211 11195
 56932  5165   217  1925   653 10621  6151  5804  1046 15404 11211 56940
  2162  1302  5226  4151  3336 10125  5226 11120  6255  2568 10621 11211
 56946  5226  4151 10531 11211  1396  2029  3432 56940 56931 56945 56945
 56945 56945]
41 [11120 14556  4472    26 10621  5039  8916 10067 14358 56932 13211 11195
 56932  5165  1925   653 10621  6151  5804  1046 15404 11211 56940  2162
  1302  5226  4151  3336 10125  5226 11120  6255  2568 10621 11211 56946
  5226  4151 10531 11211  1396  2029  3432 56940 56932  6205 13371 10291
 12486 11120]
39 [ 7868  5489 56932 11120 31789  1925  5875 10067 10752 10067 13857  4472
 13553  7978 13837 10291 10451  5226 11120 15100  4472 13553  7978 10067
  8876 13610 10067  2689 10621 11120  6088  4472 11120 27057  8646  5240
 11122 11211  7780  7683  2890  3269 13857 10067   571 56931 56945 56945
 56945 56945]
10 [56940 12764  7709  2529  1958 11211  2890  7238 11211  7780 15311  5224
  4415 14687 11211 23158  5224  9076 56932   217  2273 22039  5226  5224
 11034 11211 12342  7709 56946  7827  6151   425  2839 56940 56932 11211
 15062  6151  6226  5224  6319 56940 11211  8946  2839 56940 56931 56945
 56945 56945]
32 [13554  5966 56946 13371  2890  7580  4472  5804  2140  3911  4472  6600
  8653  6725  2738  3336  2772 10291 13853 11120  4670 10067  9489 56932
  9000 13996  2772  9659  5654 11211  1240  7709 32016  5224  3172 56932
 12889 14190  9198  6477 48968   425  5039 10657 56931 56945 56945 56945
 56945 56945]
3 [ 5224 19648  6913  5256  5224 15482  3268  7485 56931 56945 56945 56945
 56945 56945 56945 56945 56945 56945 56945 56945 56945 56945 56945 56945
 56945 56945 56945 56945 56945 56945 56945 56945 56945 56945 56945 56945
 56945 56945 56945 56945 56945 56945 56945 56945 56945 56945 56945 56945
 56945 56945]
32 [11120  6805 10212 11211   650  4151 10193 12947  8509  5224   653  4472
  9091   690 11785   217 56932  1362  4693  4472 11122  1076 56932 11120
  9234  4472  2922  1925  5234  6340 56932  1925  3452  2890  5935 10611
 13822  9135 56931 56945 56945 56945 56945 56945 56945 56945 56945 56945
 56945 56945]
1 [10291  5471  3765 56932 14260  4151  4007 56931 56945 56945 56945 56945
 56945 56945 56945 56945 56945 56945 56945 56945 56945 56945 56945 56945
 56945 56945 56945 56945 56945 56945 56945 56945 56945 56945 56945 56945
 56945 56945 56945 56945 56945 56945 56945 56945 56945 56945 56945 56945
 56945 56945]
1 [11664 24102  5804  4140 56931 56945 56945 56945 56945 56945 56945 56945
 56945 56945 56945 56945 56945 56945 56945 56945 56945 56945 56945 56945
 56945 56945 56945 56945 56945 56945 56945 56945 56945 56945 56945 56945
 56945 56945 56945 56945 56945 56945 56945 56945 56945 56945 56945 56945
 56945 56945]
19 [56940  7780  9228  1368  8150 56946 11211 15394 56946  5224 14181 10067
 14519 56932  9000  5240 56946 13386   582 14326  5224 14687 56932 12764
 14099 56940 56932  3655  8493  3273  4472 15689  8762 56931 56945 56945
 56945 56945 56945 56945 56945 56945 56945 56945 56945 56945 56945 56945
 56945 56945]
32 [ 5804  5634 56932  7868  1240 20638  4472  4151 13864  4472  1231 10242
  9823 56932 56946 11211 11148 56946  1925  5328 56932 13371 13280  9222
 56932  7709 12764  2529  5224  7811  7171  4472 56946 11120  9344  9500
 56931 56945 56945 56945 56945 56945 56945 56945 56945 56945 56945 56945
 56945 56945]
6 [11120  6805  3196 11211  4868  6151  9687  5224 15719   373    41 13396
 12061 10621 10624  4472  5804  8561  4472  2496 56931 56945 56945 56945
 56945 56945 56945 56945 56945 56945 56945 56945 56945 56945 56945 56945
 56945 56945 56945 56945 56945 56945 56945 56945 56945 56945 56945 56945
 56945 56945]
7 [10289 11275  1240  1223  5534  1240 11117   817  5224  4136  4472  4276
 56932 11120  7070  4472  8945  6180 10067  8176 10061 56946 56931 56945
 56945 56945 56945 56945 56945 56945 56945 56945 56945 56945 56945 56945
 56945 56945 56945 56945 56945 56945 56945 56945 56945 56945 56945 56945
 56945 56945]
38 [ 8593 14067 11211  5804 56942 55771  4472  4212 10611  4151  8373 35638
 56934 11120  4472 13732 10621 11120  4472 11067 56935 56932 40098  6151
 13171  4472 56942  5699 56932  5240  1009 56932  5224 12675 56946 11211
  1233  1240 13280 11120 15210  5226  5699 56931 56945 56945 56945 56945
 56945 56945]
11 [10996 11120  8110  4472 21171 10291   932  6151  1231  1431    85 56946
  5224 11078 10067 11697  2792 56932 56946 11120 28916  4472  1231  4832
  5226   177 13371 11120  7891  4472 11120  3077  4472  7243 10471 10621
  5224 20717 56931 56945 56945 56945 56945 56945 56945 56945 56945 56945
 56945 56945]
10 [ 5488 15461 18362  6151 35410 11669 14555 12761 11211   582 56946  5804
   464  1345  4472 11120 13902 56931 56945 56945 56945 56945 56945 56945
 56945 56945 56945 56945 56945 56945 56945 56945 56945 56945 56945 56945
 56945 56945 56945 56945 56945 56945 56945 56945 56945 56945 56945 56945
 56945 56945]
0 [35704  5224 14687 15409 12297 12297  6151 14378  5699   848  6151 14378
 35103  5224 14819 34287 56932  4473    20 12297 12297 56946  2890  4315
 18787 56931 56945 56945 56945 56945 56945 56945 56945 56945 56945 56945
 56945 56945 56945 56945 56945 56945 56945 56945 56945 56945 56945 56945
 56945 56945]
20 [ 2890  7944 11211 12764  7494  1778  4472 22247 10067  5138 56932 13171
  4518 14190  2890 56946 56932  9000 11211  7780  8753  2890 22206 23003
 56931 56945 56945 56945 56945 56945 56945 56945 56945 56945 56945 56945
 56945 56945 56945 56945 56945 56945 56945 56945 56945 56945 56945 56945
 56945 56945]
16 [ 5224 12479 56932 11211  8642  6151  4151 56942  1362  6151 14022  4472
  8493 15330 10126 11211 56946  1134  5226 11120  5436  4472 56946 56932
  9490 56946  8448  4472 56942  6149  4472  5905  5331 10621  4472   554
 56931 56945 56945 56945 56945 56945 56945 56945 56945 56945 56945 56945
 56945 56945]
32 [ 8630 11211 56946 10463  5226 56942  4472  6128 56946 56932 13815 56946
  5804 10314 56946 56946 13396 16525 56932 12889  5137 15083 29151 11120
  1903  4472 14233 10621   645  5804 56946 11211 56946  7430 56931 56945
 56945 56945 56945 56945 56945 56945 56945 56945 56945 56945 56945 56945
 56945 56945]
18 [ 2890  1926 16383 14483 56932  2890  3343 12624  8823 56946 56932  7782
 12752 11120  1476 11211 56946 56934 51198 11120  7645  3733  4562  5224
 10565 56932 56946 11120  3058  1906 11098  4562  5240 14657  2041 56935
 11120 13107  4472 12345 13689 56931 56945 56945 56945 56945 56945 56945
 56945 56945]
48 [15058  1925 11255 10119  4472  7243  7483 56932 40325 11499 11211  5804
  1954  4472 13111   865 56940 28106 10621 56946 56940 56932 12889   749
 56940 13485 56940  5226  5804 11211  1240  7476  5534  1240 31615  6151
 15336 56932  5226  5224  4492  4472 56940 12764  5240 13554  5224 10778
  3825  4188]
47 [15083 56932  6870  2890 12687  4562 11120 13524  3046 15227  4472 11120
 11556  4472   713 10621  3491 10067 56946  3934 56934 56946 56935 56932
  4884  1971 12905 16394 11117  5165 11211 13143  1925   653  1231 22306
  4472  8493  1126  4472  4151  4803 56932 56940 13371  5609 10291  2188
  8493  4188]
17 [ 4151 15264 15188  2890 13857   222 10067  9283  4472  9487 11211 14442
   656 12552   848 11211  1240 10781  8004 10291 14040 11120 14693 56931
 56945 56945 56945 56945 56945 56945 56945 56945 56945 56945 56945 56945
 56945 56945 56945 56945 56945 56945 56945 56945 56945 56945 56945 56945
 56945 56945]
11 [ 5224 13576 15512 11046 47557  1040 11211  5226  5224  6319  5692 11418
  2890 56940  7581  4472   374 56940  1079 13396  3572 56932 20997 13396
  5227 10621 56940 36733  4562  7646 56940 13396  5224  5328 10621 15610
 56932 10621  1694 11211  5224   653  5692 12764 11606  1338  4290 13396
  2275  6151]
32 [56940 14099 14542 34315 23117 56932 10621  5217  5224  7966  8993  5207
  4563 14396  4472 56946 56940 56932  7087 26347 56932 11211 36051 13396
 11211  6151 13742  1362  1240  4106 11120  4953 23895  5804 50879 56931
 56945 56945 56945 56945 56945 56945 56945 56945 56945 56945 56945 56945
 56945 56945]
22 [ 7868  5224  5887  9823 10067  7581 56932   736 13396  1231   681 10621
  3907  5804  9138  4472  2281  4472 11120 14623 56932 11211  9652  4151
 56942  3102 56932  4562  2890  8716 10067 56946 56931 56945 56945 56945
 56945 56945 56945 56945 56945 56945 56945 56945 56945 56945 56945 56945
 56945 56945]
12 [11120  7676  4472   425 14475  5240 11211  1240  9929  2890 12074  3828
  1195  5804 56946 10621  5804 10003  4472  4323  9172 56933 15083   753
 11211 15091 13649 53609 11211 56946  5224  4323  9172  5226  5224  2075
 56931 56945 56945 56945 56945 56945 56945 56945 56945 56945 56945 56945
 56945 56945]
16 [ 5804  5234  9491  3018  5226 13822 12517  4472  9424  4472  6041 10621
  5226  5224  8966 11211 12623  5224  7147  4472 15243 11211  4050 12322
 10067  5905  4562  5224  7992 10067  1926 56932  5224  1095  4472  4816
 18059  1925 15018 56932  8955 13396  5224  9283  4472  5234  9491 11211
  1240  9567]
