18 [ 5224 14300  7814 56940  5224  6269 56940  5489 15228 11120  5329 13171
  3058  4472  1231  2928  7416  1925  2570 13396  4670 12059  5226 56942
   616  6151  1231  1703  6669 11581 14735  5226  5224  7330  4472  5804
  8263  5402 13144  4472  5804   916 56946 56931 56945 56945 56945 56945
 56945 56945]
14 [13685 14504  5226  1231 10043 11211 56940  3572 14968 11120  6946  2370
  5224 14358 32747  6151  2890 13937  4472 18011 56940 56932 56940  1709
 14102 11120  3252  7945  6151  2890  1437  8033  4562 10442  7956 14299
 56946 56940 10621 56940  4151 14729 56946 11120 13269  6151  6686  6151
  7198  4472]
3 [13396 11122 11211 11848  1925 14687  4472 11120  5332   750 56932 11211
  7328  5224  3172 56932 10183  7780 12355  5307  6151 56946  7564   211
  2890 11533  8022 13090  2861 11120   702  4562 10043  4472 10933  4472
 56946 11715 56931 56945 56945 56945 56945 56945 56945 56945 56945 56945
 56945 56945]
