1 [ 7868 11499 14106  5226  1668  4472  2858 56932 11122 13171  4415  4472
   425  8665 12764 15593  5240 11211 56940  7780  8192  6891 10621  2183
  5217  5224 12754 14358 56932  4562  6270 10621 10076 13371  1088  4121
  4472   425  4687  5226 11120 11211 12764   746 12490  5226  4303  4472
  5804  7025]
25 [ 7793 10118  1346 11211  1231 14623  1240 11220  4472 39816  6151  1447
  3667  4472  7440  5226 13330  4472 56942 10621 11211  2575 10621  5195
 15394 19975  5226 11120 34350 56931 56945 56945 56945 56945 56945 56945
 56945 56945 56945 56945 56945 56945 56945 56945 56945 56945 56945 56945
 56945 56945]
12 [ 9000 14735 56932 56946   683 13007 56942 10013  4472  5181 56932  1240
 52058  5226  2288  6151 11765 13396 11120 15615  4161 11120 14571  4472
  8689 56932   907  6151 11211 11120 13455  5530  8946  5723 56932 10621
  5224  5309  4472 12895 56932  9918 56931 56945 56945 56945 56945 56945
 56945 56945]
31 [ 4151 14368 56932  8373  4472  4151 13171  2983  4472  1352 56932  1240
 15515  1404  5226  5224 12908 11142 10291  5224 12189  7261  4472  8493
 10509  4255  4472   283 10621 13916 11211  9347  5226  9249  4472  9152
 10621  1446  3673  8509  6221 11120 12921 56931 56945 56945 56945 56945
 56945 56945]
21 [ 6151 14849  4472 11211 11120  7444  4472 12474  5226  1922  7494  1231
   226  5226  5224 15631 15175  4472 13732 56932 11122 13938  5226  6542
 56931 56945 56945 56945 56945 56945 56945 56945 56945 56945 56945 56945
 56945 56945 56945 56945 56945 56945 56945 56945 56945 56945 56945 56945
 56945 56945]
