12 [ 9000 10881  1633 11120 15107  4472  5804 15157  3645  4562 11120  9219
 12673 10067 10647  6151 11120  7626  6862  8896  4472  4151  8155 56931
 56945 56945 56945 56945 56945 56945 56945 56945 56945 56945 56945 56945
 56945 56945 56945 56945 56945 56945 56945 56945 56945 56945 56945 56945
 56945 56945]
22 [11120   635  4969  8554   915   217 56932  3786 56932 11120  5265  4472
 15241  5226 11120 13300  4472 56940 56946 56940   848  1150  6226 12433
 56934  2531 56935  4472  5804  4679  4472  2732 56932  5226  8493  4722
  5226 11120 11211 11120  5043  6810 56946 56932 15077  5226  3627 56932
  3730  1231]
10 [10621  5224 11575 56932  1659 56932  7780  8192  4472  8493 14352  8300
  7416 13396 12135  4472 11120  2858 56931 56945 56945 56945 56945 56945
 56945 56945 56945 56945 56945 56945 56945 56945 56945 56945 56945 56945
 56945 56945 56945 56945 56945 56945 56945 56945 56945 56945 56945 56945
 56945 56945]
26 [ 7868 11499 14106  5226  1668  4472  2858 56932 11122 13171  4415  4472
   425  8665 12764 15593  5240 11211 56940  7780  8192  6891 10621  2183
  5217  5224 12754 14358 56932  4562  6270 10621 10076 13371  1088  4121
  4472   425  4687  5226 11120 11211 12764   746 12490  5226  4303  4472
  5804  7025]
49 [10958  3076 56932 11211  4966 13371 10249  4841  4472 11120  5683  1752
   635  4472 10837 56932  5240  5224 11697  7828  4472  1723  4472  4141
 56932 10621 56946 11120 13300  4472  1231 13476  8664 13371 10249  3091
  4472 21798  4562  2890 56942 19205 21731 18736 56932  4562  5224 11211
    85  8288]
38 [ 5224  5234  6340 13382 11211  5226  5804  4393  7381  9939  1240 56946
  5226 12424  4649 56932  9000  1040 11211  6197 11122  7780  2779 10621
 11211 11117 56946  1000 11211  1231 16581  5226  5224 11034 12764  7780
  5492 14041  5400 56932 13371 11122  7780  3858  5224  9591  4472 11211
  4151 10201]
19 [ 5804  6977  6862  7025  5440 11211  7067  5226  8493 56946 56932 56946
 10621 10382 13870 12297 12297 13371 12342 12675 11120 11979 12297 12297
 56946  1490   661 11211  7016  6188 56931 56945 56945 56945 56945 56945
 56945 56945 56945 56945 56945 56945 56945 56945 56945 56945 56945 56945
 56945 56945]
8 [14931 11744 56932  6950  1240 10072  3765  4472  5628  4200 56932  7868
  6118  4472  5804  2402 56946 56932 11211  1240   746  9591  5003  4472
 11120 11791 56931 56945 56945 56945 56945 56945 56945 56945 56945 56945
 56945 56945 56945 56945 56945 56945 56945 56945 56945 56945 56945 56945
 56945 56945]
7 [ 5804  2444   746  9002  2529  4496  5226  9209 15351 46775 10067 11925
  7426  2861  7910 56932 29326 56932 10768 10621 37338 56931 56945 56945
 56945 56945 56945 56945 56945 56945 56945 56945 56945 56945 56945 56945
 56945 56945 56945 56945 56945 56945 56945 56945 56945 56945 56945 56945
 56945 56945]
22 [ 5804  5837  1240 44944 56932 10621  5226 56942  5224  9599 12624 18277
 56946  5924  4472  8493 32648 11211 16710 14378 16155  5226  5611  4000
 10621 20638  2890 37077 17827  6151 10634 10621 18246 56931 56945 56945
 56945 56945 56945 56945 56945 56945 56945 56945 56945 56945 56945 56945
 56945 56945]
