30 [ 6151  2922  4472  5804 14406 56932 13811 14441  6151 13649  7809  7354
 12948 13396  6894 56932 13386  1040  5226 56946 10067 25402 56934 15528
 56935 11211 11120 10714 56946 56940   373 16769 13396  5224 10778 12033
 10291  6162 15600 56940 56931 56945 56945 56945 56945 56945 56945 56945
 56945 56945]
43 [13396 11674  5224  9691 11783  1925 11211  1240 10469  1925  9599  7412
  4562 11120 11946  5974  4472  9161 10621  3245  4562  1540  4472  8854
 12764  5240 13171 11211  8493 19890 25305 56932 26170  4472  6256 56932
  6151 14849  4472 11211 12569  7394  1396  1452 56946 13371  2481  7344
 56931 56945]
45 [ 5224  5076  7411 56932 11211  8964  6416  5224 15038  4472 11646 11725
 56932 13371  5224  4685   848 11120  5683  3174 56932  2148  5804 13349
  4472  5804  3204 56946 10621  4151 56946 13396  9245  4613 56932 13450
 11211  6894 12572 13371  8493 10266  2861 56940  1240   373   537 11120
 13450  1925]
41 [ 5165  6151 11120  6275 11211  1049  7305  5226 10105  5226 11120  3174
  5224   982  4472 56940 12611 13396  5224 13893  4518  9591 56940 56932
 14260  5226  5804 10700 11211 56946 13396 56940 56946 13822 10555  7956
 11120 11668 10621 11120  6471  1396 28610  1925  5566  3676 10621  6151
 10733  4472]
36 [ 5224 10988  5226 11120  8200  4472  8263 10621  4151 35840 13396  4151
 11211  2049  5224 13732  5226 11120  8200 56932 12672 11211  7780  1108
 14347 11146  5226 11120  1959  7948 10621 12749  5226  9097 32541 56932
   373  2831  2890 13748 12407  2138  1925 11211  1240 10532  5226 11795
  9348 56932]
28 [ 1793 56932 29767  5165  6151  9019 11211 39759 11120 12040  4472  8493
  6805 10212  4472 11791 56940 10291 10851   405  8165 56940 10621 15005
  1925   653  4472 11211 10475 56940 56946 56940  6151 11120 14294  4472
  4004 56932  1233 56940 11562 56946 56940  5226 12676  6151  2135  5224
 13004  4472]
14 [  425  4687 56932 26049 13396  5224  5373 10067   653  4472 56940  1090
 56940 56932    85 13339 13396  5224  8086 10067  2342  4472 15218  9283
 56942  4472  5806 56931 56945 56945 56945 56945 56945 56945 56945 56945
 56945 56945 56945 56945 56945 56945 56945 56945 56945 56945 56945 56945
 56945 56945]
2 [56940 13815   373  8922  3741  4472  3496 56940 56932 11499  7669 56932
 13386 11499 11211  5226 11120  5411   753 14560 56946  6876  5226 13450
  4472  2710 13790   848  5331  7057  4472 10606 56931 56945 56945 56945
 56945 56945 56945 56945 56945 56945 56945 56945 56945 56945 56945 56945
 56945 56945]
15 [ 5224  2792 56946 56932  4472 56942  5137 56932  4562 10423  2178 10621
 13441  9558 56932   373   983  2890  9075  4472 11120  3475 12031 10621
  2890 13356  1782 11427 11211  7002  4562 11120 12673 43527  4562 11120
 11211  5240 15111  4472 38365  1490 17406 10067 21845 56931 56945 56945
 56945 56945]
28 [56946 56932 12467 10067  1526  4472 11120  2204 16762 56946 56932  7780
 19760  5226 11120  6570  5217 11211  3717  5224  2729 10621 56932   907
  6151  1231   406 56932  5240   985 13371  8493 12031  4472  9205   681
 13396 14694  1388 56931 56945 56945 56945 56945 56945 56945 56945 56945
 56945 56945]
23 [13396  1231 12135  5224 14358 56932  3623  1231  4073  6151  2863  6151
 15276  4472   425 11334  4472  3077 56932 13396  6495 11211 56940  1469
 14261  4472  8493  9798 56940 56932  3828  4151  4240 56940  6728 13371
 11120  2556 56940 56931 56945 56945 56945 56945 56945 56945 56945 56945
 56945 56945]
20 [ 2890  5322 10067  1651 10067  4323 56932  4337 56946 56932 10376 11211
  8834 13021 13171 11211 56798  5226 17852   746  8192  2701  6151 14021
  5226 15243 10621  1240 15394  7780  3009  6151  2890  9763  7903 56932
  9000  4779 12676  6151 11211 11120  8108 10291 11120  2496  4472 11120
 12460 12683]
18 [ 5534  9625 15201 10291 11120  7645  2091 15944  2735  4472  2865 11117
 40187 10067  5138 56932 12764  1240  4125 50529  5529  6151  2890 11640
  4562   893 11211  1240 56946 10067  2052 10067 11554 10291  3142  2890
 15168  7785 56932 10954  6151   577 12407  4643  6151 12342 12675 56931
 56945 56945]
36 [ 1925   273 10621  1925  9687 56932 13371  5224  7330 12764  5240 13171
 11211  5224  3297 15445  4472 11120  5319  5226  5224 11211  5804 13604
  1240 11120  2751 13396  1231  1618 56932  5224 14938  4472  5804 56946
    85 19384  4562 11120 11213 12544  7436  4472 31305  7162 11211 56946
  1231 13893]
