8 [56940 11120  7626  5240  2890  3343 56940 56932 56946  5224 56946  9909
 56946 56932  9253 10067  8435  1925  2792  4472 11120  5956 56932 10928
  8712 13824 56932 11211  4562  1231  4836 19600 16584  1925  5234  9736
  3091  4472 11120 16776 10155 56931 56945 56945 56945 56945 56945 56945
 56945 56945]
7 [ 5226  8857 12687 56932  5224  3835  8320 23718 56932  3245  6151  6662
  4472 13811 56932 11211 12764  1240  4563 13837  4004 56946   848 14931
  6849 10067  8086  5226  5224 10119  1107  8984 56932  3874  5666  7909
 13396 11120  3077 56931 56945 56945 56945 56945 56945 56945 56945 56945
 56945 56945]
