7 [  668 11211  5226 15600 11120 11694 12764  3403  6151 13026 56931 56945
 56945 56945 56945 56945 56945 56945 56945 56945 56945 56945 56945 56945
 56945 56945 56945 56945 56945 56945 56945 56945 56945 56945 56945 56945
 56945 56945 56945 56945 56945 56945 56945 56945 56945 56945 56945 56945
 56945 56945]
19 [  930 56932  5226  6098  4472 56946 56932 56940 28089 11120  3778  4472
  1593 56932 14260  4151 14729  4472 14016 15590  6151  4746  6151  3685
 19577  4562  4151 56946  5226  5804 10025  9315 13901 56940 56931 56945
 56945 56945 56945 56945 56945 56945 56945 56945 56945 56945 56945 56945
 56945 56945]
8 [ 7868 11588 14900 56932  5224 11762  4472  5203 12305  6151  5471  5224
 13348 56932  9000  7868  5224  9230  5427  4472 13424  9121 56932 16181
 12753 56932  1231   653 56940   773 56940  3286  4113 11120 14662 14427
 56931 56945 56945 56945 56945 56945 56945 56945 56945 56945 56945 56945
 56945 56945]
13 [ 5224  9243 44723 56946 18433 56932 12407 16092  5226 11120 11093 14602
 56932  8642  6151 39027  5226  5804  8373  2627  3559 10621  6870 13974
 10067  9541  6151  2890 15805  9865 11379  5331  5804 32511 56932  3828
 20426 56942 16163 13396 56942 10067  9450  9115 56931 56945 56945 56945
 56945 56945]
