3 [56940  5240  2890  1094  8148 13396 11122 11211    85  1231  7626 10621
  1231 14088 56932  6151  6256  4472  5615 56946 13396 12082  7956 11896
 12764 16953  4472 11047  2861 12766 56932  4391 10621  8493  8106  4472
   587 56932  4472  3421  1362  4472 11231 56932  9592 13396 11120  7489
  4472 15394]
9 [ 8493  6805  8393 10067  1950 15288  1694 14341 11120  9342  3285 13396
    52 12078 13360 10067  1651  6151 11120  1391  4472 13030  2820 11515
 56931 56945 56945 56945 56945 56945 56945 56945 56945 56945 56945 56945
 56945 56945 56945 56945 56945 56945 56945 56945 56945 56945 56945 56945
 56945 56945]
16 [ 5804 13801  4472 11673 11556   746 11682  6151  2259  3104 13595  7956
  8493  1958  4022  4472  5973  3682 13396  4151   739  2291 15023  1127
  5224 11478  4472 14535 56931 56945 56945 56945 56945 56945 56945 56945
 56945 56945 56945 56945 56945 56945 56945 56945 56945 56945 56945 56945
 56945 56945]
