1 [56940  5240 12246  2738  3336  6151 11120  7440 10067 10620  4472  8373
   848   420  3861  4472  4842 56940 56932 15201 14418 56932 13386 11499
 11211   753 11211 12676  6151 11211  1240  4635  4151  1746  7956  5804
  1610  5226 11120 11259 10366  1217 56934 56942 56935 10621 11120 14277
 10067  4842]
0 [14190 13371  8485  3904 11211 11120  2894 15137  6151  6416  2890  1673
  6151 13478  5804 11211  7439 13371 14883 56932  9000 11211 12764  1240
  7176 11224 10291 56946  4472  5187 11531 56932 41670  6862 44495  5226
 13478  5804 10700 56931 56945 56945 56945 56945 56945 56945 56945 56945
 56945 56945]
9 [56940  6997 11211  5207  7780  3720  5224  1437 14260  8946 14792  9496
  4562   420 13349 56940 56932  6299  5224 14479 56932 11211  1240  3623
 56940 28983 46063 56940 56931 56945 56945 56945 56945 56945 56945 56945
 56945 56945 56945 56945 56945 56945 56945 56945 56945 56945 56945 56945
 56945 56945]
15 [56940 13831  6151 12676 11211 56946  9379 16299  3861 56931 56946  6151
 11981  4472 12453  5240 12246 56931 14099 12764  4365  7075 11211   424
 15145  5224 13959  5226 11211  1240 40532 10636 15583  4562  8225 56940
 56932 15201 11120  4949 56931 56945 56945 56945 56945 56945 56945 56945
 56945 56945]
