2 [ 5224 56940  2047  4472 11120  6471 13396 11120  9584 56940    85  6659
  4472 13030 14989  1925  5078  4472 11120  4916  4472  8493 56940  4722
 13396 11120  9584 56940 11211  6667 15168  5224 11255 56942  4472   995
 56931 56945 56945 56945 56945 56945 56945 56945 56945 56945 56945 56945
 56945 56945]
15 [56940   753 11211  1176 13396 15243 26055 13371  5224  4472 56941 12015
 11122 15590  6151 13703  4472  4151  4756 56941   848 56941 12015  2662
  6151  8606 23082 56941 56932 14260  4562  5804  1421  1240  7709  8606
 13365 56932  9000 12764  2529 23082 56940 56931 56945 56945 56945 56945
 56945 56945]
16 [ 2240 56932 12015  7780  4643  4472  8493  3196 22502 11211  5224  7238
 11211 14817  5224 28302 18217  4472 56940 26071 11120  3363 56940 56932
 15145 11906  5226  8445 14915 35698 19714 10291 11120 17292 10621 11120
  3363 56931 56945 56945 56945 56945 56945 56945 56945 56945 56945 56945
 56945 56945]
21 [ 5224 14299  5769 13987  8036 27637  3017  1170  5226  5224 29943 12761
 10621  4161  5224 12675   972 12764  1240 56946 11120  8998  4472  1233
  7334 56932   848 12764 56932  1633  5224 12741 56932 12889  4562  8493
 26036 13328  9840 12350 56931 56945 56945 56945 56945 56945 56945 56945
 56945 56945]
