17 [56940 15083  4472    52  3521  5804 15888  4472 11120  5187 11211 56946
  5804  8373 56932 11211  5207 56946 56946 56940 56932 15772 56932 56940
 56946 10621 11400  8493  5265  5240  2890   974 25929 56940 56931 56945
 56945 56945 56945 56945 56945 56945 56945 56945 56945 56945 56945 56945
 56945 56945]
8 [56940 12473  4937  1711 56932 10621  5534  5207 56946  6075 56932 36599
  4562  5804  4472 10025 15802   848 10067  5879  4472 15148 56932 11211
  3245  1396 39047 56940 56932 15353 56931 56945 56945 56945 56945 56945
 56945 56945 56945 56945 56945 56945 56945 56945 56945 56945 56945 56945
 56945 56945]
