7 [ 6221 11120  7384 15685 11211  7871  1231 15316  4693  4472  1787 56932
 11122 11211  9083  1694 56940 15526 56940 56931 56945 56945 56945 56945
 56945 56945 56945 56945 56945 56945 56945 56945 56945 56945 56945 56945
 56945 56945 56945 56945 56945 56945 56945 56945 56945 56945 56945 56945
 56945 56945]
4 [13685 14504  5226  1231 10043 11211 56940  3572 14968 11120  6946  2370
  5224 14358 32747  6151  2890 13937  4472 18011 56940 56932 56940  1709
 14102 11120  3252  7945  6151  2890  1437  8033  4562 10442  7956 14299
 56946 56940 10621 56940  4151 14729 56946 11120 13269  6151  6686  6151
  7198  4472]
21 [11120  9654  4472 11120  5001  3703  7780  9312 11120 14768  5748  6151
  9687 13396  5224   413 13661 56932 11211  5226  1231 13844  4472 12948
 10627  2890  2047  5226 15276 10067  6336  9586 11191 56932 12475 13371
  8099  4993  4472  3572 56932  5226  5224 11211  4665 13371  5860 56942
  6361  4472]
37 [ 2890  7738 56932 56946 13371  2890 17811  9558 10621 32968  4562  8586
 10067  6013 40518  6151  1231  6566 10621 11211  9358  6151 11120  9893
  3733 56932 56946 10621 14931  4200 56932  4302  6151 11120 16346  5226
  1231  1863  4472 13171  4472  8493  4000 56931 56945 56945 56945 56945
 56945 56945]
25 [ 8509  5224 12687 56932  9222 14576  5224  4200 10067  4339  4472  4151
  1505 13396  1231 11124  4472 46350  4472 11120  3174 10621 15394  3623
  1231 15038 56940 14757 56940  5226 11120 10509  2370 11120  8728   630
 56931 56945 56945 56945 56945 56945 56945 56945 56945 56945 56945 56945
 56945 56945]
