13 [14315  5226 11120  9868  4472  1231  7415 13439 56932  1240  7997  6151
 11358 48803  7363 51726 15794 13502  4151 12850 18416  5226   587 11211
  4473  1231  7132 12297 12297  4246 13396 11120  4836 10067 11239 56932
 56946 56946 12297 12297 56932  8493 29743  4006  4472  2260 56946 56931
 56945 56945]
17 [11120 10043  4472  4151  2661 13473  5804  9446  1240  7780  5465  5226
  5224  2952  2690 11211  8783  7431  5224 12886  8722 10067 10386 13210
 56931 56945 56945 56945 56945 56945 56945 56945 56945 56945 56945 56945
 56945 56945 56945 56945 56945 56945 56945 56945 56945 56945 56945 56945
 56945 56945]
