22 [56940 11120  8955  5240  2861 56936 11149 18975 15009  6151 13278 10291
  5307  6151  2529 13171  6695 56937 56931 10621  6196 12764 56946  3260
 14260 12764  5850 13396 11149 13278 56931 56936  2865  9929  6151  4151
 22008 56937 56940 56932  1240  3484 56931 56945 56945 56945 56945 56945
 56945 56945]
38 [56940 12764  4365  7581 16935 56932 11372 56946 56932 11372 21334 56931
  5207 13180  6226 10621  3245 11120 14329 56931 13396 11674  5224 56946
    85  8993 14974  5226 12596  3828  4852  8373  5574 56932  8630 11211
 14099  6950 14394  8503 56940 56932  1015  5224  6184 56931 56945 56945
 56945 56945]
9 [ 5226  6098  4472  5804 19765   366 56932 12297   428   551 13300  4472
  8493  9453  4037  2824 56932 12889  3645  6151  2529  3058 51690  6221
   425  7645 20957 12297 56931 56945 56945 56945 56945 56945 56945 56945
 56945 56945 56945 56945 56945 56945 56945 56945 56945 56945 56945 56945
 56945 56945]
2 [ 9000  8596  8946  4472  1225 56946 10621  6950  1240 12421 56932  4562
 31995 11443 56932  4472  3740  4472 11120 14675  6151  5544  5226  1601
  4472 11120  1296 56931 56945 56945 56945 56945 56945 56945 56945 56945
 56945 56945 56945 56945 56945 56945 56945 56945 56945 56945 56945 56945
 56945 56945]
