7 [15285  5224 13171 31829  5139  6151 11120 12183 12042 10621 56946  4472
  4151  2171   848  3336  1317 11211 56946  5224 12761  5432  6862 56946
  2570  5226 11853 10700 56931 56945 56945 56945 56945 56945 56945 56945
 56945 56945 56945 56945 56945 56945 56945 56945 56945 56945 56945 56945
 56945 56945]
6 [13396  8593 56932  6894  5165  8493  7891 56940  6863 56940 10067 10119
  4472  8307  4472  1551 11211  4106  2890 10119 56940 24325 10621  4813
 56940 10291 30688  6151  5804  4835  5226  5224  4842 13260 56931 56945
 56945 56945 56945 56945 56945 56945 56945 56945 56945 56945 56945 56945
 56945 56945]
13 [13396  8593 56932  6894  5165  8493  7891 56940  6863 56940 10067 10119
  4472  8307  4472  1551 11211  4106  2890 10119 56940 24325 10621  4813
 56940 10291 30688  6151  5804  4835  5226  5224  4842 13260 56931 56945
 56945 56945 56945 56945 56945 56945 56945 56945 56945 56945 56945 56945
 56945 56945]
11 [ 4472 18899  6151  9687 56932 11120   990 39795  8493  3174  4562  8732
 22857  4472 56942 11804  4472  5895  8630 11211  5804 13767  7329  8407
 56946  1925  8871  2890  4052  4472 56942 11804  4472  5895 56931 56945
 56945 56945 56945 56945 56945 56945 56945 56945 56945 56945 56945 56945
 56945 56945]
18 [ 5224   615  2944    85  6253 13396  5224 14012  7268  8268 56934 56946
 56932 56946 56935  5226 11120 11093 13046 10067  6171  5226  5224 11211
  5224 15363  4472  8583  4084  4062  4562  8493 12312  3196 56931 56945
 56945 56945 56945 56945 56945 56945 56945 56945 56945 56945 56945 56945
 56945 56945]
29 [ 5366  1040 11211  7119 12683 56940   373 12214 12151  6151  4151   243
 12707 56940  1633  4151  4088  6630  4472  5804  9271 56932 12555  4472
 11248 56932 13396  5224   222 11172  4472  8280 56932  5157  6003  4472
 13462   848  2036  4472 15660 56932 12889  5224  1499   418  9836  1231
 14519 56931]
33 [10291  5804  4908  4472 11120  5918 56932 11120  2169  4472  5804 13043
  7962 56932 12555 11120  6855  4472  2828 56932  1240 15174  5217  5224
  1601  4472  8819  3405  5226  8493  4472  4151 14928  3455  4472 11921
  5217  5224 11143  8658  4472 56942 56932  5534  5804 10319  7502 11067
  5217  5224]
13 [ 2480 10621  4984 56946   217  1231  5139  6151 11120  3737 10621 12166
  5224  3299   826  4472  5804   352  7956  7430  8509  5804 56942   949
 39015 10067 11100  4472  4709 56931 56945 56945 56945 56945 56945 56945
 56945 56945 56945 56945 56945 56945 56945 56945 56945 56945 56945 56945
 56945 56945]
9 [ 5224 14399  1543  1793 11211  9486  2151 15145 11120  2796  3091 10067
  3612 56931 56945 56945 56945 56945 56945 56945 56945 56945 56945 56945
 56945 56945 56945 56945 56945 56945 56945 56945 56945 56945 56945 56945
 56945 56945 56945 56945 56945 56945 56945 56945 56945 56945 56945 56945
 56945 56945]
6 [ 5224 11010 10067  3053  4472 11120  6488 10067  4584 10067  2792  1909
  7380  6619  7780 15076  6950  6151  9537 11211 11041 10570 13396 12764
 12802   848  4518 11211  9388 12764  1240  9633  4472  3260  4472 11122
 11211  2048  5226  5224  1926 56931 56945 56945 56945 56945 56945 56945
 56945 56945]
49 [ 5226  2890 12036  7956  4151  9643 11211  3315  5226 11120 13476 56932
  5224  8699 10246 15201 11211 11120  5818  1043 10291 11211  5804 10624
  4472  5804 13043 10700  1240  4268  2240 10621 10291 11211  1240 56946
  2890  2445  4561  4472  8493 10947 56932 11211  7494 13371 12684  2230
 11120  1126]
2 [11120  2178 13450 10067 56946 56931 56945 56945 56945 56945 56945 56945
 56945 56945 56945 56945 56945 56945 56945 56945 56945 56945 56945 56945
 56945 56945 56945 56945 56945 56945 56945 56945 56945 56945 56945 56945
 56945 56945 56945 56945 56945 56945 56945 56945 56945 56945 56945 56945
 56945 56945]
11 [10420 56932   668 11211  5804   190 10067 21309 29391 13396  5224  7581
  4472 17128  1925  4556  6341 11211  1231  4200 12764 12282  5804 56942
  5895 56934 13649 56942  5699 56935 56931 56945 56945 56945 56945 56945
 56945 56945 56945 56945 56945 56945 56945 56945 56945 56945 56945 56945
 56945 56945]
34 [56940  5224  8716 10067  8254  4472 14653  2307  5804  4236 56932  2940
  6151  2259 12732  4472   392 10621 11910  6151 11120 12643  4472  8219
  4472  5566 11211 56946  6786   692  1357 10621  7176 11120 16469 10067
  7973 56940 56932 12828 56946 56931 56945 56945 56945 56945 56945 56945
 56945 56945]
17 [11120 33218 24513 13885  5226  5224 56946  4472 11120  8199 56932  4687
 11211 12764  7780  5538  5224  5104  9329  4472 14072 13396 11120 14779
 23899 56932  7868 11120  1853 56932 11211  5224  6260 56942  4472   995
  3717 11120 13870 10621 13185  4472 11120 10595 56946 56932  5226   523
  4472 11120]
3 [56946 15274 11120 13269  9821  4472 20049  5226  5224  8876 12168  4472
  8365 56931 56945 56945 56945 56945 56945 56945 56945 56945 56945 56945
 56945 56945 56945 56945 56945 56945 56945 56945 56945 56945 56945 56945
 56945 56945 56945 56945 56945 56945 56945 56945 56945 56945 56945 56945
 56945 56945]
11 [ 5224  9307  4177  4472 12340 11449   425 14675  5226  2555  5224   270
  5226  8689  4472   381  3654 56934  3861 14131  4759  3144 56932 12578
  8183  9859 56939 56935 56932  4246  5226  5047 56932 11120  7253 14088
  4472  5441 12290 11211 13851  5904 15377 56931 56945 56945 56945 56945
 56945 56945]
32 [13744  4327 56932  2890  6239  1604  4472 56942  5137 12873 56934  4472
 14505 14435 11120  9503  4472  8493  1216  1925 56946  2890  1852 13139
 56935 56932  7780  8192  5224 11685  4472 11120 10316 10291 10442  4472
 10665 12845 56932  9367 11211  8509   420  9939  7780  8628 11120 13699
 56932 12889]
43 [ 4472 14399  4562  8857 13004 56932  4151  9684 17167  4472 10766  1218
 18458  4472 56946 56946  4472 56942  6468 10267  8493  5226 14842  4472
 56942  6151 56946 56946  5226  5224 12675  7977  4472   424  2689 56932
  5226 13554 11211  5804  8732 13396  4151  9684 10067  6604 18458  4472
 56942 11804]
34 [ 4472  2890  5689  1240  5924  4472  3806  4922 56932  4472 12761  6151
 11120 12523 56932  4472  8144  5432 56932  4472  6221  8493 14988  4472
 12164  4472 14555 47390 11211 48459  6151 15223  5226 11120 56946  4472
 11120 10134  3733 56931 56945 56945 56945 56945 56945 56945 56945 56945
 56945 56945]
38 [15083  4472   933  7929  5226  1231  8290  1855 13371 13724 12297 12297
 11940  4472    13  1926 56934 56942 56935 12297 12297 56932 11905 11719
 56946 56934 13579 56932 56944 56935  7578  6151  1231   830  4472 14355
  4562  5224   270  4472  3072 56932  2890  1136  4472  4758 10958  9653
  1602  5560]
24 [ 5224 12500  3189 11211   101  9840  4448  8849 10916  5226  1004  4472
  8493   545  1085  4562 29944 56932   848  6115  5947  4087  4562  5804
  4679  4472   545 10291 14040  6151 11120 13476  5226 11120 10280 56931
 56945 56945 56945 56945 56945 56945 56945 56945 56945 56945 56945 56945
 56945 56945]
4 [ 4562 15058  6151 11120  4687  4472 13760   848   990  4472  4611  2551
  6862 15501 56932  5224  2792 11499 11211 56940 12764  5850 20509  1009
  3260  1925 15058 56932  6197 11211 10267  8503  5240 12407  7376  4472
  7099 13371 18557 56933 12764  2451 12015 11073  5224 15623  4472  5804
 56940 56851]
8 [ 4562 15058  6151 11120  4687  4472 13760   848   990  4472  4611  2551
  6862 15501 56932  5224  2792 11499 11211 56940 12764  5850 20509  1009
  3260  1925 15058 56932  6197 11211 10267  8503  5240 12407  7376  4472
  7099 13371 18557 56933 12764  2451 12015 11073  5224 15623  4472  5804
 56940 56851]
16 [ 9000  8373  4472  5804   420 14058 13847  4472 11872 11120  5329  7936
  6151  5489 56932 56942   357 10067  1673 55412 56932 12835  7956  5224
 36490 10067 14139 44238 16844  4472  4151  4961 56934 16465 56935 56931
 56945 56945 56945 56945 56945 56945 56945 56945 56945 56945 56945 56945
 56945 56945]
23 [ 5224  1681 10067  6260  4522  5226 14564 15067  4161  5804 56942 15457
 56932  5224 14198  5715  5226 13441 14378  9939 56932 41901 11120 16412
  4472 11211  5224  8538  7780  1266  5226  2890  3716 20487 10621  9524
  8493  3875 42921 10291 23540 13835 56931 56945 56945 56945 56945 56945
 56945 56945]
47 [56940  5240 12246  2738  3336  6151 11120  7440 10067 10620  4472  8373
   848   420  3861  4472  4842 56940 56932 15201 14418 56932 13386 11499
 11211   753 11211 12676  6151 11211  1240  4635  4151  1746  7956  5804
  1610  5226 11120 11259 10366  1217 56934 56942 56935 10621 11120 14277
 10067  4842]
15 [  217  5226 11950 56932 12764   753  5995 20197  4472 14914  4136 11211
 12764  2050  9394  7969  4472  5916 11690  3828  5224 13256 11122  6722
  6226 14931 11211 17490 19370  5856 11554  6151 56946  4562  8493 37077
  8786  6151  5804 14543 56931 56945 56945 56945 56945 56945 56945 56945
 56945 56945]
28 [13567 56946 56932  3497 10067  8876 13554 10067  3612  5913 56932  8666
  6151 56942  1231 14662  5226  5224  7871 11284 10621  6197  5240  1782
  5226 11648  4472 11120 11753  4472 10131 10067 13732  5226 11120  8200
 56946 56932  4562  8503  4472  2415  7956   861 56931 56945 56945 56945
 56945 56945]
23 [ 5224  3353 10246  2746 13371  9519  1633  3222 11120  2684 10067 13242
  3667 12594 56932 13386  7334  5226  5224  5076 25365  4472 11120 10241
  4472  1681 10067  5138 15275 56932 10621  6151 56946 27260 56932 13386
 12212  5226  5224 10792  4472 11120  8290 10241   635 56931 56945 56945
 56945 56945]
25 [ 5226  2890  5875  3268  4472 11120 56946  5224 56942  4472  5385  5226
  5224 19411 10067 12074 16004  4472 11120  9584 56932 11211 12764 25073
 13371  7079  4472  2890  7777 56932  1240  5132  8448  4472  5045  8851
 18244 10621  1240 56946 14777 20054 56932  1096  5224 13615 56931 56945
 56945 56945]
30 [ 5224  2792  4472 56946 56932  6621 12748 56932 15005  4472 11211 56940
  5224 10511   224  4472  6935  7198  5224  7450 56946 10067 10438 56946
 56932 11211  1240 11836 13396  8493 13455  4472  5804 11210  4472  5272
 10621  3410 56932  6116  4472  1510  4472  5095 56932  5387 10621 56946
 56940 56931]
33 [ 7868  9640  6894 56932  4285  2631  4472  5804   278 56932 12764  1240
  6760  6950  4472  8493  2263  4472  8626 11372  4472  2890  3831  5351
  4472  1231 13322 56932 10954  3245  4472 56940  8493  4543  3196 56940
 10067   167 56932 11578  5226 56940  1231 12544 13396  5804   541 56940
 56931 56945]
10 [14190 11122 13171  9329 11211  5224  1782  4472 11120  3474 10643  4472
   653 56932 11211   373  1925 13344  4472  2890 13723  4472 56942  1416
 56946 10621  4562 11401  4472  9761 56932  5856 10785  5226 11120 12759
  1976 56932 11211  5240  3828  1240  1340 11211 11872  4151 11159 12230
 56931 56945]
34 [ 8630 11211  5224  3461 56942  6974 11211   865 56946  4151 11601 56946
 10621 56932 10611 11646 56932  5224  1951   951   425  9168  6151  4151
  5836  2861  4151 11211 56940 15083  4472 28553  3317 11120  6805  4472
  2890   837 56940 56933 56940  4151   849 10937 56940 56933 56940  4151
 11211 56932]
41 [11120 41753  9823 10067  2880  4472 13893  1240  7780 13381  5226  4492
  5545  6151  8850 10793 56932  1233  4518 12764  7780  9591 11932  5224
 12939  4472  2091 56932 11211  8783 11120  5807  4472 56946 16027 15505
   211 11120 23290  4472  2890  8512  4472  6927   848  2890  2445  4472
  2677 56931]
15 [15083  4472 13728 14373 10621  8493  7415 14329 12031 10067  6319 56932
  2530  4562 11120  5844 10067  6171 56932 11120 56946  1240 39009 13396
 11120  5157 10067  6171 10621  5224 13185  4472 11120   226 56931 56945
 56945 56945 56945 56945 56945 56945 56945 56945 56945 56945 56945 56945
 56945 56945]
31 [ 5224  5799  5226  5224 11211 23429 13371 11061 56932 56940 56946 56940
 56932  4562  4361  4472 21902 56932  9490 56946  4472 16997 56934 14134
 56935  5224  6260 11950 56942  4562  8493  5012  4472 13043  4284  4562
  3542  6151 12379  5452 56932  6862  8057  5224  6260   273  4472 12921
  8493  4903]
37 [ 5226 11120  4932  4472  3290  1240 12993   683 11151 12764 31758  4472
 14352 13455 56932  9000  5804 14058 56932 11211 56932  1925  6495 56932
 56946  5224   587 10067 51803 56932 12764 56946 11120  3778  4472 22000
  5224 24179  4472 11120 13300 56931 56945 56945 56945 56945 56945 56945
 56945 56945]
6 [10621  5226  2890  8778  7956 11120 12695  4472 11120  2894 10454  6151
  1009 11211 13537 56932 11211  5226  4151 14862 10937  2844 10608 13637
  6644 10621  5483 56931 56945 56945 56945 56945 56945 56945 56945 56945
 56945 56945 56945 56945 56945 56945 56945 56945 56945 56945 56945 56945
 56945 56945]
47 [11120  3933 11895  4472 11120 10742 56932 11211  3946  5224  5234  6340
   936  3617  6672 56932  1240  8462 10067  6319  8373  3861  4693  4472
  5804 13283 15083  4472 11211 11120  8108 10471  3406  1231  2371  4472
 14667  8509  8834  3861  4151  4290 10291  8986  5224 10119  4472 11463
  4472  2322]
21 [ 7868  2890 14399 11815 10611  5224   653 10621  5224 13723 25378 56932
  8850  1229   582 14274  5226  5224  5352  4472  4151   733  4472  1447
 14114 10621 56946 56932  5226  5224  9211  4472 15937 56932 10621 56946
 56932  5226  5224  4472  1001 56931 56945 56945 56945 56945 56945 56945
 56945 56945]
37 [ 9379  8373  8390   865  5804 11282 10067  8614 10471 11211  9201 56946
 56932 13386 56932 14931 11744 56932 12764 11606 11148  2890 14665  6128
 14107  6151  1231   695 10621  8993  4946  5488    63 13396 11120  3778
 10067   653  4472 11120  9849  4472  4421  6151  4151 15090  4472  5804
 13043  9097]
43 [24442  4472 11211  1231 12213 10471 56932 56940 11120 11921  1135 56940
 56932  1240 23853  6151  1231 14665 56932  7404 10067  5071 10621 11120
  1019 10621  9198 11995  6151  4151  6423 10621  6151  5804  4510 56946
 56932  5226  5804 11211 12135  4562 11120  7676  4472 13822 10219  4472
 17472 56932]
33 [13396    13  5689 56932 12049  3618  1240 56946  6151 11120  8001 10794
  5226 15232  4472  9394 22495 11211  1240  4563  8524  4562  5224  2792
 10067   653  4758 13529  9222  4562  7678  4472 11120  4916  5226 11120
 13476  4472 11120  5818 11064 56931 56945 56945 56945 56945 56945 56945
 56945 56945]
12 [11120  4002  5685 56932 56946 56932  3064   217 11120  8134  7956 11120
  6544  5226 11120 12815 12957  5685  4472 56942  7393  4472 13893 14931
  2300  6418  6151 11120 11066  4472  1618  4472 14088 10236 56932  4884
  2684  1925  4842 13260 12780  4151  5008  7956 11120 10615  4472 10292
 10291  5224]
16 [ 5224 10242  9823  4472 56946   530  6609  5226 11120   409  4472 11120
 13553 10621  1898 11120 11469  7416  4472  5804  7394 13371  4534  4472
 11851  6151 11120  5899  4472  8330 56931 56945 56945 56945 56945 56945
 56945 56945 56945 56945 56945 56945 56945 56945 56945 56945 56945 56945
 56945 56945]
4 [31584   373 10611  4151 20703  4472 11120 37040 56932 12555  5217 56942
 56932  5534  8493  6805  4472 11791 12953 11211  5224 14860 10067 13893
 17885  4125 12407 23301 56931 56945 56945 56945 56945 56945 56945 56945
 56945 56945 56945 56945 56945 56945 56945 56945 56945 56945 56945 56945
 56945 56945]
22 [ 5224  4569 10067 12328 24312 56932    55 13707 56932 14231 11211  5224
 14555  7901 16175  5179 13439  2861 56940 12764  4146  5224 13296 12407
  3269  4472 12328 56940 56931 56945 56945 56945 56945 56945 56945 56945
 56945 56945 56945 56945 56945 56945 56945 56945 56945 56945 56945 56945
 56945 56945]
29 [ 5224  6516  4472  7581 10621  4569  6151 11120 14720  3037 15071 10291
  2890  9518  3146  4472   653  4562  5224 56942 13396 14108  4472  5804
  2322  4118  5226 11120  8290  7037  4472  5804 13283  4256  6151 11120
 11211  1240  7951  5224  6260   972  5226 11648 14931  1431 11372    24
 56931 56945]
1 [11120  6462  4472  2139 56932 13386  2645  8493   657  2180  4472   406
  5226 13822  4111  8373 14117  9939  5226  5224  5003 56932  8627  1231
  4339  4562 11120 10151  3682 10067  6319 56932  8630 11211 11120  7384
   411  6151  2139 13396 13822   959  5722 56946  4472 56946 56931 56945
 56945 56945]
24 [11120 14476  6393  4472 56946 56932  4472 56942  5137 56932  1240  2313
 15083  4472 11211 11120 14611  9823 10067  7581  3855  4562  1807  5224
  9591  4472 11211  5224  2792  6309  5892  4472  9424  4472  5895  4472
  5121  4472  9220 56932  8630  5016 13098 15244 56932 11211 12764 10376
 56931 56945]
20 [ 5224 10242  4472  7581 56946 11211 11120  1274  5226 11120  2894  4472
  9394 10700 10067   424  6913 10291  1723  8493 10177 56940  7253 56940
  4472 10147 56940  4173 56940 56932 15083  4472 11211 13396 56940 14324
  7606  5226  5224  6260 10621  8165  5226  5137  4979 56940 56932   418
  7581 56940]
2 [ 6226  5240  8884  4472  7626 55368 10621 34838 56946  5226   424  7238
 17894 56932  7973 10621  8041 56932 11211 12764 14190 11372  8262 11372
 16185 56932 11673 14754 14915 24105  4472 30659 56931 56945 56945 56945
 56945 56945 56945 56945 56945 56945 56945 56945 56945 56945 56945 56945
 56945 56945]
2 [10621 11120 13300  4472 11211  5224  4842 12764  5240  7376  5240 11211
  1233 13691  3645  6151 12342 14931  2890 11757 12764 11117  3992  3260
 56931 56945 56945 56945 56945 56945 56945 56945 56945 56945 56945 56945
 56945 56945 56945 56945 56945 56945 56945 56945 56945 56945 56945 56945
 56945 56945]
13 [10621  6205  4151  3765 56932  5224  1385 14201 17182 11148 15038  6151
 11120 29062  4472  9222 56931 56945 56945 56945 56945 56945 56945 56945
 56945 56945 56945 56945 56945 56945 56945 56945 56945 56945 56945 56945
 56945 56945 56945 56945 56945 56945 56945 56945 56945 56945 56945 56945
 56945 56945]
8 [ 1233  4151 24911  5708   865 10877 56932 11120 14208 10067  2693   373
 56932  1793 56932 56946  1925 13804 11096 13974  4472 11120 12613 15161
 56931 56945 56945 56945 56945 56945 56945 56945 56945 56945 56945 56945
 56945 56945 56945 56945 56945 56945 56945 56945 56945 56945 56945 56945
 56945 56945]
3 [15058  6151 11120  8494  3548  4472 19063 10621 15853  5226 11120  7693
  5226  4151   514 11970  4472  1231 11150 56932  5224 56946  1759 11211
 56940 12764  1240  8057  3260 56121 56940 10621 11211  4125 15009  6151
  7325 56940 13974  4472  2890 13152  7410 56940 12627  9840 10809 10267
  4992 56931]
49 [ 5224  5234  6340 13382 11211  5226  5804  4393  7381  9939  1240 56946
  5226 12424  4649 56932  9000  1040 11211  6197 11122  7780  2779 10621
 11211 11117 56946  1000 11211  1231 16581  5226  5224 11034 12764  7780
  5492 14041  5400 56932 13371 11122  7780  3858  5224  9591  4472 11211
  4151 10201]
26 [ 5226  1231  6098 56932  5224 11575 10067 12870  7364 56940  5240  2890
  2052 14427  5226 11120  9927 15161 56940 11211 56940 10823  5224  2275
  4472 11120 13553  4472  2890  6319 14079 56940  6151 11669  3172 10621
  5240 56940 11120 14022  4472  4151 12453  2282 11211  1240  8269  6151
  7003 56940]
24 [ 5224  5566  4472  2460 10291  5804  4185  7381  5137 56932 26126  5226
  5224 56942 13396 14108 13797 56932  7868  5224 13488  9823 56932 13649
  9684  4472  7023  4472 56942 11804  4472  7821 56931 56945 56945 56945
 56945 56945 56945 56945 56945 56945 56945 56945 56945 56945 56945 56945
 56945 56945]
2 [12764 11120 10365  4472 11482 56932 11211  6226  5226  7182  5240  1958
 56932 10954 11120  3852 56932  1231   281 10621  1231 14860 12033 56931
 56945 56945 56945 56945 56945 56945 56945 56945 56945 56945 56945 56945
 56945 56945 56945 56945 56945 56945 56945 56945 56945 56945 56945 56945
 56945 56945]
6 [10611  5488 15090   736 56940 11120 15249  3268  8509  4151 56942  1362
 10067 11950  4472  5804 20917  4472 11516 10621 11120 12659  4472  5804
  7340  5318 11211  9661  5226  4151 13988 56940 56932  7868 11120 56946
 56931 56945 56945 56945 56945 56945 56945 56945 56945 56945 56945 56945
 56945 56945]
10 [ 6950 56942  4472  5804 56942  8433 13396 11120  5157 10067 13588 10067
 56946 56946  9706 12948 14793  5224 14181  4472  5804  7103 11211  6197
  4563 11014 56931 56945 56945 56945 56945 56945 56945 56945 56945 56945
 56945 56945 56945 56945 56945 56945 56945 56945 56945 56945 56945 56945
 56945 56945]
36 [ 4151 14030 10067  7581 56932 11120  2496  2106 10621  5804 14304 15244
  5226  5224  2689 56942 56946  5226 12937  4151  3388  6653  4195  5226
  2668 10621 11122  1613 13171  5226  7419 56932  7868  5804  7795  4472
  5869  6187  4472 11120  5908 10468 11211  1240   290  5226  5224 15316
  4472   266]
21 [ 5224  8876  9230 23358 56932 56946 56946 56932 56946  6151 10442 13396
 56946  1231  1870  6151  7178  1925  2710 10621 11120 14678 10067  5234
 15442 56931 56945 56945 56945 56945 56945 56945 56945 56945 56945 56945
 56945 56945 56945 56945 56945 56945 56945 56945 56945 56945 56945 56945
 56945 56945]
47 [ 5224  2792 10246 56932 13029 13420 56932 10651  1231   445 13396 11120
 14720  5224  6260 13348 20490  1925  9322 10067  6319  5226  2890  2625
  5942 10621 26284  5226  7821    50 56932  6862 14691  4472 11211  8209
 56932 13396 11122 11211  4770  4472   445 56932 13822 15344  5226 56946
  4472  8851]
3 [56940 11120   207 13450 56946 10067  6319 12297 12297  5061 12297 12297
  2940  6151  2434  6151  2529 45317  4562  5224  9591  4472 11211  4151
  5839  4290 11211  1240 56946  5226 10215  3245  9444 56946 56940 56931
 56945 56945 56945 56945 56945 56945 56945 56945 56945 56945 56945 56945
 56945 56945]
38 [56946   530  1920  2890 10119    36  4472  2496  5226  5804  3163 56932
 35924 13396 11120  1391 10621  5331 11120 11752  4472 11120 12613 15161
 56934  2894 56935 56932 13371  7811 11778 10291 13018 11120 10139  4472
  5804  2140 12379  4472 11120 14073 56931 56945 56945 56945 56945 56945
 56945 56945]
37 [ 8509  5224 15120 56932  5224  9230  4472  9121  2203  6151  2478  5804
   352  4472 11120  3737  2370  7178 10621 11979  4472 17299 12937  4151
  1746 11211   746  2729  5226  8998 10722  4472  4151 15461 56946 13396
  5224   653  4472 11170 56932 13371 11120 17264  4472 56946   848 11120
  7442 56940]
10 [ 5224 10988  4472 11120 10714  7035 10291 11434  4562  5224   653  4472
  4151   420   171  4934 10621  5224  7057  4472  4151 11876  8239  6197
  5773  5226  2890 14175  5935 10611  5224  2792  4472 15610 56932  4233
 15255 56932 10621  5224 10242  9823 56932  7631 12967 56932 11211  7951
  1231  6393]
32 [ 5224  5234 13584  5887  4472 11120 12613 56946 56934 14237 56935 10621
  8351  4472 11120  7243 11515 10067  5234  6340  9091   690 56932 32789
 56946 56932  8356  3245  4004 21482 10291 11120  5404 13346 10067  9541
 56946 56934 14237 56935 56931 56945 56945 56945 56945 56945 56945 56945
 56945 56945]
9 [12889  3401 11120  7243  7483 12764 25073  5226   425 10056  4472   304
 56940  8139 56940 10291  8689 56932  5224  2792 10067  5688 11120 10560
  4562 14201  5217   425 12262 56931 56945 56945 56945 56945 56945 56945
 56945 56945 56945 56945 56945 56945 56945 56945 56945 56945 56945 56945
 56945 56945]
10 [ 3336  5528  4472  2441 56932 13371  5224 13857  4472 11120  2872  4472
  4151  2474 56932 56940 12764  1340  2890 12284  6512 10291 14122  4273
 56940 56932  6299 56931 56945 56945 56945 56945 56945 56945 56945 56945
 56945 56945 56945 56945 56945 56945 56945 56945 56945 56945 56945 56945
 56945 56945]
42 [ 1793 56932  5224 14555 12761   582  4041 10291  4587 11120  6079  4472
  5804  9362 10621  5804 14997  4472 11120  1628 56932 10621 11120  3806
 11211 53336  2396  4472 11669  1926 56932  6197 11211  5488 15461 14915
  9051  6950  6955  5224 56946 10067 13276  5972  4472 12217 56931 56945
 56945 56945]
14 [56946 56946  2332 11211  9490  8192  1864 10621  4745 13396 56946 56946
  8509  4151 10664  4472 11120  4836 56931 56945 56945 56945 56945 56945
 56945 56945 56945 56945 56945 56945 56945 56945 56945 56945 56945 56945
 56945 56945 56945 56945 56945 56945 56945 56945 56945 56945 56945 56945
 56945 56945]
7 [ 4472 14399  4562 11673 15117 56932 11120  1120 56946  4472  2890 23289
  4472 14564  8368 56932 17774  4562  5224  4136  4472 56940 56946 56940
 10621 15111  4472  9514 56942 10440 56932    85 11122 11211 29247  6151
 29668  1925 56940 39584 56940 56931 56945 56945 56945 56945 56945 56945
 56945 56945]
26 [11120  4760 10545 11211  8373  2402  1240 56946  5226 13822  6090  5534
 56932  5224 13913  4472 56942 56932 56946  6151  5804  7394 56932 11211
  2733  8493 18623  4472  6142 56931 56945 56945 56945 56945 56945 56945
 56945 56945 56945 56945 56945 56945 56945 56945 56945 56945 56945 56945
 56945 56945]
23 [11120  2595  4472 11120 11556  4472 15544 14431 56934 12204 56935 56932
  5602 13566 56932  3655  6151 14196 11211 56940  1178 13396 11120 13704
  4472  5804  4679  9757 11211 12676  2890  8716  4472  4900 13371    95
  5226  3627 56934 10442 56935 10621 13732 56934  1723 56935 56932 14931
 11744 56932]
1 [ 5804  5230  4472   621  1240  4627  6151 11122  2041 10067 11950 56931
 56945 56945 56945 56945 56945 56945 56945 56945 56945 56945 56945 56945
 56945 56945 56945 56945 56945 56945 56945 56945 56945 56945 56945 56945
 56945 56945 56945 56945 56945 56945 56945 56945 56945 56945 56945 56945
 56945 56945]
24 [ 5226  8857 12687 56932  5224  3835  8320 23718 56932  3245  6151  6662
  4472 13811 56932 11211 12764  1240  4563 13837  4004 56946   848 14931
  6849 10067  8086  5226  5224 10119  1107  8984 56932  3874  5666  7909
 13396 11120  3077 56931 56945 56945 56945 56945 56945 56945 56945 56945
 56945 56945]
26 [14122  7809 18458   217 13371  8493  9160  5226  1446  3673 56932  3828
  5804  9135 10621  9376  4472  4151  6565  4472 23165  4151  4723  8630
  9153 11120 19159  4472 11120  4696  4472   424 16330 56931 56945 56945
 56945 56945 56945 56945 56945 56945 56945 56945 56945 56945 56945 56945
 56945 56945]
6 [   68 11080   746 13016  4151  2131 14164  4472 11120  3174  2469 56940
 11211  5240  6863 13458 56940 56932 15201  5224  2792 56932 13386  1694
 11211  5226   424 12687 10067  5567  5804  8390 11526  2529  4421  6151
  5804 23431 10067  1437 10621 56940 12764 10364  6151  5804  5199 18128
 56940 56931]
8 [11120  8709  4472  4151  4822  9330 10621  5804 18685  4472 11120  5844
   865  1969  2699 56932 10545 13905 56932 13386  5835 11120  3778  4472
  7642 10621  8676 13822 11001  5226  5224  1926 56931 56945 56945 56945
 56945 56945 56945 56945 56945 56945 56945 56945 56945 56945 56945 56945
 56945 56945]
28 [15471 14840 11211 12764  8159 13256  6151 56946   505  4472  6226 11122
 11211  7780  6260  5226  7224 56932  9000 11211  5804 11545 56946  6151
  2865 56946 13396 11120  9032 12031 10621 13595  4472  5488  4256 56931
 56945 56945 56945 56945 56945 56945 56945 56945 56945 56945 56945 56945
 56945 56945]
14 [ 5804 11770 26348 10291  9703  5224 15316  4472  1131  4472  1877  4472
 13732 56932 13300 56932  5226  1231  6098 56932  4472 11211  5224  2623
  5240 56946 56931 56945 56945 56945 56945 56945 56945 56945 56945 56945
 56945 56945 56945 56945 56945 56945 56945 56945 56945 56945 56945 56945
 56945 56945]
15 [ 5224  2595 15512 56946  6151 11120  6393  4472   719 35913 13371  4569
 15512  6151 11120 12695 10067   653 56932 10621  1040 11211 56940  5240
 40397 11211   418 14502  8155 11211  7936 28470  1231  9630 12031  5529
 13396  1231 10098  4562 36170 10621 56126 56932  8630 11211  5992 56932
 11211    85]
18 [11120 14564  3077  4472  7795  5240  5226 15107  8493  7891  4472 11120
  3077  4472 56942  4472  8248 10067 14278  4468  4472  5804  7795  4472
 12691  8148 56931 56945 56945 56945 56945 56945 56945 56945 56945 56945
 56945 56945 56945 56945 56945 56945 56945 56945 56945 56945 56945 56945
 56945 56945]
1 [11120  8494  4472  4151  5581 13261 20239  6151 12424 14729  6382 56932
 10611 11904  5224  6333  4472  4284  7750 43482 22116 56932  3416  4151
  6118 56931 56945 56945 56945 56945 56945 56945 56945 56945 56945 56945
 56945 56945 56945 56945 56945 56945 56945 56945 56945 56945 56945 56945
 56945 56945]
1 [ 5224  9591  4472 11211  1231  3852 12764  1240 40445  4161 12948 12675
  9999 11211 12407  3361  8155 56946  1925  1087 56931 56945 56945 56945
 56945 56945 56945 56945 56945 56945 56945 56945 56945 56945 56945 56945
 56945 56945 56945 56945 56945 56945 56945 56945 56945 56945 56945 56945
 56945 56945]
33 [56940 12015  7780 14985  5224  2104  4472  7626 11211  8777  5804  4755
 56932  5224  8254  4472 11426  1925 11211 13512 10621 11120 13636  4562
 11120 11211  1240 13731  5226  5224  5372 13396  5224 13132  4472  1000
  6151 11120  8150  8128  5226  9735 56940 56931 56945 56945 56945 56945
 56945 56945]
21 [ 5804 12825  6151  4151 14414 56932 11120  1147 15261  5939  1925 20717
 56932 13196  5226  2370 14260 11120  3249 12477 11120  8494  4472 14400
 56931 56945 56945 56945 56945 56945 56945 56945 56945 56945 56945 56945
 56945 56945 56945 56945 56945 56945 56945 56945 56945 56945 56945 56945
 56945 56945]
23 [11120 10043  4472  8493  9709 33504  4472 14378  5056  4472  8476  5240
  8493  4641 11584  5217 13280 13171  4472 56942  5137  4472  4151   733
  4472   425  4932 49630 56931 56945 56945 56945 56945 56945 56945 56945
 56945 56945 56945 56945 56945 56945 56945 56945 56945 56945 56945 56945
 56945 56945]
8 [ 6151  5804 10758  3245  1240 15394 56946  7898  3049  4472  7258 47101
  5226 11120 14779 10468 56931 56945 56945 56945 56945 56945 56945 56945
 56945 56945 56945 56945 56945 56945 56945 56945 56945 56945 56945 56945
 56945 56945 56945 56945 56945 56945 56945 56945 56945 56945 56945 56945
 56945 56945]
16 [ 9222   668 11211  1969   373  5226  5187  5534  5226   776  1240  3648
  9331  6151  8606  2890  9185  4472 19901 10291 10778  1000  6151  6226
  5224 14802 11211 11117  7731 56931 56945 56945 56945 56945 56945 56945
 56945 56945 56945 56945 56945 56945 56945 56945 56945 56945 56945 56945
 56945 56945]
1 [ 5224 15316  4472 15670    85  6659 13396  5224 13723 15512  8314  6151
 11120 56940  3778  4472 11211  1240  5824  2890  4322  3676  5226 11120
  7243  4472  4151  4240 11211 56946  5226  5224  7425  9823  4472  5804
  7345 56940 56931 56945 56945 56945 56945 56945 56945 56945 56945 56945
 56945 56945]
14 [ 5804 13801  4472 11673 11556   746 11682  6151  2259  3104 13595  7956
  8493  1958  4022  4472  5973  3682 13396  4151   739  2291 15023  1127
  5224 11478  4472 14535 56931 56945 56945 56945 56945 56945 56945 56945
 56945 56945 56945 56945 56945 56945 56945 56945 56945 56945 56945 56945
 56945 56945]
18 [ 4562 11120  8888  4472  4151   721  1240 20445  8493  1126  4472 11120
   227 10067 13588 56932  9000  5224 18240  4472 11120  2774 12764   103
 10996  5226 11120 21604 10067 12684 56931 56945 56945 56945 56945 56945
 56945 56945 56945 56945 56945 56945 56945 56945 56945 56945 56945 56945
 56945 56945]
11 [11120 30844  4472  1489 56932 44999 27051 56932   730 11211  4151 56946
  4472  3432  5226  2551 56946  6151 56942  8155  5226  5754 56932 56942
  5226  1906 56932 56942  5226  5224 13804 11096 56932 56942  5226  9161
 56932 56942  5226  3931 56932 56942  5226 11120  5956 14100 56932 56942
  5226  1884]
1 [ 5804  8732 13396  3054 56932  4472 56942  6937 56932 11702  4562 14018
  5224  9874  5942  4472 56942  6937 56931 56945 56945 56945 56945 56945
 56945 56945 56945 56945 56945 56945 56945 56945 56945 56945 56945 56945
 56945 56945 56945 56945 56945 56945 56945 56945 56945 56945 56945 56945
 56945 56945]
11 [ 5226 11791  6226  1601  4472  9540   582  5487  3030 13396  5224 56946
  4472  5804  5695 56931 56945 56945 56945 56945 56945 56945 56945 56945
 56945 56945 56945 56945 56945 56945 56945 56945 56945 56945 56945 56945
 56945 56945 56945 56945 56945 56945 56945 56945 56945 56945 56945 56945
 56945 56945]
11 [ 6372  4472  6373 15562 13171 11254 56932 11120 13809  5240 11120  2064
  4472  6905  7122 56931 56945 56945 56945 56945 56945 56945 56945 56945
 56945 56945 56945 56945 56945 56945 56945 56945 56945 56945 56945 56945
 56945 56945 56945 56945 56945 56945 56945 56945 56945 56945 56945 56945
 56945 56945]
20 [ 5224 30057  5240 12672 12407  1529 10621 12764  7709  9406  6151 11120
   128 56932 10621  5804 56946 12013  4472 11120 13715  4472  1231 10177
  2861  5224 30057  5240 10291  6221 11120  7626 56931 56945 56945 56945
 56945 56945 56945 56945 56945 56945 56945 56945 56945 56945 56945 56945
 56945 56945]
30 [ 5534  9625 15201 10291 11120  7645  2091 15944  2735  4472  2865 11117
 40187 10067  5138 56932 12764  1240  4125 50529  5529  6151  2890 11640
  4562   893 11211  1240 56946 10067  2052 10067 11554 10291  3142  2890
 15168  7785 56932 10954  6151   577 12407  4643  6151 12342 12675 56931
 56945 56945]
8 [ 5224 11452 56932  5226 12328 56932 15023  8373  8849 56946  4472 56946
 56932 56946 13396  2890 35707 56946 56931 56945 56945 56945 56945 56945
 56945 56945 56945 56945 56945 56945 56945 56945 56945 56945 56945 56945
 56945 56945 56945 56945 56945 56945 56945 56945 56945 56945 56945 56945
 56945 56945]
17 [ 4550 11211  4299  1009 56932  6197 11211 12342  5240  5224  2471 10341
 11211  1240  4338  6151 11120 13300 16294  4472  8493  4415 12874 56932
  5207  5317  3245  4151 14596  3039  4472 13916  5217 14564 15067  2861
  1925  8871 56932  8493  9398  4472  4906 11211 13280  8834  3861  4603
 12764 13765]
17 [56946  5226 11120 17057 56932  4151 32757 56946 11120  9049  6272  4472
 21703 10291  2637 11211  4151 56946 10067 22308  1240 56946  5226  8493
 14277  5226  7070 56931 56945 56945 56945 56945 56945 56945 56945 56945
 56945 56945 56945 56945 56945 56945 56945 56945 56945 56945 56945 56945
 56945 56945]
1 [11120  7676  4472   425 14475  5240 11211  1240  9929  2890 12074  3828
  1195  5804 56946 10621  5804 10003  4472  4323  9172 56933 15083   753
 11211 15091 13649 53609 11211 56946  5224  4323  9172  5226  5224  2075
 56931 56945 56945 56945 56945 56945 56945 56945 56945 56945 56945 56945
 56945 56945]
30 [ 8953  8782 56932 13396  1231 12135 56932  8321 14500  6151 11120 12031
 56932  8057 56946  4472 56946 10621  1321  9418 24952  5226  1231  6325
  4472   245 13396 11120  8728 11120 56946  4472 13822  9778 56931 56945
 56945 56945 56945 56945 56945 56945 56945 56945 56945 56945 56945 56945
 56945 56945]
14 [11120  2090  1240 12455  5226 10722  9566 12297   494  1240  7780  9002
  6208  8493 11668 17597  4472   683 56942  5056  4472 10449 12297 10621
  1240  2154  5226 11646 56931 56945 56945 56945 56945 56945 56945 56945
 56945 56945 56945 56945 56945 56945 56945 56945 56945 56945 56945 56945
 56945 56945]
10 [ 5226  6098  4472  5804 19765   366 56932 12297   428   551 13300  4472
  8493  9453  4037  2824 56932 12889  3645  6151  2529  3058 51690  6221
   425  7645 20957 12297 56931 56945 56945 56945 56945 56945 56945 56945
 56945 56945 56945 56945 56945 56945 56945 56945 56945 56945 56945 56945
 56945 56945]
3 [ 5224  7330 13371  4157  4472 39561 12764    85  8493 11938  7485  5226
  5224  1926 15387 56931 56945 56945 56945 56945 56945 56945 56945 56945
 56945 56945 56945 56945 56945 56945 56945 56945 56945 56945 56945 56945
 56945 56945 56945 56945 56945 56945 56945 56945 56945 56945 56945 56945
 56945 56945]
23 [11120  8160  4472  5523  7690  5226  5224 12297 10008 12297   551 15168
  6151  8493 12596  4604 11617  5226 11120 11211   229  1958  5224 14659
  4472 14713 56931 56945 56945 56945 56945 56945 56945 56945 56945 56945
 56945 56945 56945 56945 56945 56945 56945 56945 56945 56945 56945 56945
 56945 56945]
15 [ 5226   424  4492 30707 56946 11211 11122 11211   217  4235  6471 12764
  5240 10954 11120 56946  4472  2826  4472 18637 13961   848   563 11817
 56932 13478  5804  4705   805  5226 10267 12371  2890  4492 12407 28675
 56932   494 22608   848   159 56931 56945 56945 56945 56945 56945 56945
 56945 56945]
42 [13498 56932  6151 11120  8819  4472 11120 14364  4472 24866 10621  4472
 11120 16276 10067  7425  9696 13396 11120  6471  5226 10644  1702 56932
  1240  9840  5307  4562 54264  6151 11120 14850  4472 11211  2087 11211
  4212 10611  1168  6151  4151  9209 13229  4472  6471  5240 12297 11120
 17082 10067]
8 [12297  6997 11211  5226 56942 13290  8221  2890 11627 14915  2101  4472
 11120  3174  4472 10511 56933  9000  5224  9591  5240 11211  6110  5137
 13171  8818  5226  2551  5224 11554  7376  1240 20867  5226  2890 56946
  4472 56946  3828 12764  6000  5224 10371  8148  6151  7608  4472 11120
  8324  3809]
35 [12297  6997 11211  5226 56942 13290  8221  2890 11627 14915  2101  4472
 11120  3174  4472 10511 56933  9000  5224  9591  5240 11211  6110  5137
 13171  8818  5226  2551  5224 11554  7376  1240 20867  5226  2890 56946
  4472 56946  3828 12764  6000  5224 10371  8148  6151  7608  4472 11120
  8324  3809]
10 [ 5226  9068  3719  1240  9490  4492 13256  4472 11120 15675  8494 10067
 28437 56932  9000  4550 56932  5534 11120 28240  4472  9068  3280  1240
  9490 54807  9198  6151  9198  5226  5224 13499 10067 11554 56932 13441
   420  5137  4472  7626    20 56932  1240  9490 14068  6197  6151 11211
  4151  3765]
