17 [ 6118  8165 12990 14235 11211  5264  1240 56946  1633  2828  4472 11120
   611 11211  8783  5226  4151  1539  5224  1782 11262 56932 44851 14900
 56932  6151 13386 13897 12898 10067  5072 56932  5226 12135 13396  9292
 13822 13364 15023 11120  5660  5427 10067  6496 56931 56945 56945 56945
 56945 56945]
37 [11120 10957  4472  5734  4472  4821 10621  5723 56946  7780  4529  5226
  8756  6151  5804  9135 13171 15612  4472 11120 24131 15161 56932 56946
  5226 14040  8493  2507  4472  8144  3735  1633  4151 10267  1004 13171
  6625  4160  9254 10611  5804 10624  4472 11120  8368 25096 10621 13822
  4733 56931]
42 [ 8630  5240  9918 11120 11169 15583  4472  2658  4472  4821 10621  1231
 56946  4969  4472   928  4562  4151 21439 44092 10696  4472  1723 56932
 20645  4472 15252 56932 17934  4472  9161 10621  6810  4472  2919 56932
  5240  3058  4592 11120 13171  8484 27326 10611 56946  4472 15252 10621
   184  4472]
14 [11120  1650  4472 11120  8069  4472 10196 11120 12921  6255  9524  2890
  9472  4472   621 10611 12049 12535 11211   981  4472  2047 11120  6544
  4472  8493  9158 10241  5226   425   314 12149  4549 56931 56945 56945
 56945 56945 56945 56945 56945 56945 56945 56945 56945 56945 56945 56945
 56945 56945]
17 [11062  3655  1793 11211 10291 11211 11120 13902  5856  9338  5240 10493
 11211  5804  2133  5855  8493  4212 10611 11120 12031 10621 11120  3806
 56932  6197 11211  4151  2786 14820 10291  2890  6319 12764  8540 14865
  4472  2826 11448 56931 56945 56945 56945 56945 56945 56945 56945 56945
 56945 56945]
42 [ 5226  2890 13615 56932 11120  5844 10291 11120 12283 10621  5224 11627
  3676 56934  2512 56935  5147 11211 56940 11120 22952 10861  4472  4151
 23841  5240 11211  5804 15099 15008 17441  8540  6001  6151  6752 15989
 10621  6151 12979  8493  1605  4472 15225 10611  4151  8589  9796 10621
  4151  3713]
