9 [11120  6805 15161  5147   217 56932  8788 56932 11211  7780  3924 11120
 12742  4472  2890 15316  4472  5997 13396  5224  7082 56946  8943 12139
 56934 14931 56935 56932  8468  6641 56934  5236 56935 10621 12613  6615
 14030 56934 56946 56935   805  5224  7057  4561  4472 12424 14729  2844
  4472 12381]
24 [56946 12764  6006   217  8509 11120 12689 10621  7913  5224 11950  6151
 56946  6151  5804  9996  4472  2107 11273 56932  7898  4472  5804  4705
  4563  6229 13822 15564  2735 10067 17477 10067  6519 13396 17941  5226
  1156  6151 11120 14299  4472  5804 13272 15808 56931 56945 56945 56945
 56945 56945]
10 [11912 12764  7780 14069 12090  5226  5804  8373  1304 11211  7780  2840
  4161  5224  3719  5226  1231  4291  6151  4151 11327 56932 15083  4472
  2890  2041 11762 13370 56931 56945 56945 56945 56945 56945 56945 56945
 56945 56945 56945 56945 56945 56945 56945 56945 56945 56945 56945 56945
 56945 56945]
30 [56940  1659 11211  4299  3772  2890  8558  1130 56932 14260   424   653
  7780 13848 13190  5804  7025  8426  4472  1723 13974 10067  3172  4472
  9734 15164 56932  5226  5224 11211  7780  4629  2890 13305  4472  9310
 10067 12675 56940 56932  1759  5226  8493  8458  4472  2858 56931 56945
 56945 56945]
33 [ 5224 14012  4264 56946 10621  5224  2944  3913 10537 56932  4938 12948
  9538  5226 13732  1231 11093  1855 56932 14139  8050 56932 11211  1240
   262  5224  4522 56932  8420 11211   425 12935 11211   746  1602 10621
 13342  1925 13151  5240 56940  8493  3841 56940 56931 56945 56945 56945
 56945 56945]
5 [ 1231 14405 12297 12297 11211  7780 11806  6151  9406  4562  2303 12297
 12297 11562 13451  4562 11066  9928 56934 11477 56935 56932  3257  4472
 13822  6261 56932 11211 10823 11120 15583  4472  3592 10621  6478 10611
  2890 11215  2206 10621 11120  4476 11658 11211 11117  1815 56931 56945
 56945 56945]
11 [56940  7350 15379  8493 11566 12297 12297  8964 12297 12297 11211  7016
   943  6226  5224  1926 56932  5226 11120 11211 10261  4750 56932 12611
 56932  9023 56932  6471 10621  8493  4858   207  4472   424  1926 56932
  5226  5224 11211 13371  8964 12024  7220 11066  9928 56940 56931 56945
 56945 56945]
33 [ 6151  2890  2689  4472  4151  4290 56932 10922   915 48591 11120 12925
 56932 11123 13396  4151   153  4472 11120 15197 10621  4472  1231  7415
  1387 56932 56946  4606 56932  4562  5224 11211  3245  7780 12355 48372
  5226  5804  4393  9939 56931 56945 56945 56945 56945 56945 56945 56945
 56945 56945]
21 [11120  2752 56946 56932   821  4472  5436 21827 56932 10621 56946 56932
  2890 13242 22942  5226 11120  3334 10067  1794 11211  7780  4147   424
  2689 10067 44834 56931 56945 56945 56945 56945 56945 56945 56945 56945
 56945 56945 56945 56945 56945 56945 56945 56945 56945 56945 56945 56945
 56945 56945]
48 [10111  6151 11174 11120   358  5226 11120  9745  8509   683  9794  5137
   848 56932  5226 10025 15657 56932  6151  1353  5224  3299 13396  8223
 56932  9000  5226 11813 13440  7494  5224 12691  4472  8493  9556 17480
  4472  2890  2445  4472  2677 11211 56946  4151 11211  5226  1231 11950
  7709  6330]
47 [15256 10341 15648 11211  4562 11120 56940  7037 10621  5611 56940 11117
  7780 12559  2890 56940   982 14175 56940 14260  1630 11211 56932 56940
  5226   919   661 56940 56932  4562  5224  1381 10124  7780 56940 12559
 56946   184  9502 56940 56932  8637 13396 11120 11211  2132  1240  9490
  7723  5224]
21 [ 6950 56942 11345  9706  5407  5226  3233  5804 56942 10013  4472  7413
 56932  2890  4885  5972  8834  2814 14974  1925 11211  9490  7055   696
  5226  1335 56931 56945 56945 56945 56945 56945 56945 56945 56945 56945
 56945 56945 56945 56945 56945 56945 56945 56945 56945 56945 56945 56945
 56945 56945]
4 [56940  5224 13732  9840    52  4629  5224  8590 56931  4472  9591 56932
  6226  5224  1926  7780  8823 11211 13901  4472 11120  8200 10930  5280
  3869 14931  1170  4562 13822   778 56931  5224 13732 12764  7027 56932
 13371   746  8857 56932 12676 56942  1362 10291 14254  2890 14555  9541
 56931  4562]
43 [ 7868 11499 14106  5226  1668  4472  2858 56932 11122 13171  4415  4472
   425  8665 12764 15593  5240 11211 56940  7780  8192  6891 10621  2183
  5217  5224 12754 14358 56932  4562  6270 10621 10076 13371  1088  4121
  4472   425  4687  5226 11120 11211 12764   746 12490  5226  4303  4472
  5804  7025]
18 [10291  5224 13437  4472  8567  5226  4487 56932  5224  5139  6151 11120
  8665  8946 11120  7253   661 11211  4413  6188  5224   653  1633  5224
  8716  4472 11120  5997 10067 10386  2355 10621 11120 14053 11211 11120
 12673  2967  5226  5804 15544 56931 56945 56945 56945 56945 56945 56945
 56945 56945]
24 [ 6950 56942  4472  5804 56942  8433 13396 11120  5157 10067 13588 10067
 56946 56946  9706 12948 14793  5224 14181  4472  5804  7103 11211  6197
  4563 11014 56931 56945 56945 56945 56945 56945 56945 56945 56945 56945
 56945 56945 56945 56945 56945 56945 56945 56945 56945 56945 56945 56945
 56945 56945]
16 [56940   425  5240  8493  4472  4151 14324 13396 11120 11211  5224 16034
  4472 11516  5179  7421  7780 14188  5226  5804  4393  3861 56940 56932
 15201  7669 56931 56945 56945 56945 56945 56945 56945 56945 56945 56945
 56945 56945 56945 56945 56945 56945 56945 56945 56945 56945 56945 56945
 56945 56945]
39 [15058  6151 11120  7316  4472 11211 12071 15145  2342 13396  5224 12956
  4472 11120   418 56932 12277    85  6454  2861 56940 12024  8024 12764
  6485  6151 11669 12956 56932 13396 11122 11211 12764  7709  2529  6444
 13396 12342 11372  7709   134  5226   227  4472  4656 56940 56931 56945
 56945 56945]
26 [ 8509  5224 15120 56932  5224  9230  4472  9121  2203  6151  2478  5804
   352  4472 11120  3737  2370  7178 10621 11979  4472 17299 12937  4151
  1746 11211   746  2729  5226  8998 10722  4472  4151 15461 56946 13396
  5224   653  4472 11170 56932 13371 11120 17264  4472 56946   848 11120
  7442 56940]
18 [11120  1147  1064 11211  5224  7966  4472 45431 10621 11120 11602 56932
 11211  2215  4151  3136 56932 16105    52 44123  6151 11120 13553 56931
 56945 56945 56945 56945 56945 56945 56945 56945 56945 56945 56945 56945
 56945 56945 56945 56945 56945 56945 56945 56945 56945 56945 56945 56945
 56945 56945]
43 [56940  1233  1240 10261 32582  6151 11120  8150  4472 11211 12764 56946
 10370  2179 56932 12764 10261  3848  9068 17811 56940 56932  1096  3333
 56932  5226  6425  6151  3667  9810 16819 56932  5224 35387  1428  5224
 11950 56942  1925 15222  2890  6411 11211  9490  5663  5226 11120  6962
  4472 56946]
14 [56940  5804  3204  1240  3239  5226  2293 10013  6862   494  4562 14777
  5574  5804 17087 11400 56931 11674  1168 56932   753 11211  4746  6151
 11400 56931  6196  8993  1059 11100  5226 11400 56932  9000  5280  4151
 12541 33289 56931 11120  8139  5240 11120 25691 56940 56932  1117 56931
 56945 56945]
8 [ 5224 14012  7780  3521  5804   420  3204 11211  7780  4629  2370  1725
 56932  5226  8406  5224  2689  6260 10621  5226  5804  1304  4472 56946
 10621   605  5226 56942 56932 10621 12171  7780  4629  4562  5224 12796
 56931 56945 56945 56945 56945 56945 56945 56945 56945 56945 56945 56945
 56945 56945]
31 [ 5224 14012  7780  3521  5804   420  3204 11211  7780  4629  2370  1725
 56932  5226  8406  5224  2689  6260 10621  5226  5804  1304  4472 56946
 10621   605  5226 56942 56932 10621 12171  7780  4629  4562  5224 12796
 56931 56945 56945 56945 56945 56945 56945 56945 56945 56945 56945 56945
 56945 56945]
18 [ 5804  8330  4472  3703  3982 11211 12764   746 15231  3260  5226 15583
  4562 11191 10621   470 11211  8993   746  3860  4151   621 10621  4304
  4472  5668 56932 13396 11122 11211 11242  6151 13661 11211 56946 56931
 56945 56945 56945 56945 56945 56945 56945 56945 56945 56945 56945 56945
 56945 56945]
45 [ 9528 11211 11127  5226 11120  7508 10067  6319  5692 10291 33119 56946
  4151 10219 56932 10621  1240  6183  1233  8493  3174 32462 56932 29456
 13396 11120  9927 10621 11120 15380  2106 56932 11211   373 13941  5224
 10522  4472 11120 14227 11091 56932 12764  3645  6151 10778 11620  1231
  3474 14687]
16 [11948 15141   511  5804   453 11302 10291 12735 11120  4194 11697 10067
 11960 12297 12297 11211  5676  6607  5224   653 12297 12297  4562 11120
  4194  4472 11120  7070  9993  1764 10966 56932  4472 11120 11211 11120
  5844  5240  7071 14541 56931 56945 56945 56945 56945 56945 56945 56945
 56945 56945]
22 [10420 56932   753 11211  6839 56932  3655  2200 12666 56932 11211  4151
  1919 14729  4495  1240  4960 10067 13185 56932 10621 11211  5449  6356
  5226 14914 11124   683 56942 11804  4472  5699 11352 56931 56945 56945
 56945 56945 56945 56945 56945 56945 56945 56945 56945 56945 56945 56945
 56945 56945]
24 [11120  7833  3727 56932  9914  4472  4565 56946 10621 13219  4472  4151
  1228 56932  5466  1925 12297 56946 12297 56946 10621 56946  8204 11211
  7780  2729  5226 14390 11120 12767 11211  5207 56946  4562  1231  5933
  4472 56946 10621 56946 56932  4472 13388 10621  2295 56932  4472 10127
  3395  6151]
18 [ 2443 11120  3094  5226  5198  4472 56942  5534 12565 11120  1029  4472
  1231  8876  8024 56932  6151 13386  4563 12475 56931 56945 56945 56945
 56945 56945 56945 56945 56945 56945 56945 56945 56945 56945 56945 56945
 56945 56945 56945 56945 56945 56945 56945 56945 56945 56945 56945 56945
 56945 56945]
