30 [13555  5240 11120 14053  4472  5804  3049  5226 11120 14779 10468 11211
 56932 56946  5804  8561 13396 11950  4472 11120 12921 56932  5804  9446
   865  5804  3861 11211 32449 13171  8440  4472  5804 15148 56931 56945
 56945 56945 56945 56945 56945 56945 56945 56945 56945 56945 56945 56945
 56945 56945]
31 [56940  7350 15379  8493 11566 12297 12297  8964 12297 12297 11211  7016
   943  6226  5224  1926 56932  5226 11120 11211 10261  4750 56932 12611
 56932  9023 56932  6471 10621  8493  4858   207  4472   424  1926 56932
  5226  5224 11211 13371  8964 12024  7220 11066  9928 56940 56931 56945
 56945 56945]
1 [ 5224 11533  5987  4472  4151 15461 10872  7780  8192 11120 11694 10611
  4151 13961  8865 10291 13853 11211  8493 56946   848 56946  4562  4151
  7568 56931 56945 56945 56945 56945 56945 56945 56945 56945 56945 56945
 56945 56945 56945 56945 56945 56945 56945 56945 56945 56945 56945 56945
 56945 56945]
20 [56940 11120   207 13450 56946 10067  6319 12297 12297  5061 12297 12297
  2940  6151  2434  6151  2529 45317  4562  5224  9591  4472 11211  4151
  5839  4290 11211  1240 56946  5226 10215  3245  9444 56946 56940 56931
 56945 56945 56945 56945 56945 56945 56945 56945 56945 56945 56945 56945
 56945 56945]
18 [ 5224  5234 56946 15512 11499 11211  5224 11697  5935 12033 10621  2106
  1240  1351 56940  5226  2890  7479  3607  4472  5804  4531  5939 56940
 56931 56945 56945 56945 56945 56945 56945 56945 56945 56945 56945 56945
 56945 56945 56945 56945 56945 56945 56945 56945 56945 56945 56945 56945
 56945 56945]
5 [ 5240 11120 15135 10621 10036  6475  4472  2890   893 11211 13822 15068
  9221  5217 11120  4277  4472  5224 15193  4472  4060 10621  1231  7220
  8556  4270 56946 56932  4814  4472  8493 13726  5226  7581  4472 13408
  3854 14931  8125  1633 11120  1906  4472  1231 11554 56931 56945 56945
 56945 56945]
1 [11120  5474  5226  5804  4185  3861  4472  4151 12938 56932 11211 56946
 10291 17377 56932   672 10621  7874 56932    85 26859 13396  4151 15300
  5224  6260 56942  4472   995 10621 26749  6151  8493   661  5142 13396
 11120 11556  4472 13730  8658  5432 56934 23772 56935  8509  8493  8458
  9887  5226]
8 [56946  5224 18785 56946 56946 13371 11120 22183 56946 10067 15790 56931
 56945 56945 56945 56945 56945 56945 56945 56945 56945 56945 56945 56945
 56945 56945 56945 56945 56945 56945 56945 56945 56945 56945 56945 56945
 56945 56945 56945 56945 56945 56945 56945 56945 56945 56945 56945 56945
 56945 56945]
