6 [ 8493 56946  7384   687 56932 11211  8034  6151  9827  4472 56946 10291
 12764 22115  1231 10767  4472 56940 56946 56940 56932  2332   217  4151
  9910  4472  4392 13371  8493 56940 56946 56940 56932 56940 56946 56940
 10621 12764  8493 12184 12031  4472 10531 56931 56945 56945 56945 56945
 56945 56945]
25 [ 5224 56942  4472  5385 10067  6260  2689 56932 11120  3174 56946  3717
 10197 11120 15459  4472 11120 11840 56932 11120  3474  4472   658 10621
 11211 33899  4472 14746 12906  6151 56946  6175  4472   797 56931 56945
 56945 56945 56945 56945 56945 56945 56945 56945 56945 56945 56945 56945
 56945 56945]
42 [11120  9011 14571 11562  5226 10778 10067  5576 56932  9000  5224  3612
  7682  5061  1231 14390 14939  6551 10621 56932 15023  2678    82  1633
  5224  9080 13012 56934 56946 56935 56932   373  6151 14777 13349 10067
  9102 56932 11120 12673  5532 11211 13008 10067 38963  6151 27155 10621
  4685  4472]
