5 [56940 11120 56946   373 10621  3645  6151  5407 11012  7781  5224  2689
 11255 56940 56932  6299 56931 56945 56945 56945 56945 56945 56945 56945
 56945 56945 56945 56945 56945 56945 56945 56945 56945 56945 56945 56945
 56945 56945 56945 56945 56945 56945 56945 56945 56945 56945 56945 56945
 56945 56945]
4 [ 6205 12675 56932  1240 15590  6151  9292  4151 14477  4562  7741 56932
  5199  6391 56932 11120 15489 56932  1324 56932 10621 16149 56932 10621
  5226  5224 13440  4472 11120 14792  5066 56932 56940 13831  6151  1879
  8509  5804  7381 14117  9939  4472 56942  8493   445 10526  4472  4900
  4472 14914]
