3 [56940 11120 56946   373 10621  3645  6151  5407 11012  7781  5224  2689
 11255 56940 56932  6299 56931 56945 56945 56945 56945 56945 56945 56945
 56945 56945 56945 56945 56945 56945 56945 56945 56945 56945 56945 56945
 56945 56945 56945 56945 56945 56945 56945 56945 56945 56945 56945 56945
 56945 56945]
17 [56940 11120 12283 10291 15951 10067  7770  6950   582 56946  6151  9168
  4472 11211  1231  3542 12764 31708  5226  4756 10916 56940 56932  1015
 15795 56932 12133 10067  7415  9541  3733 56931 56945 56945 56945 56945
 56945 56945 56945 56945 56945 56945 56945 56945 56945 56945 56945 56945
 56945 56945]
16 [ 9000 12889  9792 10621   505  9789 11120  1147  4472  5454 11120 12921
 11259 56932  5224  3172  2622  4161  5224 56942  4472 14724 56932 11664
 10608  5224  7425  4472  5804 14331  9996 10621 15261  5226  2529  8331
 13371  5454 10291  5002  5226 13822 14770 18191  4256 56931 56945 56945
 56945 56945]
34 [56940  2890 12684  4841  4472   425  2142  5240  1920 10621  6714 14304
 28249 11211 56946  6151  5804 13678 56943 56946  6714 11120  7626 12764
 13371  9388 11120  3700 56932 10954 14914 10621 13371  9840  2529  5226
  2890  5509  2138 10067 15991 56932  5226 10025  2611 56932  4562 10025
  4521  6862]
4 [ 5804 17198 12109 11211 56946  7397 14363 56946 56946 11714  5226 11120
 13733 10621 14363 56946  1234 34823  6151 11120 56946 56943 56945 56945
 56945 56945 56945 56945 56945 56945 56945 56945 56945 56945 56945 56945
 56945 56945 56945 56945 56945 56945 56945 56945 56945 56945 56945 56945
 56945 56945]
28 [13487  5804  6101  7394  6862 56946 56946  8493 14251  4472  5487 56932
  2890 33279 22329  4472  8958  4472 13276 17975 10611  5804 12063 36356
 10621  5804 56946  1240 56946  7956  5224 56946 10067  9084 10291   594
  1925 28211 56931 56945 56945 56945 56945 56945 56945 56945 56945 56945
 56945 56945]
