2 [ 7418 10470 13981   217  5226 13649  2185  7956 56940 14578 12341  5226
  5224 26862 15227  4472 45366 56940 56932 18776 13396 56946 56934 11556
 10291  5224 11426  4472 11120  5404 56935 10621 15201 11211  4151 10067
  5778  9069  4472  9480  8984 56932 13396 14115 10621 12764 13396  1839
 56932 13280]
1 [56940 56946  5226   618  4562 11120 56946 56932 11120 12815 56946  5226
 14564 14557 10621  4562 11646 14218  2649 13901 10291  7303  8493 14329
 11211  5514  5224  4291  4472 11120  7182  6151 11835 56940 56932 15201
  5224  2792  4472 11120 56946 56932 16770 14183 56931 56945 56945 56945
 56945 56945]
