16 [ 1793 56932  5804  2402 51260  6151 10025 56942  1046  5226 11120  6264
  4472  3705 56932 11211 25612  6151  9550  7149  5226   683 14378 10013
 56931 56945 56945 56945 56945 56945 56945 56945 56945 56945 56945 56945
 56945 56945 56945 56945 56945 56945 56945 56945 56945 56945 56945 56945
 56945 56945]
29 [15023  5224 12687 56932  5224  9230  1024  4472 13424  9121 56932 45865
 12004 56932 10376 11211 12764  6916 56940   784  7525 33761 11211  5207
  4106  1009 11211  5240  1958  5307  6151  2890 14399  5226  8871  4472
 56942  3861 56940 56931 56945 56945 56945 56945 56945 56945 56945 56945
 56945 56945]
