8 [56940  6226   428 12135 10067   653 56931  1240 11606  2158  1925  9080
  5217  5804  6998 10621 12764  5226  5804  1789  4472  6480 56940 56932
 15201  5224 13488  9823 10067  5076 56932 11211   311 11211 11120 14623
  4308 12764  5240  4518  8819 13396  4151 10191  6151  7198  4472  5804
  2447 11211]
14 [ 5224 56940 21472 56940  4472 56946  5240 13171  9918 12543  1233  1240
  7494  5226 14662 11211 13554 12342 13371 56946   746 20646 11211 56932
  1233 15608  5224 10778 56932 56946  5804  7197  3073  4256  4472  5804
 11211 26928  2934  6862 10590 12735 11120 10767  5432 10067  6319 10621
  6802 11120]
1 [ 1240  2616 11211 11120  5908   635  3231  5226 11631  3426  6790  5226
 56942  6151 56942 11804  4472  5895 56932  4472 14399  4562  4151 12314
 56946 10067 12754   653  8984 56931 56945 56945 56945 56945 56945 56945
 56945 56945 56945 56945 56945 56945 56945 56945 56945 56945 56945 56945
 56945 56945]
3 [13396  8593  1240  9028 11211 38996  6151 29257 15821 10291 11120  5603
  4401 56932  1925 15336  4562 20609  7956 11120 12613  2106 56932  5224
  8033  4472  4151   216 19586 10291 31948  5804  3073  7396  5226  6793
  4472 15133   202 56931 56945 56945 56945 56945 56945 56945 56945 56945
 56945 56945]
1 [ 1240 10566 11211  1233  4151 32558 13835  4472  9540 12764  2182 34335
  2890 14399 12297 12297 10621  1240  5083  3058 11211  6205 15145 12297
 12297 56932  5804  5286 10067 27049   209 10378  5224  5823  4472  5804
  8373  9979 22495  1233  5240  5224 10386 27200  6151 15255 13386 56946
 13822 13835]
18 [ 5226 12379  5452 53847  5226  1242 56932 14931 11744 56932  9135  4472
  4151  8373  7429 56932 12889  1240   874  1233  6572  5226 56946   848
  1240 56946  5226    13 15168 56931 56945 56945 56945 56945 56945 56945
 56945 56945 56945 56945 56945 56945 56945 56945 56945 56945 56945 56945
 56945 56945]
34 [ 4049 56946 56942  5581 56946 11211   766  1231  1651  4161  5224  2689
 56942 56932  5226  5408  4562  5224 12301 10291  9770  5224 14860 56932
 11120 13107 10621 11120 14327  4472    68  7162 56932  1240 14691   217
 56932 13348 56931 56945 56945 56945 56945 56945 56945 56945 56945 56945
 56945 56945]
2 [ 1233  1240  7350 12292 11120  9729  4472  4938  6691  2677 56946  3019
 56932 12764  1240  7780  9591   264  3260 56931 56945 56945 56945 56945
 56945 56945 56945 56945 56945 56945 56945 56945 56945 56945 56945 56945
 56945 56945 56945 56945 56945 56945 56945 56945 56945 56945 56945 56945
 56945 56945]
