30 [11120  1855  1240  2304  6151 15254  4472 11120 10098 11211  8416 56946
 56932 11211  5240 14448 56932 10621 10537 56932 11211  7780  2192  6311
 56932  5534  7422  5226 14564 15067  7305 13371  3738  5226  5224  4126
  5765  4472 15509 56931 56945 56945 56945 56945 56945 56945 56945 56945
 56945 56945]
16 [14190 13371  8485  3904 11211 11120  2894 15137  6151  6416  2890  1673
  6151 13478  5804 11211  7439 13371 14883 56932  9000 11211 12764  1240
  7176 11224 10291 56946  4472  5187 11531 56932 41670  6862 44495  5226
 13478  5804 10700 56931 56945 56945 56945 56945 56945 56945 56945 56945
 56945 56945]
11 [ 5224  3612  4472  8292 12764  4091  4562 11120  2731 11211 11117  8783
 14931 11400  2890 12687  5226  1884 56931 56945 56945 56945 56945 56945
 56945 56945 56945 56945 56945 56945 56945 56945 56945 56945 56945 56945
 56945 56945 56945 56945 56945 56945 56945 56945 56945 56945 56945 56945
 56945 56945]
