19 [11120  9745   635 56946   123  5224 56942 13396 14108 10067 13723 48847
 10067 12728 56934 56946 56935 56932 11211 21939 11120  2387  4472  4312
 11211  8497  5199  6391  4562 11120  5918  4472 22374 56932  6151 56942
 10440  4472 11120 14792 14016 56931 56945 56945 56945 56945 56945 56945
 56945 56945]
5 [ 4151  3388  6653 11211   746  6154  2890  4188 13857 10067  9283  4472
 13988 56932 15058  1925  2689 56942 56932   746  8192 17870 56932  5548
 10621  4487 56932 12889  4151  3388  3828   753  2890  4188  9283  4472
 13988  7849   865  2668 10621  9192 56931 56945 56945 56945 56945 56945
 56945 56945]
31 [ 4151  3388  6653 11211   746  6154  2890  4188 13857 10067  9283  4472
 13988 56932 15058  1925  2689 56942 56932   746  8192 17870 56932  5548
 10621  4487 56932 12889  4151  3388  3828   753  2890  4188  9283  4472
 13988  7849   865  2668 10621  9192 56931 56945 56945 56945 56945 56945
 56945 56945]
8 [ 5224 12835 10067  6171  4472 10799 56932 11211  1765 11120 11093  1239
 56932   334 11120  7207 10621 13675  1925  2570  5226  5224  8288  2528
 56931 56945 56945 56945 56945 56945 56945 56945 56945 56945 56945 56945
 56945 56945 56945 56945 56945 56945 56945 56945 56945 56945 56945 56945
 56945 56945]
28 [ 1231 14405 12297 12297 11211  7780 11806  6151  9406  4562  2303 12297
 12297 11562 13451  4562 11066  9928 56934 11477 56935 56932  3257  4472
 13822  6261 56932 11211 10823 11120 15583  4472  3592 10621  6478 10611
  2890 11215  2206 10621 11120  4476 11658 11211 11117  1815 56931 56945
 56945 56945]
29 [11120 41753  9823 10067  2880  4472 13893  1240  7780 13381  5226  4492
  5545  6151  8850 10793 56932  1233  4518 12764  7780  9591 11932  5224
 12939  4472  2091 56932 11211  8783 11120  5807  4472 56946 16027 15505
   211 11120 23290  4472  2890  8512  4472  6927   848  2890  2445  4472
  2677 56931]
43 [10420  5112 11120 15568  4472  4151  2789  6151 11631 10067  7770 56932
 11211  6955  2890 56942 13396 14108 56932  5226 13554 11211  4151 15629
  6151 11631 10067 13823 15633  2890 56942 56932  4562  2890  3269  8425
  4472  4151  2789  6151  1352 56932 11211 14955  2890 56942 13396 14108
 56931 56945]
21 [ 5226  1231  6098 56932  5224 11575 10067 12870  7364 56940  5240  2890
  2052 14427  5226 11120  9927 15161 56940 11211 56940 10823  5224  2275
  4472 11120 13553  4472  2890  6319 14079 56940  6151 11669  3172 10621
  5240 56940 11120 14022  4472  4151 12453  2282 11211  1240  8269  6151
  7003 56940]
31 [ 1793 56932  5224  6516 10067  7581  4188 56932 12510 56946 56932  1346
 11211 56932   907  6151 11120 12925 56932  2654  5240  2890  6319  4562
  8865  6410 10621 11211  4151  8378 10291  4421  2890   944  2972  4472
 11120  3737 56931 56945 56945 56945 56945 56945 56945 56945 56945 56945
 56945 56945]
12 [11120 14804  1240 10651  6151  3559  4472  8949  7956  3421   433 11211
 15468 14059  6151  7198  4472 11120  3698 56932 10621  7956 10025  3421
  4562 10225  2246 13396 13961  3296 56931 56945 56945 56945 56945 56945
 56945 56945 56945 56945 56945 56945 56945 56945 56945 56945 56945 56945
 56945 56945]
2 [  671 11211  1833 56942   340  5226 11120  1578 56932  9028 12010  6151
 11211 11718 11120  7261   583 56932  5226 11120 11211 13822 13171  8407
  9094  5224  1218 56946 10621  5224  5347 12606   971 56932 12049 10067
 14628 56932 14447 14915 14315 56942 10621 56942   340 56932  8170 56932
 10621  4938]
39 [ 5224 15186  5240 13977 10291 14781 56932  6197 11211  8443 17244 11120
 13172  6555 13371  1408 10067  1056  6232 13280  8871  4472  2890  7977
 56932  8630 12640  1240 20566  5226 11120  8086 10067  2523 11211  5224
   972  6260  1240  1243 11203 10067  6171 14012 56931 56945 56945 56945
 56945 56945]
4 [ 5804  6381 11211   746  3127 13822  3553  4161 11120 56946 10621  5224
 24651   865  5804  1145 11211 15590  1925 15790 56931 56945 56945 56945
 56945 56945 56945 56945 56945 56945 56945 56945 56945 56945 56945 56945
 56945 56945 56945 56945 56945 56945 56945 56945 56945 56945 56945 56945
 56945 56945]
