23 [  217  5226 11950 56932 12764   753  5995 20197  4472 14914  4136 11211
 12764  2050  9394  7969  4472  5916 11690  3828  5224 13256 11122  6722
  6226 14931 11211 17490 19370  5856 11554  6151 56946  4562  8493 37077
  8786  6151  5804 14543 56931 56945 56945 56945 56945 56945 56945 56945
 56945 56945]
6 [56940 56936 13396 11149  8553 12764 13280  3260  5226  9379 15657 56937
 56940 56932  8955   468 56931 56945 56945 56945 56945 56945 56945 56945
 56945 56945 56945 56945 56945 56945 56945 56945 56945 56945 56945 56945
 56945 56945 56945 56945 56945 56945 56945 56945 56945 56945 56945 56945
 56945 56945]
