25 [11120  5319  5066  6197  7780  8628 54004  3348  6151  2983 15090  4472
 14678  9391 13396  1723  2370 10867 14781 56932 12889  5666  6950  6021
  2529 56946  5534  4959  5226  5754  1231  9860  6151  5544  5137  4472
  4123 56931 56945 56945 56945 56945 56945 56945 56945 56945 56945 56945
 56945 56945]
1 [ 6226  3645  7868 11122  1076 56931 56945 56945 56945 56945 56945 56945
 56945 56945 56945 56945 56945 56945 56945 56945 56945 56945 56945 56945
 56945 56945 56945 56945 56945 56945 56945 56945 56945 56945 56945 56945
 56945 56945 56945 56945 56945 56945 56945 56945 56945 56945 56945 56945
 56945 56945]
4 [12297  6197  1166 11149 10501 12297 15648  8493  4472 11325 16168 12297
 56931 56945 56945 56945 56945 56945 56945 56945 56945 56945 56945 56945
 56945 56945 56945 56945 56945 56945 56945 56945 56945 56945 56945 56945
 56945 56945 56945 56945 56945 56945 56945 56945 56945 56945 56945 56945
 56945 56945]
12 [ 6197  5226  1787  1240  7780  1504  6226 56932 10621  6226  7578  6151
  9496 56932  5226 11669 10933  1591  4472 11120 12297  8946 12711 12297
 56931 56945 56945 56945 56945 56945 56945 56945 56945 56945 56945 56945
 56945 56945 56945 56945 56945 56945 56945 56945 56945 56945 56945 56945
 56945 56945]
6 [ 9000  5226  6786  3861  1240  7780   660  6226 56931 56945 56945 56945
 56945 56945 56945 56945 56945 56945 56945 56945 56945 56945 56945 56945
 56945 56945 56945 56945 56945 56945 56945 56945 56945 56945 56945 56945
 56945 56945 56945 56945 56945 56945 56945 56945 56945 56945 56945 56945
 56945 56945]
