8 [11120 13725 56932 11211 15449 10013 15083 56932 22461 10067 12646 56946
 10067 18518 56942  3693  5226  5804 22941 56946 10621  4472 56942 13067
 56931 56945 56945 56945 56945 56945 56945 56945 56945 56945 56945 56945
 56945 56945 56945 56945 56945 56945 56945 56945 56945 56945 56945 56945
 56945 56945]
22 [11120  7002 11211 56946 10621 11120 11211   151  1925 56940 17172 15275
 56940 11211 11117  8057  4562  5224 11629  6151  1231 56946  8734 10067
 12168  8503  4472  5804 13171 56946 10067  6171  9239  4472   778 10621
 36510 11120  2928  4472  1018 56931 56945 56945 56945 56945 56945 56945
 56945 56945]
