15 [ 5240  1130 11211 13698 56932  5822 56932  8468   848 56946 12730 13767
  1711 10291  5407  4955  5226  5224  1926 56931 56945 56945 56945 56945
 56945 56945 56945 56945 56945 56945 56945 56945 56945 56945 56945 56945
 56945 56945 56945 56945 56945 56945 56945 56945 56945 56945 56945 56945
 56945 56945]
32 [ 5224 15175 56932  7868  5224 14555 10242  9823 56932   582 42363 12764
 14315  5226  4151  8165 56932 10954  3245  5226  4151 56940 18987 56932
 56946 10621  5226  4151   682  4472  2529 10621  5487  5226 11120  7626
 12031 56940 56931 56945 56945 56945 56945 56945 56945 56945 56945 56945
 56945 56945]
17 [56940 13822 17140  4472 14747   865 24222  4472 16875 56931 12764   753
  3260  5226 47979 11211 12764  2273  5226 56946 56940 56932  8964  5825
 56931 56945 56945 56945 56945 56945 56945 56945 56945 56945 56945 56945
 56945 56945 56945 56945 56945 56945 56945 56945 56945 56945 56945 56945
 56945 56945]
4 [11120  4816 12683   915 56946  5226 56946  4472 56946 56934 12334   468
 56935 56931 56945 56945 56945 56945 56945 56945 56945 56945 56945 56945
 56945 56945 56945 56945 56945 56945 56945 56945 56945 56945 56945 56945
 56945 56945 56945 56945 56945 56945 56945 56945 56945 56945 56945 56945
 56945 56945]
33 [11120  7833  3727  5240  8493  4986  1570 10621 56946 11211 13938 13822
  2494 11197 10621 13822 56946  3307  1925 13588  4472   425  2507  4472
  9518  3027 56946  5226  5224 11211  4868  7147  4472  5506 56932 12764
  6950  5226 13579 56932 11120  4687 10789 56931 56945 56945 56945 56945
 56945 56945]
19 [56416 12758  6151 11120 13812  5226 56942 56932 10621 12752  1240  7780
  9002  1000 11211  6151 15952 11117 14939  5506  5226  5224 14555  9444
 21512 56934  3645 43966  5226 13998 56932  9000 11562 14931 11107  1379
 13171 10067 56942 56943  4472 13822 10430 56935 56932 11211 56946  1240
  3648 16443]
43 [ 5224 19473 16092  4603 11887  2091  9398  6151 11120  7440 10621  5224
  6661 56932  9000  4151  6392 56946 13068 13371  8493 13156  4065 56932
 13371  2890  1651 14398  5226 11120  6549 56932  6151  1601 10291 11768
 11120  7253  2204  8227 10621  7376 11211 23746  5226  5224  1926 56931
 56945 56945]
