26 [56946 11979  4472 56940 14199 56940  5804  5286  5226 11120 14248  4562
 11120   188 56940   455 56940  5226  1950 56932 14084 10621 11964  5087
 56932 10621  5065 11120   455  6151  9222 56931 56945 56945 56945 56945
 56945 56945 56945 56945 56945 56945 56945 56945 56945 56945 56945 56945
 56945 56945]
20 [ 5224  3786 56932  6890  2023  1240 11667  4562  5224  2792  8016 56932
 14561  9502 56932 10291  1443 11211  5224   653  5349 56940  4472   826
 56940  4151  1625 12618  6151  5804 10758 56932 14260 14931  3694 12764
  2495  7303  5224 12761  1925  8595 56931 56945 56945 56945 56945 56945
 56945 56945]
17 [ 5226  1156  6151  4151 56946  4472  3821 56932  5224  2792 15201 11211
  5224  2689 11211 10111 11117 56946 56942 11804  4472  5669 56932 56940
  5224  7372  6151  4151 10633 10067  7581  6151 14229 56940 56932 11211
  2850 10267  2689   683 56942 11804  4472  5669 10621  6267  8493  8163
  4472 56942]
10 [34775  5226  5224  1229 47528 12297 12297 11120  7415 15106 30496 56942
 11804  4472  5699  6151  5804 14931 12771  5224  6260  2689 12297 12297
 56932 56946  4562  2890  6400 11211 56946  9209 11601 10291  1712 11120
 13916  6151  5804 11211  6197 12764  1340  3260 56931 56945 56945 56945
 56945 56945]
28 [ 5224  5189 56932  8552  6151  8373   372 10067  4280  3384  5831 56946
 20892 56932  1240  8057  4562   420 13349  5226  1231  6855  6151  8277
 56934 56946 56935 10621 36624  5224  9518  2729  4472 11120 11753  1925
 27155 56932 11211  6376  5544  2185 14931  5115 56931 56945 56945 56945
 56945 56945]
3 [10420 56932   746  1108  2890 13779 37669  7664  6151  4151  3491  4472
  5804 12943  4562  4151  1746 16807 56932 11211 56932  7868 10636  6098
 56932 12764  1240  4346  4562 11120 15107 56931 56945 56945 56945 56945
 56945 56945 56945 56945 56945 56945 56945 56945 56945 56945 56945 56945
 56945 56945]
14 [13396  1231 12135 56932  5224 14479 10067  9080 56932 14979  8240 56932
 12764  7780  2729 11813   257  6151 11120   455  1185 56932 12889  8159
 11211   373 15289 56932 14260  9817 11211  5224 56946 56940 12764  5240
 11120  4212 10611  5804  8373 11360 56940 56931 56945 56945 56945 56945
 56945 56945]
3 [ 4151 12938  4779  3772 13822  8545  1925  3104  4472  2496  4693 10067
 56942  4472  8289 56931 56945 56945 56945 56945 56945 56945 56945 56945
 56945 56945 56945 56945 56945 56945 56945 56945 56945 56945 56945 56945
 56945 56945 56945 56945 56945 56945 56945 56945 56945 56945 56945 56945
 56945 56945]
2 [ 8365 12764  6645 14928 56946  6151  1231  1431 10621 56932 15023  3825
  5224 56946  1925  5795 56946  2890  8303 56932  7430 10705 13396  1901
  5226 11120 14059 56931 56945 56945 56945 56945 56945 56945 56945 56945
 56945 56945 56945 56945 56945 56945 56945 56945 56945 56945 56945 56945
 56945 56945]
3 [56940  2662  6151  1234  8493 10036  8884  6151 11294 56932 10621  1659
 11211 50786  7827  4562  5224  1673  5226  5224 19782 56940 56932  1964
  5224 11203  5972 56931 56945 56945 56945 56945 56945 56945 56945 56945
 56945 56945 56945 56945 56945 56945 56945 56945 56945 56945 56945 56945
 56945 56945]
1 [56946  8057 12948  5488  7809  1925 13883 13574 56946 56931 56945 56945
 56945 56945 56945 56945 56945 56945 56945 56945 56945 56945 56945 56945
 56945 56945 56945 56945 56945 56945 56945 56945 56945 56945 56945 56945
 56945 56945 56945 56945 56945 56945 56945 56945 56945 56945 56945 56945
 56945 56945]
15 [ 5224  9823 56946 11499 11211  5226  5804  4185  3861  1240 56946  5804
  1825 56932 10621 13851  2890   475 56946  6151  4151 14455 12605  2861
 56940  5224 11554  1126 56940 56931 56945 56945 56945 56945 56945 56945
 56945 56945 56945 56945 56945 56945 56945 56945 56945 56945 56945 56945
 56945 56945]
23 [ 5224  4259  4472 11120  8767  4472 56946 56932 12781 10745 56932 16791
 15192 10067 10833  4472 56946 56932 18224  4758  9403 56946 56932  5065
 11120 23419  6151 11120 14508 10621  5666 56946 56932  9000  5534 11120
  7132  8356 11120  1056 10291  5231 11120 49989 56932  5224 10819   981
 11120  1618]
