48 [ 5165  6151 11120  6275 11211  1049  7305  5226 10105  5226 11120  3174
  5224   982  4472 56940 12611 13396  5224 13893  4518  9591 56940 56932
 14260  5226  5804 10700 11211 56946 13396 56940 56946 13822 10555  7956
 11120 11668 10621 11120  6471  1396 28610  1925  5566  3676 10621  6151
 10733  4472]
37 [15471 11499 11211 11120 11921 15161  4472   694 13084   582  5471  4562
  2890 56940 10255  3448 56940  5226  5224  4177  4472 15461 56932  9000
 11211  5224 15175  4472  5804  8561   234   582  2037 56940  5226  5046
 56932 12065  4472  4390 13627 56940 56931 56945 56945 56945 56945 56945
 56945 56945]
