31 [ 2480  1015 11211 12764  1240  7709  6708  5224 56940 14938 56940 13402
  5226 11120  9622  4472 11669  7944  4472  8307 10621 11211   865  6948
  3336 22877 11211 56946 11211  1723  7706 56683  4562  5804 11026 10700
  4472 11120 12613 15161  5226  9049 10621   227 10067  3432 56931 56945
 56945 56945]
42 [ 5224  2880 11828  5226  8876 15168  6151  5804  4740 11211 56932  4693
  4472  9607 11120  4348 56932  4493  6151  5804   433  2831  5226 14662
 11211  8090 13371 11120 15315 56932 11120  9223 56932 11120 13491  5401
   848  7353  5647 10621  8612  1240  1784  4562 11120 10225  2246 56932
  1925    20]
