22 [11120 56940   545 56940  4472 13864  7780 10695  6151 14694 13144 56932
  8630 11211 10025 11242 11211  5226  1004  4472 56946 56932 56946  5226
 13822  1414  4472   653  5226 13440  4472 11400 11120 12695 56931 56945
 56945 56945 56945 56945 56945 56945 56945 56945 56945 56945 56945 56945
 56945 56945]
24 [ 7397 56932  5226  5224  7900  4472 12877 10067  7966 56932  8361  7412
  2118 13371  5804  9532  4472  5804 14378  3204 11211  2834 11120 16431
 45319  5226 11963 11211   425 15145 11120  7253  5918  4472 11120  1723
 19588 11211 12764  7494   724 12434  4562 13579 56932 10621 11211  6631
 15145 11120]
