48 [ 5224 56940 21472 56940  4472 56946  5240 13171  9918 12543  1233  1240
  7494  5226 14662 11211 13554 12342 13371 56946   746 20646 11211 56932
  1233 15608  5224 10778 56932 56946  5804  7197  3073  4256  4472  5804
 11211 26928  2934  6862 10590 12735 11120 10767  5432 10067  6319 10621
  6802 11120]
39 [11120  7790  4562  1164  4472 13456 56932  5224 13398 10635  4472  5804
  2611 10621 11120 12964  1323  4472  5224 11554  4472  5804  5359 56946
 13974  4472  2890 56946 11211  2002  1231  8467  4678  5226  9209  3224
  8860 10621 11211  4059  2890 14555 13959  4562  7508 10291 56942  8155
 56931 56945]
4 [ 3844  1240  7402  6151  5527 22792 15789  1925 11203 10067  1926  5226
 15422  9821 56931 56945 56945 56945 56945 56945 56945 56945 56945 56945
 56945 56945 56945 56945 56945 56945 56945 56945 56945 56945 56945 56945
 56945 56945 56945 56945 56945 56945 56945 56945 56945 56945 56945 56945
 56945 56945]
7 [ 6151  7171  4472  8558  8964 12764    52 13764 15676  5224 42001  4472
 13822 13364 10621 13938 13371 13300 11120 54808  8284  4472 13822 10555
 56931 56945 56945 56945 56945 56945 56945 56945 56945 56945 56945 56945
 56945 56945 56945 56945 56945 56945 56945 56945 56945 56945 56945 56945
 56945 56945]
39 [  311 11211  5224 56946 56940 12764  5207 13126 56940 14260 56940   373
   440  7253 10621  7133  6151  4151  6731  5226 14088 21617 56932  7253
 10621  7133  5226  8493 11623  2700 56932 11120 10067   552 56940 56932
  5226 15168  4472  8606 56940  2890  8907 10067  2610 10067  7581 56940
 10621  4472]
22 [ 4161 11120  4916  4472 11669  1950 56932  5224  6516 10067  2631  8174
  1630 11211   582  6911  8493  5404 12031 56940 11211 12764 56946 10291
  3260  5224  3172 56946 56940 10621 11211  1240  7471  6151  9495  5224
 13305  4472 12712  5224  9541  5226  9379  9939 56931 56945 56945 56945
 56945 56945]
28 [ 5226  1231  6855 56932  5224  9823 56946  7952  6116 13396  5224  9823
 47055  4472 26575 56932  6516 10067  7581  4188  4472  4151 14862 10937
 14037 56932 13386 11117  3623 56932 10611 11646  3765 56932 12135 10067
  2320  4305 16540 13396  5804 10916  6151 11120 15411 56931 56945 56945
 56945 56945]
2 [12764  1240  8777  8834 10013  4472  6480 10621 56946 56946 56932  5224
  7220  4472 11120  3061  4472 11120 12921 56932 15285  7956  5224 12433
  4472  6480 11122 11211  1240 56946  5226 13822 13864  5534  1132  6151
  3969 11211 11120 14299  1940 56932   980 56946 56932  8946 12134  2861
  1231 29212]
38 [56940  4550 56932 13171 11211 56946 10621 56946 56932 11304  7494 11211
 11148    13  2052 10291  9496  6151 11358 11120  8069 10067 56942 56940
 15201 14105 13386  1015 11211 56940  2044 11211  1000 11149   464   953
   753 11211 12735 10621 12819  4562 11120 12673  5013 10621 10703 11211
 10291  5224]
36 [13211 14781 56932 11211   987 11120  1860  4472 16010 56946 56932   915
 11120   513  5226 56942 15955 56932  8630 11211  5441 13781 56932  4562
  9248 15046  5226 56942  4607 56932  8358   486  5533 56932 56946 11211
   915  5226 56942  1231  8290  5265 56932 10621  4490  6953 56932 22303
  2815 10621]
13 [ 6376  8493 56946 56932  1231 13895 47209 10621 13649 15081 34776 11211
 11117 56946 12135  4472 11120  5272 56931 56945 56945 56945 56945 56945
 56945 56945 56945 56945 56945 56945 56945 56945 56945 56945 56945 56945
 56945 56945 56945 56945 56945 56945 56945 56945 56945 56945 56945 56945
 56945 56945]
29 [56940 12024 14792  8993  7780  8192    52  8449 12024  3111 56940 56932
 56946  5224 56946 10291 11148 56932  6151  1721 56932  9394 15664  4293
 56932 13371  1231 10117  4472 10069 15600  5224  2693 56931 56945 56945
 56945 56945 56945 56945 56945 56945 56945 56945 56945 56945 56945 56945
 56945 56945]
5 [11120  6805  3196 11211  4868  6151  9687  5224 15719   373    41 13396
 12061 10621 10624  4472  5804  8561  4472  2496 56931 56945 56945 56945
 56945 56945 56945 56945 56945 56945 56945 56945 56945 56945 56945 56945
 56945 56945 56945 56945 56945 56945 56945 56945 56945 56945 56945 56945
 56945 56945]
21 [ 5224   653  4472  7797  2048 13396  1231 13171  4415 12925 12031 10621
  3682  5217 11120 10365 56932  5226 56942 56932 15023  5115 56932  5226
 14842 56932  5224 14954  7956 11120  7891  3285 56931 56945 56945 56945
 56945 56945 56945 56945 56945 56945 56945 56945 56945 56945 56945 56945
 56945 56945]
46 [ 6927  4472    52  5788 13396  7449  2890 17406  6151  2740 10291  5390
  5804  4679  4055  4472  2732 10621 11120  7316  4472  6001  6151  1352
  6151 17051  5224  7249  1673  5432 11211 11066  5226  1231 22515 33319
 12297 11120  5265  4472  9214 12297  1018  1240  5796 10291 37228  5226
   425  1578]
13 [ 8493 21451  4472  1231 10855 12764 21015 17671 56932 11122 11211   930
 11117 25624  2890  2486  5813 56931 56945 56945 56945 56945 56945 56945
 56945 56945 56945 56945 56945 56945 56945 56945 56945 56945 56945 56945
 56945 56945 56945 56945 56945 56945 56945 56945 56945 56945 56945 56945
 56945 56945]
23 [ 1793 56932 11117  2940  6151 56946 13396  1602  6151   424 11925 56932
  5226  2890 14568  5715  4472  8834  3861 56932  1231  4339  6151 17555
  1231  9453 56932 10621 11117  7780  1079  8493 11518 56946  4472 56942
  5699 56932  4562  2890  5715  4472  8373 11804  4472  5699 56932 13396
 10267 11950]
16 [ 4125  5226 15422 11590 56932  2085 56932  4562 10653  4472  6087 10621
  8616 56932 15023    52  6260  3421  3861  8757 14931  5527 11372  8395
 56931 56945 56945 56945 56945 56945 56945 56945 56945 56945 56945 56945
 56945 56945 56945 56945 56945 56945 56945 56945 56945 56945 56945 56945
 56945 56945]
2 [56940  2831  5226 14662  5224 11950 11211  5240 10621  5224 11554 11211
  7780  9591 56932  1469 12407 12018 56940 56932 56946  1925  7261 10067
 11950 28395 12511 56932 13488  4472 56946 33312 56932 30209  4472 11120
  1404 56931 56945 56945 56945 56945 56945 56945 56945 56945 56945 56945
 56945 56945]
1 [12297  8606  3297  5240 11165 56937 56945 56945 56945 56945 56945 56945
 56945 56945 56945 56945 56945 56945 56945 56945 56945 56945 56945 56945
 56945 56945 56945 56945 56945 56945 56945 56945 56945 56945 56945 56945
 56945 56945 56945 56945 56945 56945 56945 56945 56945 56945 56945 56945
 56945 56945]
25 [ 8953  8782 56932 13396  1231 12135 56932  8321 14500  6151 11120 12031
 56932  8057 56946  4472 56946 10621  1321  9418 24952  5226  1231  6325
  4472   245 13396 11120  8728 11120 56946  4472 13822  9778 56931 56945
 56945 56945 56945 56945 56945 56945 56945 56945 56945 56945 56945 56945
 56945 56945]
18 [ 5804  5837  1240 44944 56932 10621  5226 56942  5224  9599 12624 18277
 56946  5924  4472  8493 32648 11211 16710 14378 16155  5226  5611  4000
 10621 20638  2890 37077 17827  6151 10634 10621 18246 56931 56945 56945
 56945 56945 56945 56945 56945 56945 56945 56945 56945 56945 56945 56945
 56945 56945]
26 [ 1925    20 11211  5226  5804  9140 56932  5226   425 13450 56932 11120
  7038 56934  6151 56935 18012 13371 14022  4472  4151 22731 56946 56932
 11122 11211 15604  3245  5224 12284 56932  4693 16141 10291  5224 12562
 56946 56932  4472  8716  4472 56942  1925 17691 11120 14119 10621 56932
  4562  8596]
28 [ 5226   424  4492 30707 56946 11211 11122 11211   217  4235  6471 12764
  5240 10954 11120 56946  4472  2826  4472 18637 13961   848   563 11817
 56932 13478  5804  4705   805  5226 10267 12371  2890  4492 12407 28675
 56932   494 22608   848   159 56931 56945 56945 56945 56945 56945 56945
 56945 56945]
23 [11120  1748  5240 11211 13290  5762 12889 12764  1240  7709 23910 11211
  5534  1200  5224  4981 13478 19456 11673  3852 13137 11211 12171  8156
  1532 11372 42108 56934  4195  5804 28362 56935  9000 11211 13478 56932
  8355  5804 28362 56932 11292  6151  9687  4562 11120  4188  1502 56931
 56945 56945]
36 [ 5804  8346 27556 10067 26031 10621  5804 16595  1633  1168 56932 43673
 12937 13822 14862  5226 11120 35228   627  4472 52047  1231  8435  8374
 56932  4161 11211 13822 11210  7829  6151 51498 14931    52 15328  6151
 56946  5226  3260  5224 48175  1432 11211 56946  5224 23921  5179 13974
 56931 56945]
