4 [11120 13133 11120  2752  3421 56946 56931 56945 56945 56945 56945 56945
 56945 56945 56945 56945 56945 56945 56945 56945 56945 56945 56945 56945
 56945 56945 56945 56945 56945 56945 56945 56945 56945 56945 56945 56945
 56945 56945 56945 56945 56945 56945 56945 56945 56945 56945 56945 56945
 56945 56945]
0 [11120  1853  3655  5226  2890 13615 11211  5804  1598 56946  8568 10621
 11294 13517 11120  1955 14526  2574  5179  5224  1229  4472  7252 12728
 56932  3828  1240  4301 10333  4472  1420 56932  5534 56932  1925  6495
 56932  5224 11100  4472  9379 56940 11633 14746 10621  1240  6093 56940
 56931 56945]
0 [13478  5804 12160  1240  6728 56932   865  5804 22955  4472 11120  3174
  4100 56931 56945 56945 56945 56945 56945 56945 56945 56945 56945 56945
 56945 56945 56945 56945 56945 56945 56945 56945 56945 56945 56945 56945
 56945 56945 56945 56945 56945 56945 56945 56945 56945 56945 56945 56945
 56945 56945]
3 [ 6226  3645  7868 11122  1076 56931 56945 56945 56945 56945 56945 56945
 56945 56945 56945 56945 56945 56945 56945 56945 56945 56945 56945 56945
 56945 56945 56945 56945 56945 56945 56945 56945 56945 56945 56945 56945
 56945 56945 56945 56945 56945 56945 56945 56945 56945 56945 56945 56945
 56945 56945]
29 [56940  1240 56946  8630  4125 56946 56931 11120 11169  8889  5240 11211
  5224 14687 12764  5240 14915  4415 10621 11211  5226  9198 11554 10475
  4472  4291 56932   424  5240    13 56946  9000 56946  5226 11211 10321
  8832 56940 56931 56945 56945 56945 56945 56945 56945 56945 56945 56945
 56945 56945]
1 [56940 11120  2370 12097 10067 13676 11950  3245 13261  8273 56940 56932
 15201 56931 56945 56945 56945 56945 56945 56945 56945 56945 56945 56945
 56945 56945 56945 56945 56945 56945 56945 56945 56945 56945 56945 56945
 56945 56945 56945 56945 56945 56945 56945 56945 56945 56945 56945 56945
 56945 56945]
21 [12015 56946  6151  5804  5410  2594  4472  8223 56932  4472 56946 56932
  4472   358 56943  8493 14321  1004 56932  7372  6151  8373 56932   420
   848  3421 56946  4472  1231  3742 56931 56945 56945 56945 56945 56945
 56945 56945 56945 56945 56945 56945 56945 56945 56945 56945 56945 56945
 56945 56945]
6 [ 5224  1782 10067  5328 56946  6151  5804 17705  4472 11211 12764 11526
 17286 56940  2275 56940  5400 56931 56945 56945 56945 56945 56945 56945
 56945 56945 56945 56945 56945 56945 56945 56945 56945 56945 56945 56945
 56945 56945 56945 56945 56945 56945 56945 56945 56945 56945 56945 56945
 56945 56945]
31 [ 1793 11120  5887  9490 30930  5226  5224  5995 14378  5137  4472  1795
 10291 11120  8548 24242 56946 56932  8276  4472 56940 56946 56940 56932
 11211   373  4867 56932 10621 10291  5804  7568  8231  5226 13048  2861
  3667  4233 56946 10222 56932  3667   780 56946 56932 13529  9640 56946
 56932  3667]
1 [56936 29922 14013   753  5226  5224 14358 56937 56936 10621 29922 56946
  5226  4151    25 10067  5688 56937 56936 10621 29922 56946  5226 14804
 56937 56931 56945 56945 56945 56945 56945 56945 56945 56945 56945 56945
 56945 56945 56945 56945 56945 56945 56945 56945 56945 56945 56945 56945
 56945 56945]
10 [56936 29922 14013   753  5226  5224 14358 56937 56936 10621 29922 56946
  5226  4151    25 10067  5688 56937 56936 10621 29922 56946  5226 14804
 56937 56931 56945 56945 56945 56945 56945 56945 56945 56945 56945 56945
 56945 56945 56945 56945 56945 56945 56945 56945 56945 56945 56945 56945
 56945 56945]
20 [56936 29922 14013   753  5226  5224 14358 56937 56936 10621 29922 56946
  5226  4151    25 10067  5688 56937 56936 10621 29922 56946  5226 14804
 56937 56931 56945 56945 56945 56945 56945 56945 56945 56945 56945 56945
 56945 56945 56945 56945 56945 56945 56945 56945 56945 56945 56945 56945
 56945 56945]
1 [56940 11120 56946  1987 13396 12645 10621 38850  1110 21777 56940 56932
  6792  5224   413 56931 56945 56945 56945 56945 56945 56945 56945 56945
 56945 56945 56945 56945 56945 56945 56945 56945 56945 56945 56945 56945
 56945 56945 56945 56945 56945 56945 56945 56945 56945 56945 56945 56945
 56945 56945]
33 [ 7868 11588 14900 56932  5224 11762  4472  5203 12305  6151  5471  5224
 13348 56932  9000  7868  5224  9230  5427  4472 13424  9121 56932 16181
 12753 56932  1231   653 56940   773 56940  3286  4113 11120 14662 14427
 56931 56945 56945 56945 56945 56945 56945 56945 56945 56945 56945 56945
 56945 56945]
26 [ 5224 56946 15919 26690 14817  9541  4472  2890 17789 56932  5224 56946
 16474 56946 56932  5224 10246  2067 10621  5224 24168 56946 19592 30705
 29193 56932 13478 25713 56932 10291 11211  5804 15364  4472  3229 56946
 13396 56946  6151  5804 56946  4472 13998 56931 56945 56945 56945 56945
 56945 56945]
11 [56940  5224  7581  4472 10942  1240  5448 13371   661 10291  8826 11122
 13848  5226  5804  4393  5137 56932   980  5224 13185  4472 11120  4243
 10621 11120 12368  4472  5804  6312  4472 11120  8728 10621  5224  4245
  2433 56940 56932  1096  1925 11167 56932  5226  8493   989 14238   217
 56932  4522]
14 [12015 45690 11149 15394 40864  1233 13822  7864 56932 15794 13822  6295
 56932  9297 11122 12675  4562  8025  5534 10481  6151  8085 56931 56945
 56945 56945 56945 56945 56945 56945 56945 56945 56945 56945 56945 56945
 56945 56945 56945 56945 56945 56945 56945 56945 56945 56945 56945 56945
 56945 56945]
46 [  425 12921 56932 11093  4472 14842 56932  1240   373   892 11120 11124
  4472  4667  4472 11120 56946 10067 15175  4472 14414  2423  8897  6151
  4151  4290  3496 56932  4562  8493 10823  4472 56942  2798 56932 11211
 13478  5804  3204 14343  5224 15645 13611 13171  2686  4472 13478 13014
  1240 11292]
49 [56940  5804  5286 56934 56943 56935  1240  8540   378 13371  2890  1381
 56946 10291  5224   653 13396 27003  4472  8493 12031  4472  7581 10291
 11120 11851  4472  5804  1170 56932 10291 11293 15600  4472 13030 16563
  5224  3172  4472  9584 10621 11120 10151  4472 11120  3806 56940 56932
  1040 11120]
16 [ 5217  5224   972 56932  3421  2709 56932 10611  8025  2890 14505  4472
 56942  5137 56932 10621  8373 56946 56932  1487 11120  7626  5226 13447
  1899  4472  2912 14266 56931 56945 56945 56945 56945 56945 56945 56945
 56945 56945 56945 56945 56945 56945 56945 56945 56945 56945 56945 56945
 56945 56945]
0 [11149   709  4151 19462 56931 56945 56945 56945 56945 56945 56945 56945
 56945 56945 56945 56945 56945 56945 56945 56945 56945 56945 56945 56945
 56945 56945 56945 56945 56945 56945 56945 56945 56945 56945 56945 56945
 56945 56945 56945 56945 56945 56945 56945 56945 56945 56945 56945 56945
 56945 56945]
10 [14779 10468  7780  5637 13396  5224  3719  5544 11871 56932 12937 11904
  5226  5224   617 56931 56945 56945 56945 56945 56945 56945 56945 56945
 56945 56945 56945 56945 56945 56945 56945 56945 56945 56945 56945 56945
 56945 56945 56945 56945 56945 56945 56945 56945 56945 56945 56945 56945
 56945 56945]
36 [ 5224 14479  7948 56932  5584 10929 56932 12764  6021  5471  1969  4562
  5804  6628 11581  4233  7845 10621 13567  3427 56932 12889 56946  6151
  3333 56946 56932  1967 56946 56932 11384 15491 10621 12909 10182 56932
 13478  8025  1021 10067  4339  1633  5224 56946 13329 56931 56945 56945
 56945 56945]
7 [ 3245 56946  6151  5804 12357 30441  6151  8493 10621    19  1056 10067
 16312  4472 56946 56932  5918 11211  5821  8493  4472  4151  9615 13171
 38837 56932   907  6151 11211   919  4472 13822  1730  6197  8171  5226
  5804 56946  6566  4472  8354 10291  5224 13913 56931 56945 56945 56945
 56945 56945]
37 [11120  8637  1925  1950 13396  5224 14358 13396 11120 14248  4472  4151
  2314 56932 13529 38709 10745 56932 15305  5226  4151  5416 13371 56940
 56946 56940 56932  1240  7780   205  1231 12754 15482 10471 56932 11211
  8596 12673 15796  5224 56940 56946 56940 10621 11211  7858  5226  2890
  8298 14293]
13 [ 5224 12616  4472 13185 10621  8561 15201 12948 11211  5224  2445  1358
  7868 11122  1076 56931 56945 56945 56945 56945 56945 56945 56945 56945
 56945 56945 56945 56945 56945 56945 56945 56945 56945 56945 56945 56945
 56945 56945 56945 56945 56945 56945 56945 56945 56945 56945 56945 56945
 56945 56945]
46 [ 5224 30057  5240  8493 50195  5226 11120 21362  4472 11120  5272 10621
  1925 56946 11117 10501  3245 11122 11211  6151 11120   520 56946  2861
 11211  1233 11117 56946 11120 50195 12764  1240  6469  5226  8493 27590
 56932 10954 11211  1240  4770 10291  6221 11120  7626 13371  8493 56946
 56946 10621]
7 [ 6151  1009  1748 56932 14442  9237 14408  5400 56931 56945 56945 56945
 56945 56945 56945 56945 56945 56945 56945 56945 56945 56945 56945 56945
 56945 56945 56945 56945 56945 56945 56945 56945 56945 56945 56945 56945
 56945 56945 56945 56945 56945 56945 56945 56945 56945 56945 56945 56945
 56945 56945]
0 [11122  4472  4151  3391 10291  8121  5837  4472 12884  5240  7645 56931
 56945 56945 56945 56945 56945 56945 56945 56945 56945 56945 56945 56945
 56945 56945 56945 56945 56945 56945 56945 56945 56945 56945 56945 56945
 56945 56945 56945 56945 56945 56945 56945 56945 56945 56945 56945 56945
 56945 56945]
10 [ 6997 11211  5226  1231  1569 12764  9490  2356 56932 13371  9068 56946
 28988 56932 11211 18591  6151 11120    19  6999 56932  2091  7415   635
 11211  3661  4562 13171 24131 10621  7811 18616 11211 11120 12759 13814
 56946 13396 19023 56931 56945 56945 56945 56945 56945 56945 56945 56945
 56945 56945]
18 [ 6997 11211  5226  1231  1569 12764  9490  2356 56932 13371  9068 56946
 28988 56932 11211 18591  6151 11120    19  6999 56932  2091  7415   635
 11211  3661  4562 13171 24131 10621  7811 18616 11211 11120 12759 13814
 56946 13396 19023 56931 56945 56945 56945 56945 56945 56945 56945 56945
 56945 56945]
46 [ 9000  4392 56932  7956  5224 19645   313 56932 11120 56946 56946 10621
 56946  5226 11211  1240  7780  5465  5224 13579 14204  5224  7937 10621
 11120   356 10495 10291 12861  2370  1231 56946 56932  1231 56946 10621
  1231  9096 56946  4562  4151  8865  4472  5804 56946  2861 13083 19575
 56932  1379]
45 [11604  1009 11211 56932 13371 12013 56932  5224  3104  4472 10050  2669
  4472  4189  2890 15316  4472  3077  4472  7891 10067  1951 12683 10291
 11211  5804  3692  9658  9232  6151 13822  7864  4562  1490  4136 56932
   494   957 56932 12889 12543    60 10722  5414 56932 11149 10166 56931
 56945 56945]
2 [15023 11120   188 18617 13478  8296  4472 12297  9553 12297  4472  7847
 56931 56945 56945 56945 56945 56945 56945 56945 56945 56945 56945 56945
 56945 56945 56945 56945 56945 56945 56945 56945 56945 56945 56945 56945
 56945 56945 56945 56945 56945 56945 56945 56945 56945 56945 56945 56945
 56945 56945]
1 [37891 11149 56946  8946  6226  2087 10621 56946  8150  2007  7350 56931
 56945 56945 56945 56945 56945 56945 56945 56945 56945 56945 56945 56945
 56945 56945 56945 56945 56945 56945 56945 56945 56945 56945 56945 56945
 56945 56945 56945 56945 56945 56945 56945 56945 56945 56945 56945 56945
 56945 56945]
47 [56940  2890 12684  4841  4472   425  2142  5240  1920 10621  6714 14304
 28249 11211 56946  6151  5804 13678 56943 56946  6714 11120  7626 12764
 13371  9388 11120  3700 56932 10954 14914 10621 13371  9840  2529  5226
  2890  5509  2138 10067 15991 56932  5226 10025  2611 56932  4562 10025
  4521  6862]
27 [ 8596 11122  9490  4492  4746  4472  1231  5879  4562  5224  1405  4472
 29059  4472 12672 11211 12764  8946  7247 56932 10621  9490  5492  5224
 43844  4472  1168 12673  1925  4201 11211 12764 17667  5224  8870 20034
 13396  9068  5000  6151  5804 10229  3861 56932 10621   151 13396  9394
  5137  4562]
1 [ 8596 12673  4125 12012  4472  1231  6290 56931 56945 56945 56945 56945
 56945 56945 56945 56945 56945 56945 56945 56945 56945 56945 56945 56945
 56945 56945 56945 56945 56945 56945 56945 56945 56945 56945 56945 56945
 56945 56945 56945 56945 56945 56945 56945 56945 56945 56945 56945 56945
 56945 56945]
