4 [ 9000  3260  4472   428  9073  4161 11211 56946 11211  6373 10355 12297
 12297  7453 56932 13849 56932 56946 12297 12297   865  6950 41684 56946
  4472 10630 11211  5224  7238  7180 10291 12936  5534  5224  9084  8946
  8503 10621 13074 10291 13478 56931 56945 56945 56945 56945 56945 56945
 56945 56945]
15 [ 5226  1231 13676 12297  7618 12297 56932 12024 15340 12297 10621 12342
  3159 11211 11122  5240 12297  4758 13529 44106 56932  1240 10463  5230
 14260 56932 15328   424  3719  4472 11120  7645 56932  1240  7016 56946
 11120 11213   545  2720 56932  5534  4151  8373  3342 37967  5224  1926
 56931 56945]
4 [ 7053  3783 13396 11149 13512 12297 56931 56945 56945 56945 56945 56945
 56945 56945 56945 56945 56945 56945 56945 56945 56945 56945 56945 56945
 56945 56945 56945 56945 56945 56945 56945 56945 56945 56945 56945 56945
 56945 56945 56945 56945 56945 56945 56945 56945 56945 56945 56945 56945
 56945 56945]
