17 [ 5224  1107  5010  1231  4846 16129 11211 11120  1147  4472  4151  3336
  8343 56946  6151  1352   746  8192 11819 10621 11211  5224  5683   373
  4550 56946 56931 56945 56945 56945 56945 56945 56945 56945 56945 56945
 56945 56945 56945 56945 56945 56945 56945 56945 56945 56945 56945 56945
 56945 56945]
18 [ 5217 11211 11120 12596 14889 10376 11120  6314 56932  5224  6260 11950
 56942  4472  5385 56932  6197   746  8192 56946  8373  2814 56932 11120
 11093  5224  6260 56942  4472  1787 56931 56945 56945 56945 56945 56945
 56945 56945 56945 56945 56945 56945 56945 56945 56945 56945 56945 56945
 56945 56945]
32 [56940 11120   207 13450 56946 10067  6319 12297 12297  5061 12297 12297
  2940  6151  2434  6151  2529 45317  4562  5224  9591  4472 11211  4151
  5839  4290 11211  1240 56946  5226 10215  3245  9444 56946 56940 56931
 56945 56945 56945 56945 56945 56945 56945 56945 56945 56945 56945 56945
 56945 56945]
2 [ 5224  5078    85  9591  5224   972  5226 16796  8105 56932 14792 10067
  7581  4472  9249 13977  2553 18348 56932  3828 13073 11120 47676 56932
 13396  5224  2792  4472 56946 56932 15043   576 56932 13386  1040 11211
  5822 10621 13822 13801 21534 11673 11851 10291 14184   273  6151 11120
  4212 10611]
