5 [ 5224 13242  8159 11211   229  3924 13371  2890  5738  5226 11304 10621
  1240  3623 45317  4562  5224  2703  4472  1231  6319  1233 12764 11117
 14982 10291  5804  4185  3204 56931 56945 56945 56945 56945 56945 56945
 56945 56945 56945 56945 56945 56945 56945 56945 56945 56945 56945 56945
 56945 56945]
7 [ 4562 11120 10117  4472 11211  5224  7581 56946 13171 10621 56946  8871
 56932  5224  6516 10067   653  1240 19329  5224 16586 12407 56940 12033
 56940  4472 15040  4604 11122 11211  5226  1231 11950  9297  5804  5234
  8876 10050 56946 19944 56946 56934 13386  5226 56942  2340  5224 32313
  5226  2890]
5 [ 5804  7025  4472 11120  8163 56946  1925  7581  5224 11255  2689  2890
  3804  4472 56942  6937  4472  5699 56932 11211  8493  1004 56946  5804
  8732   194  4472 11120  6569 11207  5226 56942  6937 56932  5224  3421
 13396 14108  8871 11211   424  2689 56931 56945 56945 56945 56945 56945
 56945 56945]
12 [15023  5224  7661  4472   420 11804  4472  5699 56932  5804  1312  5597
  6218  5226  5224  5875 13371  7864 14376 10067  4154 56946 56932 11211
  1240 10463  4562 11120 18135 56931 56945 56945 56945 56945 56945 56945
 56945 56945 56945 56945 56945 56945 56945 56945 56945 56945 56945 56945
 56945 56945]
29 [56946 56932 12467 10067  1526  4472 11120  2204 16762 56946 56932  7780
 19760  5226 11120  6570  5217 11211  3717  5224  2729 10621 56932   907
  6151  1231   406 56932  5240   985 13371  8493 12031  4472  9205   681
 13396 14694  1388 56931 56945 56945 56945 56945 56945 56945 56945 56945
 56945 56945]
