20 [13396  1231 12135 56932 11120  1035 15161  4472  5430 56932 15066  4472
  8598 56932 14039  6997 11211 11120  4687  5240 14653  4472  4151  6505
  2844 56932 56940  8993 11211 11120   990  1240 27171 13974 10067  4842
  8984 56940 56932  6151 11122 11211  6299 11211 11120  6805  2551  5676
 56946  1233]
13 [ 5224 14479  7948  7780  3805 11211 13822  5574 10308  6151  2919  4562
  5224  7667  4472 56940  3886 56940 56932 15083  4472    52 12559 56946
  4472 11120  8200  4472  8263 56931 56945 56945 56945 56945 56945 56945
 56945 56945 56945 56945 56945 56945 56945 56945 56945 56945 56945 56945
 56945 56945]
12 [ 3245 15394  4275 11211 15599  4562 56940  7327 10621  7947 56940  4151
  7809  4472  7330  3091 56932 10291 13853 56946  5804 15157 56931 56945
 56945 56945 56945 56945 56945 56945 56945 56945 56945 56945 56945 56945
 56945 56945 56945 56945 56945 56945 56945 56945 56945 56945 56945 56945
 56945 56945]
