35 [33574  8373 10013 10291  5224  7261 56932  5224 17921 12492  2890 12168
  1925  1408  4472 11120 10056  5853 56932  4233 23144 56932 13396   375
  4472  6480 10621  5668  8902  2890 56946 11211 16659 11120 16400   375
 10067  4667 56931 56945 56945 56945 56945 56945 56945 56945 56945 56945
 56945 56945]
28 [13396 13676 56932  5224 13576  6695  1240  8944  6151 11120  7092  4472
  8493 14988  4472  4391  4472 11120  3077 56946 56932 56940 11122 11211
 12764  1240  7709  8606 10380 56940 56932 10621  6299 11211  5226 11122
 11211  1240  1626  6151  5804 13767   848 13857  4472 15446 11211  1340
  5488 14729]
1 [ 6862 56946 56932 25104 56932 14931 14855  4472  2529 19710 56932  4113
  6151  5678 12549 56931 56945 56945 56945 56945 56945 56945 56945 56945
 56945 56945 56945 56945 56945 56945 56945 56945 56945 56945 56945 56945
 56945 56945 56945 56945 56945 56945 56945 56945 56945 56945 56945 56945
 56945 56945]
0 [ 7053  5804 11360  6361 56932  6151   374  4472 15306 56932  7494  2890
  3612  3334  3828  4592  5224 11627  4472  5804  7394 10621 56946  5179
 11120 12901 56931 56945 56945 56945 56945 56945 56945 56945 56945 56945
 56945 56945 56945 56945 56945 56945 56945 56945 56945 56945 56945 56945
 56945 56945]
21 [ 5226  1490 13440 56932 11120  3561  5240  2890  4518 46357 56932 10621
 56932 13371 18557 11211  4151  6978  1240  1396  2571 19560 56932 11120
  2142  5207  7780 12351  4472 11120  6272 11786 13371 10291  4425  3561
  7671 56931 56945 56945 56945 56945 56945 56945 56945 56945 56945 56945
 56945 56945]
7 [ 4472  9591 56932  5804 17651  1240 17407 56946  4562 56946  5226 56942
 56932 56942 12297 56946 10621  5224 56946  1240 56946  5226  5224 13602
 56946  4562 11122 11211 50677 11120 15910 56946 56931 56945 56945 56945
 56945 56945 56945 56945 56945 56945 56945 56945 56945 56945 56945 56945
 56945 56945]
