19 [56940 12764 11122 13261 12297  6299 12297 56932  9000  1233 12342   848
 12760 15105  1396 13371 14124 56932  1240  6913 11211 12764  2044 10430
 10621 12764 56946  6151 13290 56940 56931 56945 56945 56945 56945 56945
 56945 56945 56945 56945 56945 56945 56945 56945 56945 56945 56945 56945
 56945 56945]
3 [56936  1240  7709 12002 11149 17375 56937 56931 56945 56945 56945 56945
 56945 56945 56945 56945 56945 56945 56945 56945 56945 56945 56945 56945
 56945 56945 56945 56945 56945 56945 56945 56945 56945 56945 56945 56945
 56945 56945 56945 56945 56945 56945 56945 56945 56945 56945 56945 56945
 56945 56945]
23 [ 5226  8373 12766 38297   425 14675  6151  4151  8373   741  4472  8945
  1729 56932 11120 56946 10621 11120 49516 56932   690  8902  6151 10912
 11211  4151 10193 11211 12342  4271    52  2299 12764  1240  8540  2791
  4562  5224 37992 10976 13396 56946 56931 56945 56945 56945 56945 56945
 56945 56945]
5 [  730 11211 13290 11211 11117 28124  7709 15223 11211  6984 12672 11211
  1000  4562  8593 10621 11211 13290  1240 10261  7467  6151 56946 11211
  5224  9541  5191 14040  4004 21482  5226 23950   848  5226  9694 56931
 56945 56945 56945 56945 56945 56945 56945 56945 56945 56945 56945 56945
 56945 56945]
1 [12015  4470 14662  4472 11211 11120  4811 11752 56932 11122 11211  2816
  5224   911 10067  9857 56932  4615  4472 10160  7956 11325  9137  4562
 11120 56946  4472  8493  4472  4151  2562 11211 12455 13507  5534 12764
   373  6160   417   848 56946  5804  9242  4562  2890 11104  4472   367
 56931 56945]
1 [15394 56946 11211  5224 56946  6197   373  1379  7811 56932  1189  4147
  4472 11120 14614 56946  4472 11120 56946 56932 35591 56946 13396  5224
 10620  4472 14802 10621   207  4562  1231 13676 56946 56934  5804 24092
 25974 56932 13396  1233   577 12764  1240  7780 28117 56935 10621 56946
  4372  4562]
18 [56416 12758  6151 11120 13812  5226 56942 56932 10621 12752  1240  7780
  9002  1000 11211  6151 15952 11117 14939  5506  5226  5224 14555  9444
 21512 56934  3645 43966  5226 13998 56932  9000 11562 14931 11107  1379
 13171 10067 56942 56943  4472 13822 10430 56935 56932 11211 56946  1240
  3648 16443]
7 [ 5226 13554 11211    12 56932  6196 12913 32899 11211 11673  2809 56946
  5137 10621  5137  5226 11120  5404 10067  7249  3612  4472  5138 11211
 13280 44153 13821  1925 56946 56931 56945 56945 56945 56945 56945 56945
 56945 56945 56945 56945 56945 56945 56945 56945 56945 56945 56945 56945
 56945 56945]
1 [12015 13126 38536 56932  9000 12764 13554 56931 56945 56945 56945 56945
 56945 56945 56945 56945 56945 56945 56945 56945 56945 56945 56945 56945
 56945 56945 56945 56945 56945 56945 56945 56945 56945 56945 56945 56945
 56945 56945 56945 56945 56945 56945 56945 56945 56945 56945 56945 56945
 56945 56945]
