7 [ 4562 11120 13786  4472  4399 56932 13698   956  7721 13822  6793  4472
  9252 56932  1925  9292 11120  9453  4472  7432 56931 56945 56945 56945
 56945 56945 56945 56945 56945 56945 56945 56945 56945 56945 56945 56945
 56945 56945 56945 56945 56945 56945 56945 56945 56945 56945 56945 56945
 56945 56945]
34 [ 6151  2890  2689  4472  4151  4290 56932 10922   915 48591 11120 12925
 56932 11123 13396  4151   153  4472 11120 15197 10621  4472  1231  7415
  1387 56932 56946  4606 56932  4562  5224 11211  3245  7780 12355 48372
  5226  5804  4393  9939 56931 56945 56945 56945 56945 56945 56945 56945
 56945 56945]
24 [ 5767 56946 56932 10242  9823  4472 11120  2893  9823  4472  8330 56934
  1489 56932 22718 56935 56932  9490 19623 12948 12675 11211  5224   653
 15542 23428   217  5224 14246 10291  4151  4004  8274 56931 56945 56945
 56945 56945 56945 56945 56945 56945 56945 56945 56945 56945 56945 56945
 56945 56945]
8 [10621  6205  4151  3765 56932  5224  1385 14201 17182 11148 15038  6151
 11120 29062  4472  9222 56931 56945 56945 56945 56945 56945 56945 56945
 56945 56945 56945 56945 56945 56945 56945 56945 56945 56945 56945 56945
 56945 56945 56945 56945 56945 56945 56945 56945 56945 56945 56945 56945
 56945 56945]
23 [ 8509  5224  8876 13610 10067  2689 56932  5224 11783  9829  4472  4151
  2789 10621  5224 13857  5226  2890 56946  4472  4151 10994   746  9591
 11211  5224  9874  5942 56934  4212 10611  2789  6862 10994 56935  1240
  8930  5226 56942 11804 56931 56945 56945 56945 56945 56945 56945 56945
 56945 56945]
