15 [56946 56932  4472 56942  5137 56932  2499  3772 11120   944 12267  4472
 12753 13371  8493  4657 13396 11120 20637 13344  6151  2890  7238 10067
  9925 56932  6197 11211 12342  3241 10621  1240 20797  5226  8493 14623
 22686 56931 56945 56945 56945 56945 56945 56945 56945 56945 56945 56945
 56945 56945]
2 [ 4049  5165 13192 13396  4151  6852  4472 11120   545  5226 56942  8509
 11120  6855 10067 13487  8876  9230 10102  1925 13804 11096 56931 56945
 56945 56945 56945 56945 56945 56945 56945 56945 56945 56945 56945 56945
 56945 56945 56945 56945 56945 56945 56945 56945 56945 56945 56945 56945
 56945 56945]
31 [11120  1578  8925  4562 11120 13916  4472 11211  1240 28842 10314  5226
 11120 17238 10621  1793  4472  5804  5843  4472  4151 56946 56946 10621
 17899 56932 10025  9658  8244  5226 11120 10509 13396  5224  1673 56931
 56945 56945 56945 56945 56945 56945 56945 56945 56945 56945 56945 56945
 56945 56945]
27 [ 2890 12956  6695 40231  6151 15254  4472   217  5226 11120 14294  4472
 15538  5224 13019  4472   852 48962 16501 56932  3848  6151 10430  5226
 56942 15023  8493 11495 13396  8493  8163 17606  5226   424  8429  4472
 15538 56931 56945 56945 56945 56945 56945 56945 56945 56945 56945 56945
 56945 56945]
