47 [10621 56946 56932 16478 10621 10618 56932 10611 10025 56932  1240 14377
  4472 11120 14329 56932  4472  4151 56946 10621 10067 56946 10621 42047
 56946  5226  5224  9541 11211 14817  6151 11120  1691  1925 13242 13171
  5863 12297  7780 14384 13171  4472 56942   340 12297 11211  7780  6260
 13396 11120]
39 [ 5226  1156  6151 11120 14053 11211  6667 10291 11120  7444  3934 11120
  8001 15568  4472  5657  8803 13396  5224  3835  5769 15164 56932 11499
 11211  5226  5224  1437 56946 10611  5224 56942 10621  5224 56942 13396
 14108 10621 11211 56946 13396  2396  4472 14122 12314 15257 56940  8493
 13450  7671]
34 [ 5224  9230  4472 13893 10621 13424 15404 56932  9810 13317 56932  3120
   217 11211  5224  1958  8033 10611  5224  4942  6862  8567   753 11211
  3116 13371 56940  8493  4687 12031 56932 11211 12764 12015 14190 10291
  4188   207 11372   430 10954 11211   373  5226  1231  7376  1903 10621
 13396 13554]
29 [ 5804  1046 12764 56946 13396  5224  9322  4472 11120 12673 56932 13371
  5226  2890  1242  8515  7898  8330 56932  1969  8433 13396  5224 10277
  4472  9985 56932 11211  1240 56946  1925 19767 10621  9122    61 32898
 56932 10621  5804 31955 46932   425 12921 56931 56945 56945 56945 56945
 56945 56945]
