40 [ 1424  7053  1240  8944  8186  6151 11120  1922  4472 11120  8163 13149
 56932 12889 15285 11211 11120  3962 10621  9805 56934  4472  4151 12336
 11120 56946 56935 15353  6151  5804  7025  4472  2654 10621   730 11211
 56940  1240  3645  6151  4087  5226 11673  5404 56940 56931 56945 56945
 56945 56945]
9 [12297 13396 11149  3671  4472 20039 31678  1240 11562 38840  5226  5224
  5138 56946 10067 14914 56946 56932   848 11122 11211 15145 56932 11211
  7494 11211  6744  5544  2814 11120 16400  4693  4472 56946 56932   443
  9096 56937 56945 56945 56945 56945 56945 56945 56945 56945 56945 56945
 56945 56945]
