14 [12889  1969 12764   753  7795 10414 56932  6151  7608  4472  5563 15504
  1240 56946 14513 10067 56942 10621 10067 56942 13396 14108 10621  4161
 10067 56942 13396 14108 56932 15201  6151 14196 11120 13724  4472 11120
 12688 56932 13529  4758 14419 56931 56945 56945 56945 56945 56945 56945
 56945 56945]
1 [ 5224  1681 10067  6260  4522  5226 14564 15067  4161  5804 56942 15457
 56932  5224 14198  5715  5226 13441 14378  9939 56932 41901 11120 16412
  4472 11211  5224  8538  7780  1266  5226  2890  3716 20487 10621  9524
  8493  3875 42921 10291 23540 13835 56931 56945 56945 56945 56945 56945
 56945 56945]
33 [56940  5240 12246  2738  3336  6151 11120  7440 10067 10620  4472  8373
   848   420  3861  4472  4842 56940 56932 15201 14418 56932 13386 11499
 11211   753 11211 12676  6151 11211  1240  4635  4151  1746  7956  5804
  1610  5226 11120 11259 10366  1217 56934 56942 56935 10621 11120 14277
 10067  4842]
41 [13567 56946 56932  3497 10067  8876 13554 10067  3612  5913 56932  8666
  6151 56942  1231 14662  5226  5224  7871 11284 10621  6197  5240  1782
  5226 11648  4472 11120 11753  4472 10131 10067 13732  5226 11120  8200
 56946 56932  4562  8503  4472  2415  7956   861 56931 56945 56945 56945
 56945 56945]
36 [20385 56946 56932 11211   425  1578  7780  8823 14694  3204  5217  5224
 22961 56932  8902  2890  2350  1925  4685  4472  9450 10621  6151 10958
  9502  4562  2890 12168 11211  1043  1925  3612  5692 10291  5606  8493
   455 56946  7956  5224  5576 56934 56946 56935 56931 56945 56945 56945
 56945 56945]
36 [56946  7780 14264 11397 56942  6149  4472   213 10067 15097 56946 56932
  8493 14364  9898 11211  1240 19636  8415  5226  5224  5609 12728 56932
 10621 11646 56942  6149  4472  6438 52345 56932 11211  1240  7704 13371
 14028  2370  5224 21005 11211  1240 32282  5217  5224 15097 56946 56931
 56945 56945]
35 [ 8554 10561  5226  3290  6151 56942  5263  4472 11120  4696  5043 56932
 11211  2348  5804 56942 10440 10067  1863  8310  5226  2890 11554  4472
  8493  4000 56932 56942 10013 10621 56942  5263 56932  4562  8493  2415
  4472 56942  5263  7956 10897 10922 56932 11211   299  6151  9694  4562
  8493  5265]
23 [ 5224 13576  3384  6118   730  2861 56940 12937  4151  2171   865 56946
 10621 56932  1233   753 14923 12489 56932  6241  5226 11120  7811  9707
 10291  8606  5804 10314 10971 56940 56931 56945 56945 56945 56945 56945
 56945 56945 56945 56945 56945 56945 56945 56945 56945 56945 56945 56945
 56945 56945]
21 [ 5226  1231 10785 56932  5224 56946  9823  4472  2654  6485  5226   425
   989  6151  5224 13640 11211  1231 10101  3349 14412   853    59  7956
  5804  6361  4472  4276 13371  9852  6151  4151   621 11211 14629  5804
  6829  5217 11120  7070  4472  8945  2370 11120 14611  1912 56931 56945
 56945 56945]
8 [11120 11602 10621 11120  4816  3733  5445 13171  9958  1633  5224 15175
  4472  8808 56931 56945 56945 56945 56945 56945 56945 56945 56945 56945
 56945 56945 56945 56945 56945 56945 56945 56945 56945 56945 56945 56945
 56945 56945 56945 56945 56945 56945 56945 56945 56945 56945 56945 56945
 56945 56945]
23 [ 5224 12956  1096 11211 56932  6151 14849  4472 11211 11120 14753  4472
 11120  4476  3037 56940 15074 56940 56932 11120   124  4472  4151   621
  7956 11120 56940  8728  7594 10621   942 56940    85 10972  4472  5187
 56940  4223 10621 10294 56940 10621  4562 10722  7718 56931 56945 56945
 56945 56945]
5 [ 5153  4405  5226  2135 11120  6098 11211  7494  5224  2792  4472 11120
 15284   635  7956 11120 14390  4472   424  3835  5047 56931 56945 56945
 56945 56945 56945 56945 56945 56945 56945 56945 56945 56945 56945 56945
 56945 56945 56945 56945 56945 56945 56945 56945 56945 56945 56945 56945
 56945 56945]
12 [56946  9768  9292  1379  1231 14693  4472  4284 13940 56932  4562  8493
 11469 12407  7001  5179 11120 11111  4472 33754 56931 56945 56945 56945
 56945 56945 56945 56945 56945 56945 56945 56945 56945 56945 56945 56945
 56945 56945 56945 56945 56945 56945 56945 56945 56945 56945 56945 56945
 56945 56945]
