11 [ 5224 11366  9230  1040 11211 56940   784  4472  4151   420  8719  5240
 13171 44858 11211 11120    19 56940 56932 12889  6205  9371  1933  4161
  8834 15117 13171 56946 13396 11120  6805 56932 10611 11904  5224 17033
  4472  2890 23289 13396  2642  4472  2890 15912  1909 10621  2890 30994
 56931 56945]
12 [ 5224  5322  4472 11120  8755  1912 56932 16037 14783 56946 56932  1240
  3623  5545  6151 11120  4687  4472  6952  4472  5804  3859 10621  7620
 13171  4518 13396  5224  5858  4472 46789  5224 56940 39584 56940 16352
 56931 56945 56945 56945 56945 56945 56945 56945 56945 56945 56945 56945
 56945 56945]
2 [ 5224  9874  5240 12555  4415  5804  6192  4472 12921 56932  5534  6950
   373  4472 13588  8493  7207 12135  4472  5804 13712 14049  1925  3015
 56931 56945 56945 56945 56945 56945 56945 56945 56945 56945 56945 56945
 56945 56945 56945 56945 56945 56945 56945 56945 56945 56945 56945 56945
 56945 56945]
0 [  373 56946 56932 22034 56931 56945 56945 56945 56945 56945 56945 56945
 56945 56945 56945 56945 56945 56945 56945 56945 56945 56945 56945 56945
 56945 56945 56945 56945 56945 56945 56945 56945 56945 56945 56945 56945
 56945 56945 56945 56945 56945 56945 56945 56945 56945 56945 56945 56945
 56945 56945]
29 [ 1925  6117  4472 11211 56932 13371 13478 56932   746 40762  4472   683
  3861  4472 12413 56932 15567   861 10621 56946  7053   752  5226 27852
  4562 11122 11211 11673 12267  2986 13171 11211 43667 56931 56945 56945
 56945 56945 56945 56945 56945 56945 56945 56945 56945 56945 56945 56945
 56945 56945]
15 [10291  5224   413  9102 14434 56940 56946 56940 56932  5224  9541 10611
 56946 10621  5084  3037 56940  9275 10621 14384 13396  5804  9870 13171
 11211 13396  5224  5589  6480 56940 56932  6205 13371 26442  6151   861
 13371 56940  1680 56940 10621 11211 56940  8783  5226 11120 10509  1925
 13732 56940]
37 [56940 11120 10244   848 11120 56946 22540  2890  2642 10621 13290  1240
  8902 14662 56940 56932  1040 56946 12297  5234   870 10067 24475  7143
 10621  5224 32128 18725 12297 13386 56932  1793 56932   668 11211  5226
  1936  1396 48794  4562 11120 14754 10067  7143 56931 56945 56945 56945
 56945 56945]
37 [11120 11088  6870 11211  5224   275  1240  3315 56932 15017 56932  5226
 13822 13043  7392  4472 11463  4472  6226  5224  6319 10621 56932 13371
 11575  4472  4151  3455 13906 56932  1240 10424 11211  5224  8614 56940
  1240 12680 10899 18884 10621  3237 56940 10291 13460  5226  5224  3172
 10471 56931]
25 [ 6299  5226  7809  6151 11120  1255   922 11211  5226  5224  6319  5692
 56932 56940  4562 11673 12031 12764  1240  7709  4530 56932 10621 12024
 21784  5240 12407 37419 56940 56931 56945 56945 56945 56945 56945 56945
 56945 56945 56945 56945 56945 56945 56945 56945 56945 56945 56945 56945
 56945 56945]
6 [ 8630 11211  5804  4908  4472  9786  6513  3348  6151 11120  2020  4472
 14122  8546 56932 13822 18748  4472  5319 12764 11122 35338  4562  5199
 14543 56931 56945 56945 56945 56945 56945 56945 56945 56945 56945 56945
 56945 56945 56945 56945 56945 56945 56945 56945 56945 56945 56945 56945
 56945 56945]
8 [ 5226  5224  1702  5296 56932 11120  3304 17768    85 56946  1925 12844
 10621  1925  8306 56946 10067 28194 56931 56945 56945 56945 56945 56945
 56945 56945 56945 56945 56945 56945 56945 56945 56945 56945 56945 56945
 56945 56945 56945 56945 56945 56945 56945 56945 56945 56945 56945 56945
 56945 56945]
7 [ 1233 11122 10261 12355 13396 56942  5263   229 14915 11165 13371  1233
 11122 10261  9591 13396 56942 10013 56931 56945 56945 56945 56945 56945
 56945 56945 56945 56945 56945 56945 56945 56945 56945 56945 56945 56945
 56945 56945 56945 56945 56945 56945 56945 56945 56945 56945 56945 56945
 56945 56945]
14 [56940 12889  1969  5850  2890  9198  4472  1510 12297  6299 12297 11122
 56946 10621  9373 18884 10291  8740   424   273  4472 12921  6151 11120
  9707 10067   870 56940 56931 56945 56945 56945 56945 56945 56945 56945
 56945 56945 56945 56945 56945 56945 56945 56945 56945 56945 56945 56945
 56945 56945]
13 [ 5224   870 10067 10217  1447 11581 56932 56940 56946 56940 56946 56932
  1240  3623  1811 15023  2135  5224  9691  5226  4151  9001  4472 11120
   476  4472  2551  4562  5224 56946 56942  8957 56932  5226  3196 56932
 14260  5224  9541  4472  7037  1240 15410  5226  8302 56931 56945 56945
 56945 56945]
18 [ 5804    24 14343 11211  1233 11120  7384 41177 13396  3255  8493 14564
 10185 56932 11120  7838  4472 13815   229 12543 13171  1688 56932 10621
  5804  2133  3903  4439  1925  8373 11211 12764 56946 11673  7316 56931
 56945 56945 56945 56945 56945 56945 56945 56945 56945 56945 56945 56945
 56945 56945]
3 [ 9019  5456  1240  3623 12407  8645  6151 11120  4000  4472 14161  6151
  3667  4758 15072 56931 56945 56945 56945 56945 56945 56945 56945 56945
 56945 56945 56945 56945 56945 56945 56945 56945 56945 56945 56945 56945
 56945 56945 56945 56945 56945 56945 56945 56945 56945 56945 56945 56945
 56945 56945]
20 [ 5226  6098  4472 15075 56946 56932  5488 29591  4472 11120  3671 12031
  8619 11211  5224  5778  8984  4472 11611  9500  4769 13407 56931 56945
 56945 56945 56945 56945 56945 56945 56945 56945 56945 56945 56945 56945
 56945 56945 56945 56945 56945 56945 56945 56945 56945 56945 56945 56945
 56945 56945]
22 [12889  5217 56942  3222  7780 12190  6151  1723  6151 56942  7496 56932
  5224   653  8984  8159 11211  2890  6753  2041  4472  1427 14811  8605
  5226  5352 17467  6151 11120  9028  4472 11211 11120 12596 15394 56946
  7665 56931 56945 56945 56945 56945 56945 56945 56945 56945 56945 56945
 56945 56945]
27 [11120  9168  4472  7774   195  4472 11120  1147  4472  5804  3882 11117
  4105  6151 15424  2958 15242 14931  6403  5226 11120 12031 10621  8826
 11211  1231  6319   373  7446  5226  2890 56940  2241 12033  3314 56940
 56932 10621 11211  5804  3618 56940 14811  2831 11120 12673   309  4472
  4693 56940]
14 [ 5224 12956  1096 11211 56932  6151 14849  4472 11211 11120 14753  4472
 11120  4476  3037 56940 15074 56940 56932 11120   124  4472  4151   621
  7956 11120 56940  8728  7594 10621   942 56940    85 10972  4472  5187
 56940  4223 10621 10294 56940 10621  4562 10722  7718 56931 56945 56945
 56945 56945]
1 [56940  1469  5235  4562 11120  2457 10067   653  4472  1723  1925  2445
  4472 14113  4562 56942 11804  4472  5895 56940 56932 15201   217  2067
 14740 56932  2595 10067  9211  4472  7581 56931 56945 56945 56945 56945
 56945 56945 56945 56945 56945 56945 56945 56945 56945 56945 56945 56945
 56945 56945]
15 [56940 11120  8544 11697  4472 15243 11120  8540 11454  5804  7821 10569
 56932  9000 12764  5240 12407 25977 10291  5804 28519 56940 56931 56945
 56945 56945 56945 56945 56945 56945 56945 56945 56945 56945 56945 56945
 56945 56945 56945 56945 56945 56945 56945 56945 56945 56945 56945 56945
 56945 56945]
10 [ 5224  2792 10067   653 56932  4758 13529  9222 56932  1240  3623 12948
  5545  6151  8493  2031 10067  1079  3196  7956  4171 10291  6697 11120
 15568 10067 11955 10067   968 10621  4472  5804 13545 56931 56945 56945
 56945 56945 56945 56945 56945 56945 56945 56945 56945 56945 56945 56945
 56945 56945]
8 [ 5224  2792  4472  5822 56932  3667  6291 56932  4125 12948 12407  1006
 13396  5224  3321 10067  1034 15164 14552 56946 56932  1925 11211 17497
 56940 10644  9802 56940 56931 56945 56945 56945 56945 56945 56945 56945
 56945 56945 56945 56945 56945 56945 56945 56945 56945 56945 56945 56945
 56945 56945]
9 [56940 13478  5804  5286  5207   746  6398 56932  9000  9373 12555  4372
 14260 11120 10767 10067  3612  7780  8192 12407 11169 56940 56932 15201
 11940 56932 13386 12764  3270 11120  6098  4562 10800  9502  7956 11211
 11120  5243  4472 12146 15362  3510  5226 11120 12090 10067  9541 56931
 56945 56945]
6 [10621 11122 18983 10067  3612 56932  5240 14503 30346 56932  4562  2890
   804  4472  6480 12297 56946 12297 56932  6260  4472  7167 56932 33177
 56932 14931 13171 56946 10291  5224 11995 11211 14923 56946 19006  4472
  5095  4472 31118 10621  5224  2932  6151 11211 56932  4472  5000 56932
 11117  6502]
9 [56940 11120  1147  4472  5804 18619  4562 13331 14482  2529  1189  3540
  5226  5224  4492  4472 11211  8818   848  9277  1240 56946 56932 56931
   428  5240  6418  6151 11211  1776  4562  4151 17428 10621 56932 13396
 13554  1240 19456  4472 12402 56931 56932  8593 26156  6151 15223 11211
 56932  5226]
22 [18552 14378  5137  4472 15459 34278 10621  1240  6376 11120  7069  4472
 11211  9490  2779  3455 10291  4151 11211 17152 11211 12764  4125  5321
 13396 13822  5052 56931 56945 56945 56945 56945 56945 56945 56945 56945
 56945 56945 56945 56945 56945 56945 56945 56945 56945 56945 56945 56945
 56945 56945]
5 [12297  5224 45321 34395 56932  4125 56946 10621 56946 56932 13371  1233
   375  4472 13305 56931 56945 56945 56945 56945 56945 56945 56945 56945
 56945 56945 56945 56945 56945 56945 56945 56945 56945 56945 56945 56945
 56945 56945 56945 56945 56945 56945 56945 56945 56945 56945 56945 56945
 56945 56945]
