20 [56940  4550 11122 11211 40292  5240 14496  6151  6416  8493  7415  1578
 56932  4562  2890  9198  4472 12090 10621  5280  6419  6151 15223  5226
  5224  7992  4472 11159 11211 12015 11449 11120  7626 56940 56931 56945
 56945 56945 56945 56945 56945 56945 56945 56945 56945 56945 56945 56945
 56945 56945]
6 [16286 56932  6196 12015 45690  1233 14496  6151 10105  2890 17943   217
  5226 11950 13396  5224 15175  4472 11120  5918 13261 11930 56931 56945
 56945 56945 56945 56945 56945 56945 56945 56945 56945 56945 56945 56945
 56945 56945 56945 56945 56945 56945 56945 56945 56945 56945 56945 56945
 56945 56945]
