15 [ 7798  3655 11211  5804 15261 12764  1340   784 12459  4472 11211  5804
  2322 13396  5916 56946  6151   505 10621 11499 11211  5804  9996 11526
  3255  3245  3956 12937  4151 15090 11350 56931 56945 56945 56945 56945
 56945 56945 56945 56945 56945 56945 56945 56945 56945 56945 56945 56945
 56945 56945]
2 [ 5804  8263 17168  5226  8493  7261 14931 14442 19527  6151  5804  3627
 46562 56934 56946 56935 56931 56945 56945 56945 56945 56945 56945 56945
 56945 56945 56945 56945 56945 56945 56945 56945 56945 56945 56945 56945
 56945 56945 56945 56945 56945 56945 56945 56945 56945 56945 56945 56945
 56945 56945]
7 [10621 10958 13529 48297 56932 56946 56932 56946  5226 11120 14251  6151
 12666 13371  1782  4472 11120 56940  3595 56946 56940  1633  3572  2861
 56940  5804 26226 56932  5804 36123 56932  5804 25860 11211  5226 56942
 23667 56946  4472  9996  4472  6221 11120  7626 35562 11211  8946 10493
 11148  8493]
15 [ 5804 15292 56932 11211 11292  6197 14777  9289  9773 56934  4885 10067
  3612 56935 56932  1828 13396 56946  6151  5804  7015 56932 11211 14811
 14931 10778  5471  4562 12888 56946 56932 13370 56931 56945 56945 56945
 56945 56945 56945 56945 56945 56945 56945 56945 56945 56945 56945 56945
 56945 56945]
22 [11120  3059  1240 10532  6151  4151 56942  1362  4472 11120  1296  6151
 56942 10440  4472 11120  5918  4472 56946  5534  2890   412 56946  6151
  2890 36645  5226  4890 28434  7616  2890 13723  4472 56942  6381 56932
   713 10621 17061 11211 56932 13371 10267  5244 56932  1240 56946  5217
 13822  3034]
9 [15023 56942  2347  5226  5544  9939 56932  5224   653 56946 14931  6403
  6151  8928 56946 56946  4472 42186  6151  3572 56931 56945 56945 56945
 56945 56945 56945 56945 56945 56945 56945 56945 56945 56945 56945 56945
 56945 56945 56945 56945 56945 56945 56945 56945 56945 56945 56945 56945
 56945 56945]
23 [ 3667 14114  8568 56932  5217  5224 14451 16950  4472 11120 14571  4472
  1447  3951 56932 14576 11120   681 10067 14399  2861 56940 13938   273
  6151  8493  4472  4151  1088 14971 11211 56946  6151 15986 10621 40058
 56940 13371  5240 56940 11120 16029  4472 11120  6146 56940 56931 56945
 56945 56945]
2 [ 2890 19160 56946  6151    13  5226 11120 18920  4472 11120  1795  4472
 15538 56931 56945 56945 56945 56945 56945 56945 56945 56945 56945 56945
 56945 56945 56945 56945 56945 56945 56945 56945 56945 56945 56945 56945
 56945 56945 56945 56945 56945 56945 56945 56945 56945 56945 56945 56945
 56945 56945]
4 [ 3919 11211 11120 56737 56946  1925  5718 56932 10621 56946 13487 13396
 56946  3657 14977  6151 11325  7864 10621 10568   254  5224 13440  4562
 11120 12226  4472  2890  4633  4472  9212 56931 56945 56945 56945 56945
 56945 56945 56945 56945 56945 56945 56945 56945 56945 56945 56945 56945
 56945 56945]
6 [ 1925 12691  2069  4472  8216  8865  5466  5226  7415   661  6151   424
 12284  9580 56932 12249 11211 12703 10413   682 13310  4472  2972 11211
  2986 15526  9193 10621  7803 11120 14299 56932 11372  4855  4472  5187
 14474 56931 56945 56945 56945 56945 56945 56945 56945 56945 56945 56945
 56945 56945]
