35 [ 6118 10067 10386   746  5664  1231 56946  7956 11120    48  1436  4472
  1756  5226  4756  4472  8493 15284  1106  2982  1925 10386 10067 12649
 56932 11211  4161  4550  1240  7780 13843  6151 38029 12736 10621  7352
 56932 10611 11646  9643 56931 56945 56945 56945 56945 56945 56945 56945
 56945 56945]
7 [ 5226  3646 56932 12948  1240  8978  5224 14399 10611  4942 56932  8567
 10621  9541 12776 56934 14363 56935 11211  1670  2890   653   763  4472
  6462 56932 11211 10475  3030 13396  5224 15512  4758  6777 56931 56945
 56945 56945 56945 56945 56945 56945 56945 56945 56945 56945 56945 56945
 56945 56945]
