0 [ 8734  4518 15376  6151 11631 56931 56945 56945 56945 56945 56945 56945
 56945 56945 56945 56945 56945 56945 56945 56945 56945 56945 56945 56945
 56945 56945 56945 56945 56945 56945 56945 56945 56945 56945 56945 56945
 56945 56945 56945 56945 56945 56945 56945 56945 56945 56945 56945 56945
 56945 56945]
4 [56940  4550 11122 11211 40292  5240 14496  6151  6416  8493  7415  1578
 56932  4562  2890  9198  4472 12090 10621  5280  6419  6151 15223  5226
  5224  7992  4472 11159 11211 12015 11449 11120  7626 56940 56931 56945
 56945 56945 56945 56945 56945 56945 56945 56945 56945 56945 56945 56945
 56945 56945]
9 [ 5224  2824 12638 56932  4204  3245 13396 12838 56932  6172  5226 10107
  5224  6260  8590 15023 17251  8493 14950  4472   153 13396  1231 56940
 11066  4472  7460 56940 10621  6151 13822 14378  9135  1240 15394  7780
  7916 11120 13269 10067  6319 56932  8630   865 44977 41635 13396  1231
 10620 56931]
5 [ 5224 10778 11211  5224 14479 16945  5226 13043 17772 10067  5076 10621
 11120 11066  4472  8725  4472 13441 13478  5804 15370   746 56191  5224
  5509  4035 56931 56945 56945 56945 56945 56945 56945 56945 56945 56945
 56945 56945 56945 56945 56945 56945 56945 56945 56945 56945 56945 56945
 56945 56945]
14 [14016  7462 10067  8876 56946 10067  9541  9000 56932 12889 11372  4855
  1132  6151 17854  6151  3252 56932 15574  4188  8108  5226  5224  4667
  4562  4188  7057  5226 11120  4953  4472 11120  4988 56931 56945 56945
 56945 56945 56945 56945 56945 56945 56945 56945 56945 56945 56945 56945
 56945 56945]
31 [ 5543 14576  5226  8458  4472  2858 15023  5224  6550 11211 56940   753
 11211 12702 56932 13371  8993 56932  6151 10636   434 10291 11211 26282
 10621 15031  1925  5715 56932 11211  5207 15842 56940 56931 56945 56945
 56945 56945 56945 56945 56945 56945 56945 56945 56945 56945 56945 56945
 56945 56945]
7 [56946 26133  2861 56940  5534  6834  6151 15379  9490  8871 56946 56932
  8871 56946 56940 56931 56945 56945 56945 56945 56945 56945 56945 56945
 56945 56945 56945 56945 56945 56945 56945 56945 56945 56945 56945 56945
 56945 56945 56945 56945 56945 56945 56945 56945 56945 56945 56945 56945
 56945 56945]
0 [ 8642  4562  2890 12097  1925 11211  1240 11117  8662  6744  4151  9721
 10621   151  4562  8493  6686  4472  9316 13314 10291 29066 11120 14602
 56932  2890   515  4472 18496 11211  1240 56946 13396 13974 56932  8493
 10868  4562 14606 10291  6520 11120 56946 56932  2890 56946 10291 56946
 11120 20899]
7 [ 7868  9222 56932 11120  5158  7709 56940 13018 10621  9997 56940 11211
  1723  7706  6416 56940 13171 23723 56932 18128 10621  8390 56940 56932
 11122 11211 56932 10291  5224  2792 56932 56940  5240  8493  7415  7316
 10291  1723 56940 56931 56945 56945 56945 56945 56945 56945 56945 56945
 56945 56945]
21 [ 8630 11211  5804  4908  4472  9786  6513  3348  6151 11120  2020  4472
 14122  8546 56932 13822 18748  4472  5319 12764 11122 35338  4562  5199
 14543 56931 56945 56945 56945 56945 56945 56945 56945 56945 56945 56945
 56945 56945 56945 56945 56945 56945 56945 56945 56945 56945 56945 56945
 56945 56945]
40 [56940 56946  1379  6151  4151   713 10621 13261  4472  4543  2910 10291
  5804  6381 56940 56932   730  5224 13488  4472  1414  4472 56946 56932
  5067 23839 56932  1362  4693  4472 11211  1240 12452  5224 14969 10621
  5804  6062 56946  6151 33288 56931 56945 56945 56945 56945 56945 56945
 56945 56945]
4 [ 5224 13488  4472   445  3159   848   582 12002 11211  5240  9774  9678
 11120  1329  4472 13822  2109 56931 56945 56945 56945 56945 56945 56945
 56945 56945 56945 56945 56945 56945 56945 56945 56945 56945 56945 56945
 56945 56945 56945 56945 56945 56945 56945 56945 56945 56945 56945 56945
 56945 56945]
34 [13371  4569 56932  5224  9582 56946  6485 11211 12764  1240 23853  1925
 12931 10067  5095  4472  7276 10621  1096 56932  1633  4151 15581  4472
  1231 12754  9541 56932 11211   753 10722  3765 11211 12764 10145 56932
 13371 13396  7932 56932 14855  4472  1009 11122 11211  1064 12889 11117
 14941 56946]
6 [56940    19  4472  4151   304 11211 56946  7494 11211  1000  4562  5224
  5972 10067 56942  2861  1233  4518  9373 12407  4518  5226 11122 14203
 56932  5226 11122 14479 10621  5226 11122 56946 56932  9632 11211 10291
 13487  8317  6260  8373  5137 10621  6197 12764 33914  5224 12675 56940
 56932  4329]
5 [56940 12764  5240  5224 11211 56946  8509  5137  4562  2890 13723  3269
  4472  5574 56940 56931 56945 56945 56945 56945 56945 56945 56945 56945
 56945 56945 56945 56945 56945 56945 56945 56945 56945 56945 56945 56945
 56945 56945 56945 56945 56945 56945 56945 56945 56945 56945 56945 56945
 56945 56945]
29 [11120  3059  1240 10532  6151  4151 56942  1362  4472 11120  1296  6151
 56942 10440  4472 11120  5918  4472 56946  5534  2890   412 56946  6151
  2890 36645  5226  4890 28434  7616  2890 13723  4472 56942  6381 56932
   713 10621 17061 11211 56932 13371 10267  5244 56932  1240 56946  5217
 13822  3034]
17 [56940   425  5240  8493  4472  4151 14324 13396 11120 11211  5224 16034
  4472 11516  5179  7421  7780 14188  5226  5804  4393  3861 56940 56932
 15201  7669 56931 56945 56945 56945 56945 56945 56945 56945 56945 56945
 56945 56945 56945 56945 56945 56945 56945 56945 56945 56945 56945 56945
 56945 56945]
22 [ 5804  5634 56932  7868  1240 20638  4472  4151 13864  4472  1231 10242
  9823 56932 56946 11211 11148 56946  1925  5328 56932 13371 13280  9222
 56932  7709 12764  2529  5224  7811  7171  4472 56946 11120  9344  9500
 56931 56945 56945 56945 56945 56945 56945 56945 56945 56945 56945 56945
 56945 56945]
8 [ 7868  5224 15548 56932 56940 11120 13480 11211 40292  3241  5226  9050
 56932 12731  5226  9050 10621  5240 12407  7074 13396 13822  3692  7539
 56940 56931 56945 56945 56945 56945 56945 56945 56945 56945 56945 56945
 56945 56945 56945 56945 56945 56945 56945 56945 56945 56945 56945 56945
 56945 56945]
9 [ 5224 14012  7780  3521  5804   420  3204 11211  7780  4629  2370  1725
 56932  5226  8406  5224  2689  6260 10621  5226  5804  1304  4472 56946
 10621   605  5226 56942 56932 10621 12171  7780  4629  4562  5224 12796
 56931 56945 56945 56945 56945 56945 56945 56945 56945 56945 56945 56945
 56945 56945]
32 [ 5224 14012  7780  3521  5804   420  3204 11211  7780  4629  2370  1725
 56932  5226  8406  5224  2689  6260 10621  5226  5804  1304  4472 56946
 10621   605  5226 56942 56932 10621 12171  7780  4629  4562  5224 12796
 56931 56945 56945 56945 56945 56945 56945 56945 56945 56945 56945 56945
 56945 56945]
29 [ 5804 13171  1899 56932  8415  7394  4472 10611 56942 10621 56942  5137
 56932  7898   494  4016 56932 56946   598  4472 13806 56932 20284 10621
  7258 56946 56932 11211  5280 11451 10291 13822 13840 10621 10291 14335
  6157 56931 56945 56945 56945 56945 56945 56945 56945 56945 56945 56945
 56945 56945]
40 [11120  1620 18142 56932  5226  3983  4472  8354 10621  4562  5224 14746
  7956  4151 14130 56932 15201  1925  1782 13154  2861 56940 12024 18349
  8993  6236 11211  8946  1557  4472  3433 56940 56932  5280 56932 13482
  6151 13822  3010 56932 42348  1925  5689 10067  2792   671 10291 11434
  8493  8230]
27 [ 5224  7811 12213  2861  5224 10067  5078  4472 56946  4472 14545 56946
 56932 56940  6950  4151 17607 11526 56946 56940 11211  5224 56946 15884
 56946  1240  8057 15379  3245  5226  1231  2175 56931 56945 56945 56945
 56945 56945 56945 56945 56945 56945 56945 56945 56945 56945 56945 56945
 56945 56945]
19 [56940 12015  7780 14985  5224  2104  4472  7626 11211  8777  5804  4755
 56932  5224  8254  4472 11426  1925 11211 13512 10621 11120 13636  4562
 11120 11211  1240 13731  5226  5224  5372 13396  5224 13132  4472  1000
  6151 11120  8150  8128  5226  9735 56940 56931 56945 56945 56945 56945
 56945 56945]
4 [ 4151  4094 11211  2007 38825  5226  5224  7147 10007  9198  6151  9198
  1996 10767 56931 56945 56945 56945 56945 56945 56945 56945 56945 56945
 56945 56945 56945 56945 56945 56945 56945 56945 56945 56945 56945 56945
 56945 56945 56945 56945 56945 56945 56945 56945 56945 56945 56945 56945
 56945 56945]
14 [ 6151 11669 29386  6862 31820 15340 56932 12015 56946  6151 21159 11211
 12764  1240 56946 56931 56945 56945 56945 56945 56945 56945 56945 56945
 56945 56945 56945 56945 56945 56945 56945 56945 56945 56945 56945 56945
 56945 56945 56945 56945 56945 56945 56945 56945 56945 56945 56945 56945
 56945 56945]
9 [ 5224 30057  5240 12672 12407  1529 10621 12764  7709  9406  6151 11120
   128 56932 10621  5804 56946 12013  4472 11120 13715  4472  1231 10177
  2861  5224 30057  5240 10291  6221 11120  7626 56931 56945 56945 56945
 56945 56945 56945 56945 56945 56945 56945 56945 56945 56945 56945 56945
 56945 56945]
1 [ 1240  4962  4562  8593  5224  2449  4472  7038 13396 14659  4472  5012
  4472  6548  4255  6151  6548  6740  6151 11122  2041 10067 13571 56931
 56945 56945 56945 56945 56945 56945 56945 56945 56945 56945 56945 56945
 56945 56945 56945 56945 56945 56945 56945 56945 56945 56945 56945 56945
 56945 56945]
35 [ 5286  2848  1240  1425 13171  2308  4562  5224 56946  2861 11211  5804
  4573  8540  2529  1915 56946  4472  7171 32178 56932  4562 11122 11211
  8493  1855  4472   210 56932  4562  2890 56946 15134 56932  7709  7099
 13371  4039  5226  8493 13543 56931 56945 56945 56945 56945 56945 56945
 56945 56945]
19 [ 2443 11120  3094  5226  5198  4472 56942  5534 12565 11120  1029  4472
  1231  8876  8024 56932  6151 13386  4563 12475 56931 56945 56945 56945
 56945 56945 56945 56945 56945 56945 56945 56945 56945 56945 56945 56945
 56945 56945 56945 56945 56945 56945 56945 56945 56945 56945 56945 56945
 56945 56945]
2 [ 5534 11122  4844  5226  4109 12554 56931 56945 56945 56945 56945 56945
 56945 56945 56945 56945 56945 56945 56945 56945 56945 56945 56945 56945
 56945 56945 56945 56945 56945 56945 56945 56945 56945 56945 56945 56945
 56945 56945 56945 56945 56945 56945 56945 56945 56945 56945 56945 56945
 56945 56945]
21 [ 5850 11401  4472 14496  6151 13439 10621 11293  8493  7626 13171  6806
 56933  4562  4151  8865 12764  4365 13848 11122 11211 56946 56932  6151
  1000  1233  4562 11120  3111  4299 12297 56931 56945 56945 56945 56945
 56945 56945 56945 56945 56945 56945 56945 56945 56945 56945 56945 56945
 56945 56945]
9 [  753  8150 11211  8159 11211  6205  7709 12764  6950 28667  4161  5224
 13913 10954  3421  5137 13171 56931 56945 56945 56945 56945 56945 56945
 56945 56945 56945 56945 56945 56945 56945 56945 56945 56945 56945 56945
 56945 56945 56945 56945 56945 56945 56945 56945 56945 56945 56945 56945
 56945 56945]
40 [11120  1748  5240 11211 13290  5762 12889 12764  1240  7709 23910 11211
  5534  1200  5224  4981 13478 19456 11673  3852 13137 11211 12171  8156
  1532 11372 42108 56934  4195  5804 28362 56935  9000 11211 13478 56932
  8355  5804 28362 56932 11292  6151  9687  4562 11120  4188  1502 56931
 56945 56945]
41 [11120  1748  5240 11211 13290  5762 12889 12764  1240  7709 23910 11211
  5534  1200  5224  4981 13478 19456 11673  3852 13137 11211 12171  8156
  1532 11372 42108 56934  4195  5804 28362 56935  9000 11211 13478 56932
  8355  5804 28362 56932 11292  6151  9687  4562 11120  4188  1502 56931
 56945 56945]
42 [11120  1748  5240 11211 13290  5762 12889 12764  1240  7709 23910 11211
  5534  1200  5224  4981 13478 19456 11673  3852 13137 11211 12171  8156
  1532 11372 42108 56934  4195  5804 28362 56935  9000 11211 13478 56932
  8355  5804 28362 56932 11292  6151  9687  4562 11120  4188  1502 56931
 56945 56945]
3 [56934 12764  5191 11981  6205 14260  5804  6381 25724 12672  4643 56935
 56931 56945 56945 56945 56945 56945 56945 56945 56945 56945 56945 56945
 56945 56945 56945 56945 56945 56945 56945 56945 56945 56945 56945 56945
 56945 56945 56945 56945 56945 56945 56945 56945 56945 56945 56945 56945
 56945 56945]
0 [56946  4472 14555 13802 15040  5224  6158 11211    65  7928  5226  5224
  2175  4472 11120 12673 13030 11211  1240  2049 11120 12661  4472  2890
  6858 56931 56945 56945 56945 56945 56945 56945 56945 56945 56945 56945
 56945 56945 56945 56945 56945 56945 56945 56945 56945 56945 56945 56945
 56945 56945]
6 [ 8596  3686 29511 56932 14260  9490 13651  5226  5224  7966 56932 10621
 14931 11744 12171  9490  6229 56946  1633 13822 10664 56932 13732 56932
  5806 56932   119 56932   494 18672  8493  1004 56932  1925  1242 56932
  8493 12921 16635 56932  5534 11120 14851  1240  8057 37077 56931 56945
 56945 56945]
