19 [11120 56946 11120  9490 56946  4161  5224  1601  4472 12764 56946 11211
   375 11120 12673 56932 10621 11120  9490  7039 56946 10621 44600 56932
 10621 19567 10067  1926 56931 56945 56945 56945 56945 56945 56945 56945
 56945 56945 56945 56945 56945 56945 56945 56945 56945 56945 56945 56945
 56945 56945]
11 [ 5534  2773  5804 14117 10653  4472   425  5820 23877  1132  6151  7335
 32171 13256  4472 11122  1704 56932 56946  6151  1231 31609 56932  6151
 11120  2748 14035  4472 13822 14543 56932 11120 18919  4472 14122 56946
 11211  2890  2689 15023    13  4563 19957 10291 12342 56932 56946 11120
 13609 56932]
