42 [ 8493 14564 56946 56946  1723  6151 15254  4472   217 10621   522  8415
  6151  8295 10621  5224 12728  4472 11120 14774 56932 12889 11120  5152
 10067 11554 21843  4472 12948  5226 11120  4188 12135 10067  6319  6645
  6151 14028 12683  3956 13478  5804 24122  4472 10942 56931 56945 56945
 56945 56945]
13 [ 5165  6151 11120  6275 11211  1049  7305  5226 10105  5226 11120  3174
  5224   982  4472 56940 12611 13396  5224 13893  4518  9591 56940 56932
 14260  5226  5804 10700 11211 56946 13396 56940 56946 13822 10555  7956
 11120 11668 10621 11120  6471  1396 28610  1925  5566  3676 10621  6151
 10733  4472]
23 [ 5226 15232 10097 56946 18984 56932  8630 11211  5226 12379  5452  1240
 32220  5226  2890 10975  4472  4109 56932 11122 11211 11117  1841 14137
  4472  7238  7376 56931 56945 56945 56945 56945 56945 56945 56945 56945
 56945 56945 56945 56945 56945 56945 56945 56945 56945 56945 56945 56945
 56945 56945]
6 [56946  1694  6477   424  2689  2890  5566  9823  5226  2551 10067 56942
 13396 14108 56932 11122 11211  6913  2890  4065  5226  6036  6151  5804
 56942 11804  4472  5283 56931 56945 56945 56945 56945 56945 56945 56945
 56945 56945 56945 56945 56945 56945 56945 56945 56945 56945 56945 56945
 56945 56945]
10 [14724  7780  8192  5224  8288  7977 56932 15083  4472 11120   657 10067
 56942 13396 14108  4472  5198 56932  5226  5224 11211  1240  5877  8493
 14964  4073  5226  4262  5709   424  2689 56931 56945 56945 56945 56945
 56945 56945 56945 56945 56945 56945 56945 56945 56945 56945 56945 56945
 56945 56945]
10 [ 2188 44074  5226 11120 11436 10067    13 12015  4473 11120  7069  4472
 11211 12015 13280 13171 15340 56932   848 13171  6073 10067 15168 56931
 56945 56945 56945 56945 56945 56945 56945 56945 56945 56945 56945 56945
 56945 56945 56945 56945 56945 56945 56945 56945 56945 56945 56945 56945
 56945 56945]
21 [ 5224  6371 56942  6019  2890 56946  5226  1231 13675  9234 56932 10621
  4695  5226 56946 13349 56932 11122 11211  6913  2890  9321  4472 56942
 13349 13344  6151  5804 56946  4472 15099  4472 11966 56931 56945 56945
 56945 56945 56945 56945 56945 56945 56945 56945 56945 56945 56945 56945
 56945 56945]
