29 [10621 56946 56932 16478 10621 10618 56932 10611 10025 56932  1240 14377
  4472 11120 14329 56932  4472  4151 56946 10621 10067 56946 10621 42047
 56946  5226  5224  9541 11211 14817  6151 11120  1691  1925 13242 13171
  5863 12297  7780 14384 13171  4472 56942   340 12297 11211  7780  6260
 13396 11120]
15 [13456 13261 11120 10426  4472 11120 14675  4472  7790 10621 12920 56932
 11211  5224  9544 10693  3245  6151   643 56946 56932 56946 12297 12297
 11211  2746  1231 14555  8436 56932 56946 56932 11211  1503   424  7977
  6151 11120  4194 12297 12297 10621 14543  4472 13062 56931 56945 56945
 56945 56945]
24 [ 5804  8373 15261  1240   746 13771  6151 56946  1925 56942 13396 14108
  4472  5804  8424 56946 56932 11211 56932  5226  2890  1242 56932  8540
  4888  1925  6519  9666 56931 56945 56945 56945 56945 56945 56945 56945
 56945 56945 56945 56945 56945 56945 56945 56945 56945 56945 56945 56945
 56945 56945]
36 [12379  5452 15285   217  1231  2985 13396 11120  4670 10067   653  8984
  4472  8663 56942 11804  4472  5895  1925  2445  4472  9584  4472 14113
 56932  1925    20 11211 13396 11120  4472 10025 10700  3462 11211  3245
  5129  6151  4151  6505  3436 56931 56945 56945 56945 56945 56945 56945
 56945 56945]
