0 [ 4716  6997 11211  5224 56942 13396 14108 10067  9925  4125  6151 15276
  4472 56946 10621  6950  5224 56942 13396 14108  6558  6151 13815  6151
 14198 13346 56932 10621 11211 11120  8373  9490  7934  5226  4151 11197
 12605 56931 56945 56945 56945 56945 56945 56945 56945 56945 56945 56945
 56945 56945]
25 [ 5226  8493  7276  9742 26130  5224 11950 56942  7367  5804 56942  7691
 56946 56932  9000  8493 12921 15083 56932  5226 11120  7276  7638 56932
  6950  4585 56942 56931 56945 56945 56945 56945 56945 56945 56945 56945
 56945 56945 56945 56945 56945 56945 56945 56945 56945 56945 56945 56945
 56945 56945]
3 [ 5226 11120 11643   752  4979  5224  9230  4472  6471 56932  7268  8981
 56932  5224 10242  4472  7581  4472  6471 56932  5831  5355 16501 56932
 10621  5224  7423  4472 11120  7444  4472 12474 10067  7407 56932  5513
 56946 56932 11211 44925   425 32066 11211  4146 15640  5137  4472  3789
  4472 56946]
12 [   85  2370  5224 13064  2067 56946 56932 10621 11669  3719  4472 50656
 14190 11211 11117 12390 11664  5280 14773  5224 12687 56931 56945 56945
 56945 56945 56945 56945 56945 56945 56945 56945 56945 56945 56945 56945
 56945 56945 56945 56945 56945 56945 56945 56945 56945 56945 56945 56945
 56945 56945]
6 [10529 56932 27527  4472  9158 56932  5240 41007 13396  2188 18013  6151
 11120 17871  4472  1231  8844 46516 56932 32334  5226  1231 56946 56931
 56945 56945 56945 56945 56945 56945 56945 56945 56945 56945 56945 56945
 56945 56945 56945 56945 56945 56945 56945 56945 56945 56945 56945 56945
 56945 56945]
