16 [ 5543  9445 56932 15058  6151 23309 56932 11211 11122 11211  4026 11211
  8606  6905  7396  5240  5487 56940 15647 56940 10621  1603 11211 12342
 12171 17182 56940 56946  1925  7238 56940 56931 56945 56945 56945 56945
 56945 56945 56945 56945 56945 56945 56945 56945 56945 56945 56945 56945
 56945 56945]
13 [ 5224 15548  6394 12937  4151  2136   321  6151 11120 12536 56932 14122
 11211  1396  8993  4979  5226 11120 14088  4472  5804 14821  2356 56931
 56945 56945 56945 56945 56945 56945 56945 56945 56945 56945 56945 56945
 56945 56945 56945 56945 56945 56945 56945 56945 56945 56945 56945 56945
 56945 56945]
34 [ 5224  2595 10067  5328 56932 39404 56946 56932  1040 11211 56932  1233
 15206 10621  5227 12764 15690  2254 11211  1340 56940  1863 12033 56940
 10621  7508 10291 56940 15336 10621  5307  6151 15488 11211  9444 56946
  1633  3572 56940 56932  1240 11095  2890 14555 13959  5226  5224 11211
  4151 14862]
