14 [ 1925  3479  5224 15120 56932  5804  8373 12535  1240  2542  4562 13822
  3491 11211 10762  1925 15120 10621  5495  4562  5804  1482 56931 56945
 56945 56945 56945 56945 56945 56945 56945 56945 56945 56945 56945 56945
 56945 56945 56945 56945 56945 56945 56945 56945 56945 56945 56945 56945
 56945 56945]
3 [13420 12764  8321  4421 56932 13396 56946 56932  6151  4151  1347  4472
  4295  4472 11211  1231  4670  4472  9770  5224 56946  5226  1231  5352
  4472  3628 15312  5226  4151  8849 11730  7175 14843  2890 56940 14606
 11279 56940  5226 11120 15249    36 11211  5804 13452 56946   775 56931
 56945 56945]
35 [ 5226  6226 13440 56932  5804  3421   340 11211  1240 56946  5226  5804
 56942 10013  4472  6480 56932  5331  8493 14559 14950 56932 14423  2890
  5589  5798 10291  5804 13441 56942  6062 11211  1240 56946  6151  5255
  1925 12908 56931 56945 56945 56945 56945 56945 56945 56945 56945 56945
 56945 56945]
18 [ 5224   870 10067  5683 13579 56932 13662 10067  5928 56932 11117 14039
   375  4472 11120  1562 11211  1240 12765  1296  3786  1925  9102 27155
  6151 13686  6894 10621 14524 15105 56932  6151  5804 11211  4473 12413
  5226 13072 10067  9541  4472 16932 10067 11255  8788 56931 56945 56945
 56945 56945]
14 [13396 11674 56932   229 11165 11211  2892 56946  1231 11311  4472  8033
  5887 10291 56946  6151  1954 13171 39866 56931 56945 56945 56945 56945
 56945 56945 56945 56945 56945 56945 56945 56945 56945 56945 56945 56945
 56945 56945 56945 56945 56945 56945 56945 56945 56945 56945 56945 56945
 56945 56945]
25 [56940 11325 27166  5597 10067  2908  4472 16980  8268 56931  6997 11211
 15083  4151  3765 18430 10621  3919 11211  8503 12764  7494 13171 10587
 11211  9483  6151  8606  4472  6226 56940 56932   668   424   948 56932
  8334 13280 56942  5137  5226 14564 14557 56931 56945 56945 56945 56945
 56945 56945]
11 [ 1231  3374  5240  8503  4472    68 14959 25687 11211 12543 11117  5011
  6151 11120  7037 10621 11211  3731  2890  7425 13171  8041  6151 11120
 17909 11211  6151 11120 19527 56931 56945 56945 56945 56945 56945 56945
 56945 56945 56945 56945 56945 56945 56945 56945 56945 56945 56945 56945
 56945 56945]
20 [  424   229  5224  1601  4472  8819  4472 11120 20418 56932 11211   373
 13171  2315  4472  6221 10418  7436 10621  1240 15869  3245  6151  4151
  8849  4607 10067  7238 56932 11211  5668 12764  9840  9193 56931 56945
 56945 56945 56945 56945 56945 56945 56945 56945 56945 56945 56945 56945
 56945 56945]
16 [ 5804 17198 12109 11211 56946  7397 14363 56946 56946 11714  5226 11120
 13733 10621 14363 56946  1234 34823  6151 11120 56946 56943 56945 56945
 56945 56945 56945 56945 56945 56945 56945 56945 56945 56945 56945 56945
 56945 56945 56945 56945 56945 56945 56945 56945 56945 56945 56945 56945
 56945 56945]
