6 [ 1231  8876  5551 13371  7416 11117  1132  3245  7956  2890 56946 16354
  5226  5224  8965  6151 56946  4472 56946 56932  5226   140 56932 11122
 11211 11117  8902 56940 15225 10291  5804  4185  3803 56940 56931 56945
 56945 56945 56945 56945 56945 56945 56945 56945 56945 56945 56945 56945
 56945 56945]
7 [11120 11093 11169   792 10067 30287 12764  1132  4161 11120  8290 12135
 56931 56945 56945 56945 56945 56945 56945 56945 56945 56945 56945 56945
 56945 56945 56945 56945 56945 56945 56945 56945 56945 56945 56945 56945
 56945 56945 56945 56945 56945 56945 56945 56945 56945 56945 56945 56945
 56945 56945]
