14 [56940  4550 11122 11211 40292  5240 14496  6151  6416  8493  7415  1578
 56932  4562  2890  9198  4472 12090 10621  5280  6419  6151 15223  5226
  5224  7992  4472 11159 11211 12015 11449 11120  7626 56940 56931 56945
 56945 56945 56945 56945 56945 56945 56945 56945 56945 56945 56945 56945
 56945 56945]
1 [ 6151   424 15058 56932  5224  9230  4472 14299 56932  3261  2435 56932
 15005 12948  4472 11211  5224 11211 12764  1240 56946 56940  6667  4151
  3336 56946 11211  5224  7581  7780  1076 56940 56931 56945 56945 56945
 56945 56945 56945 56945 56945 56945 56945 56945 56945 56945 56945 56945
 56945 56945]
1 [13396    19 12135 56932 15648 11211 11120  4194  4472  2955  1756  6151
  8782  1240   582  6151 11211  1231 12754 10569 56932  5224 56946 56932
 17436  5226  7898  5318  4562  5224 25011  1756 56932    13 10569 11211
  7053 17906 13767  5226 56942 56931 56945 56945 56945 56945 56945 56945
 56945 56945]
6 [ 4562   424 11575 56932 11211  6151  1231  1004  5240  5224  7811 12355
  4161  4550 13396  5224  3612 56946 56946  5226  8493 13300  4472 11120
   102 56932  8609  7780  5451  4161 11120 12165 15422  5226 11120 11753
   197 10067 11284 10621  1240  7780  6329  5226  5095 10611  5804 32474
 56932 27182]
0 [ 8493  1004 13171 11120 12973 10067 56940 16037 56940   345  5226  5804
  8445 14213 10621 32564  1925  5606  7381  4472 13822 56942 13349  5226
 11120 10719 11211  7187  6151  5804  5037 56934 56946 56935  4562 11120
  8290  7838 14314 15083  4472    52  7581  6151  4151 15271  4472  8493
 14564  8600]
19 [56940  5224 14687 12764  1240  7709  2791  4562 11122  4472  4550 56932
  9000 12015 11152  1379 14260  1240 34414  1379 56946 10621  1240  5714
  5804  8373  3204  5452 10621  1240 24143  5804 11211  1240 23667  2838
 56940 56932    11 56931 56945 56945 56945 56945 56945 56945 56945 56945
 56945 56945]
21 [56940  1240 56946  8630  4125 56946 56931 11120 11169  8889  5240 11211
  5224 14687 12764  5240 14915  4415 10621 11211  5226  9198 11554 10475
  4472  4291 56932   424  5240    13 56946  9000 56946  5226 11211 10321
  8832 56940 56931 56945 56945 56945 56945 56945 56945 56945 56945 56945
 56945 56945]
20 [ 5804  7025  4472 11120  8163 56946  1925  7581  5224 11255  2689  2890
  3804  4472 56942  6937  4472  5699 56932 11211  8493  1004 56946  5804
  8732   194  4472 11120  6569 11207  5226 56942  6937 56932  5224  3421
 13396 14108  8871 11211   424  2689 56931 56945 56945 56945 56945 56945
 56945 56945]
18 [ 4151 14729  8371 10877  1170  7254 13396 11120   657 10067 11955  5432
 10067 10766 56932 11664  6105  4562  1379  6604 28030 56932 11211 11430
 11211  1593  6151  2890  4200 12407 11379  1925  4472 13760 56932 15648
 22363 56931 56945 56945 56945 56945 56945 56945 56945 56945 56945 56945
 56945 56945]
12 [ 5224  9230 12624  4472 14299 56932 15082 56946 56932 11499 56932  6151
  1231  1004 56932 11211  5224 14399  4472 46989 11562  1452  2890  5589
  1601  4472  9540 56932 12889 13382 11211 56932  6151 11120  7440  4472
  5804  5470 56932 11120 12135 11211  4807  1925   667  4472 14233  7709
    52  8109]
9 [11120  5073  4837  5226 11396 11211 56940  3572 18387    19  1004  2370
  5224 14358 56940 56932 56940 13732 48096  5224 56942  4562  5224 14555
 11143 14631 56940 56932 56940 11120  6395  5331  5224  9084 56946  8085
  8677 56940 56931 56945 56945 56945 56945 56945 56945 56945 56945 56945
 56945 56945]
24 [  425  6297  1240 11696  6151  5804 56942 11804 11211  7494  1076  8196
  5224  7901 13396  5224  1079  4472 14821  9536 10621 11211 11033  1925
 12675   273 56931 56945 56945 56945 56945 56945 56945 56945 56945 56945
 56945 56945 56945 56945 56945 56945 56945 56945 56945 56945 56945 56945
 56945 56945]
0 [15428  1362 15083  4472 11358  6224  1925  6319  4562  2890  8876   695
  5226  5224 11211  9956  2890  5285  1537  4472 11120 13450  3682 10067
  7581 56932 11437  1240 13851 13396 12341 10621  8945  1925  6319  6151
  4151 56942  1362 11511 56934 56942 11613 56935 10291  9965 11120  7276
  4472  3336]
12 [11120  4687 56932 14931 11744 56932  7709 12764  6416  1437 13396  2529
 10540  5272 56931 56945 56945 56945 56945 56945 56945 56945 56945 56945
 56945 56945 56945 56945 56945 56945 56945 56945 56945 56945 56945 56945
 56945 56945 56945 56945 56945 56945 56945 56945 56945 56945 56945 56945
 56945 56945]
15 [ 5224 11390   501  5226  1723 56932  8748 12757 56932 10376 12948  5226
 10792 11211 56932  8493  1004  5224  5234  4817 11513 13952  7780  9002
  7665  6151  1231  6319 56932  5224   653   501  7494 56940  1379  7425
 56940  5226 12836 13822 12336  4562  1723 56931 56945 56945 56945 56945
 56945 56945]
31 [13371 12024 15348 11120  4356 12764  1240 12932  4562 56946 56932  5534
 11117  6122 11149 11117   474  5013 13371  5121  4472  2208 12015 15201
  2861 12672  5267 10621 11211 12015  4526  1379 13132 56931 56945 56945
 56945 56945 56945 56945 56945 56945 56945 56945 56945 56945 56945 56945
 56945 56945]
16 [12297 12297  5240  1925  3472 12297 12297 15201  5224 56946 12297 12297
 56933 11211 13386 16336  8493  1004 56932 26331  6221 11120  7626 56931
 56945 56945 56945 56945 56945 56945 56945 56945 56945 56945 56945 56945
 56945 56945 56945 56945 56945 56945 56945 56945 56945 56945 56945 56945
 56945 56945]
19 [12297 12297 12297  7780  8823 13691  4151  5544 28794  4472 56941 56946
  9743 56941 56937 12297 12297 11117 56946  8493  1004 13171  5224 35464
 18785 56931 56945 56945 56945 56945 56945 56945 56945 56945 56945 56945
 56945 56945 56945 56945 56945 56945 56945 56945 56945 56945 56945 56945
 56945 56945]
2 [ 5280 56772  2890  9198 13171 36940  2861 12297 12297 56938 39348  6151
 11120 56946 56939 56945 56945 56945 56945 56945 56945 56945 56945 56945
 56945 56945 56945 56945 56945 56945 56945 56945 56945 56945 56945 56945
 56945 56945 56945 56945 56945 56945 56945 56945 56945 56945 56945 56945
 56945 56945]
