23 [ 9000  9827  2203  6151 11120  5012 10621 14828  4472 14555  1231  4109
  4472 14948  5226 12031 12506 13371 11122  8057  4294  8509  1231 12352
  4562 56946 30540 56932 10611 56942 10621 56942 56931 56945 56945 56945
 56945 56945 56945 56945 56945 56945 56945 56945 56945 56945 56945 56945
 56945 56945]
45 [ 5224  4685  4472  9450 56932  8552  6151  2890 12168  5226 12759  3252
  4472 56946  5226  5224  1030 56942 56932  7578  6151  5487  5226  4932
 15161 56932  5226  5224  7615 56014  4472 11120 11753 56932 15023 11141
 13396 56946  6151  2890  9328 11211 10360  1231 17187  7838  4472 11120
  8200 56946]
