9 [ 5226  5224  1030 56942 56932 14931 11744 56932  6226 12266 56932  6197
 11211  5224 12168 25263 13396  5224 10006  5226  8302 56932  1633  5224
 10824 56932 28493  6151  5804 29624  6151  8290 10309 56931 56945 56945
 56945 56945 56945 56945 56945 56945 56945 56945 56945 56945 56945 56945
 56945 56945]
9 [56940  5240 13171 56932  1233 14099 12764 29733  6151 56920  1633  5224
 13829 56946  4550  5263 17300 13396 11120  8200 56940 56931 56945 56945
 56945 56945 56945 56945 56945 56945 56945 56945 56945 56945 56945 56945
 56945 56945 56945 56945 56945 56945 56945 56945 56945 56945 56945 56945
 56945 56945]
16 [ 1233  1240  7350 12292 11120  9729  4472  4938  6691  2677 56946  3019
 56932 12764  1240  7780  9591   264  3260 56931 56945 56945 56945 56945
 56945 56945 56945 56945 56945 56945 56945 56945 56945 56945 56945 56945
 56945 56945 56945 56945 56945 56945 56945 56945 56945 56945 56945 56945
 56945 56945]
