3 [ 5224  2445  9193 11562 16908  5589  4571 56932   907  6151  5804 13171
  4472   420  5137  4472 18660 10621  5226 11122 11211  3645  4472  2689
  6197  1240   746 56946 56942 15461 56932  2890 56942 13396 14108 13171
  5226  4262 56946 56931 56945 56945 56945 56945 56945 56945 56945 56945
 56945 56945]
13 [18552 14378  5137  4472 15459 34278 10621  1240  6376 11120  7069  4472
 11211  9490  2779  3455 10291  4151 11211 17152 11211 12764  4125  5321
 13396 13822  5052 56931 56945 56945 56945 56945 56945 56945 56945 56945
 56945 56945 56945 56945 56945 56945 56945 56945 56945 56945 56945 56945
 56945 56945]
