43 [ 4562 15058  6151 11120  4687  4472 13760   848   990  4472  4611  2551
  6862 15501 56932  5224  2792 11499 11211 56940 12764  5850 20509  1009
  3260  1925 15058 56932  6197 11211 10267  8503  5240 12407  7376  4472
  7099 13371 18557 56933 12764  2451 12015 11073  5224 15623  4472  5804
 56940 56851]
1 [12015  7844  2890  9750 11211  9490 12355 11120  3841  4472 32047 10067
  5765 56933  1231 14623  3936 14297  2317 56932  9000 12342  9490 13848
  2890 13893 10621  8493 16919  5226 11120  5918 56931 56945 56945 56945
 56945 56945 56945 56945 56945 56945 56945 56945 56945 56945 56945 56945
 56945 56945]
