31 [ 5224 11010 10067  3053  4472 11120  6488 10067  4584 10067  2792  1909
  7380  6619  7780 15076  6950  6151  9537 11211 11041 10570 13396 12764
 12802   848  4518 11211  9388 12764  1240  9633  4472  3260  4472 11122
 11211  2048  5226  5224  1926 56931 56945 56945 56945 56945 56945 56945
 56945 56945]
8 [ 9545  7780  2729  5226 14390   425  4687 10291  1916  4472  1756 15023
 14375   798 10067  4152  4472  5804 56942 11804  4472  5669  5217  1231
 13786  5226 56942 56931 56945 56945 56945 56945 56945 56945 56945 56945
 56945 56945 56945 56945 56945 56945 56945 56945 56945 56945 56945 56945
 56945 56945]
21 [14931 11744 56932  6950  1240 10072  3765  4472  5628  4200 56932  7868
  6118  4472  5804  2402 56946 56932 11211  1240   746  9591  5003  4472
 11120 11791 56931 56945 56945 56945 56945 56945 56945 56945 56945 56945
 56945 56945 56945 56945 56945 56945 56945 56945 56945 56945 56945 56945
 56945 56945]
12 [13280   683  5137  1240  4117  8493  8889  5217  5199  6391 11211 13074
 14662  4472  2890  3179  1139 56931 56945 56945 56945 56945 56945 56945
 56945 56945 56945 56945 56945 56945 56945 56945 56945 56945 56945 56945
 56945 56945 56945 56945 56945 56945 56945 56945 56945 56945 56945 56945
 56945 56945]
28 [56940 56946 56940 56932 13371  1240 11117  9142  5226 56946 56932  6197
 16738  1925  1883  9222  6151  1231  9925 13280   683  5137 10621   217
  9127 11211 56932  1925 20871  4472 11211 13211 12954 17069  4472 14555
  6151   425  5346 56932  8321  2529 12342 12675 13386 11120 56946  5217
 11120  9639]
1 [ 1240  6760  5226 12024 13440 10067 11484  4472 11120 12824  5226  5224
  7004  4472   424 11950 12725 11211  5240 11120  7626  4472 10267  7082
 56931 56945 56945 56945 56945 56945 56945 56945 56945 56945 56945 56945
 56945 56945 56945 56945 56945 56945 56945 56945 56945 56945 56945 56945
 56945 56945]
