26 [ 5804 14304 13901  7329 56932 11120  2894 10621 10442   746  3858  8493
 10372  1633 11120  6488 12031  7871  5226 11120 14193  2467 11211  6950
  1452 13435  2986  9673 56931 56945 56945 56945 56945 56945 56945 56945
 56945 56945 56945 56945 56945 56945 56945 56945 56945 56945 56945 56945
 56945 56945]
20 [ 9222  8159 11211 12764 23054  3260 56940  1528  7956   304   566 11211
 12764  1240 17537  1925  3754  4472  7538 11211  5240 10493 10621 13396
  5224 11211  5224   653 13885 56940 56931 56945 56945 56945 56945 56945
 56945 56945 56945 56945 56945 56945 56945 56945 56945 56945 56945 56945
 56945 56945]
21 [ 1233  5224 13365 56932 11211  6226 11122 56946 56932 12764 11117  6984
 11211  8606  5115  1231 56946 44527 11697 56932 56946  5487 56946 56931
 56945 56945 56945 56945 56945 56945 56945 56945 56945 56945 56945 56945
 56945 56945 56945 56945 56945 56945 56945 56945 56945 56945 56945 56945
 56945 56945]
39 [ 1925  9283 56942 56932 13396 11122 13554 56932 11117 56946  1925  8871
  9394  9939  5226 10341 56932  9000 56932  5226  1490 13440 56932  1240
  6760  4472  2890 28721  5226 10107 10855  4472 11120  5918 11211  6118
 11197  5092 11211   229 12407  5267  4472   535 56932 12889   375  4562
  5224 13803]
22 [12297 12297 11120  9745 56946  7780  2729  5226 14390  8493 14693  8353
  4472 13730  4472  1261 10611  5224  8423 10621   631 11211 13261  3530
  6226  5224  2689 56931 56945 56945 56945 56945 56945 56945 56945 56945
 56945 56945 56945 56945 56945 56945 56945 56945 56945 56945 56945 56945
 56945 56945]
