2 [56940 12764  5240 13396 13351 56931  5240 14260  4562  5224 56946  2662
  6151 12735 12024 19488 56940 56932 15648  4562 11120 25691  4472  8993
  5224 56940 14505  6269 56940  4472 11120 10056  1217 56931 56945 56945
 56945 56945 56945 56945 56945 56945 56945 56945 56945 56945 56945 56945
 56945 56945]
12 [ 9379  8373 10700 14343 11211 11120 56940 12283  6587 56940   582 14001
  5226 14390  4562 14915  6950 14378 10700 56932 11211 28593  8493  5073
 56940  7945 10621  4987 56940 11211 43912  4472 56940 11921  4472  6478
 10291  5606 11211 56946 11120 12613 56940 56932  6278  1231 11311 56931
 56945 56945]
4 [15648 11211 13371  1969  4125 11120  7316  4472 11263  4562  5224   776
 56932 11211    65  4151 15271  6072 56932 56946  4562  5804 15370  4472
   424  5076 10621  4472   826  1132  6151  2890 14399  4562  8025 56931
 56945 56945 56945 56945 56945 56945 56945 56945 56945 56945 56945 56945
 56945 56945]
3 [ 9000  1231   681  3645  1379 13171  2315  4472 11120 11211 10192 56946
 13371 12705 10370  4472 13075 56931 56945 56945 56945 56945 56945 56945
 56945 56945 56945 56945 56945 56945 56945 56945 56945 56945 56945 56945
 56945 56945 56945 56945 56945 56945 56945 56945 56945 56945 56945 56945
 56945 56945]
14 [ 4472  1004  5226  5534 56932  2344  1240 42907 10291 56946  5224 15790
 13396  1233 20258  2317 11120 16348 54812 10067  2294 56931 56945 56945
 56945 56945 56945 56945 56945 56945 56945 56945 56945 56945 56945 56945
 56945 56945 56945 56945 56945 56945 56945 56945 56945 56945 56945 56945
 56945 56945]
18 [ 2317 56932  2890 20105  3728  9490 42045  6151  1231  2052 56932  2890
 11950 15023    13 56932 10621  4550 24198  4693 11211 12342 56931 56945
 56945 56945 56945 56945 56945 56945 56945 56945 56945 56945 56945 56945
 56945 56945 56945 56945 56945 56945 56945 56945 56945 56945 56945 56945
 56945 56945]
