3 [11120 14753 56946  9761 13396 11120  1527  2106 10621   676  4151  7374
 51512 10291 42557  8493  7182  2833 56932  6205 13371 11216  4151  9876
 11211  1831 11120 13902 10067 14679 56931 56945 56945 56945 56945 56945
 56945 56945 56945 56945 56945 56945 56945 56945 56945 56945 56945 56945
 56945 56945]
11 [11120   661 13050  6151 56942 56932 13478  5804 11211 11122  4563   880
 10621 11211 12764  4585  4700 13396 10025  9138   848  9824 56931 56945
 56945 56945 56945 56945 56945 56945 56945 56945 56945 56945 56945 56945
 56945 56945 56945 56945 56945 56945 56945 56945 56945 56945 56945 56945
 56945 56945]
9 [ 5224  7450 56946 56932  5224 13723  4472 15370 11211  6172 10291 11148
 13396  5583  2890  3172 10471  5226  5224 13579 56932  7494  1076 12095
  2890 14555  1602  6151 11120 12815  4472 13579 10291 11211 56946 11120
 14564 13524  3046  4472  9390  2034 56931 56945 56945 56945 56945 56945
 56945 56945]
45 [ 1231 14405 12297 12297 11211  7780 11806  6151  9406  4562  2303 12297
 12297 11562 13451  4562 11066  9928 56934 11477 56935 56932  3257  4472
 13822  6261 56932 11211 10823 11120 15583  4472  3592 10621  6478 10611
  2890 11215  2206 10621 11120  4476 11658 11211 11117  1815 56931 56945
 56945 56945]
18 [ 5804 15478 13320  8493 14988  4472  8960 10291  9292 11120 14028  4472
  5804 13042 10621 11211  4550  4779 10034  4562  5804 10050  4472  5712
  4472 11120 12613 15161 56934  2894 56935 56931 56945 56945 56945 56945
 56945 56945 56945 56945 56945 56945 56945 56945 56945 56945 56945 56945
 56945 56945]
26 [ 5224 14357  5373  4472 13593 56932  5513   580 56932 11499  6151 14196
 11211  1490  1958  8467 56940  1240 56946 20848 10621  1240 26518 11120
  4670 11211 28018 56940 56932 12889 56932 14840 56932  1231 11840 56940
  6950  7494   217 11120 10643  1893 56932  2187 10621   250  4562  8468
 56940 56931]
25 [ 5224 13723 10208 15512 56946  1925   653 56932 11120 11259 12921  5226
  5224 10107 10067 14084 56932 11211  1037  7096 17698  4562  4151  8589
 11211 14340  5226  5224 10386  2355 56932  4562  4151 14218  4472 15544
 10621  4562  5804 12534  4693  4472  6607 11120   990  4472  8468  6862
 13593 56931]
29 [56940 11120  8955  5240  2861 56936 11149 18975 15009  6151 13278 10291
  5307  6151  2529 13171  6695 56937 56931 10621  6196 12764 56946  3260
 14260 12764  5850 13396 11149 13278 56931 56936  2865  9929  6151  4151
 22008 56937 56940 56932  1240  3484 56931 56945 56945 56945 56945 56945
 56945 56945]
26 [ 5224 12533 11211   154  3245  5226 14016 56932   658 56932  3222 56932
  9050 56932 14113 56932  1352 10621  1723 56932 14662 10611  5804 13042
 11211 11122  6150  4562  5224 13723  3453 11746 56932 15027 13606  4922
 12807 13891  7365 56932 10621 14097 56943 11145  3892 56932 10611 10025
 56931 56945]
35 [ 5224  1782  6128 11499 11211   424  4020 13527  1240 15456  5226  2890
  3719  5226  5224 11211  6846 56940 56946  1925 14124 56940 10621 56940
 10069  1925  5328  4472  4151 10191 56940 56932 11122  7082 56932  6299
 56932 56940  5240  6779  1233  4151  3765  1240  8619 13371  1240   582
 56932  9000]
5 [56940 12764 11122 13261 12297  6299 12297 56932  9000  1233 12342   848
 12760 15105  1396 13371 14124 56932  1240  6913 11211 12764  2044 10430
 10621 12764 56946  6151 13290 56940 56931 56945 56945 56945 56945 56945
 56945 56945 56945 56945 56945 56945 56945 56945 56945 56945 56945 56945
 56945 56945]
10 [ 5224 14124   981  4472 16212 11211  5224  5328  8993  7780 22658 10621
 56946  1231  5229  7956  8373 15099 16209  2861 56940  5224 10647  6151
 11120  7626 10621  6151  5804 13272   881 56932 10621  5224 10647  6151
 11120  3832  4472 11120  3174  5685 56940 56932 11122  7082 56932  1694
 56932 56940]
47 [ 5224 14124   981  4472 16212 11211  5224  5328  8993  7780 22658 10621
 56946  1231  5229  7956  8373 15099 16209  2861 56940  5224 10647  6151
 11120  7626 10621  6151  5804 13272   881 56932 10621  5224 10647  6151
 11120  3832  4472 11120  3174  5685 56940 56932 11122  7082 56932  1694
 56932 56940]
32 [ 5224   870  4472 11120 10056  4472  5138  4472 12366 56932  5224 56946
  4233  3415 56932  9028 13458 10291  5804  4185  3204  4753 10291  5224
  5972 10067 56942 56932  5804 10472 11211  1240  3826  5224  6260   972
  1633   672  5226  5352  5810 56931 56945 56945 56945 56945 56945 56945
 56945 56945]
6 [ 9000  4151  8849 56946 12764  6283  9543 56932  5226  5804 56942 56932
 11120 16458 13396 12135  4472  5804 10606 29863 56931 56945 56945 56945
 56945 56945 56945 56945 56945 56945 56945 56945 56945 56945 56945 56945
 56945 56945 56945 56945 56945 56945 56945 56945 56945 56945 56945 56945
 56945 56945]
3 [11120  9852 12543  9028 56931 56945 56945 56945 56945 56945 56945 56945
 56945 56945 56945 56945 56945 56945 56945 56945 56945 56945 56945 56945
 56945 56945 56945 56945 56945 56945 56945 56945 56945 56945 56945 56945
 56945 56945 56945 56945 56945 56945 56945 56945 56945 56945 56945 56945
 56945 56945]
33 [ 1925 10454   753 11211 27470  6151 15659 10621   753 11211 19550 16802
 12407  8448  4472 14099 56932 56946 10621 56946  5224  3719  4472 21006
  5226 12342  4161 11211  2017 11120   792 11211 11117 56946 56931 56945
 56945 56945 56945 56945 56945 56945 56945 56945 56945 56945 56945 56945
 56945 56945]
25 [56940  9158  4562  5804 17997 10621  6121  4562  5804 11071 14190  2529
 11120   967 10067   653 11211  4365  3788 13371 23133 56946 10621 11211
  5207 11073 13171  5226 11120   661  5226 11211  1240  1091 56940 56932
  1096  5224 12344  4472 11120  3596 56932  1925  9227  5226 11211  4472
  4087  4562]
12 [ 6205 11664 56932 11120 11066  4472  9094 56932  4472 10320 11211 15394
 43963  5226 13455 56932 56946  5224  5858  4472  5804  8335  4472  5606
  2890 29791 10067 20014  4472  1447 12442  6151  7608  4472  3464  4472
   227 56931 56945 56945 56945 56945 56945 56945 56945 56945 56945 56945
 56945 56945]
13 [12764  5240  1958 11211  1240  7706  7530  6205  6151  2890  3187 11211
  7780 56946 10621 18115  1452  8993 15192  1925  7238 56931 56945 56945
 56945 56945 56945 56945 56945 56945 56945 56945 56945 56945 56945 56945
 56945 56945 56945 56945 56945 56945 56945 56945 56945 56945 56945 56945
 56945 56945]
13 [11669 21137  6950  1240  7709  4383   211  2890 10497 12407 28361 11211
 11122 17018 56931 56945 56945 56945 56945 56945 56945 56945 56945 56945
 56945 56945 56945 56945 56945 56945 56945 56945 56945 56945 56945 56945
 56945 56945 56945 56945 56945 56945 56945 56945 56945 56945 56945 56945
 56945 56945]
4 [10958  3076 56932 11211  4966 13371 10249  4841  4472 11120  5683  1752
   635  4472 10837 56932  5240  5224 11697  7828  4472  1723  4472  4141
 56932 10621 56946 11120 13300  4472  1231 13476  8664 13371 10249  3091
  4472 21798  4562  2890 56942 19205 21731 18736 56932  4562  5224 11211
    85  8288]
44 [ 9827  5848 12436  6205  1231 56940  3527 56940  1633 11120  6098 10468
 10621 13703 10634  1925  5085  4562  5224  1926  8759 56932  3828 13822
 13864   746 14391  8493   791  4472  9609 56932  4693  4472 11537  5418
  4004  5224 13348  6151  4294 56932 13386 11117 11875 10621  3064  1925
  4152 56931]
2 [ 5224 11211  5005 56932  9000  3245  5224 11211 27429 56931 56945 56945
 56945 56945 56945 56945 56945 56945 56945 56945 56945 56945 56945 56945
 56945 56945 56945 56945 56945 56945 56945 56945 56945 56945 56945 56945
 56945 56945 56945 56945 56945 56945 56945 56945 56945 56945 56945 56945
 56945 56945]
29 [ 1793 56932  5224  6516 10067  7581  4188 56932 12510 56946 56932  1346
 11211 56932   907  6151 11120 12925 56932  2654  5240  2890  6319  4562
  8865  6410 10621 11211  4151  8378 10291  4421  2890   944  2972  4472
 11120  3737 56931 56945 56945 56945 56945 56945 56945 56945 56945 56945
 56945 56945]
12 [  730 11211 13290 11211 11117 28124  7709 15223 11211  6984 12672 11211
  1000  4562  8593 10621 11211 13290  1240 10261  7467  6151 56946 11211
  5224  9541  5191 14040  4004 21482  5226 23950   848  5226  9694 56931
 56945 56945 56945 56945 56945 56945 56945 56945 56945 56945 56945 56945
 56945 56945]
37 [11120  7384 11828  6151 13815 11211 48215 11120 12695 12391  6151 14593
 56946 56932 11211   668  2529  5224 12835  4472  4151  4290 10067  6260
 56942  4472  5385 13396  1147   197 56932 10621 12764  6950 10506 56932
 13371 41295 11120  6805 10471 56931 56945 56945 56945 56945 56945 56945
 56945 56945]
2 [12764 11122 41480 56932  5240  2890 14230 56931 56945 56945 56945 56945
 56945 56945 56945 56945 56945 56945 56945 56945 56945 56945 56945 56945
 56945 56945 56945 56945 56945 56945 56945 56945 56945 56945 56945 56945
 56945 56945 56945 56945 56945 56945 56945 56945 56945 56945 56945 56945
 56945 56945]
5 [13396  1379 11211 12015 11122 56946 56931 56945 56945 56945 56945 56945
 56945 56945 56945 56945 56945 56945 56945 56945 56945 56945 56945 56945
 56945 56945 56945 56945 56945 56945 56945 56945 56945 56945 56945 56945
 56945 56945 56945 56945 56945 56945 56945 56945 56945 56945 56945 56945
 56945 56945]
28 [ 7868 13822 14414 56932  5804 14117  6042  4472 11631 13512 13396  9084
  5217 11120 14774 10347 13280 56942  5137 56932 13441 56942  5137  4693
  4472 11122 11211  1240   651 56931 56945 56945 56945 56945 56945 56945
 56945 56945 56945 56945 56945 56945 56945 56945 56945 56945 56945 56945
 56945 56945]
36 [12889  5217 56942  3222  7780 12190  6151  1723  6151 56942  7496 56932
  5224   653  8984  8159 11211  2890  6753  2041  4472  1427 14811  8605
  5226  5352 17467  6151 11120  9028  4472 11211 11120 12596 15394 56946
  7665 56931 56945 56945 56945 56945 56945 56945 56945 56945 56945 56945
 56945 56945]
48 [ 5224  5234  2792 10067  9814 10621  4472  4108 56932 12942 11120  2371
  4472 11120 11602 56932  3456  2890  1863  6151 11765 15615 14483 56932
 11507 13396  4151 14862  4472  2496 10621  4562  5224 14969  4472  7538
  4472  5804  7083 10621  5804 11361  4368 13396  5804  4835 11211 11117
  9153  6151]
25 [13290  7494 11120  5807  4472  9473  6151 11120 11436 12759 56932  9000
  6226  5224  1926  3686 16972 11120  3778  4472  2135  4151 15746 11211
 11117  5559 56931 56945 56945 56945 56945 56945 56945 56945 56945 56945
 56945 56945 56945 56945 56945 56945 56945 56945 56945 56945 56945 56945
 56945 56945]
46 [ 5224  9080 13012   981   273  6151  8493 11303  4472   420  2185 14931
 11141 56932  5226  4151 11211  6950  9490  5951  2890  1601 56932  4562
  2890  5551 13396 56946  7956  2890  5576  4472   119 11211 11562 14931
  8555 11120 13030  4472 14496  6151  2529  5224 11211    85 13280  2890
  9579  4472]
24 [11437 15005 56932  1793 56932  4472 11211 56940  5804 13171 52661 56932
  1233 56946 11120  4243 56932  6513  5804 10047 10621  5804 11211  8871
  3239 56940 56932 13396 11122 11211  4115  1925  6319  6151  4341  4151
 10531 11211  4275 10291  3825  5804  3639  4562  5804 11211 10677 11120
  8163 11523]
36 [15058  1925 11255 10119  4472  7243  7483 56932 40325 11499 11211  5804
  1954  4472 13111   865 56940 28106 10621 56946 56940 56932 12889   749
 56940 13485 56940  5226  5804 11211  1240  7476  5534  1240 31615  6151
 15336 56932  5226  5224  4492  4472 56940 12764  5240 13554  5224 10778
  3825  4188]
15 [   85  2370  5224 13064  2067 56946 56932 10621 11669  3719  4472 50656
 14190 11211 11117 12390 11664  5280 14773  5224 12687 56931 56945 56945
 56945 56945 56945 56945 56945 56945 56945 56945 56945 56945 56945 56945
 56945 56945 56945 56945 56945 56945 56945 56945 56945 56945 56945 56945
 56945 56945]
8 [56942  4472  8853 56931 12297  5804 13227 12990 40467 56932  5226 11093
  3990 56932  5224 15316  4472 12516  4472   425  1976 56932 15023  2890
 48950   695 10067  1782 10718 56932  5226  5224 11211  1240 10823 15204
  4472  1607  4290 55370 56931 56945 56945 56945 56945 56945 56945 56945
 56945 56945]
39 [56940  5240  2890  6812 11211 12015 13126  1379 10621 10067 11211  5850
 12407  5199  6174 56932 11664  7397 56946 12024  8876 11284 56932  5224
  4472 11778 18242  8503  5226 56942 56940 56932 14641  5224 10249  4472
 37764 56932 11211  4159  4562  5224 37764 56946  5226 11120 11093 10621
  8290  4722]
29 [56940  1659 11211  3245 21045 11211 56932  5534  5224 11955 10067  5766
  7780 15566  4472 56942  6151 56942  5895  5224  5766 56932  5240 11120
  1369 11120 11211  7494 11211  7099 56940 56932  3655  5224  8086  4472
  3806 56931 56945 56945 56945 56945 56945 56945 56945 56945 56945 56945
 56945 56945]
5 [ 5804   465 11211 11120   746  6091  5654 11211 11120  6670 56932 11211
  9490  8192 56946 56932  9490 14043 11211  5224 17908 28836 15600 12889
  6151  8596 11117 42359 11122  2030 56931 56945 56945 56945 56945 56945
 56945 56945 56945 56945 56945 56945 56945 56945 56945 56945 56945 56945
 56945 56945]
27 [ 5224 10242  9823  4472 11120  4002 56932  5831  5355  8833 56932 15625
  3245 11120 13408  4472 11120  3077  4472  2907 11295  4472 11120  9849
 56932  2152 11211  6043 10621  7472 11120  8467  5942  5226  8689 56932
 13371 14022  4472  5804 10314 15436 13396  5224  2220 10067  3235  9923
 56931 56945]
18 [ 5226  5804  4393  9939  1240   746 56946 56942 11511  9180  5226  5224
  6360  7406 56932 11211 12764  2495 15021  1233 12764 56946  4151 10918
 11283 56932  7868  5224 12616 10067 15166 56932 10827 14322 56931 56945
 56945 56945 56945 56945 56945 56945 56945 56945 56945 56945 56945 56945
 56945 56945]
13 [56940  2831  5226 14662  5224 11950 11211  5240 10621  5224 11554 11211
  7780  9591 56932  1469 12407 12018 56940 56932 56946  1925  7261 10067
 11950 28395 12511 56932 13488  4472 56946 33312 56932 30209  4472 11120
  1404 56931 56945 56945 56945 56945 56945 56945 56945 56945 56945 56945
 56945 56945]
10 [ 5804 56946  4779  1638  2890  2623  1925  3158 11211 11122 45192 56932
  4562 32313   980 56932 10621  5804 11268   494  2495  5606  8493 36647
  4472  4151  6505 10291  8297  2890 14555 56946 56931 56945 56945 56945
 56945 56945 56945 56945 56945 56945 56945 56945 56945 56945 56945 56945
 56945 56945]
20 [11669 12337  5240 11120  1713  1557 10067  9252  4472  9140 10621   194
 56932  9745  3492  4549 10067 13723 56946 11211 13885  3245  4562 15968
 10621 56932  7956  6226 56932  4562  4284  4472  1519 56931 56945 56945
 56945 56945 56945 56945 56945 56945 56945 56945 56945 56945 56945 56945
 56945 56945]
2 [56940  4125 28646  4518 56932 12015 17667  9158 56943 56940 56932  6236
 56931 56945 56945 56945 56945 56945 56945 56945 56945 56945 56945 56945
 56945 56945 56945 56945 56945 56945 56945 56945 56945 56945 56945 56945
 56945 56945 56945 56945 56945 56945 56945 56945 56945 56945 56945 56945
 56945 56945]
35 [ 5226  5224  6173  5224 22798  1240  2031  5217 56946 13310  6151 11116
  8426 10621  5224  2610  7494  2890  4323  4472  2010 56934 12297 38528
 10621 35658 35446  4472  4151  9611 13371  6086 15394  8902  6151 10912
 56932  9000 13569  4472 12764 39968 11372  8606  5224 30738 56932 14260
  6197 12764]
17 [11713 12407  2199  4472 11325  6261 10621 56932  5226  5224 16271  4472
 11120 15720  5226 11120 11211 13893 56932  7782  1462  4151  8851 10067
 12361  7513 56931 56945 56945 56945 56945 56945 56945 56945 56945 56945
 56945 56945 56945 56945 56945 56945 56945 56945 56945 56945 56945 56945
 56945 56945]
17 [14184  6683  5226  5224 13893  5240 56946  6079  2861  4938  5207 56946
  6151  9379 56946 12764  4299  9761 14931 10703 56931 56945 56945 56945
 56945 56945 56945 56945 56945 56945 56945 56945 56945 56945 56945 56945
 56945 56945 56945 56945 56945 56945 56945 56945 56945 56945 56945 56945
 56945 56945]
28 [56946  4562  2890  9579  4472 12766 56946 10621  1240 56946  5226 11120
 12281 56934 10621  5226  5047 56935 10067 12270  4472  2805  3814 11211
  8373  1362 13171  8818 16532  1808 56932 11122 11211 11117 13074 11120
 13734  4472 56946  4562 13822  5747  4472 13893  7956  4151 29393 22637
 11211 18988]
25 [ 6997 11211  5226  1231  1569 12764  9490  2356 56932 13371  9068 56946
 28988 56932 11211 18591  6151 11120    19  6999 56932  2091  7415   635
 11211  3661  4562 13171 24131 10621  7811 18616 11211 11120 12759 13814
 56946 13396 19023 56931 56945 56945 56945 56945 56945 56945 56945 56945
 56945 56945]
11 [ 9388  8619 13171 22469  5804 11211  4634 11211  5804 11211 12764  4634
 56931 56945 56945 56945 56945 56945 56945 56945 56945 56945 56945 56945
 56945 56945 56945 56945 56945 56945 56945 56945 56945 56945 56945 56945
 56945 56945 56945 56945 56945 56945 56945 56945 56945 56945 56945 56945
 56945 56945]
27 [56416 12758  6151 11120 13812  5226 56942 56932 10621 12752  1240  7780
  9002  1000 11211  6151 15952 11117 14939  5506  5226  5224 14555  9444
 21512 56934  3645 43966  5226 13998 56932  9000 11562 14931 11107  1379
 13171 10067 56942 56943  4472 13822 10430 56935 56932 11211 56946  1240
  3648 16443]
5 [12297 13396 11149 12764 11120  5783 56946  5226 13579 56932  3828 12764
  4125 56946 10621 11813 10341  4036 56932 10621  1168  5226 13732 56937
 56945 56945 56945 56945 56945 56945 56945 56945 56945 56945 56945 56945
 56945 56945 56945 56945 56945 56945 56945 56945 56945 56945 56945 56945
 56945 56945]
22 [ 7053  5804 11360  6361 56932  6151   374  4472 15306 56932  7494  2890
  3612  3334  3828  4592  5224 11627  4472  5804  7394 10621 56946  5179
 11120 12901 56931 56945 56945 56945 56945 56945 56945 56945 56945 56945
 56945 56945 56945 56945 56945 56945 56945 56945 56945 56945 56945 56945
 56945 56945]
17 [11120 11864  5240 13171 56946 10621 10399 11211  5224  2275   848 11120
 24269 56933 11120  8067 11211 51479  4562 11122 17989  7780  4380 13171
 11211 11120 11211   987  1633 11122  1537 56931 56945 56945 56945 56945
 56945 56945 56945 56945 56945 56945 56945 56945 56945 56945 56945 56945
 56945 56945]
19 [ 5224   175  4472  6471 56932 13371  5224  4472  7645 56932  1925 11211
   373 12151 14330 56932 14914 13371 11122 10607   217 56932  5240 11929
  8001 56931 56945 56945 56945 56945 56945 56945 56945 56945 56945 56945
 56945 56945 56945 56945 56945 56945 56945 56945 56945 56945 56945 56945
 56945 56945]
14 [ 5224 16122  5953  6151 16799 11120  6471  4562 11120 14433 10621  4151
  2452 56932 56946  5226 12135  4472 11120 17311  5012  4472 11120  6685
 56933  9000  4161  5804 15721  4752 10621 15723 12764  1240 18798  1862
  5226  5224   175  4472  6471 13371 12297 11055 10067  2597 12297 10621
  7976  7945]
10 [12297 12297  6942 12297 12297 56946 10621  1240 29247  6151 21381  8828
 56932 13371  1233 10261 15416  4472  5000  5487  3521  5226  8493  5918
 28890 56931 56945 56945 56945 56945 56945 56945 56945 56945 56945 56945
 56945 56945 56945 56945 56945 56945 56945 56945 56945 56945 56945 56945
 56945 56945]
3 [ 5224 11211  5207  7194  5207  1096 56946 56931 56945 56945 56945 56945
 56945 56945 56945 56945 56945 56945 56945 56945 56945 56945 56945 56945
 56945 56945 56945 56945 56945 56945 56945 56945 56945 56945 56945 56945
 56945 56945 56945 56945 56945 56945 56945 56945 56945 56945 56945 56945
 56945 56945]
