21 [ 5226  8493   989 15023  4894  6151 11120  9238 50323 56946 10621 10291
 11830  4472  7325 13933  8596 10621  1231  4154  4563  2482  6151  1231
   870 56932  4575 23642 56932  6070 56942  2814 11120 15305 56946 56931
 56945 56945 56945 56945 56945 56945 56945 56945 56945 56945 56945 56945
 56945 56945]
33 [15023 11673   455  5224 15494 16392    85  6154  5226 11120  7276  4472
 56946  4472  5804  3243 12804  4562  5224  9283   748 10621  5226 56942
 11949  2426  6151 11120 14443 17311  5226 11120 11211 45166  1925 11203
 10067  1926 56932  5224  6821 56946 56946  4562  5224 11211  1765 56931
 56945 56945]
