1 [56946  5065  6151 10429  2545  4562 11120 14564 13524 56932 12889  5668
  1240  7930 56946 13396  5224 56940  6757 11757 56940  3924  4472  1231
  1431 56931 56945 56945 56945 56945 56945 56945 56945 56945 56945 56945
 56945 56945 56945 56945 56945 56945 56945 56945 56945 56945 56945 56945
 56945 56945]
4 [ 5224 13723 10208 15512 56946  1925   653 56932 11120 11259 12921  5226
  5224 10107 10067 14084 56932 11211  1037  7096 17698  4562  4151  8589
 11211 14340  5226  5224 10386  2355 56932  4562  4151 14218  4472 15544
 10621  4562  5804 12534  4693  4472  6607 11120   990  4472  8468  6862
 13593 56931]
