1 [13290  5924  4472 56940 14957 56940 56932 13290 11606 54850  2890  4200
  3196  6151 11120 25108 12973  4472 14778  9775 56931 56945 56945 56945
 56945 56945 56945 56945 56945 56945 56945 56945 56945 56945 56945 56945
 56945 56945 56945 56945 56945 56945 56945 56945 56945 56945 56945 56945
 56945 56945]
14 [ 5263 15083 56932  1240  1441 11120 14402  1925  4667  5226  5793 13396
 11122 11211  7630 11211  8946  2890 56940  1533 56940 10067  9541 56931
 56945 56945 56945 56945 56945 56945 56945 56945 56945 56945 56945 56945
 56945 56945 56945 56945 56945 56945 56945 56945 56945 56945 56945 56945
 56945 56945]
