2 [14099  5207  4365 15423 10621  4562 11120  1056 14082 56931 56945 56945
 56945 56945 56945 56945 56945 56945 56945 56945 56945 56945 56945 56945
 56945 56945 56945 56945 56945 56945 56945 56945 56945 56945 56945 56945
 56945 56945 56945 56945 56945 56945 56945 56945 56945 56945 56945 56945
 56945 56945]
13 [56940 13478  5804 11360 11122  8619 56932 10621  1233 14099 12764 11122
  4365  9002  8606  4161  4550  5240 13396 12898  4472  4151  7764 56940
 56932  1040 10067  5928 56931 56945 56945 56945 56945 56945 56945 56945
 56945 56945 56945 56945 56945 56945 56945 56945 56945 56945 56945 56945
 56945 56945]
1 [13478  4779  2550 13822  8039 56932 12889  2495 56946  4151   534  4472
 11555  4472 13893 56932 13371 56946 10621 56946 56931 56945 56945 56945
 56945 56945 56945 56945 56945 56945 56945 56945 56945 56945 56945 56945
 56945 56945 56945 56945 56945 56945 56945 56945 56945 56945 56945 56945
 56945 56945]
1 [  425  7780 13771  1925  4842  7898  1414 56932 13371  5224 56946 10621
  5224 56946 56932  6594  4562  4151 13906 13171  9461  4472   425 14564
  2142 56931 56945 56945 56945 56945 56945 56945 56945 56945 56945 56945
 56945 56945 56945 56945 56945 56945 56945 56945 56945 56945 56945 56945
 56945 56945]
1 [  428  7780  9591 11211  4151 14414  1240 56946  5226  5804 10428  8521
  4472  8965  5309  2861  5353 56934 15881 56946 13396  5609  4472 10456
 12167 56935 56932 16745 56934 15881 56946  6151  7608  4472  6857  8064
 56935 56932 17143  4472  7910  5226 14821   833 56932  7956  6226 56946
 56934 15881]
3 [12297 12297 12297  7780  8823 13691  4151  5544 28794  4472 56941 56946
  9743 56941 56937 12297 12297 11117 56946  8493  1004 13171  5224 35464
 18785 56931 56945 56945 56945 56945 56945 56945 56945 56945 56945 56945
 56945 56945 56945 56945 56945 56945 56945 56945 56945 56945 56945 56945
 56945 56945]
