15 [ 1719 10621  2722  1240 56946  1925 12675 10843 11211 13822  5747  8509
 11120  4000 10621  5611 11211 11717 11120  9234 11211 13851 13662 10067
  5928 56931 56945 56945 56945 56945 56945 56945 56945 56945 56945 56945
 56945 56945 56945 56945 56945 56945 56945 56945 56945 56945 56945 56945
 56945 56945]
30 [  930 56932 45009  5224  9322  4562  1870  4472  8493  1976  4472   587
 19014  6151  7608  4472 11120 41669 56932  4161 11211  2890 56946  1909
   915 13498  8244  5217  5224 34080 14777  5226   425  1976 56932  3828
 16105 10809   420 16491 56932  7868 11120  7276  3091 56931 56945 56945
 56945 56945]
11 [56940  8025  5684  6341 43621 11211  5224  6757 12764  5240  5224 12675
 10621 15219 15669  5226 11120 10346 56940 56932  6299  5224  2471  2944
 56931 56945 56945 56945 56945 56945 56945 56945 56945 56945 56945 56945
 56945 56945 56945 56945 56945 56945 56945 56945 56945 56945 56945 56945
 56945 56945]
