28 [ 9631  7780  8192  8493  3680  4472   424  8370 15120 11211 56932  4472
 14399  4562 11120  1239 17219  4562 11211 11120 13870 12650  5620  9379
   177  5226 10442 56932  4868  7147  4472 56946  6151  8493  3174 11211
 46008 10267 11950 13171  4472 56942 11804  4472  7969  6252 56932  6950
  5226  5224]
24 [ 6151 15099 10067 56942 56932  5534 10611  5226 15230 11120 14564  3077
  4472 13276 56932  5224  1989  8378 14378 11871  1555  3894 11211  1240
  2728  4472  9165  6151  5804  4349 10621 11756 11211  5658  5804  1197
  4472  5595 56931 56945 56945 56945 56945 56945 56945 56945 56945 56945
 56945 56945]
