5 [ 5224  3612  9210  8729  1231  2415 10291  1227  5224  9541 56932  9000
  5224  2610 13064  4653  5226  5804 10013  3559  4562  8373   340 10067
  7364 56946  5226 14442  7381 10013 10621  5534 18132 10025   372 10291
  5224  7261 10067 12687 13342 13396  5224  8984  9775 11281 56931 56945
 56945 56945]
10 [56940 44300   424  1673  6151 10644  5076 56932  6151 10636   434 56932
 14260  5207  7780  9591  1379 13171 13466  5224 13803 56931  4562  2890
  4252  6205  8908  2890  3612 13171 13738 56940 56932 15648  5224 14479
 56931 56945 56945 56945 56945 56945 56945 56945 56945 56945 56945 56945
 56945 56945]
10 [11486 56932 11211  3946  8493  6614  4472  7960  4472  1231 11668  4562
  9711  6151  1920  2890 10327  5530 56932 15201 11211  3524 56940  7780
  3924 56942 11804 10067   653 10621 10097 11316 13171  4472 11120 13524
 56940 56932 10621  9017  5224 13305  8211 13396  5224 14357  5087  4472
 13893 56932]
1 [ 1231 14405 12297 12297 11211  7780 11806  6151  9406  4562  2303 12297
 12297 11562 13451  4562 11066  9928 56934 11477 56935 56932  3257  4472
 13822  6261 56932 11211 10823 11120 15583  4472  3592 10621  6478 10611
  2890 11215  2206 10621 11120  4476 11658 11211 11117  1815 56931 56945
 56945 56945]
26 [ 5226 11120  3252  4472 11120 13439 12348 56932 13905 15201 11211  5172
  4472 10076  4472 38649  2890  3430  5226  5224 11211  5224 56946  6792
 13822  1088 20703 56932  4472  4151 11211  6950  3971 10722 56932 14260
  4693  4151 10978  6151  5804  7568 13801  4472 11120  6462 11211 54613
  1231 13870]
36 [56940 12962 11211  5224  7926 56946 12297 14212  4472  7803 10621 20908
  4151  4290  5226  8225 12297 14444  6226 11122  1958 10291 11211 11669
  7346  4472 13384 56932  3967 13396 11120  3174 12683 56932 56946 13822
  6090 56940 56932  9127 36820 56932 10627   217  5224   413 56940  5224
  7805 56940]
43 [ 6151  5995  4472 14694 15646 56932 11120 14564 12031 10067   653 10291
  4562  5804  3153  4472 56942  5137 13280 15223  5226 11211  9379  3153
  2254 52430  4472  2529  5224  7811  9587  4472  4151 16626  4043  4472
 11120  5089 56932 10621 11211  5226  1231  6971 12669 21976 13396  5804
 24697  6151]
10 [11120  4760 10545 11211  8373  2402  1240 56946  5226 13822  6090  5534
 56932  5224 13913  4472 56942 56932 56946  6151  5804  7394 56932 11211
  2733  8493 18623  4472  6142 56931 56945 56945 56945 56945 56945 56945
 56945 56945 56945 56945 56945 56945 56945 56945 56945 56945 56945 56945
 56945 56945]
21 [11120  7002 11211 56946 10621 11120 11211   151  1925 56940 17172 15275
 56940 11211 11117  8057  4562  5224 11629  6151  1231 56946  8734 10067
 12168  8503  4472  5804 13171 56946 10067  6171  9239  4472   778 10621
 36510 11120  2928  4472  1018 56931 56945 56945 56945 56945 56945 56945
 56945 56945]
3 [56940  5226 12024  7667 15676  7952  9703 56932 10954 41989 10291 11211
 11120  8150 56946  1925 12433  4472  6480 56940 56932  6299  5224 14479
 56931 56945 56945 56945 56945 56945 56945 56945 56945 56945 56945 56945
 56945 56945 56945 56945 56945 56945 56945 56945 56945 56945 56945 56945
 56945 56945]
1 [ 1231  3374  5240  8503  4472    68 14959 25687 11211 12543 11117  5011
  6151 11120  7037 10621 11211  3731  2890  7425 13171  8041  6151 11120
 17909 11211  6151 11120 19527 56931 56945 56945 56945 56945 56945 56945
 56945 56945 56945 56945 56945 56945 56945 56945 56945 56945 56945 56945
 56945 56945]
14 [ 1233  8373  9674  1240 15628  6151 11120  1004  1633  2890 11023 13016
 56932 13822  1892  1240 13754 56931 56945 56945 56945 56945 56945 56945
 56945 56945 56945 56945 56945 56945 56945 56945 56945 56945 56945 56945
 56945 56945 56945 56945 56945 56945 56945 56945 56945 56945 56945 56945
 56945 56945]
37 [ 5804 14117  1240  4076  5226  5187  4472  7764  3267  5226  5224 12754
 12371  6164 56932  8630 11211  5804  5263 56932  1925  8795  6151  1231
 11555  6498 56932  1240  4076  5975 13371  5932  3412  6151  7608  4472
  1231  7066 56931 56945 56945 56945 56945 56945 56945 56945 56945 56945
 56945 56945]
13 [ 4472 12937   682 56932  1233  5804  8162  4472  2606  1240 19466 56932
  1231  7037  6497  5226   420  5137 56931 56945 56945 56945 56945 56945
 56945 56945 56945 56945 56945 56945 56945 56945 56945 56945 56945 56945
 56945 56945 56945 56945 56945 56945 56945 56945 56945 56945 56945 56945
 56945 56945]
6 [11120  7253 12226  1958  4472  1231   516  8946  5224 13115  4472 11211
  5224  4834  1240 10261  6759  6151 14137 13396  8493 14926  4472  7215
 56932 13371  8596  6236 56932  5534  5224  7249  9785 10753 10261  8192
  5224  4472  5326 10291  8596 56931 56945 56945 56945 56945 56945 56945
 56945 56945]
20 [ 8596  3686 29511 56932 14260  9490 13651  5226  5224  7966 56932 10621
 14931 11744 12171  9490  6229 56946  1633 13822 10664 56932 13732 56932
  5806 56932   119 56932   494 18672  8493  1004 56932  1925  1242 56932
  8493 12921 16635 56932  5534 11120 14851  1240  8057 37077 56931 56945
 56945 56945]
