9 [ 9000  5224  4760 56932 11211  5224 56942  4472  8289 41295 11211  2464
 56946  5226  4224  4472 10022 56932  3120 11211  4151  3336  9895 13396
  5224   653 12764   865  1189 12512 10621  1240  9127  5226 15276  4472
    13 22485 11211 56946  6151 11120  9745  5226   420  8589 56931 56945
 56945 56945]
35 [ 6112 10005 56946  6151  5804  4185  9939 11120  5660  4472 13822 14455
  4472 11120  6549  4562  6102 56932  5226 15168  4472 12350  5226  8373
  5137 56932 13371 12833  2890 12301 15231  5226 14724  6260 56932 13002
   217 56932  9544 56932  5224   413  8759  5432 56932 56940  1925 56946
 56940 56931]
23 [13135  6151 14016 56940  5240 11122  7811 11211 11117  7709  2426  6151
 14134 56940 56932  7868  6338 56932 13386  5226  6873  7809  7780 13091
 11211  5224  1431  7494  5574 56940 11996 56940  9000 11211  1231  3612
  3245  7494  5318    61 56932 56940 12889  5226    19 13704 56940 56931
 56945 56945]
33 [56940 11120 10244   848 11120 56946 22540  2890  2642 10621 13290  1240
  8902 14662 56940 56932  1040 56946 12297  5234   870 10067 24475  7143
 10621  5224 32128 18725 12297 13386 56932  1793 56932   668 11211  5226
  1936  1396 48794  4562 11120 14754 10067  7143 56931 56945 56945 56945
 56945 56945]
31 [11120  9745 12764 10272  5224 14906  4472 11120 14397  5226  9042 19164
 56932  9000  5224   413 56940  4676  7741  4784 56940 32736 56940  8373
  6118 56946  4562 11120 13450 56940 11211 14235 11211 11120 13107  1240
  8209  6151 13011  4472 12921  5226 11673  9212 56931 56945 56945 56945
 56945 56945]
19 [ 9379  8373  8390   865  5804 11282 10067  8614 10471 11211  9201 56946
 56932 13386 56932 14931 11744 56932 12764 11606 11148  2890 14665  6128
 14107  6151  1231   695 10621  8993  4946  5488    63 13396 11120  3778
 10067   653  4472 11120  9849  4472  4421  6151  4151 15090  4472  5804
 13043  9097]
29 [15083 56932  6870  2890 12687  4562 11120 13524  3046 15227  4472 11120
 11556  4472   713 10621  3491 10067 56946  3934 56934 56946 56935 56932
  4884  1971 12905 16394 11117  5165 11211 13143  1925   653  1231 22306
  4472  8493  1126  4472  4151  4803 56932 56940 13371  5609 10291  2188
  8493  4188]
10 [11120 56946 11120  9490 56946  4161  5224  1601  4472 12764 56946 11211
   375 11120 12673 56932 10621 11120  9490  7039 56946 10621 44600 56932
 10621 19567 10067  1926 56931 56945 56945 56945 56945 56945 56945 56945
 56945 56945 56945 56945 56945 56945 56945 56945 56945 56945 56945 56945
 56945 56945]
