14 [56940  5226 12024  7667 15676  7952  9703 56932 10954 41989 10291 11211
 11120  8150 56946  1925 12433  4472  6480 56940 56932  6299  5224 14479
 56931 56945 56945 56945 56945 56945 56945 56945 56945 56945 56945 56945
 56945 56945 56945 56945 56945 56945 56945 56945 56945 56945 56945 56945
 56945 56945]
4 [ 6151  2890  2444  4144    44    13 56932 10621    13 13171 56932 56946
  5226   932  5804  4533  4472 11120 12759  7626 56932  5226  8493  2928
 14931   273 56933  5226  8493  2507  4472   545  4472  4151  6144  5226
 11120 11211 11597  8865 10267  1004 13171 10621 13171 13627 56931 56945
 56945 56945]
5 [ 3047  5224 17393  4472 56946 13841  6151  1231 14761 12297 12297  1925
  8871  5226  2890  1242 12297 12297 13371  8493 22383 13171 56946 11211
 13775 56933  9000 11122 14347  5240 11211  8666  5224  1926  4562    13
 12562 10621  9039  3082 56932  4562  5224 16090  4472  2890 29708 56931
 56945 56945]
