3 [14708  7494  1076 10689 56942 11804  4472  5669 56934 56942 11804  4472
  5895 56935  5226 11120  5769  4472  9249 16478 56932  4562  8493  2076
  4472 56942  9767 56932 10621 56942 11804  4472  5669 56934 56942 11804
  4472  5895 56935  5226 25365 56932 11211 13371 11120 11093 54351  4562
 10539  1225]
35 [ 5224 13676 13857 10067 11955 10067 13365 13396 12135 10067  7843 12297
  5224  7206  5226 11122 11211  3645  4472  2689 12297  1240 10532  5224
  6260 56942  4472  8289 56932  5534  5804 32357  4472  4703  5724  9292
  4151 18267  4472 13822 15461  1088  4472 56946  5226  2890  9003  4472
  1601 56931]
9 [12764 14548  2678  5226  5224  2642  4472  2892  4472 40606  5224 15120
  5226  5804 12535 56931 56945 56945 56945 56945 56945 56945 56945 56945
 56945 56945 56945 56945 56945 56945 56945 56945 56945 56945 56945 56945
 56945 56945 56945 56945 56945 56945 56945 56945 56945 56945 56945 56945
 56945 56945]
16 [ 1550 56932 11120  7253  5187  4472  8606  1958  8493 11419  3548 10621
  6151 11955  7475  5240  1195 11120  1238  5226  1197 10223 56931 56945
 56945 56945 56945 56945 56945 56945 56945 56945 56945 56945 56945 56945
 56945 56945 56945 56945 56945 56945 56945 56945 56945 56945 56945 56945
 56945 56945]
29 [11120  7676  4472   425 14475  5240 11211  1240  9929  2890 12074  3828
  1195  5804 56946 10621  5804 10003  4472  4323  9172 56933 15083   753
 11211 15091 13649 53609 11211 56946  5224  4323  9172  5226  5224  2075
 56931 56945 56945 56945 56945 56945 56945 56945 56945 56945 56945 56945
 56945 56945]
11 [  424  5351  7780 11162  1298  7898  4472  5804  2258 10971 10291  8678
  8493 14888  4472  1325 12279  5226  8493  9707  6938 13481 56931 56945
 56945 56945 56945 56945 56945 56945 56945 56945 56945 56945 56945 56945
 56945 56945 56945 56945 56945 56945 56945 56945 56945 56945 56945 56945
 56945 56945]
