39 [ 8493  4472  5488  9862 56932 13339  1925   870 10067  3612  4472  5138
 56946  4472 56946 56932 56946 56946 56932  1240 10424 11211    85  9592
  5217  2890 10210  4472 11120 15098 15227 10067  3835  6695 17775 56932
  4890 13488  7780  8192  6197  2482  4161  5224   273  4472  4151 14414
 56931 56945]
23 [  928 56932 15648 56932 56940  7494  2890 14399 12407 15916  4562  5224
  2693 56933 11120  9893 10478 10621  5224  3835  5769  7364  1240 19220
   264  1925 41555  4562  5224  3835  5769 15164 56934  7843 56935 13371
 11122 11292  9784  4562  5224 56946  5217 13280 56942  5137 56932 13396
 11122 13554]
1 [56940  4125 28646  4518 56932 12015 17667  9158 56943 56940 56932  6236
 56931 56945 56945 56945 56945 56945 56945 56945 56945 56945 56945 56945
 56945 56945 56945 56945 56945 56945 56945 56945 56945 56945 56945 56945
 56945 56945 56945 56945 56945 56945 56945 56945 56945 56945 56945 56945
 56945 56945]
5 [14184  6683  5226  5224 13893  5240 56946  6079  2861  4938  5207 56946
  6151  9379 56946 12764  4299  9761 14931 10703 56931 56945 56945 56945
 56945 56945 56945 56945 56945 56945 56945 56945 56945 56945 56945 56945
 56945 56945 56945 56945 56945 56945 56945 56945 56945 56945 56945 56945
 56945 56945]
36 [12015  4470 14662  4472 11211 11120  4811 11752 56932 11122 11211  2816
  5224   911 10067  9857 56932  4615  4472 10160  7956 11325  9137  4562
 11120 56946  4472  8493  4472  4151  2562 11211 12455 13507  5534 12764
   373  6160   417   848 56946  5804  9242  4562  2890 11104  4472   367
 56931 56945]
32 [ 4562 16502 18926   848  5226 56946 56946 56932 20792  4472  1231  1691
   848 56946 56932   948  4472  4188   848  8870 56946 12297  7494 12407
  5199  6161  5226  1231    52 12297  2067 55193   373 17206  2890  5778
 56946  4472 11120 45220  4472 10644 11554 56931 56945 56945 56945 56945
 56945 56945]
7 [ 5123 15083 11211 12645 55285 11120  7037   229  9388  5123 10540 56931
 56945 56945 56945 56945 56945 56945 56945 56945 56945 56945 56945 56945
 56945 56945 56945 56945 56945 56945 56945 56945 56945 56945 56945 56945
 56945 56945 56945 56945 56945 56945 56945 56945 56945 56945 56945 56945
 56945 56945]
28 [ 8493 35433 56932  2890  7360  5683 56932  8493   176  4472 33699 56932
  8493 19166 55806 56932  2890 56946 56946 56932  2890 36363   848  8493
 10506 19223  4472 15743  1340 12407  9198 11211  1000 10611  1168  5226
 11122 11211  1240  1626  6151  1231 30862  4472 14028 13344  6151  4151
 37709 32161]
10 [ 6151  6226   428 56932  5224 10119  5607 10067 11925  7780  8192  6197
 44123  4472 11120  7300 10067  4352 10621  4472  1231 18165  9453 40592
 56931 56945 56945 56945 56945 56945 56945 56945 56945 56945 56945 56945
 56945 56945 56945 56945 56945 56945 56945 56945 56945 56945 56945 56945
 56945 56945]
45 [ 5224 11010  4472 11120 11093   545  5972 56932  5226 56942 56932  4810
 12407  9198 15083  6151 11211 11120  3935 56946  4562 13822  1357 14543
  5804  6312 22857  4472  2142 10621   545  2861  5804 56946  4472  5804
 15297  4472  2587 10621  5804   352 15401  4472    21  6105 56946 13396
  2890 14555]
2 [12764  4413  2529 28759  6151 11120 13877 11938 11211 56946  5237  6151
  8596 38785  4151 33920 56946  4472 11120 11093   207 56932  4562 13822
 10219 56932 13371   746  2729  4472 16212 17478 36495 10067 56946 56932
  5217 29951  4161  3721 56946 56932 10621 13371  1240  5787  5226  5224
 56946  4562]
19 [12297 12297  6942 12297 12297 56946 10621  1240 29247  6151 21381  8828
 56932 13371  1233 10261 15416  4472  5000  5487  3521  5226  8493  5918
 28890 56931 56945 56945 56945 56945 56945 56945 56945 56945 56945 56945
 56945 56945 56945 56945 56945 56945 56945 56945 56945 56945 56945 56945
 56945 56945]
