1 [12049  1396  8904  4472    52  5310  6151 12424  3994  4562 56946 56946
 56946 56932 56940 56946 56940 56932   983  6516 10067  2776  4472 12579
 10621  8099 24576  4472 56940 56946 56940 56932 13386    85  3860  5226
 13048  5224  6260  8590  6151 14378  5137 56931 56945 56945 56945 56945
 56945 56945]
1 [ 8593 14067 11211  5804 56942 55771  4472  4212 10611  4151  8373 35638
 56934 11120  4472 13732 10621 11120  4472 11067 56935 56932 40098  6151
 13171  4472 56942  5699 56932  5240  1009 56932  5224 12675 56946 11211
  1233  1240 13280 11120 15210  5226  5699 56931 56945 56945 56945 56945
 56945 56945]
