13 [ 5226   425   792 11120 47503  5240 11211 10308 13478  5804  5574 24127
  4472  2529 27562 56931 56945 56945 56945 56945 56945 56945 56945 56945
 56945 56945 56945 56945 56945 56945 56945 56945 56945 56945 56945 56945
 56945 56945 56945 56945 56945 56945 56945 56945 56945 56945 56945 56945
 56945 56945]
42 [56946 56932  4884 14623  5151 10766  5226 19650  5226  5804 12379  4472
  1446  3673 10621  8463 56932 15648 11211 56932 13396  5804 13961 15064
  4472  8787  5226  5804 10700 14404 56932  1352  5240  8503  4472  5804
  6786 11211  7494  6604  2448 10291  2529    79 10611 14724 10621 13330
 56931 56945]
10 [ 5224 14883 13064  9017 56940 11120 15485 56940 11211  7780  7581 12892
 11120 12040  4472 11120 11921  1095 15161 56932  1071 10291  5224 56942
 56932 10621 11211   582  5471  4562   683 56942  2851 56931 56945 56945
 56945 56945 56945 56945 56945 56945 56945 56945 56945 56945 56945 56945
 56945 56945]
