2 [56946 56932 56946  5226 11316 12440  5226 11120  8200  5043 56932  1240
  8057  9482  4472 11120  8364  5871 56932 10621 21070  1240 39463  6151
  8574 10621  6151 13386  1240   981 13396 10363 56931 56945 56945 56945
 56945 56945 56945 56945 56945 56945 56945 56945 56945 56945 56945 56945
 56945 56945]
26 [ 5224  3104  4472 39555 15986  5147 56932  5226  2890 13615 14243 12948
 56932  1231  4670  4472  1920  2890  7346 10291 56940 13018  2826 56946
 10621 12764 56946 56940 56931 56945 56945 56945 56945 56945 56945 56945
 56945 56945 56945 56945 56945 56945 56945 56945 56945 56945 56945 56945
 56945 56945]
25 [12764  1240  6689 56932 13396 56946 56932  4472  2890 23366  2355 13396
  5186   848 34675 13396  2101 56932 15337  5226   420  3545  4472 56946
 10621 56946 45382 56931 56945 56945 56945 56945 56945 56945 56945 56945
 56945 56945 56945 56945 56945 56945 56945 56945 56945 56945 56945 56945
 56945 56945]
5 [ 8946  8493  8818 56946 10621 56946 56932 11120 13439  4125  5226  4152
 10621  1522 12764 13859 11149  8606  4562  1231 13480 56931 56945 56945
 56945 56945 56945 56945 56945 56945 56945 56945 56945 56945 56945 56945
 56945 56945 56945 56945 56945 56945 56945 56945 56945 56945 56945 56945
 56945 56945]
