22 [14931 11744 56932  6950  1240 10072  3765  4472  5628  4200 56932  7868
  6118  4472  5804  2402 56946 56932 11211  1240   746  9591  5003  4472
 11120 11791 56931 56945 56945 56945 56945 56945 56945 56945 56945 56945
 56945 56945 56945 56945 56945 56945 56945 56945 56945 56945 56945 56945
 56945 56945]
10 [13182  5240  5224  7249  9925  4472 11120  4524 11992 11211  9929  4472
  9360  4472 14746 10291  5522  5226 13913 56932  5226  7415 12135 13396
  4151  4968  4472  4151  2983  3006 56931 56945 56945 56945 56945 56945
 56945 56945 56945 56945 56945 56945 56945 56945 56945 56945 56945 56945
 56945 56945]
2 [56940  1240  5924  4472 11122 11211 10501  4562  8330 10621 32762  4472
  4151 14821 14729 56932  1882 11211 13371  1340   692  7329  2256  5199
 15488 10291 56946 10621 55144 56946 56940 56932 15201 10950 56932 13386
 11499 11211  5804  1169  4472  4151  6857 10621 13879 14729 56940   865
  5804 14821]
