37 [ 5226  7809  6151 14196 56932  5224 10242    36  4472 11120  1752 10067
 12325  4472  2480 56932 14009  2200 56932 15201 11211 11120  4687 56940
  6667  8493  9852 10236 56940 13396 12135  4472  5804 12534  8493  1004
 11211 13711  5224  1584 10067 14399 56931 56945 56945 56945 56945 56945
 56945 56945]
11 [12948  5724  9236 11120  5793 14260  5224  7966  7780 11682  6151 56946
  5224  5765 56931 56945 56945 56945 56945 56945 56945 56945 56945 56945
 56945 56945 56945 56945 56945 56945 56945 56945 56945 56945 56945 56945
 56945 56945 56945 56945 56945 56945 56945 56945 56945 56945 56945 56945
 56945 56945]
14 [ 5224  4760 12572 11211  2464  7780   497  4151  2171  5613 10621  1240
  9028 11211 56946  8493  4333  5226  9888 56931 56945 56945 56945 56945
 56945 56945 56945 56945 56945 56945 56945 56945 56945 56945 56945 56945
 56945 56945 56945 56945 56945 56945 56945 56945 56945 56945 56945 56945
 56945 56945]
5 [ 5224 12170  8642  6151 11293  6151  9687  5488 11176  8509 11120  8290
 15093  4472  5198 56931 56945 56945 56945 56945 56945 56945 56945 56945
 56945 56945 56945 56945 56945 56945 56945 56945 56945 56945 56945 56945
 56945 56945 56945 56945 56945 56945 56945 56945 56945 56945 56945 56945
 56945 56945]
12 [ 5224 14573  4472  5814 10621  5804 10624  4472  4151  8929  4472  8285
 14722  4151 14373 10291  9514  2890 14399 11211  4106 11263  5224 14555
 12886  4472  5804 14650 56931 56945 56945 56945 56945 56945 56945 56945
 56945 56945 56945 56945 56945 56945 56945 56945 56945 56945 56945 56945
 56945 56945]
37 [ 5224  3786 56932  6890  2023  1240 11667  4562  5224  2792  8016 56932
 14561  9502 56932 10291  1443 11211  5224   653  5349 56940  4472   826
 56940  4151  1625 12618  6151  5804 10758 56932 14260 14931  3694 12764
  2495  7303  5224 12761  1925  8595 56931 56945 56945 56945 56945 56945
 56945 56945]
35 [ 5226  2890 12036  7956  4151  9643 11211  3315  5226 11120 13476 56932
  5224  8699 10246 15201 11211 11120  5818  1043 10291 11211  5804 10624
  4472  5804 13043 10700  1240  4268  2240 10621 10291 11211  1240 56946
  2890  2445  4561  4472  8493 10947 56932 11211  7494 13371 12684  2230
 11120  1126]
6 [ 5224 13987   730 12948 11211  7780 14706 11120 10177  4472  8782 14260
 11606  5407  8399  2961 56932  7868  8212  5224 14555  7238  4472 11120
  8600 10067 33790 56931 56945 56945 56945 56945 56945 56945 56945 56945
 56945 56945 56945 56945 56945 56945 56945 56945 56945 56945 56945 56945
 56945 56945]
3 [ 5224 13488  6059 56946 12948  5224  7600  5224   948 13371 11435  5226
 11120  6275  5432 18212 18823  4472  1397  4562  8493 26182  7956  5224
  6251  4472 11120 14088 56931 56945 56945 56945 56945 56945 56945 56945
 56945 56945 56945 56945 56945 56945 56945 56945 56945 56945 56945 56945
 56945 56945]
7 [56940  5224  8716 10067  8254  4472 14653  2307  5804  4236 56932  2940
  6151  2259 12732  4472   392 10621 11910  6151 11120 12643  4472  8219
  4472  5566 11211 56946  6786   692  1357 10621  7176 11120 16469 10067
  7973 56940 56932 12828 56946 56931 56945 56945 56945 56945 56945 56945
 56945 56945]
4 [  851  7780  5756  6151  9687  8509  5804  4393 14378  5137 56932  8493
  8110  4472  1016 56931 56945 56945 56945 56945 56945 56945 56945 56945
 56945 56945 56945 56945 56945 56945 56945 56945 56945 56945 56945 56945
 56945 56945 56945 56945 56945 56945 56945 56945 56945 56945 56945 56945
 56945 56945]
6 [12297 12297  1368  8150  3645  6151  1000  8493  1855  6950 14260   373
 13691 56931 56945 56945 56945 56945 56945 56945 56945 56945 56945 56945
 56945 56945 56945 56945 56945 56945 56945 56945 56945 56945 56945 56945
 56945 56945 56945 56945 56945 56945 56945 56945 56945 56945 56945 56945
 56945 56945]
4 [ 9545  7780  2729  5226 14390   425  4687 10291  1916  4472  1756 15023
 14375   798 10067  4152  4472  5804 56942 11804  4472  5669  5217  1231
 13786  5226 56942 56931 56945 56945 56945 56945 56945 56945 56945 56945
 56945 56945 56945 56945 56945 56945 56945 56945 56945 56945 56945 56945
 56945 56945]
18 [ 4562 11120 10117  4472 11211  5224  7581 56946 13171 10621 56946  8871
 56932  5224  6516 10067   653  1240 19329  5224 16586 12407 56940 12033
 56940  4472 15040  4604 11122 11211  5226  1231 11950  9297  5804  5234
  8876 10050 56946 19944 56946 56934 13386  5226 56942  2340  5224 32313
  5226  2890]
1 [ 1352 52858 10291 56942  8493 10366  4472 13171  4472 56942 11804  4472
 56946  4472 56942  6468 56932  4472  4151 11211    65 21572 22519 56942
 11804 56931 56945 56945 56945 56945 56945 56945 56945 56945 56945 56945
 56945 56945 56945 56945 56945 56945 56945 56945 56945 56945 56945 56945
 56945 56945]
0 [11562  4151 22534 10067 11211 19939 17863  5226 16546 16615  4562  5224
  3411  4472 56946 56932  8493 11635 21857  4562 56946 16536 11211 44830
  1925   865 10067   821 56932  6862  5582   700  4472 11120 14157 10621
  5623  4472 13822 16754 56931 56945 56945 56945 56945 56945 56945 56945
 56945 56945]
23 [ 6205 13396  7932 56932 15556  1004  5804 56946 13901  1776  4562  5804
 15400 56946 10621 11120  3671 12133  5226    68 15400 12764 12650 14375
  4151   739  4472  5804 56946 56931 56945 56945 56945 56945 56945 56945
 56945 56945 56945 56945 56945 56945 56945 56945 56945 56945 56945 56945
 56945 56945]
24 [13811  1096  5226 11120   989 11211  5224   653 56946  1171  5226 11120
 12031  4472  2389 10291 15573 11120 15559  9447 10621 11211 56940  4365
 13764  4151  4558 15404 11122 11211  4365  9002 56940 56931 56945 56945
 56945 56945 56945 56945 56945 56945 56945 56945 56945 56945 56945 56945
 56945 56945]
34 [ 3018 14694  4472 12937  4151  2723 12764 11458 56934  4734 56932  6571
 56932  5224  7415  5930 56932  9810  6118 56932 14114 27093 56932  5715
  1384 56932  9586  7411 56935 56932  9000 11349  1240  7780 56946 10025
  8867 56931 56945 56945 56945 56945 56945 56945 56945 56945 56945 56945
 56945 56945]
40 [11120 11798  4472 11120  8069   635 56932  7868 14105 56932 56940  5207
   582  4472  4041  4472 56946 56932 14260  5804  4679  4055   865  2890
  9809 10621 12473 11211  2529  2095  5226 10107  4492 56940 13396 11122
 11211 56940 11285  4472 56946   424 10522 13371  8493  2928  4472  7538
 56932  5226]
13 [ 5804  4826 12013 11211  4161 13011 10067  7977  4472  8289 12764 15590
  6151 27842  2890 12232 56946 10621 11211  5224 56946  8533 14963  3119
  9840  2529 11120  7811 10643  6151  3142 11669  2729 11211 14098  7785
 56946 56931 56945 56945 56945 56945 56945 56945 56945 56945 56945 56945
 56945 56945]
29 [56940 12764  1469 11721 11813  5542 10291 11211  8945   635 56934  1808
 56935 56946 11120 13300 56932 11372 11211 12403  6151  6226  5224  5972
 56931  5224  2689  6260  6197  5457 12937  4151  2961  6862 56932   494
 56932 12764  8789  6406  8689 10291 11211 11120 14294 12764  2061 13396
 11120 56942]
19 [ 5804  3618  1305  5654 11211 11120 13553  6197 12764  8159  5226 11120
  3111  4472 13822 12157 10621 11211 12764 56946 11120 21302  4472 13171
  4215 10621 19452 56932 11664  7911 11211  5226  5804  4393 56942  5137
 56932 11669  7944  4472  8165 12764   746 12249  5286 56931 56945 56945
 56945 56945]
5 [ 5488 12541  8540  5307  6151 56946 11120   661 56931 56945 56945 56945
 56945 56945 56945 56945 56945 56945 56945 56945 56945 56945 56945 56945
 56945 56945 56945 56945 56945 56945 56945 56945 56945 56945 56945 56945
 56945 56945 56945 56945 56945 56945 56945 56945 56945 56945 56945 56945
 56945 56945]
1 [10420  5112 11120 15568  4472  4151  2789  6151 11631 10067  7770 56932
 11211  6955  2890 56942 13396 14108 56932  5226 13554 11211  4151 15629
  6151 11631 10067 13823 15633  2890 56942 56932  4562  2890  3269  8425
  4472  4151  2789  6151  1352 56932 11211 14955  2890 56942 13396 14108
 56931 56945]
15 [ 5224  4569  4472  2892  6151 11120 12695 10067   653 56932 15195 56946
 56932  1240  7780  5788  1691  4472 12033 56946 10621  6128  5254  5226
  5804 56942  5137  5226 11211  7780  8192  2141  4472  1361 10621  4472
 12695  4472 11120  9849 56932  9000  1231  8909 10471  5240  8493  2543
  6197 11211]
36 [ 5224  2792  4472  7178 56932 18245 56946 56932  7780 10659 10291  4151
 56942 11613  4472   217  1925 14555   653  4472 11611 14428  5224  8788
 13396  4151   420  1088 14862  8165 12605 56932 10621  1240  9028 11211
 56900  5224  3849  4472  4290 55370 10291  5224 56942  4472   995 56931
 56945 56945]
15 [ 3245  5224  1782  4472  5804  5634  5483 56934 48111 56935 56932 12760
 15105  5501 56932 56946  4151 56940 56946 56940 12792  4472  5804  3618
 10067 12100  5254 56931 56945 56945 56945 56945 56945 56945 56945 56945
 56945 56945 56945 56945 56945 56945 56945 56945 56945 56945 56945 56945
 56945 56945]
26 [ 5331 11120  6570  4472 13649 56946 56932 14085 16661  4472   425 14073
 10621 11211  6950 17725  5226  1789 12407 20890 56932  2890 13723  4472
 13984  7780 17078    13 13266 56931 56945 56945 56945 56945 56945 56945
 56945 56945 56945 56945 56945 56945 56945 56945 56945 56945 56945 56945
 56945 56945]
29 [ 3245 56946  6151 11120 56940  2176 15459 56940  4472 11120 15284 10468
 20416 56932  6151 11120 11211  6005  4472 12208 25224  6151 11120 14294
  4472  4004  5534   424  3900  4870  6151  9687  8493 13384  4472 11120
 12673 56931 56945 56945 56945 56945 56945 56945 56945 56945 56945 56945
 56945 56945]
30 [ 3245 56946  6151 11120 56940  2176 15459 56940  4472 11120 15284 10468
 20416 56932  6151 11120 11211  6005  4472 12208 25224  6151 11120 14294
  4472  4004  5534   424  3900  4870  6151  9687  8493 13384  4472 11120
 12673 56931 56945 56945 56945 56945 56945 56945 56945 56945 56945 56945
 56945 56945]
31 [ 3245 56946  6151 11120 56940  2176 15459 56940  4472 11120 15284 10468
 20416 56932  6151 11120 11211  6005  4472 12208 25224  6151 11120 14294
  4472  4004  5534   424  3900  4870  6151  9687  8493 13384  4472 11120
 12673 56931 56945 56945 56945 56945 56945 56945 56945 56945 56945 56945
 56945 56945]
26 [10958  3076 56932 11211  4966 13371 10249  4841  4472 11120  5683  1752
   635  4472 10837 56932  5240  5224 11697  7828  4472  1723  4472  4141
 56932 10621 56946 11120 13300  4472  1231 13476  8664 13371 10249  3091
  4472 21798  4562  2890 56942 19205 21731 18736 56932  4562  5224 11211
    85  8288]
27 [ 5224 14479 10067 12741  7780 13091 11120 11124  4472  2462  3539 56932
 13386  7780 14384  8373   340 56932 10621  1240  7780  7467  6151  8826
 11211  1240  7780  5788 11120  6240 56931 56945 56945 56945 56945 56945
 56945 56945 56945 56945 56945 56945 56945 56945 56945 56945 56945 56945
 56945 56945]
15 [11120 13445  4472  1925 56946 56932  7442  3245   545  4472 11120 10365
 11272 56932  7780  8109  4151   698 10067 15063  2782  2861 10067  5071
  5226 11120 12077  4472  1539  1240  7780  6260  6151  7584 11039 11211
  5226  2890  2689  1240   746 12940  4151  4232  4472 56942  2709 10621
 56942 56946]
1 [ 5534 11713  5488   243 56932  5804 11699  4472 56946 15603  5224  8033
  4472  1566 10621  4634  5224 12761 10067  5234   870  6151 14857 11122
 11211 25116 56931 56945 56945 56945 56945 56945 56945 56945 56945 56945
 56945 56945 56945 56945 56945 56945 56945 56945 56945 56945 56945 56945
 56945 56945]
32 [ 5804    24 14343 11211  1233 11120  7384 41177 13396  3255  8493 14564
 10185 56932 11120  7838  4472 13815   229 12543 13171  1688 56932 10621
  5804  2133  3903  4439  1925  8373 11211 12764 56946 11673  7316 56931
 56945 56945 56945 56945 56945 56945 56945 56945 56945 56945 56945 56945
 56945 56945]
4 [11669  3461  7829  6151 56946  8509  4151  4290  4472 56942 56931 56945
 56945 56945 56945 56945 56945 56945 56945 56945 56945 56945 56945 56945
 56945 56945 56945 56945 56945 56945 56945 56945 56945 56945 56945 56945
 56945 56945 56945 56945 56945 56945 56945 56945 56945 56945 56945 56945
 56945 56945]
3 [56940  5207   746 56946  4151   557 56932 25724  3421  1362  4472  5185
 10621  6197 12764  1340 13365 56931  5240 56946 56940 56932 15201  8493
  5541 56931 56945 56945 56945 56945 56945 56945 56945 56945 56945 56945
 56945 56945 56945 56945 56945 56945 56945 56945 56945 56945 56945 56945
 56945 56945]
7 [56940 10644  9925  5240 12407  9158 10621  2622 13822  2368 56940 56932
 15061 56931 56945 56945 56945 56945 56945 56945 56945 56945 56945 56945
 56945 56945 56945 56945 56945 56945 56945 56945 56945 56945 56945 56945
 56945 56945 56945 56945 56945 56945 56945 56945 56945 56945 56945 56945
 56945 56945]
35 [ 5224  2792 10246 56932 13029 13420 56932 10651  1231   445 13396 11120
 14720  5224  6260 13348 20490  1925  9322 10067  6319  5226  2890  2625
  5942 10621 26284  5226  7821    50 56932  6862 14691  4472 11211  8209
 56932 13396 11122 11211  4770  4472   445 56932 13822 15344  5226 56946
  4472  8851]
34 [ 5224   870 10067  5683 13579 56932 13662 10067  5928 56932 11117 14039
   375  4472 11120  1562 11211  1240 12765  1296  3786  1925  9102 27155
  6151 13686  6894 10621 14524 15105 56932  6151  5804 11211  4473 12413
  5226 13072 10067  9541  4472 16932 10067 11255  8788 56931 56945 56945
 56945 56945]
24 [ 5804  6977  6862  7025  5440 11211  7067  5226  8493 56946 56932 56946
 10621 10382 13870 12297 12297 13371 12342 12675 11120 11979 12297 12297
 56946  1490   661 11211  7016  6188 56931 56945 56945 56945 56945 56945
 56945 56945 56945 56945 56945 56945 56945 56945 56945 56945 56945 56945
 56945 56945]
20 [ 8171 13952 13542  7930 12948 11211  1231  4154  5162  6151   782 11120
    29  5804 56946 56932  5226  4466 56932  3828  4962  5224  2710 13790
 56932 10291  2529 11297  1925 11988  1095  4472   797 56931 56945 56945
 56945 56945 56945 56945 56945 56945 56945 56945 56945 56945 56945 56945
 56945 56945]
2 [56936 13933 56946   424  3644 56937 12297 12297 56931 56945 56945 56945
 56945 56945 56945 56945 56945 56945 56945 56945 56945 56945 56945 56945
 56945 56945 56945 56945 56945 56945 56945 56945 56945 56945 56945 56945
 56945 56945 56945 56945 56945 56945 56945 56945 56945 56945 56945 56945
 56945 56945]
6 [ 4343 13382 11211  1969 12764  7780 39039  5224 10119  4472  6480 11211
 13291  8292 12297 56940 12889  5804  5747  2007  8619 13466  6226 13396
  1231   227  7436 56940 12297 56932  9000  6299 11211  7780  4629  4562
  6226  7944  4472  1930 10621 11122 11211 16258  4472  8503  6151    13
  5240 11122]
19 [ 5224 12944 10067 15367  5226  5224 11211  7616 14201  3276 10291 13853
  5224  2191 56932  3719  5226  5224 11211  5172  2890 13469  4636 10067
  9518 12649  4472 11120 10572 12348 56931 56945 56945 56945 56945 56945
 56945 56945 56945 56945 56945 56945 56945 56945 56945 56945 56945 56945
 56945 56945]
1 [ 3245   105  2890   858  7008  5226 56942  5226 13112 11211 12828  4562
 14455  6133 12099  4562 10026  5226  5224  2776 56931 56945 56945 56945
 56945 56945 56945 56945 56945 56945 56945 56945 56945 56945 56945 56945
 56945 56945 56945 56945 56945 56945 56945 56945 56945 56945 56945 56945
 56945 56945]
30 [ 5331  4151 26835 56946 13396  4151 11899  4472 11211 11120 37805 10067
 50687 12764  7494 15652 10611  8373 12379  9220 56932 10621  4472 11211
 11120 13450 11697  5240 33563 56932 15257 10219 10621 12764  1146  6151
  5804 56946 56932  5992   311  5224 12684  4472 56940  2188  2890 14399
  4922 56940]
5 [14931 11744 56932  6950  1240 10072  3765  4472  5628  4200 56932  7868
  6118  4472  5804  2402 56946 56932 11211  1240   746  9591  5003  4472
 11120 11791 56931 56945 56945 56945 56945 56945 56945 56945 56945 56945
 56945 56945 56945 56945 56945 56945 56945 56945 56945 56945 56945 56945
 56945 56945]
0 [51303  4151  4004  2861 56936 14915  4415 10621 56946  5240 11669 52189
  5179  5224 11426 11211  5804 12821  4472 56946 35470 56937 56931 56945
 56945 56945 56945 56945 56945 56945 56945 56945 56945 56945 56945 56945
 56945 56945 56945 56945 56945 56945 56945 56945 56945 56945 56945 56945
 56945 56945]
18 [ 5224 56946  8016 12140  9019 56932 11211 14204  4472 56946  4562 21747
 10621  8373 32119 56932  3245  9490 19026 11120 16400   375 10067  3538
  5226  5224 12232 12270  4562 56946 11648 56932  1231 22784  3079  4472
 11120  1578 10621 56946 56934 56942 56935  1947  5224  9518 15144  4472
 11120  4722]
6 [ 4337 56946 56934 56946 56935  1240  4810  5224  5551 15083  4472  1879
  7381 11651 10621  2890  6203 56932 13278 14560 17040 56932  8355   420
 56946 56932  3421  2961 56932 12764  8902 27769 20436 10621 18083   420
 48117 56931 56945 56945 56945 56945 56945 56945 56945 56945 56945 56945
 56945 56945]
13 [ 5226  1231  1602  4472  4428 56932  5804 14798  5067 56946 10621 11581
 56946   736 11120 56940 43286    93 56940  4472 11211  1240  2745  5144
  1880  4472 10577 10621  7556  5432  2370  4472 11120  2591 13396 11120
  7198 12743 11211  1240 11117 56946  5226 21660 56932 13396 11122 11211
 12764 11117]
6 [56940 11120  3174  5685 12764  1240  8761  5224 10975  4472 12749 12031
 10621  4472 10241 11211 56932  4562 10636  2379 56932  4562  6373  6423
 10621  4562 11120  4073 13896  1925  5071 56932  1469   307 56940 56932
 11020 56931 56945 56945 56945 56945 56945 56945 56945 56945 56945 56945
 56945 56945]
5 [56940  6997 11211  5207  7780  3720  5224  1437 14260  8946 14792  9496
  4562   420 13349 56940 56932  6299  5224 14479 56932 11211  1240  3623
 56940 28983 46063 56940 56931 56945 56945 56945 56945 56945 56945 56945
 56945 56945 56945 56945 56945 56945 56945 56945 56945 56945 56945 56945
 56945 56945]
8 [11120  2152 11211   217   402  5226 15230  7780 14391  4151  6630  4472
  8521  1796 56932  6862 56932   494 56932  4472  7898 10700  4472 11120
  2894 56932 13371  4821   848  1884 56932 11211   746  6659 15090  6151
 11120 14564  7563 56931 56945 56945 56945 56945 56945 56945 56945 56945
 56945 56945]
5 [ 5226  5804  4393  9939   746 17561  8373  2814  4562  6761  5717 11120
 13439 56946  5226 11120 13733  4472 56946 10621  2890  4476    85  4869
  6151 15131  4472  2890 10673  5226  5224  5135  8630  5804 56946 47940
 56931 56945 56945 56945 56945 56945 56945 56945 56945 56945 56945 56945
 56945 56945]
31 [ 5226  1231  6098 56932  5224  1926 12764  7780  8109 10540  2861 56940
  5804 15262  4472 11120  7626   865  8993  5804  9620 56931 13371  5804
  2741  4755 56932  3245   217 11120  8150 11562 14931  1170 11120  8728
  4472  4151  9552 13396  8945 56940 56931 56945 56945 56945 56945 56945
 56945 56945]
10 [ 5224  6949  4472 11120 56942 13844 10067  7900 13987 11122  2834 56942
 19595 56931 56945 56945 56945 56945 56945 56945 56945 56945 56945 56945
 56945 56945 56945 56945 56945 56945 56945 56945 56945 56945 56945 56945
 56945 56945 56945 56945 56945 56945 56945 56945 56945 56945 56945 56945
 56945 56945]
8 [13478  4779  2550 13822  8039 56932 12889  2495 56946  4151   534  4472
 11555  4472 13893 56932 13371 56946 10621 56946 56931 56945 56945 56945
 56945 56945 56945 56945 56945 56945 56945 56945 56945 56945 56945 56945
 56945 56945 56945 56945 56945 56945 56945 56945 56945 56945 56945 56945
 56945 56945]
18 [11120 13724  4472 11120  8466  4131  4472 56946 56932 11120 14088  6059
  4472  3261 14781 17014 56932  7780  4204  5804 42283  4472 11304 13396
  1231  2418 56931 56945 56945 56945 56945 56945 56945 56945 56945 56945
 56945 56945 56945 56945 56945 56945 56945 56945 56945 56945 56945 56945
 56945 56945]
27 [ 5224 30057  5240  8493 50195  5226 11120 21362  4472 11120  5272 10621
  1925 56946 11117 10501  3245 11122 11211  6151 11120   520 56946  2861
 11211  1233 11117 56946 11120 50195 12764  1240  6469  5226  8493 27590
 56932 10954 11211  1240  4770 10291  6221 11120  7626 13371  8493 56946
 56946 10621]
14 [ 5804 13171 18331 56946  2890 56946  6151 11120 14630 56932  6151 11120
  9579 11211 56946  2890 56946   848 56946 56931 56945 56945 56945 56945
 56945 56945 56945 56945 56945 56945 56945 56945 56945 56945 56945 56945
 56945 56945 56945 56945 56945 56945 56945 56945 56945 56945 56945 56945
 56945 56945]
1 [ 1402  3502 11120  2928  5226  5804 10440  3559 10067  1681  6151 11120
  9639  4472 56946 56946 56931 56945 56945 56945 56945 56945 56945 56945
 56945 56945 56945 56945 56945 56945 56945 56945 56945 56945 56945 56945
 56945 56945 56945 56945 56945 56945 56945 56945 56945 56945 56945 56945
 56945 56945]
22 [ 8493 13553  4472 56946 56946  2187  5226 17180  5226 56942 10532 56942
 16176 56932  9000 11813 56946  2861  2890 14315 56946  1240 39463 56942
 16176 56931 56945 56945 56945 56945 56945 56945 56945 56945 56945 56945
 56945 56945 56945 56945 56945 56945 56945 56945 56945 56945 56945 56945
 56945 56945]
38 [ 6151  2890  2444  4144    44    13 56932 10621    13 13171 56932 56946
  5226   932  5804  4533  4472 11120 12759  7626 56932  5226  8493  2928
 14931   273 56933  5226  8493  2507  4472   545  4472  4151  6144  5226
 11120 11211 11597  8865 10267  1004 13171 10621 13171 13627 56931 56945
 56945 56945]
27 [ 5534  5224 15063 16048 13396  5224 54665 11211  6151 13290  5107  7494
 15630 14802 10621 12684 56932 11120 13450  5240 11227 56933  9000  1233
  5224 56946  6950 16945 11120  2656  5217  8493  1914 10054 56932 27645
 56932 52789  5226  5224  4667  4472 11122 23531 56931 56945 56945 56945
 56945 56945]
47 [ 4345  7494 56942  5137 10621  1240 56946 13371  2890 12297 10141  4472
 56946 12297 56932 11211  1240  7780  7980  5226 40449  5217 13280  3421
  5137 12297 13371  1490    13 15308  4472 10454   848  4472  3789 10067
  5765 12297 10621 56932 13396 11674 56932   668 11211  6197 12764  2645
  5224  5407]
1 [  746 16335  5224 28716 10621 11120  2496  4472  2434 10291  6419  8493
 14564  7626 10621  8606  5703 56931 56945 56945 56945 56945 56945 56945
 56945 56945 56945 56945 56945 56945 56945 56945 56945 56945 56945 56945
 56945 56945 56945 56945 56945 56945 56945 56945 56945 56945 56945 56945
 56945 56945]
8 [18552 14378  5137  4472 15459 34278 10621  1240  6376 11120  7069  4472
 11211  9490  2779  3455 10291  4151 11211 17152 11211 12764  4125  5321
 13396 13822  5052 56931 56945 56945 56945 56945 56945 56945 56945 56945
 56945 56945 56945 56945 56945 56945 56945 56945 56945 56945 56945 56945
 56945 56945]
2 [12297 12297 56946 16206 10621 21869 56932  1396 14349 56931 56945 56945
 56945 56945 56945 56945 56945 56945 56945 56945 56945 56945 56945 56945
 56945 56945 56945 56945 56945 56945 56945 56945 56945 56945 56945 56945
 56945 56945 56945 56945 56945 56945 56945 56945 56945 56945 56945 56945
 56945 56945]
16 [ 8596  3686 29511 56932 14260  9490 13651  5226  5224  7966 56932 10621
 14931 11744 12171  9490  6229 56946  1633 13822 10664 56932 13732 56932
  5806 56932   119 56932   494 18672  8493  1004 56932  1925  1242 56932
  8493 12921 16635 56932  5534 11120 14851  1240  8057 37077 56931 56945
 56945 56945]
