24 [ 5224  9102  4472 11120 14493    65 11120 13734  4472 56946   264 11120
  8200  6151  1231 15276  5226  5224 12908 10067  9080 13012 56932  9000
 10705    82 56934 56946 56935 10621  8783 12734  5804   541  4472  9338
  4472  5683 13579 56932 13732 10621  5189 56931 56945 56945 56945 56945
 56945 56945]
6 [11120 16790    59 16294 10067  7581  7494 44929 11120 20619  3091 10067
 11575  4472  4151  4290  4256  5226  7224  8630 12764   418  2890 10500
  7247  7956  5224  3161  8673 56931 56945 56945 56945 56945 56945 56945
 56945 56945 56945 56945 56945 56945 56945 56945 56945 56945 56945 56945
 56945 56945]
6 [11905 11719  6485 11211 56940 55128  5240 13466 56933  8075 56932 12764
 13554 56940 56931 56945 56945 56945 56945 56945 56945 56945 56945 56945
 56945 56945 56945 56945 56945 56945 56945 56945 56945 56945 56945 56945
 56945 56945 56945 56945 56945 56945 56945 56945 56945 56945 56945 56945
 56945 56945]
12 [56940 13386  9948 56932 11122  3269  5240 11211  5224  1437  2792 15145
   983  6779 13396  1231  2204 10621 13396 11120 12815  5432 56940 56932
   730  5224  8965 10849  1909 56931 56945 56945 56945 56945 56945 56945
 56945 56945 56945 56945 56945 56945 56945 56945 56945 56945 56945 56945
 56945 56945]
13 [   68 11080   746 13016  4151  2131 14164  4472 11120  3174  2469 56940
 11211  5240  6863 13458 56940 56932 15201  5224  2792 56932 13386  1694
 11211  5226   424 12687 10067  5567  5804  8390 11526  2529  4421  6151
  5804 23431 10067  1437 10621 56940 12764 10364  6151  5804  5199 18128
 56940 56931]
8 [ 5804 11360 56946 10621 19162 56946  3245  1240  9567  4979  5226  8325
 56932 12889  5226   425 11093  4722 13822  5843 12764  1240 12813  6151
  7538 10621 30235  3361 12128  1925  6812 56931 56945 56945 56945 56945
 56945 56945 56945 56945 56945 56945 56945 56945 56945 56945 56945 56945
 56945 56945]
2 [ 5224 15186  5240 13977 10291 14781 56932  6197 11211  8443 17244 11120
 13172  6555 13371  1408 10067  1056  6232 13280  8871  4472  2890  7977
 56932  8630 12640  1240 20566  5226 11120  8086 10067  2523 11211  5224
   972  6260  1240  1243 11203 10067  6171 14012 56931 56945 56945 56945
 56945 56945]
32 [ 6226  1231 16461 48596 23096  1240 10479  2370  8493 14299 10621  2890
 56946 56946 56932  9000 13171 12543  2370 11120  9295  6197 56940 46266
 56940  4472  1195  2890 11629  2317  3828  3952  2986 15526 56931 56945
 56945 56945 56945 56945 56945 56945 56945 56945 56945 56945 56945 56945
 56945 56945]
0 [ 4868 11554 56946 56931 15938 56945 56945 56945 56945 56945 56945 56945
 56945 56945 56945 56945 56945 56945 56945 56945 56945 56945 56945 56945
 56945 56945 56945 56945 56945 56945 56945 56945 56945 56945 56945 56945
 56945 56945 56945 56945 56945 56945 56945 56945 56945 56945 56945 56945
 56945 56945]
5 [ 6196 11122  3291 56932  9000  5240 13741 56946 56931 56945 56945 56945
 56945 56945 56945 56945 56945 56945 56945 56945 56945 56945 56945 56945
 56945 56945 56945 56945 56945 56945 56945 56945 56945 56945 56945 56945
 56945 56945 56945 56945 56945 56945 56945 56945 56945 56945 56945 56945
 56945 56945]
