2 [  425  7780 13771  1925  4842  7898  1414 56932 13371  5224 56946 10621
  5224 56946 56932  6594  4562  4151 13906 13171  9461  4472   425 14564
  2142 56931 56945 56945 56945 56945 56945 56945 56945 56945 56945 56945
 56945 56945 56945 56945 56945 56945 56945 56945 56945 56945 56945 56945
 56945 56945]
4 [12297 12297 12297  7780  8823 13691  4151  5544 28794  4472 56941 56946
  9743 56941 56937 12297 12297 11117 56946  8493  1004 13171  5224 35464
 18785 56931 56945 56945 56945 56945 56945 56945 56945 56945 56945 56945
 56945 56945 56945 56945 56945 56945 56945 56945 56945 56945 56945 56945
 56945 56945]
