0 [10545 11211  5240 56940  9918 56940 11211  8509  5804  4393  9939  5224
  4942  1452  8503  4472  5804  8390  4472 11120  8728  5226  5224  6319
  5692 56932  1346  5804  2347  4472 14524  7668 10621  4472  4758 10958
  9775  4472 36820 56932 10621 19618 11211  1793  4472  9379   949  5804
  9532 15468]
3 [12889  5804   420  2990 11211  3047  9301 12764  5371  4518 13822  8070
 10621 56940  7780  2077  4472  6017  4472 15225 56940 56932  5355 11152
 11211 56940 12764  5240  9329 11211  2831  7397 13667 11120 11786 10067
 11807 10621  6851  1925  5045 13396  5045 56932  1240  1641  6151 11646
 14729 11211]
3 [12297 13831  6151  1009 11211 14122  1342   865 16367 56937 56945 56945
 56945 56945 56945 56945 56945 56945 56945 56945 56945 56945 56945 56945
 56945 56945 56945 56945 56945 56945 56945 56945 56945 56945 56945 56945
 56945 56945 56945 56945 56945 56945 56945 56945 56945 56945 56945 56945
 56945 56945]
