6 [11120  4816 12683  1346 12948 11211  5805  5226 15538  4472  2890 13723
  3237  4151 56942  1362  4562  8373  1046 56932  2890  5752 56932  8373
  1204  9758 10621  2890  3217 56931 56945 56945 56945 56945 56945 56945
 56945 56945 56945 56945 56945 56945 56945 56945 56945 56945 56945 56945
 56945 56945]
16 [11120 10213  4472 56946  5240 11211 56932  5217 11120  3252  4472 14578
  6151 29265 56932  1240 56946 11122 11211   865  4151 23582 17193  5226
  2890 11988 12297 12297 56946 56932 13491  7270 56932  3446 12297 12297
  4472  4151  8090 27884 11211  9822 13728 56946 56931 56945 56945 56945
 56945 56945]
11 [ 5088 37129  2890  9198  5804  3758 14260 12543 12764  1240  9490 30666
 10067  6226 10067 13676  2972 56931 56945 56945 56945 56945 56945 56945
 56945 56945 56945 56945 56945 56945 56945 56945 56945 56945 56945 56945
 56945 56945 56945 56945 56945 56945 56945 56945 56945 56945 56945 56945
 56945 56945]
30 [11120  7833  3727  5240  8493  4986  1570 10621 56946 11211 13938 13822
  2494 11197 10621 13822 56946  3307  1925 13588  4472   425  2507  4472
  9518  3027 56946  5226  5224 11211  4868  7147  4472  5506 56932 12764
  6950  5226 13579 56932 11120  4687 10789 56931 56945 56945 56945 56945
 56945 56945]
