34 [ 9827  5848 12436  6205  1231 56940  3527 56940  1633 11120  6098 10468
 10621 13703 10634  1925  5085  4562  5224  1926  8759 56932  3828 13822
 13864   746 14391  8493   791  4472  9609 56932  4693  4472 11537  5418
  4004  5224 13348  6151  4294 56932 13386 11117 11875 10621  3064  1925
  4152 56931]
47 [15058  1925 11255 10119  4472  7243  7483 56932 40325 11499 11211  5804
  1954  4472 13111   865 56940 28106 10621 56946 56940 56932 12889   749
 56940 13485 56940  5226  5804 11211  1240  7476  5534  1240 31615  6151
 15336 56932  5226  5224  4492  4472 56940 12764  5240 13554  5224 10778
  3825  4188]
49 [ 4345  7494 56942  5137 10621  1240 56946 13371  2890 12297 10141  4472
 56946 12297 56932 11211  1240  7780  7980  5226 40449  5217 13280  3421
  5137 12297 13371  1490    13 15308  4472 10454   848  4472  3789 10067
  5765 12297 10621 56932 13396 11674 56932   668 11211  6197 12764  2645
  5224  5407]
7 [ 5804 17198 12109 11211 56946  7397 14363 56946 56946 11714  5226 11120
 13733 10621 14363 56946  1234 34823  6151 11120 56946 56943 56945 56945
 56945 56945 56945 56945 56945 56945 56945 56945 56945 56945 56945 56945
 56945 56945 56945 56945 56945 56945 56945 56945 56945 56945 56945 56945
 56945 56945]
15 [ 5804 17198 12109 11211 56946  7397 14363 56946 56946 11714  5226 11120
 13733 10621 14363 56946  1234 34823  6151 11120 56946 56943 56945 56945
 56945 56945 56945 56945 56945 56945 56945 56945 56945 56945 56945 56945
 56945 56945 56945 56945 56945 56945 56945 56945 56945 56945 56945 56945
 56945 56945]
