40 [ 2890  9583  5226  5224 11211  9169  5224 13488  4472  2841  4472  8689
 56932  7295 10594 56932  1925   740 11211 11120  7415 12090  4472 11120
 14564 13107  4430  5240 11211  4151 14378 10736 56940  1340  8493  2862
 12407  2059 56940 11211 13280 37193  4151 36700 56931 56945 56945 56945
 56945 56945]
16 [11120 10043  4472  4151  2661 13473  5804  9446  1240  7780  5465  5226
  5224  2952  2690 11211  8783  7431  5224 12886  8722 10067 10386 13210
 56931 56945 56945 56945 56945 56945 56945 56945 56945 56945 56945 56945
 56945 56945 56945 56945 56945 56945 56945 56945 56945 56945 56945 56945
 56945 56945]
2 [12297 11149  4413    52 24801  1925 15548 10291  5678 30245  6151  9068
 56946 15511 56937 56945 56945 56945 56945 56945 56945 56945 56945 56945
 56945 56945 56945 56945 56945 56945 56945 56945 56945 56945 56945 56945
 56945 56945 56945 56945 56945 56945 56945 56945 56945 56945 56945 56945
 56945 56945]
