31 [ 7868  5224 13004 56932 11120  3290  5240  1593  5224  8876  2689 12764
  8871  4472 56942  6841  4472 10766 56946 56934   490 56935 56932   683
  8373 11804  4472  7136  5226  7029  4472  5045 10621  9173 10207 56932
 10621  2288  5280  4161 56942  6841 56932   683  8834 11804  4472  5283
 56931 56945]
25 [ 4693  4472 11211  9666 56946  1231   445 12348 56932   505  8946  2890
  6997  1848  5226 16110 56932 17128 10621  5930 56932  3828   217  1240
 56946 11916 56932 15428 10621 30315  5454 56932  8170 56931 56945 56945
 56945 56945 56945 56945 56945 56945 56945 56945 56945 56945 56945 56945
 56945 56945]
