33 [ 5432  5226 56942  4649 10621 12835  4562  5224  2151  4472  8373  5134
 56932  8493 13172 10067 11183 56932  2890 11284  4472  2551 56932  8373
 16288 51274 10621  5544  5134  1791 56932  7780  4472  2529  2890  2792
 14915  1090 13371 11122    85  5226  1231  7802  4472   821 56931 56945
 56945 56945]
27 [13744  4327 56932  2890  6239  1604  4472 56942  5137 12873 56934  4472
 14505 14435 11120  9503  4472  8493  1216  1925 56946  2890  1852 13139
 56935 56932  7780  8192  5224 11685  4472 11120 10316 10291 10442  4472
 10665 12845 56932  9367 11211  8509   420  9939  7780  8628 11120 13699
 56932 12889]
16 [ 5263 15083 56932  1240  1441 11120 14402  1925  4667  5226  5793 13396
 11122 11211  7630 11211  8946  2890 56940  1533 56940 10067  9541 56931
 56945 56945 56945 56945 56945 56945 56945 56945 56945 56945 56945 56945
 56945 56945 56945 56945 56945 56945 56945 56945 56945 56945 56945 56945
 56945 56945]
14 [ 4151  8070 12297 12297 13396 14779  1780   848  1925  4120 56946 12297
 12297 11526  6416 13371  5715 56942   243 56931 56945 56945 56945 56945
 56945 56945 56945 56945 56945 56945 56945 56945 56945 56945 56945 56945
 56945 56945 56945 56945 56945 56945 56945 56945 56945 56945 56945 56945
 56945 56945]
43 [56940 12764  7709  2529  1958 11211  2890  7238 11211  7780 15311  5224
  4415 14687 11211 23158  5224  9076 56932   217  2273 22039  5226  5224
 11034 11211 12342  7709 56946  7827  6151   425  2839 56940 56932 11211
 15062  6151  6226  5224  6319 56940 11211  8946  2839 56940 56931 56945
 56945 56945]
42 [ 5224  9243  6690  1717  9840 14496  6151 11120  1562  4472  3740  5574
 56932  6197 11211  5226  9379  8445   865  8089  5226 11120 12101 10621
 10291  5224 12687  2370  5804 13358  8503  4472  8025  1240  7494 11211
  5014   375 56932 10291 11122  7082  7494 13171  3615  3667 13532 56931
 56945 56945]
25 [ 3951  7653 56946   425 14675  1231  8876  2871  4472   445  5226  5224
 15175  4472  8808  4472  8325  4472 11120  6549 56932  5918  4472 11120
 11211  5240 14944  5217 13280 56942  5137 56931 56945 56945 56945 56945
 56945 56945 56945 56945 56945 56945 56945 56945 56945 56945 56945 56945
 56945 56945]
21 [ 1231  7460  5226  5224  2729  1240 10532  8509  5224 11150  4472 19881
  8782 56932 10611 56942 10621 56942 56932  9000  3245    85  6516  4472
 10379  4562 22796 56932 19792 10621  5224  8876   505 56932  4154 10067
 11485 13155   505 56932 11211  4550 11117  7780 15907 10291  2890  2729
  5226  5224]
22 [12511   730 11211  5224 15548 14012 13396   273 56940  7780  9002  8555
  6151 11120 13480 56932 11211  8159  4562  6221  2496 11211  5240  1231
  3012 56940 56931 56945 56945 56945 56945 56945 56945 56945 56945 56945
 56945 56945 56945 56945 56945 56945 56945 56945 56945 56945 56945 56945
 56945 56945]
41 [56946 15201  1925   413 56940 11497 56940 11211 11120 10957 12764   402
  5226  9379  8445  5226 13822 10804 56932  8630 11120  8945  8212  5224
  9591  4472 11211  5224  2197  5078 56932  9591 13280 11970 10621  4161
  4550 12764 12846 56932 14190  2529  8493 56940 56946  4403 56940 56931
 56945 56945]
36 [ 5224  2792  4472  3162 56932 11211 12948  2313  5224  8033  4562  5224
 51563  4472 11046  3266 56932  4044  6151 11120 11752  4472  1305 10621
  5634 56932 10621 14576 11211 11120  2684  4472  5314  6151  1231   653
 28093  2890  9591 12152  5226 11120  7182   635 56940 14260   229 11120
 11093  1004]
8 [11120  4687 56932 14931 11744 56932  7709 12764  6416  1437 13396  2529
 10540  5272 56931 56945 56945 56945 56945 56945 56945 56945 56945 56945
 56945 56945 56945 56945 56945 56945 56945 56945 56945 56945 56945 56945
 56945 56945 56945 56945 56945 56945 56945 56945 56945 56945 56945 56945
 56945 56945]
12 [11120 56946 11120  9490 56946  4161  5224  1601  4472 12764 56946 11211
   375 11120 12673 56932 10621 11120  9490  7039 56946 10621 44600 56932
 10621 19567 10067  1926 56931 56945 56945 56945 56945 56945 56945 56945
 56945 56945 56945 56945 56945 56945 56945 56945 56945 56945 56945 56945
 56945 56945]
