17 [10291  5224 12133  8536  5224  8716 10067 11955 11519 56932 11211  3645
  8186  6151  5804  9362 56932 56946 13171  1970 10291  5804  3035 56932
 14260  4550  2495  9724 13822  6159 56932 12735 13822 56946 10621  6416
 15225  5226  4151 14030 56931 56945 56945 56945 56945 56945 56945 56945
 56945 56945]
23 [10621  2044 11211  6330 11211 56932  1233  5207  2421  4472 56946 56932
  1494   865  4151  8373  2136  4472  2890  5589  5121  2861 11211 14941
  2890 56946 10621 11211  2007 14733  1368  2416  5226  5224  5879 56931
 56945 56945 56945 56945 56945 56945 56945 56945 56945 56945 56945 56945
 56945 56945]
6 [ 1231 13957  6151 12424 12938 12700  4473  8493 10213  4472  1231  7508
  4472 13893 56931 56945 56945 56945 56945 56945 56945 56945 56945 56945
 56945 56945 56945 56945 56945 56945 56945 56945 56945 56945 56945 56945
 56945 56945 56945 56945 56945 56945 56945 56945 56945 56945 56945 56945
 56945 56945]
