10 [ 5224 56942  4472  5385 10067  6260  2689 56932 11120  3174 56946  3717
 10197 11120 15459  4472 11120 11840 56932 11120  3474  4472   658 10621
 11211 33899  4472 14746 12906  6151 56946  6175  4472   797 56931 56945
 56945 56945 56945 56945 56945 56945 56945 56945 56945 56945 56945 56945
 56945 56945]
21 [ 6151 15099 10067  6260 14724 56932 11120  8108 56946 56932 11211  5226
  1884  7494  3073 11350 56932  8882  6151 14777  8589 47273  8493 11518
  4472   683 56942 11804  4472  5699 13396 11120 12673 14251  2861  4563
  3301  5224 11955  1925 16688  4472  4151 11388 56931 56945 56945 56945
 56945 56945]
