30 [56940 11090 11211 14900 11120 13097 13371  1601  4472  9540 56931 12764
  1240  6760  4472  4831  3260 56932 11664  5240  8493 14804 11211 14915
 14315  5848  3899  4151  7374 11211 42726  4472  6256  6151  4151  1539
  4043 56940 56932 15201 12778  6151   424   413 56932  9650  4472 11211
 56940  1240]
4 [ 8596 11122  9490  4492  4746  4472  1231  5879  4562  5224  1405  4472
 29059  4472 12672 11211 12764  8946  7247 56932 10621  9490  5492  5224
 43844  4472  1168 12673  1925  4201 11211 12764 17667  5224  8870 20034
 13396  9068  5000  6151  5804 10229  3861 56932 10621   151 13396  9394
  5137  4562]
