25 [11120  6805 15161  5147   217 56932  8788 56932 11211  7780  3924 11120
 12742  4472  2890 15316  4472  5997 13396  5224  7082 56946  8943 12139
 56934 14931 56935 56932  8468  6641 56934  5236 56935 10621 12613  6615
 14030 56934 56946 56935   805  5224  7057  4561  4472 12424 14729  2844
  4472 12381]
6 [ 1240 46153  5224  8614 10067  7538 10291  5224 11627  4472  5804  3034
 13274 56931 56945 56945 56945 56945 56945 56945 56945 56945 56945 56945
 56945 56945 56945 56945 56945 56945 56945 56945 56945 56945 56945 56945
 56945 56945 56945 56945 56945 56945 56945 56945 56945 56945 56945 56945
 56945 56945]
9 [ 1240 46153  5224  8614 10067  7538 10291  5224 11627  4472  5804  3034
 13274 56931 56945 56945 56945 56945 56945 56945 56945 56945 56945 56945
 56945 56945 56945 56945 56945 56945 56945 56945 56945 56945 56945 56945
 56945 56945 56945 56945 56945 56945 56945 56945 56945 56945 56945 56945
 56945 56945]
8 [ 5226   424 13440 56932  5676 56946  5226  5224  7956  4472  1231 14753
  4472 11120  1062 10291 11211  1240 12730  5226 14662  5226  5224  3172
  4472 13408 56931 56945 56945 56945 56945 56945 56945 56945 56945 56945
 56945 56945 56945 56945 56945 56945 56945 56945 56945 56945 56945 56945
 56945 56945]
11 [   19  6098 17873  5240 11120 10067 13488 10067  8967  4472  8483 10291
  5224 11627  5432 56932 21400 38486 56932 13386 56946 12948  5226  3868
 11211  1352  9840   494  8244  5226  5157 10067 15505 56931 56945 56945
 56945 56945 56945 56945 56945 56945 56945 56945 56945 56945 56945 56945
 56945 56945]
2 [ 5224  9211  4472  5319 15201 15058  6151 11120 13675  3820  4472 11120
 11840 11211  5666 12764  7494  5226 14662  5224  9591  4472 11211  1240
  7780 13016 56940 11211  2464  7780  2299 22669 10877  2771  2772 10621
 11211  5240  9369  2003 19886  6741 10291 22548 11120 14653  6862  2637
  2771  2848]
11 [ 7418 10470 13981   217  5226 13649  2185  7956 56940 14578 12341  5226
  5224 26862 15227  4472 45366 56940 56932 18776 13396 56946 56934 11556
 10291  5224 11426  4472 11120  5404 56935 10621 15201 11211  4151 10067
  5778  9069  4472  9480  8984 56932 13396 14115 10621 12764 13396  1839
 56932 13280]
15 [ 7418 10470 13981   217  5226 13649  2185  7956 56940 14578 12341  5226
  5224 26862 15227  4472 45366 56940 56932 18776 13396 56946 56934 11556
 10291  5224 11426  4472 11120  5404 56935 10621 15201 11211  4151 10067
  5778  9069  4472  9480  8984 56932 13396 14115 10621 12764 13396  1839
 56932 13280]
24 [ 7418 10470 13981   217  5226 13649  2185  7956 56940 14578 12341  5226
  5224 26862 15227  4472 45366 56940 56932 18776 13396 56946 56934 11556
 10291  5224 11426  4472 11120  5404 56935 10621 15201 11211  4151 10067
  5778  9069  4472  9480  8984 56932 13396 14115 10621 12764 13396  1839
 56932 13280]
27 [ 7418 10470 13981   217  5226 13649  2185  7956 56940 14578 12341  5226
  5224 26862 15227  4472 45366 56940 56932 18776 13396 56946 56934 11556
 10291  5224 11426  4472 11120  5404 56935 10621 15201 11211  4151 10067
  5778  9069  4472  9480  8984 56932 13396 14115 10621 12764 13396  1839
 56932 13280]
13 [ 8493  4472  5488  9862 56932 13339  1925   870 10067  3612  4472  5138
 56946  4472 56946 56932 56946 56946 56932  1240 10424 11211    85  9592
  5217  2890 10210  4472 11120 15098 15227 10067  3835  6695 17775 56932
  4890 13488  7780  8192  6197  2482  4161  5224   273  4472  4151 14414
 56931 56945]
46 [ 6112 10005 56946  6151  5804  4185  9939 11120  5660  4472 13822 14455
  4472 11120  6549  4562  6102 56932  5226 15168  4472 12350  5226  8373
  5137 56932 13371 12833  2890 12301 15231  5226 14724  6260 56932 13002
   217 56932  9544 56932  5224   413  8759  5432 56932 56940  1925 56946
 56940 56931]
41 [ 5224   653   104  7780  3609  8676  4151  3336  4472  2496  5226  4151
  5581  4472  6589 10067  6319 56932  5226  4151 11211   746  3848 56942
  8330  5226 13043 11941  5226 11122 11211  3645  4472  2689 56932 13002
   217 13348  5224 56940   413 10067  9925 56940 56931 56945 56945 56945
 56945 56945]
1 [15229  5226  5224 15175  4151 56942 15229  4472  7661  4472  2090 56934
  4932 13935 56935  4472 11120  5918 56932  8415  5226  5224 15175   322
 56932 10621  4151 56942  4472  5804 56946 12200 56942  6950  5226  5224
 11988 14179 56946 10621 56942  9570  5226   420  2140  2899  5226 11120
 56946 56932]
2 [ 1296 56932  1925  9792 56932  4472 56942  5137 56932 56946  5224 27026
  4472  1231  9541  5226  5224   695  7261  4472   425 12689 56932  4562
 11122 11211  1240 15174    40  5226  5224  4569 12855  6151 11120 13439
 10343 56931 56945 56945 56945 56945 56945 56945 56945 56945 56945 56945
 56945 56945]
7 [ 5224  9874  5240 12555  4415  5804  6192  4472 12921 56932  5534  6950
   373  4472 13588  8493  7207 12135  4472  5804 13712 14049  1925  3015
 56931 56945 56945 56945 56945 56945 56945 56945 56945 56945 56945 56945
 56945 56945 56945 56945 56945 56945 56945 56945 56945 56945 56945 56945
 56945 56945]
14 [ 5224  6519 10067  4942 13396 11623 10621 56946 15512  4472 11120  6805
  4472 12831 10067 14084 56932 10958 37873 56932  7780   880 11120  3820
  5226 11120  1976  8973 10067  9230  4472  2667 56932  3908  2004  6270
 56932  4562  5224   273  4472 11211 13004  7956  5224 15316  4472 14693
  4472 11807]
39 [ 5224  6519 10067  4942 13396 11623 10621 56946 15512  4472 11120  6805
  4472 12831 10067 14084 56932 10958 37873 56932  7780   880 11120  3820
  5226 11120  1976  8973 10067  9230  4472  2667 56932  3908  2004  6270
 56932  4562  5224   273  4472 11211 13004  7956  5224 15316  4472 14693
  4472 11807]
34 [  975 12764  3502  1231  1566 56932  6197 11211  7780  3609 12764  4289
  7809 56932  9000 56946  5226 16857  4562  5224 13640 56932  8509  2890
 12413  4472 11120  6614 11211  6870  4562 11120 36886 16955  4472 11120
 15197 10291 11120  7891  4472  5804  1304  3462 56931 56945 56945 56945
 56945 56945]
34 [ 9909  9502 56932 11211  7780  3030 11120 11093  6614 10067 13723 10067
 14358  5226  5224  9814 15023  4151  4290 56932  7780 56946  5224  9591
  4472 11211  2892   418  5664 13822  1945 13396  5307  6151 15488  4562
  4108  5226  2668 10621  7780 11906 11211 11120  6462  3245  5103  5226
  8876 15168]
20 [ 6151  2922  4472  5804 14406 56932 13811 14441  6151 13649  7809  7354
 12948 13396  6894 56932 13386  1040  5226 56946 10067 25402 56934 15528
 56935 11211 11120 10714 56946 56940   373 16769 13396  5224 10778 12033
 10291  6162 15600 56940 56931 56945 56945 56945 56945 56945 56945 56945
 56945 56945]
15 [ 5224 13723  6059  2944 10268 10067 56942  1925 56942  4472  8289  4185
  5226  5224  3086  4472  1324 56931 56945 56945 56945 56945 56945 56945
 56945 56945 56945 56945 56945 56945 56945 56945 56945 56945 56945 56945
 56945 56945 56945 56945 56945 56945 56945 56945 56945 56945 56945 56945
 56945 56945]
4 [ 5226  4794 14773 30652  4472 16070 56932 10621  5226  8837 56932  8236
 56946 56931 56945 56945 56945 56945 56945 56945 56945 56945 56945 56945
 56945 56945 56945 56945 56945 56945 56945 56945 56945 56945 56945 56945
 56945 56945 56945 56945 56945 56945 56945 56945 56945 56945 56945 56945
 56945 56945]
24 [ 5226 11120  9639  4472  1758  8810 14011 56932  5804  3097  6644 10621
  5483  7187  6985  1231  2975  5226 11120  6255 13844  4472  5804  9468
  4472  1723  4472  5049 56932  1925 12081 11120  1147  4472  5804  3147
 56931 56945 56945 56945 56945 56945 56945 56945 56945 56945 56945 56945
 56945 56945]
48 [56940  5240  2890  1094  8148 13396 11122 11211    85  1231  7626 10621
  1231 14088 56932  6151  6256  4472  5615 56946 13396 12082  7956 11896
 12764 16953  4472 11047  2861 12766 56932  4391 10621  8493  8106  4472
   587 56932  4472  3421  1362  4472 11231 56932  9592 13396 11120  7489
  4472 15394]
12 [13371 12135  4472 11120   990 56932 11120 11840  6055  5226 56942 13396
  4472 56946 10621 56232  2979 56932 11211  8946  4161 11673 11374  1971
 26558  4472 56946  5226  9694 56932  1240 15174  5226  8493  3568  4472
 13231 10621  2622 13822  9643  5226 16857 56932  3828   373  1231   226
 56931 56945]
34 [11120 11464  6695  4472  2119  4472  4957 12297 12297  4562 14759  6151
 11120  6543 56946 10621  4559  2890 56946 12297 12297 10621  5224  6952
  4472 11120 10366 10067  5053 56946 56946 12297 12297 56946  4472 11120
  4351 10621 10674 56946 56946 12297 12297 56946  2890  6412  3047 12672
  5538 13396]
24 [56946  1749  5226 11120  5288 12689  4472 11120  6686 15268  4472  1163
 56934  9879 56935 56932 11211  1240  4868  6151  9687  5226 11120  5918
  4472  3222 56932  3828 11499 11211 56932  1925 10946 15017  4151 14729
 11959  5226  5224  4842  4472  8849 56932 56940  5240  8493  2415  5534
 12703 10130]
14 [ 8630  5240  9918 11120 11169 15583  4472  2658  4472  4821 10621  1231
 56946  4969  4472   928  4562  4151 21439 44092 10696  4472  1723 56932
 20645  4472 15252 56932 17934  4472  9161 10621  6810  4472  2919 56932
  5240  3058  4592 11120 13171  8484 27326 10611 56946  4472 15252 10621
   184  4472]
21 [ 8630  5240  9918 11120 11169 15583  4472  2658  4472  4821 10621  1231
 56946  4969  4472   928  4562  4151 21439 44092 10696  4472  1723 56932
 20645  4472 15252 56932 17934  4472  9161 10621  6810  4472  2919 56932
  5240  3058  4592 11120 13171  8484 27326 10611 56946  4472 15252 10621
   184  4472]
49 [ 8630  5240  9918 11120 11169 15583  4472  2658  4472  4821 10621  1231
 56946  4969  4472   928  4562  4151 21439 44092 10696  4472  1723 56932
 20645  4472 15252 56932 17934  4472  9161 10621  6810  4472  2919 56932
  5240  3058  4592 11120 13171  8484 27326 10611 56946  4472 15252 10621
   184  4472]
22 [13396 11674  5224  9691 11783  1925 11211  1240 10469  1925  9599  7412
  4562 11120 11946  5974  4472  9161 10621  3245  4562  1540  4472  8854
 12764  5240 13171 11211  8493 19890 25305 56932 26170  4472  6256 56932
  6151 14849  4472 11211 12569  7394  1396  1452 56946 13371  2481  7344
 56931 56945]
25 [11120  5844 10421 48191  8943 56934 15191 56935  5165   217  6151 12379
  5452 10621 12795 11211  1240 56946  1156  4693  1925 12301  5432  4472
  7361  4472  4151  5581 56946 10621 31834  4472  9701 11669  7944  4472
  8865 56931 56945 56945 56945 56945 56945 56945 56945 56945 56945 56945
 56945 56945]
6 [11120  5887 10067 12956  4472  4428  4472  1324 56932 14946 56946 56932
  5165   217  2890 56946 10300  6151  8493 14564  2749  4472 14678   635
  2370 11120  8094  5234  3608 10067 56940 10255 13579 56940  4472  3572
  5733 10867 14781 56932 56940  7468 56940 56931 56945 56945 56945 56945
 56945 56945]
15 [ 7440 11859  7578  1296  1925  4252  4472 11120  5978  4562  4151  1761
  4472  2890  9084  4472 15225 56931 56945 56945 56945 56945 56945 56945
 56945 56945 56945 56945 56945 56945 56945 56945 56945 56945 56945 56945
 56945 56945 56945 56945 56945 56945 56945 56945 56945 56945 56945 56945
 56945 56945]
16 [12297 12297 56936 10621 11149   753  4472  5804   453 56946 10067  4842
  8984 56932 13371 11740  4472  2770 10621 11120 10045  4472 15590 22553
 56937 12297 12297 56931 56945 56945 56945 56945 56945 56945 56945 56945
 56945 56945 56945 56945 56945 56945 56945 56945 56945 56945 56945 56945
 56945 56945]
21 [12297 12297 56936 10621 11149   753  4472  5804   453 56946 10067  4842
  8984 56932 13371 11740  4472  2770 10621 11120 10045  4472 15590 22553
 56937 12297 12297 56931 56945 56945 56945 56945 56945 56945 56945 56945
 56945 56945 56945 56945 56945 56945 56945 56945 56945 56945 56945 56945
 56945 56945]
34 [15023  1231 14723  1800  4562  1166  2865  3543 56932  7628 10180 11428
  5226  5224 15412  4472  3475  4562  1231  8288 13518 56932  5224    45
 11810 56932  6659 12948  5226 11120  8691 14460 10067  3358  4472 15412
  8984 56931 56945 56945 56945 56945 56945 56945 56945 56945 56945 56945
 56945 56945]
20 [11120  7790  4562  1164  4472 13456 56932  5224 13398 10635  4472  5804
  2611 10621 11120 12964  1323  4472  5224 11554  4472  5804  5359 56946
 13974  4472  2890 56946 11211  2002  1231  8467  4678  5226  9209  3224
  8860 10621 11211  4059  2890 14555 13959  4562  7508 10291 56942  8155
 56931 56945]
43 [13456 13261 11120 10426  4472 11120 14675  4472  7790 10621 12920 56932
 11211  5224  9544 10693  3245  6151   643 56946 56932 56946 12297 12297
 11211  2746  1231 14555  8436 56932 56946 56932 11211  1503   424  7977
  6151 11120  4194 12297 12297 10621 14543  4472 13062 56931 56945 56945
 56945 56945]
46 [56940  4151 32364 56946 11526 56946  5226 56942  1362 56932  1233 12764
 56932  1240  7709 56946 11120 10185  8509  5137 56931 11120   611  4472
  9379 12733  4550  5240 14052 56931 17579  8606  9504 10291   715 12672
  9000 56932  1925  6117  4472  4151 12453 11211  5224  7346  4472 10185
 56946 13396]
4 [ 8509 11120  6255  5818  4472  9410 56932  5804 11754  4472  7581   848
  4472   653  4472 11120  2894 56946  1925 11964 15164 10621  1925  3104
  6151 11211 56946 56932  5226  5224 14568 13171  9888  1958 56932  4151
  8373 14596  4694 56932  6205 13371 11120  9443  6151 11120 11798 32168
  4472  5804]
1 [12711  4472 11498 56942 12297 12297 12297 12297 12297 12297 56942 56931
 56945 56945 56945 56945 56945 56945 56945 56945 56945 56945 56945 56945
 56945 56945 56945 56945 56945 56945 56945 56945 56945 56945 56945 56945
 56945 56945 56945 56945 56945 56945 56945 56945 56945 56945 56945 56945
 56945 56945]
13 [15083  4472   933  7929  5226  1231  8290  1855 13371 13724 12297 12297
 11940  4472    13  1926 56934 56942 56935 12297 12297 56932 11905 11719
 56946 56934 13579 56932 56944 56935  7578  6151  1231   830  4472 14355
  4562  5224   270  4472  3072 56932  2890  1136  4472  4758 10958  9653
  1602  5560]
24 [ 5314 12669  5804 14821  4510 11211  1240 56946  6151 15254 10067  4522
  5226  5224 12908  3733  4472  2740  2861   536 12297  9103 56932  6151
 15120  5224   834  8503 56931 56945 56945 56945 56945 56945 56945 56945
 56945 56945 56945 56945 56945 56945 56945 56945 56945 56945 56945 56945
 56945 56945]
10 [16944 56932  5234 13488 10067  8967  4472 11791  4472  2535  4472 11120
   726   101  4472 14497 15404 56932  3655  1793 11211 13327  5676 56946
  4550 13822 10804 10291 56685 11120  8207 56932  6197 11211 11120  8110
  8993  1240  3533  4562  5224 33462  5226  5224 10778 56931 56945 56945
 56945 56945]
21 [ 9000  5224 12425  5805  4472 10025   420  7320  5226 15316  2861  8373
  4562  6108  2131 56934  8503  4472  8025 56932 11885  4472 56946 10621
 18087 56932 13261  1231 11576   623 56935 10621  8493  8106 11578  5226
 23163 10621 56946 56931 56945 56945 56945 56945 56945 56945 56945 56945
 56945 56945]
10 [ 5224 12425 10621 15832    96   217  5224  8436 56941 18185  4472  5207
 56946 56941 56932  8493   990  4472 15809 56932  1207 10621  5978  1217
 56931 56945 56945 56945 56945 56945 56945 56945 56945 56945 56945 56945
 56945 56945 56945 56945 56945 56945 56945 56945 56945 56945 56945 56945
 56945 56945]
3 [13244 38740 14571  4472  8689 56932 56942 56931 56945 56945 56945 56945
 56945 56945 56945 56945 56945 56945 56945 56945 56945 56945 56945 56945
 56945 56945 56945 56945 56945 56945 56945 56945 56945 56945 56945 56945
 56945 56945 56945 56945 56945 56945 56945 56945 56945 56945 56945 56945
 56945 56945]
24 [33574  8373 10013 10291  5224  7261 56932  5224 17921 12492  2890 12168
  1925  1408  4472 11120 10056  5853 56932  4233 23144 56932 13396   375
  4472  6480 10621  5668  8902  2890 56946 11211 16659 11120 16400   375
 10067  4667 56931 56945 56945 56945 56945 56945 56945 56945 56945 56945
 56945 56945]
24 [ 5224 56940  2047  4472 11120  6471 13396 11120  9584 56940    85  6659
  4472 13030 14989  1925  5078  4472 11120  4916  4472  8493 56940  4722
 13396 11120  9584 56940 11211  6667 15168  5224 11255 56942  4472   995
 56931 56945 56945 56945 56945 56945 56945 56945 56945 56945 56945 56945
 56945 56945]
12 [ 5224  3612  4472 12613   635  5065   217 11120 11093  3376 10067  6171
  4472 10043   501  1925  4894  1925  3353  4472 56946 56932  4472  9164
 56932 13396 56946 56932  5226 11120  4722 14924 10067  5138  3733 56931
 56945 56945 56945 56945 56945 56945 56945 56945 56945 56945 56945 56945
 56945 56945]
12 [ 9992  1240  3623  5545  6151 11211  5226 11120  6805  4472 13272   881
  4472 11120  1391  1240 56946  6151  1490  6319 13396 11120 13450  5226
 11211  1240 12680 56932 14260 56940 11122 11211   753 11211  8606 12297
  6299 12297  5240  9678  5224 11426 10621 11120 12283 56940 56931 56945
 56945 56945]
28 [ 6151 14849 10067  3443 11085 56932   784 33722  2801  7780  8192 15111
  4472 21383  5224  2222  4472  2890  5589 48071 56932  4472  2890 56946
   848  4472  2890 56946  4472 56946 56931 56945 56945 56945 56945 56945
 56945 56945 56945 56945 56945 56945 56945 56945 56945 56945 56945 56945
 56945 56945]
26 [13371 13300  4472 11211  5804 23855 56932  4151 50175 10621  5804 56946
 11211  1240 21716   746 10748  4562  5224 11554 56932  5804 20082  4472
 11120  3757  4472  5806    47  2890  1611  4562  4151  8731  6108 10611
 13822  4756 56932  5224 11255 11950 56942 56931 56945 56945 56945 56945
 56945 56945]
34 [ 5226  1231  9283  4472  4709 56932 11120 36562  5001 31843 48315 56932
 13845  6151  6226 11122  7426 10621 17157 10067 56946 56932    96  6151
  4337 56946 10621  1231  9745 20730 27548 19392 56934  3280  4472  3455
 10156 56935 56931 56945 56945 56945 56945 56945 56945 56945 56945 56945
 56945 56945]
30 [ 5226 11120  7611 14397 56932  3018  6151  2837 35292 13371 56946  2861
 16073 56932 56946 10621 56946  5804 13997 56933 56946 13365 12994 11120
  8945 56933 28124 11120  9852  4693  4472 11211 13290 24976 11120  8955
 56931 56945 56945 56945 56945 56945 56945 56945 56945 56945 56945 56945
 56945 56945]
14 [56940   753 11211  1176 13396 15243 26055 13371  5224  4472 56941 12015
 11122 15590  6151 13703  4472  4151  4756 56941   848 56941 12015  2662
  6151  8606 23082 56941 56932 14260  4562  5804  1421  1240  7709  8606
 13365 56932  9000 12764  2529 23082 56940 56931 56945 56945 56945 56945
 56945 56945]
16 [56940   753 11211  1176 13396 15243 26055 13371  5224  4472 56941 12015
 11122 15590  6151 13703  4472  4151  4756 56941   848 56941 12015  2662
  6151  8606 23082 56941 56932 14260  4562  5804  1421  1240  7709  8606
 13365 56932  9000 12764  2529 23082 56940 56931 56945 56945 56945 56945
 56945 56945]
24 [56940   753 11211  1176 13396 15243 26055 13371  5224  4472 56941 12015
 11122 15590  6151 13703  4472  4151  4756 56941   848 56941 12015  2662
  6151  8606 23082 56941 56932 14260  4562  5804  1421  1240  7709  8606
 13365 56932  9000 12764  2529 23082 56940 56931 56945 56945 56945 56945
 56945 56945]
21 [ 5224 50687  4472 56946 11562 25579 56932  8373  3861 15083  4472 11211
  1240 56946  5224 15063  5226 11120  9212 18077 56946  4472 56946 56934
  2294 56935 56932  5983  9778 56946 15863 30325  6151  2890  9249 10621
  4563   286  4562  5345 11120 14397 56932  5226 28169    59 56932  1233
 56946  4151]
2 [56940 11120  2370 12097 10067 13676 11950  3245 13261  8273 56940 56932
 15201 56931 56945 56945 56945 56945 56945 56945 56945 56945 56945 56945
 56945 56945 56945 56945 56945 56945 56945 56945 56945 56945 56945 56945
 56945 56945 56945 56945 56945 56945 56945 56945 56945 56945 56945 56945
 56945 56945]
15 [ 1231  8876  5551 13371  7416 11117  1132  3245  7956  2890 56946 16354
  5226  5224  8965  6151 56946  4472 56946 56932  5226   140 56932 11122
 11211 11117  8902 56940 15225 10291  5804  4185  3803 56940 56931 56945
 56945 56945 56945 56945 56945 56945 56945 56945 56945 56945 56945 56945
 56945 56945]
17 [ 1231  8876  5551 13371  7416 11117  1132  3245  7956  2890 56946 16354
  5226  5224  8965  6151 56946  4472 56946 56932  5226   140 56932 11122
 11211 11117  8902 56940 15225 10291  5804  4185  3803 56940 56931 56945
 56945 56945 56945 56945 56945 56945 56945 56945 56945 56945 56945 56945
 56945 56945]
8 [11120  9168 10448 10291 11211  5224 10242  9823  4472 11120  1391 56932
 45228 56327 56932 56946  5226  9379  3861  5224  8741  4472 56942 56940
  6270 16536 56940 10291 11120 56946  5240  5224 13185 10067  8965  5224
 12479 12355 10611  5804  6681  5224  2689  6260  5226  4151  1539  4472
 56946 10621]
40 [11120  1971 10067 56946  5835 56932 13396    13  5689 56932 11120 13622
  4472  1231  9541  4472  8678  6151  5804  1551 10621 11120 13174  5226
 15623  5769  4472 11120   445 10471  4472  1231 11668 12031 10291  4151
  4290  6151 11120  9832  4472 10110 10621  5082  6221   207  1925 15058
 56931 56945]
24 [ 6151  5804 56942  5137 15893 16709 25041 56932  5224  8876 56940 11629
  4472  9214 56940  4472 11120  7645 10621  5224  8876  8491 13221  2231
  4472 11120  4152 10067  2274 14749 56931 56945 56945 56945 56945 56945
 56945 56945 56945 56945 56945 56945 56945 56945 56945 56945 56945 56945
 56945 56945]
27 [ 6151  5804 56942  5137 15893 16709 25041 56932  5224  8876 56940 11629
  4472  9214 56940  4472 11120  7645 10621  5224  8876  8491 13221  2231
  4472 11120  4152 10067  2274 14749 56931 56945 56945 56945 56945 56945
 56945 56945 56945 56945 56945 56945 56945 56945 56945 56945 56945 56945
 56945 56945]
16 [   65 56942  5137 10621  2890  2041 10621   614  6260  5226  1231  6319
  4562  5224  1447  9390  4472 18296 10621  5226  1884  4562  5224 10619
 56931 56945 56945 56945 56945 56945 56945 56945 56945 56945 56945 56945
 56945 56945 56945 56945 56945 56945 56945 56945 56945 56945 56945 56945
 56945 56945]
37 [12889  5226  9762 12828  5224  3161  4472  2322 56946 56932  5804  5286
 12543 12764   865 10414 56932  3655   217  5224 12365  4472 11120 14248
 56932  4690 22406 56946 56946 56932  6197 11211  5224  3746  3104  4472
 20263  4472 11120 15582  5082   424 13152  4472 30559 10621  1240  7494
 11211  8495]
17 [34775  5226  5224  1229 47528 12297 12297 11120  7415 15106 30496 56942
 11804  4472  5699  6151  5804 14931 12771  5224  6260  2689 12297 12297
 56932 56946  4562  2890  6400 11211 56946  9209 11601 10291  1712 11120
 13916  6151  5804 11211  6197 12764  1340  3260 56931 56945 56945 56945
 56945 56945]
2 [ 8493  8791   374 11120 16793  6197 13280   683  5137 56932 11120 17797
  5793  4443 13396  5224 13487   870 10067  5806 56932  5224 13064 56946
  9628 56932 13344  6151 11120 12185  4472  8265 17024  5226  5224 53941
 56931 56945 56945 56945 56945 56945 56945 56945 56945 56945 56945 56945
 56945 56945]
4 [ 4758 14105 56932 14357  4472  3054 10621  9809  4472 11120 13524  4472
  9192 56932 10024 11120 11798  4472 11120  8069  4472 11304  6151  5804
 56946 10067 56942 56932  3610   217 13396  5224  4556  5226 14975 56934
  9694 56935 56932  4562  8493  2928  4472  7538 56940  5226 11120 11211
 12764  4365]
3 [ 5224  3835  9551  4472 14134 56932 56946  1283   826 10621 11646 13858
 12947  6151  5804  2140 11779  6151  7608 10067  8614 12255 56940 11120
 56946 56940 56932  8493  2507  4472  3657  4472  1283 11211  4473  4200
  6151  4151  8155 56940 13396 11122 11211   865 10621 12764 13396 11122
 11211  1340]
3 [ 8554 10561  5226  3290  6151 56942  5263  4472 11120  4696  5043 56932
 11211  2348  5804 56942 10440 10067  1863  8310  5226  2890 11554  4472
  8493  4000 56932 56942 10013 10621 56942  5263 56932  4562  8493  2415
  4472 56942  5263  7956 10897 10922 56932 11211   299  6151  9694  4562
  8493  5265]
16 [ 5224  6260  3786 56942  4472  4709 13396 11120  8818 56932 12015 56946
  6151 10202  5224  7900 10067 12649 56931 56945 56945 56945 56945 56945
 56945 56945 56945 56945 56945 56945 56945 56945 56945 56945 56945 56945
 56945 56945 56945 56945 56945 56945 56945 56945 56945 56945 56945 56945
 56945 56945]
41 [ 5224  8086 10067  2342  4472 11122 12743 56942  4472 13732 56932   797
  4220 56932  7780    37  8493  2440  5226 11120 11211  9095 11120  7563
 11697 56932 11211  4105 56940 11120 10506 10668  4472 11120 15167  4472
  2514 11211 11120  8108   202  4472 13276  1645  4472  5187 11926 10621
 14931 11813]
20 [11120 11495  7956 11120 14720 12348  5226  1725   509 56932 11211  5217
   995  6260  6082  5224  5234  8699 10621 10997  4472 11120  9584  8036
 10172 56932  7780 42491 11120  7626 12031  5226   424  6319  3810 56931
 56945 56945 56945 56945 56945 56945 56945 56945 56945 56945 56945 56945
 56945 56945]
26 [10420  5112 11120 15568  4472  4151  2789  6151 11631 10067  7770 56932
 11211  6955  2890 56942 13396 14108 56932  5226 13554 11211  4151 15629
  6151 11631 10067 13823 15633  2890 56942 56932  4562  2890  3269  8425
  4472  4151  2789  6151  1352 56932 11211 14955  2890 56942 13396 14108
 56931 56945]
46 [ 5226  2890 13615 56932  5224 10327  2355  9445 11211  5224  8033 10611
  8468  1723 10621  1877 13732 56932 11211    85  7529  5226 56942 10621
 11211  8902 12121  6151 11120 15582  4472 11120  3174 56946 56932 56940
 12764  6913 14399  4472  5229  2618 10611 11120  9745 15921  4472  8851
  5510 56934]
2 [ 5224  3104  4472   653 10067  3835  5769 15164 56934  7843 56935 11949
   217 56932  9544 56932 14040 13371  1240  8824  5804  5657 16209  4472
  7425  5226 11120 56946  5226  5224 56942 13396 14108 56932 14691 11120
  8108 11342 56931 56945 56945 56945 56945 56945 56945 56945 56945 56945
 56945 56945]
20 [ 7868  5489 56932 11120 31789  1925  5875 10067 10752 10067 13857  4472
 13553  7978 13837 10291 10451  5226 11120 15100  4472 13553  7978 10067
  8876 13610 10067  2689 10621 11120  6088  4472 11120 27057  8646  5240
 11122 11211  7780  7683  2890  3269 13857 10067   571 56931 56945 56945
 56945 56945]
34 [11415  1064 11211 11400  5226   119 15394  6179 10291 10677  5804  5836
  3803 56940  4562 13171  1970 56940 56932  6197 11211  5226  4151   420
  5839  2185  1240  1750  1925  1700  4151  2314 56932  9328  4472  6430
 10621  6822  1316 56932  3204  5226  5804 11211 56932  7868  5224 14479
 56932  5224]
13 [ 3951  7653 56946   425 14675  1231  8876  2871  4472   445  5226  5224
 15175  4472  8808  4472  8325  4472 11120  6549 56932  5918  4472 11120
 11211  5240 14944  5217 13280 56942  5137 56931 56945 56945 56945 56945
 56945 56945 56945 56945 56945 56945 56945 56945 56945 56945 56945 56945
 56945 56945]
3 [56940 56946  5226   618  4562 11120 56946 56932 11120 12815 56946  5226
 14564 14557 10621  4562 11646 14218  2649 13901 10291  7303  8493 14329
 11211  5514  5224  4291  4472 11120  7182  6151 11835 56940 56932 15201
  5224  2792  4472 11120 56946 56932 16770 14183 56931 56945 56945 56945
 56945 56945]
18 [11120 14476  6393  4472 56946 56932  4472 56942  5137 56932  1240  2313
 15083  4472 11211 11120 14611  9823 10067  7581  3855  4562  1807  5224
  9591  4472 11211  5224  2792  6309  5892  4472  9424  4472  5895  4472
  5121  4472  9220 56932  8630  5016 13098 15244 56932 11211 12764 10376
 56931 56945]
9 [12889 11120 12267  4472 12753 14190 11349 56932  5226  6523 10067  9541
 10718 56932 11211 13684  5224  8876  9230 10502  5264 10621  4890  7346
  5769 10331   217  1231  8069 56932  1240 15622 11120  4670 11211  9614
 13554 56946 13371  5804  7568  3204 56946 56931 56945 56945 56945 56945
 56945 56945]
0 [ 4472  5831 15285  3245 11120  9707 10067   653  6151  3255  8493  1958
 15670 10067  3461 56942 10067 12301 56932 11211  4146 11120 10177  4472
 20107  6151  2890  7581 13396 10918   876 56932 10621  1925 11211 11979
 13371 56940  8493  9160  3537 11211 12764  1240  6125 56940 56931 56945
 56945 56945]
41 [ 5224 56946 15919 26690 14817  9541  4472  2890 17789 56932  5224 56946
 16474 56946 56932  5224 10246  2067 10621  5224 24168 56946 19592 30705
 29193 56932 13478 25713 56932 10291 11211  5804 15364  4472  3229 56946
 13396 56946  6151  5804 56946  4472 13998 56931 56945 56945 56945 56945
 56945 56945]
1 [ 9220  4472 11120 15243  1346 11211 11120 15422 22643 13396 11120  2198
  4472 11120  2894  5226 11120  8001  8458  4472  4822  9330  7956 12328
 20375 56940  7952  5226  2370 10067  3432  4472 11120  5430  3537 56940
 56931 56945 56945 56945 56945 56945 56945 56945 56945 56945 56945 56945
 56945 56945]
8 [ 5224  9230  1024 10067  9322 56932  9823 12388  1925 11167 56932  5010
 11120  9805 13396 10025   420  5137 10067  7581  4472 10942 56932  7781
  5226  5224  6319  5217 56942 56932  1925 14338 11211  5240 10493 10291
  2369  2370  5224  5340 56931 56945 56945 56945 56945 56945 56945 56945
 56945 56945]
40 [56940  5224  7581  4472 10942  1240  5448 13371   661 10291  8826 11122
 13848  5226  5804  4393  5137 56932   980  5224 13185  4472 11120  4243
 10621 11120 12368  4472  5804  6312  4472 11120  8728 10621  5224  4245
  2433 56940 56932  1096  1925 11167 56932  5226  8493   989 14238   217
 56932  4522]
10 [11120  9709 10611 11120 15959  4472  1447  5831 10621 56946  4472 30060
 56932  5226 11120 13307  4472 12578 56946 56932 14435  6928  8895 10621
 11120  4932 27058  4472 56946 56932   105  5804  6312  4472 11120 10409
 56931 56945 56945 56945 56945 56945 56945 56945 56945 56945 56945 56945
 56945 56945]
24 [ 3245 56946  6151 11120 56940  2176 15459 56940  4472 11120 15284 10468
 20416 56932  6151 11120 11211  6005  4472 12208 25224  6151 11120 14294
  4472  4004  5534   424  3900  4870  6151  9687  8493 13384  4472 11120
 12673 56931 56945 56945 56945 56945 56945 56945 56945 56945 56945 56945
 56945 56945]
13 [10958  3076 56932 11211  4966 13371 10249  4841  4472 11120  5683  1752
   635  4472 10837 56932  5240  5224 11697  7828  4472  1723  4472  4141
 56932 10621 56946 11120 13300  4472  1231 13476  8664 13371 10249  3091
  4472 21798  4562  2890 56942 19205 21731 18736 56932  4562  5224 11211
    85  8288]
41 [ 5224 10351  3466 11748  6197   373 10899  4147  4472 11120 39293 11211
 11117  5099 14254  5226  5224 13662  5977 56932  5226 13554 11211  5224
 14299 53871 11127  5226 10778 56946  5224   972 10291  5224  9541  1633
  5224 10792  5226  5224 42372  4472  1447 11075 56931 56945 56945 56945
 56945 56945]
19 [  425 12921 56932 11093  4472 14842 56932  1240   373   892 11120 11124
  4472  4667  4472 11120 56946 10067 15175  4472 14414  2423  8897  6151
  4151  4290  3496 56932  4562  8493 10823  4472 56942  2798 56932 11211
 13478  5804  3204 14343  5224 15645 13611 13171  2686  4472 13478 13014
  1240 11292]
25 [ 5224   870 10067 10217  1447 11581 56932 56940 56946 56940 56946 56932
  1240  3623  1811 15023  2135  5224  9691  5226  4151  9001  4472 11120
   476  4472  2551  4562  5224 56946 56942  8957 56932  5226  3196 56932
 14260  5224  9541  4472  7037  1240 15410  5226  8302 56931 56945 56945
 56945 56945]
2 [ 5224  5923 14931 56932 11211 13851  5224 28682 10067  9270  4693  4472
  5804  2554 56932  5165  6151 10338 11211 56940 12764  1049 11372  2890
 11950 13171 56940  5226 11120 12695 56932 11211  1240  7780  5465 10291
 12342  5226  8493 56940   792  4472  2077 56940 56931 56945 56945 56945
 56945 56945]
15 [ 5224 10246 56932  6197 14337  5224  6260  7977  4472 13330  6151 11294
  5226  5224  4566  4472  4712 10291 14021  4562 11120  5158  8484  4472
 11120  2680 56932 10291  4401 48829  4562  9338  5226  1231 11093  5329
 13371  8086  4472 11120 14443 13344  1925  5347  4758 14781 56932  3828
 14773  8493]
29 [ 5226  1156  6151  4151  4803 56932  1240 10507 13396 11120 11199  4472
  6157 16643 43900  5226  6036  6151 11120 56946 56932 11211 12764  1240
 56946   848  1240 15174  5226  2897 13396  5224  7770 10067  3538  4472
  1478 56932  5004 11120 14353 56931 56945 56945 56945 56945 56945 56945
 56945 56945]
10 [ 5224 11255 56942  4472 14724  5224  7346  4472 12031 11342 10067  3835
  4472  8365   773  1233 18059   848 12764  5804  5657  4472  7425 56931
 56945 56945 56945 56945 56945 56945 56945 56945 56945 56945 56945 56945
 56945 56945 56945 56945 56945 56945 56945 56945 56945 56945 56945 56945
 56945 56945]
25 [ 5224  9230 12624  4472 14299 56932 15082 56946 56932 11499 56932  6151
  1231  1004 56932 11211  5224 14399  4472 46989 11562  1452  2890  5589
  1601  4472  9540 56932 12889 13382 11211 56932  6151 11120  7440  4472
  5804  5470 56932 11120 12135 11211  4807  1925   667  4472 14233  7709
    52  8109]
2 [11120 56946  4472 56946  7587 56946  4472  8689 56934 56946 56935 14576
 11211  5804  8433  8540  2626  6151 11120 14779 12743 56932  1925 14338
 11211 11120  9745   393  8586   907  6151  2135  5804 20411 12491 10067
 56946 56931 56945 56945 56945 56945 56945 56945 56945 56945 56945 56945
 56945 56945]
4 [ 1793 56932  5224  6516 10067  7581  4188 56932 12510 56946 56932  1346
 11211 56932   907  6151 11120 12925 56932  2654  5240  2890  6319  4562
  8865  6410 10621 11211  4151  8378 10291  4421  2890   944  2972  4472
 11120  3737 56931 56945 56945 56945 56945 56945 56945 56945 56945 56945
 56945 56945]
7 [  513  5835 11211  5226  5224  6669  4964  4472 15038 56946  1240 56946
  2890  8614  6816  1925 56946 56946 56932  8806  5226  5224  2824  6669
  4472 15038 10621  4884 20247  4472 56942 11804  1240 30496  6151 11120
 25452  4472  1877 10621  6151 11120 37289  4472  4151  1877 13949 56931
 56945 56945]
24 [  513  5835 11211  5226  5224  6669  4964  4472 15038 56946  1240 56946
  2890  8614  6816  1925 56946 56946 56932  8806  5226  5224  2824  6669
  4472 15038 10621  4884 20247  4472 56942 11804  1240 30496  6151 11120
 25452  4472  1877 10621  6151 11120 37289  4472  4151  1877 13949 56931
 56945 56945]
31 [ 8171 13952 13542  7930 12948 11211  1231  4154  5162  6151   782 11120
    29  5804 56946 56932  5226  4466 56932  3828  4962  5224  2710 13790
 56932 10291  2529 11297  1925 11988  1095  4472   797 56931 56945 56945
 56945 56945 56945 56945 56945 56945 56945 56945 56945 56945 56945 56945
 56945 56945]
4 [ 6118 10067 11988  1095  4472   797 10352  3245  5804  2511 10067  3242
  4472 13952  5226  5224 15175 56931 56945 56945 56945 56945 56945 56945
 56945 56945 56945 56945 56945 56945 56945 56945 56945 56945 56945 56945
 56945 56945 56945 56945 56945 56945 56945 56945 56945 56945 56945 56945
 56945 56945]
22 [ 4562  5224 14357 56946  3245  1396 56942 13098 56932 10611  8025 56932
  5224 10208 56946 56946 56933  5224  2792  4472  4151 14349  4472  4398
 56932  6099 56946 56933  5224  9283  8373  4472 15610  5226  7118 56932
 35011  9502  4472 54629 56932 10621  5224 14944  4472 56946 56932 14114
 56946 56931]
32 [ 5226 13554 56932  5226 11120 14443 13705 56932  5224 15227  2310 56940
 43114 56940  6894  1240  1512  4562   166 10067 55959  5347 56946 56940
 56946 56940 20830 56932 15023 56946 13396   375  4472 12224 14479  6151
  5804  8373 10013 10621 56942  5263 10067 12754  8876 12189 56931 56945
 56945 56945]
8 [ 5224  5373 10067   653 10291  5224  2445  3733  7956 12217 56932  3201
  3993 56932 14576 12948 11120  2038 56932 38203 10621 33692  4687  5432
 56931 56945 56945 56945 56945 56945 56945 56945 56945 56945 56945 56945
 56945 56945 56945 56945 56945 56945 56945 56945 56945 56945 56945 56945
 56945 56945]
1 [11120  9654  4472 11120  5001  3703  7780  9312 11120 14768  5748  6151
  9687 13396  5224   413 13661 56932 11211  5226  1231 13844  4472 12948
 10627  2890  2047  5226 15276 10067  6336  9586 11191 56932 12475 13371
  8099  4993  4472  3572 56932  5226  5224 11211  4665 13371  5860 56942
  6361  4472]
8 [13336  9768 11120  5660  5427  4472  5804 11344 10067 56946 56932 12745
  5226 56942  8509 11120   545  4472  5804  7381  3861 56932  8630 11211
 13897 11204 10291 12350 11211 11100  1240 11117 10068  8493 14988  4472
 14026 10291  1231  2496 56931 56945 56945 56945 56945 56945 56945 56945
 56945 56945]
17 [13336  9768 11120  5660  5427  4472  5804 11344 10067 56946 56932 12745
  5226 56942  8509 11120   545  4472  5804  7381  3861 56932  8630 11211
 13897 11204 10291 12350 11211 11100  1240 11117 10068  8493 14988  4472
 14026 10291  1231  2496 56931 56945 56945 56945 56945 56945 56945 56945
 56945 56945]
6 [15471 11499 11211 11120 11921 15161  4472   694 13084   582  5471  4562
  2890 56940 10255  3448 56940  5226  5224  4177  4472 15461 56932  9000
 11211  5224 15175  4472  5804  8561   234   582  2037 56940  5226  5046
 56932 12065  4472  4390 13627 56940 56931 56945 56945 56945 56945 56945
 56945 56945]
34 [ 5224  5234  2792 10067  9814 10621  4472  4108 56932 12942 11120  2371
  4472 11120 11602 56932  3456  2890  1863  6151 11765 15615 14483 56932
 11507 13396  4151 14862  4472  2496 10621  4562  5224 14969  4472  7538
  4472  5804  7083 10621  5804 11361  4368 13396  5804  4835 11211 11117
  9153  6151]
17 [ 5224  3279  4472 13120  1240  1947  5224 56942  4472  4709  4562  5224
  5823  4472 11120  4816 12683  4472 13276 56931 56945 56945 56945 56945
 56945 56945 56945 56945 56945 56945 56945 56945 56945 56945 56945 56945
 56945 56945 56945 56945 56945 56945 56945 56945 56945 56945 56945 56945
 56945 56945]
6 [11120  7891  3285    85  5224 14969  4472  7538 10067  5935 56931 56945
 56945 56945 56945 56945 56945 56945 56945 56945 56945 56945 56945 56945
 56945 56945 56945 56945 56945 56945 56945 56945 56945 56945 56945 56945
 56945 56945 56945 56945 56945 56945 56945 56945 56945 56945 56945 56945
 56945 56945]
31 [ 5226  1231  1602  4472  4428 56932  5804 14798  5067 56946 10621 11581
 56946   736 11120 56940 43286    93 56940  4472 11211  1240  2745  5144
  1880  4472 10577 10621  7556  5432  2370  4472 11120  2591 13396 11120
  7198 12743 11211  1240 11117 56946  5226 21660 56932 13396 11122 11211
 12764 11117]
31 [ 5224  9080 13012   981   273  6151  8493 11303  4472   420  2185 14931
 11141 56932  5226  4151 11211  6950  9490  5951  2890  1601 56932  4562
  2890  5551 13396 56946  7956  2890  5576  4472   119 11211 11562 14931
  8555 11120 13030  4472 14496  6151  2529  5224 11211    85 13280  2890
  9579  4472]
4 [ 5224 12956  4472 10880  4472 14564   498 56932  5226  5051 56932 12492
   217  8493  2749  4472   420 11545  4472  9146 11211 56946 11120  1518
  4472 11120  8069  6151  7423 10067 11827  2067  1997 56931 56945 56945
 56945 56945 56945 56945 56945 56945 56945 56945 56945 56945 56945 56945
 56945 56945]
2 [11120  8709  4472  4151  4822  9330 10621  5804 18685  4472 11120  5844
   865  1969  2699 56932 10545 13905 56932 13386  5835 11120  3778  4472
  7642 10621  8676 13822 11001  5226  5224  1926 56931 56945 56945 56945
 56945 56945 56945 56945 56945 56945 56945 56945 56945 56945 56945 56945
 56945 56945]
17 [ 5226 11120 11643   752  4979  5224  9230  4472  6471 56932  7268  8981
 56932  5224 10242  4472  7581  4472  6471 56932  5831  5355 16501 56932
 10621  5224  7423  4472 11120  7444  4472 12474 10067  7407 56932  5513
 56946 56932 11211 44925   425 32066 11211  4146 15640  5137  4472  3789
  4472 56946]
30 [ 5226 11120 11643   752  4979  5224  9230  4472  6471 56932  7268  8981
 56932  5224 10242  4472  7581  4472  6471 56932  5831  5355 16501 56932
 10621  5224  7423  4472 11120  7444  4472 12474 10067  7407 56932  5513
 56946 56932 11211 44925   425 32066 11211  4146 15640  5137  4472  3789
  4472 56946]
32 [ 5226 11120 11643   752  4979  5224  9230  4472  6471 56932  7268  8981
 56932  5224 10242  4472  7581  4472  6471 56932  5831  5355 16501 56932
 10621  5224  7423  4472 11120  7444  4472 12474 10067  7407 56932  5513
 56946 56932 11211 44925   425 32066 11211  4146 15640  5137  4472  3789
  4472 56946]
9 [ 5224  6604 32852  1240 56946  5226  5804  3846  3496  4472   626  4472
 10766 10621  1240 56946 13371 14914  5226  4151 18529  7657 10291  8593
 56931 56945 56945 56945 56945 56945 56945 56945 56945 56945 56945 56945
 56945 56945 56945 56945 56945 56945 56945 56945 56945 56945 56945 56945
 56945 56945]
11 [ 5224  6604 32852  1240 56946  5226  5804  3846  3496  4472   626  4472
 10766 10621  1240 56946 13371 14914  5226  4151 18529  7657 10291  8593
 56931 56945 56945 56945 56945 56945 56945 56945 56945 56945 56945 56945
 56945 56945 56945 56945 56945 56945 56945 56945 56945 56945 56945 56945
 56945 56945]
11 [ 5804 11770 26348 10291  9703  5224 15316  4472  1131  4472  1877  4472
 13732 56932 13300 56932  5226  1231  6098 56932  4472 11211  5224  2623
  5240 56946 56931 56945 56945 56945 56945 56945 56945 56945 56945 56945
 56945 56945 56945 56945 56945 56945 56945 56945 56945 56945 56945 56945
 56945 56945]
17 [15083 56932  6870  2890 12687  4562 11120 13524  3046 15227  4472 11120
 11556  4472   713 10621  3491 10067 56946  3934 56934 56946 56935 56932
  4884  1971 12905 16394 11117  5165 11211 13143  1925   653  1231 22306
  4472  8493  1126  4472  4151  4803 56932 56940 13371  5609 10291  2188
  8493  4188]
17 [ 5224  8614 15591  8493   989  4562  9810  7418 14790 56932  4890 13676
  7379 56932 10621  6086 10561  5226 11120 15489 56932  4146 13822  2285
  4562  7678  4472 11120  6855  4472  3667 14114  8568  6151 15232 56932
 10621  5224 12687 10067  6581  4562  3433   671 56931 56945 56945 56945
 56945 56945]
7 [11120  4816 12683   915 56946  5226 56946  4472 56946 56934 12334   468
 56935 56931 56945 56945 56945 56945 56945 56945 56945 56945 56945 56945
 56945 56945 56945 56945 56945 56945 56945 56945 56945 56945 56945 56945
 56945 56945 56945 56945 56945 56945 56945 56945 56945 56945 56945 56945
 56945 56945]
2 [11120  9212  4472 11120  9893 14102  4472  9701  5699   424 13610 56931
 56945 56945 56945 56945 56945 56945 56945 56945 56945 56945 56945 56945
 56945 56945 56945 56945 56945 56945 56945 56945 56945 56945 56945 56945
 56945 56945 56945 56945 56945 56945 56945 56945 56945 56945 56945 56945
 56945 56945]
8 [13396   425 14251 56932  1240   746 14445  1925 15316  8493 14988  4472
  3336 11211  5654 11120 14028 10067 19653  4584  1225 56931 56945 56945
 56945 56945 56945 56945 56945 56945 56945 56945 56945 56945 56945 56945
 56945 56945 56945 56945 56945 56945 56945 56945 56945 56945 56945 56945
 56945 56945]
25 [11120 12695   635 56932 11211 12948  6950 14204 11211  8606 13344  6151
  4151  2062  4472  8493 31788  4472  9135  4472  2890 14573 10067  5879
  3733  4472 11602 11211 15130 12732  8274 56932  1240   262  3245  4562
  8493 10507 13396  4151 19704  6047 10621  2131 12732 10291  6824  4151
  3464 56940]
7 [11120 11556  5226 14299  4472  5804 13272 10067  3187 56934 56946 56935
 56932 11120 11093 11211  2332  5804 15157 56932  7780 11682  6151 10282
  1882 10291  7882  6151 11120  9849 11211  9022  5224 16813  4472 11120
  3077  4472 14028  4472 10374 10621 11211  1240 56946  4151 12453 56931
 56945 56945]
2 [11120  6686  4472  1163  4472  3108  5648   217 56932  8788 56932  8493
   967  6151 11120  5332 10621  1231 13343  9823 56946 29482  6151  4151
 56946 11613 56942 13349 10621  1240 22583  5226 56946 56931 56945 56945
 56945 56945 56945 56945 56945 56945 56945 56945 56945 56945 56945 56945
 56945 56945]
18 [10621 14914 13371  1240  7780  5756  5217  2892 12297 12297 11211 13974
  4472  3361 11970  1873  5804   266 10067  7581 14931 56946  1231  1381
  6151  8493  1126  5683 10291  5804 56946 12297 12297  1240 56946  5226
  2890 14555 38230 56946  5226 10025 13349  4472  1723 56931 56945 56945
 56945 56945]
13 [11120 15822 12731  5226 47443 10621 14202  6151 11120 16824  4472  4151
 16168  4472 11120  7150  4472  1447 13662 38237 56932 11211  5226  5804
  5137 56942 19525  5226  5804  6537 56931 56945 56945 56945 56945 56945
 56945 56945 56945 56945 56945 56945 56945 56945 56945 56945 56945 56945
 56945 56945]
17 [ 5804  2208  4472  1723 10621  4151 14226  2025 10621 10830  5129  1296
  6151  5804 13236 13396  8571  4472  5462 56932 11211  4026 15168  5226
  8406 56934   140 56935 56932  3828  4151  3491 12722  4472  5462 56932
  1884 10621  1723  4730  5137  4472  6710 56931 56945 56945 56945 56945
 56945 56945]
4 [ 7868  5224  5887  9823 10067  7581 56932   736 13396  1231   681 10621
  3907  5804  9138  4472  2281  4472 11120 14623 56932 11211  9652  4151
 56942  3102 56932  4562  2890  8716 10067 56946 56931 56945 56945 56945
 56945 56945 56945 56945 56945 56945 56945 56945 56945 56945 56945 56945
 56945 56945]
18 [ 5224  1283  4472  4188  8366 56932 56942 11804  4472  5699 56932  7780
  8192  7529  4562  5224  3835 15164  4472 14030 10621 13261 56946  5226
 56942  5137 56931 56945 56945 56945 56945 56945 56945 56945 56945 56945
 56945 56945 56945 56945 56945 56945 56945 56945 56945 56945 56945 56945
 56945 56945]
35 [ 2890  5078  4472  8593    85 11120 14138 11211 56946  6151   285  4151
 14218  1796  1633  5224  8598 56932  4693  4472  1231   989  4562  5224
 11183 56932  3828 32687  3702  4562 11120  6780  4472 56940 12764  6151
 11120  5769  2358 56940 56932 10621 56946  4009  2370  5224 14555   653
 56931 56945]
16 [13396  1231 12135  5224 14358 56932  3623  1231  4073  6151  2863  6151
 15276  4472   425 11334  4472  3077 56932 13396  6495 11211 56940  1469
 14261  4472  8493  9798 56940 56932  3828  4151  4240 56940  6728 13371
 11120  2556 56940 56931 56945 56945 56945 56945 56945 56945 56945 56945
 56945 56945]
22 [56946 11949  3772 11120  2280 14260  4151 10624  4472 14122  8589 12707
 12764 10762 12948  6151  8493  1404  3927  5226  5224 15175  4472  3665
  4472 11120  1976  4472 14679  4472  7874 56931 56945 56945 56945 56945
 56945 56945 56945 56945 56945 56945 56945 56945 56945 56945 56945 56945
 56945 56945]
24 [56946 11949  3772 11120  2280 14260  4151 10624  4472 14122  8589 12707
 12764 10762 12948  6151  8493  1404  3927  5226  5224 15175  4472  3665
  4472 11120  1976  4472 14679  4472  7874 56931 56945 56945 56945 56945
 56945 56945 56945 56945 56945 56945 56945 56945 56945 56945 56945 56945
 56945 56945]
43 [ 2890  5322 10067  1651 10067  4323 56932  4337 56946 56932 10376 11211
  8834 13021 13171 11211 56798  5226 17852   746  8192  2701  6151 14021
  5226 15243 10621  1240 15394  7780  3009  6151  2890  9763  7903 56932
  9000  4779 12676  6151 11211 11120  8108 10291 11120  2496  4472 11120
 12460 12683]
7 [11349  5240  3608 10067 15175 27501  9541  4472 11120 14227  9500 56934
 13209 56935 11211 11117  7780  9591 13043  1098 56932 10611  8025  2890
   339  4472 11120  3652  4472 11120  5918  4472  3222 56932 11211 14817
  2632   153  2370  5804  3618  6011 11211 12764 30168  1231  5551  5226
  2732 56931]
31 [11349  5240  3608 10067 15175 27501  9541  4472 11120 14227  9500 56934
 13209 56935 11211 11117  7780  9591 13043  1098 56932 10611  8025  2890
   339  4472 11120  3652  4472 11120  5918  4472  3222 56932 11211 14817
  2632   153  2370  5804  3618  6011 11211 12764 30168  1231  5551  5226
  2732 56931]
5 [ 5224  5234  2792  4472  1725  4472  2346 12020 15089 56946 56932  2482
  5224  6260 56942  4472   995 13396  2890 13469  4472  7581  1095 56932
 15625   217  5226  1324 11120  4916  4472  4290 56940  4607 10621 11382
 56940  5226  1231  6319  4693  4472 14724 11255 56931 56945 56945 56945
 56945 56945]
17 [ 2890 13723  4472 12770 14662  5226 15445 11211  5224 10242  4472  7581
  4472  6467 56932 11966  2128  4472 14393 56932  7780 15328  6151  3969
 11211 56940  1233  5226 11120  3174   635  5224 14358  7494  5224 56946
  4472  5804  2322 56932  3245 11117  4346  5224 56946  4472  5804 12770
 56940 56932]
1 [15256  4472 56946 10621  1231 12457 49108 39677  8493  4727  5226  5224
  8598  4472  8808  4472 13579 56932 12407  8448 10067  6212 56932  5534
  1240 10532  5224 10639 56931 56945 56945 56945 56945 56945 56945 56945
 56945 56945 56945 56945 56945 56945 56945 56945 56945 56945 56945 56945
 56945 56945]
13 [15256  4472 56946 10621  1231 12457 49108 39677  8493  4727  5226  5224
  8598  4472  8808  4472 13579 56932 12407  8448 10067  6212 56932  5534
  1240 10532  5224 10639 56931 56945 56945 56945 56945 56945 56945 56945
 56945 56945 56945 56945 56945 56945 56945 56945 56945 56945 56945 56945
 56945 56945]
11 [ 2890 12956  6695 40231  6151 15254  4472   217  5226 11120 14294  4472
 15538  5224 13019  4472   852 48962 16501 56932  3848  6151 10430  5226
 56942 15023  8493 11495 13396  8493  8163 17606  5226   424  8429  4472
 15538 56931 56945 56945 56945 56945 56945 56945 56945 56945 56945 56945
 56945 56945]
24 [ 4151 11376 10067 12122 10621 10067  5692  4473  6678 56946   217  4562
 13822  7083 10621  8643 11120 11140  4472 11120  7261 10067  8876  5972
  4472  2675  4472 11120  8129 56931 56945 56945 56945 56945 56945 56945
 56945 56945 56945 56945 56945 56945 56945 56945 56945 56945 56945 56945
 56945 56945]
26 [ 4151 11376 10067 12122 10621 10067  5692  4473  6678 56946   217  4562
 13822  7083 10621  8643 11120 11140  4472 11120  7261 10067  8876  5972
  4472  2675  4472 11120  8129 56931 56945 56945 56945 56945 56945 56945
 56945 56945 56945 56945 56945 56945 56945 56945 56945 56945 56945 56945
 56945 56945]
3 [ 7868 11120  3933  4472  4151  4822  9330 10291 12366 56934 56946 56935
 56932  5226  5224  4245 10067 15852 11514  8493   944    26  4472  1046
  4472  5804  6101  4472  2496 11874 10621 32905 11211 14340  5226  5224
  7581 56931 56945 56945 56945 56945 56945 56945 56945 56945 56945 56945
 56945 56945]
10 [13396  6226   428 11117 15515  5224  5798  9599  4472  4487  4472 11120
  9584  4472 56942  2861 14260   915  2529  8493 13480 56932 12889  3260
  5226  1231  4584  1240 11122 15301 56931 56945 56945 56945 56945 56945
 56945 56945 56945 56945 56945 56945 56945 56945 56945 56945 56945 56945
 56945 56945]
36 [ 2530 13396 11120  6675  4472  4151  2131   741  4472  8945 10621  9092
  1633  5224 10437  4472 11120  8467  1152 56932  9490  3609 11932  1231
  6879  5987 10621   354 56932  5226  5879 10621  9928 56932  1925  9003
  4472  5487 56931 56945 56945 56945 56945 56945 56945 56945 56945 56945
 56945 56945]
12 [13396  7932 56932  8493 12921  5226 11120 17727  5683 10067 14139 11192
  4472  2163 56932  4562 11581  4382 36723  1925 56946  4472 11120 16919
 56931 56945 56945 56945 56945 56945 56945 56945 56945 56945 56945 56945
 56945 56945 56945 56945 56945 56945 56945 56945 56945 56945 56945 56945
 56945 56945]
28 [13396  7932  2861  5224 11255 11281  4472 11120  7833  8576  3686 14356
 56946  1002 56932 10621  5400  4472  5804 50179 16044 10067  3597 15894
 21442  9840 14356 19101  4562  8874 56931 56945 56945 56945 56945 56945
 56945 56945 56945 56945 56945 56945 56945 56945 56945 56945 56945 56945
 56945 56945]
13 [ 1402  3502 11120  2928  5226  5804 10440  3559 10067  1681  6151 11120
  9639  4472 56946 56946 56931 56945 56945 56945 56945 56945 56945 56945
 56945 56945 56945 56945 56945 56945 56945 56945 56945 56945 56945 56945
 56945 56945 56945 56945 56945 56945 56945 56945 56945 56945 56945 56945
 56945 56945]
10 [12948  1240 28627  1379  5226  5224  6319 11674  4472 56940 13396 15398
 56940 56932 11211 11606  1009 56932  7868 13822  5052 17198 56932 56940
  6196  1057 56940 56931 56945 56945 56945 56945 56945 56945 56945 56945
 56945 56945 56945 56945 56945 56945 56945 56945 56945 56945 56945 56945
 56945 56945]
5 [ 5804 14117  1240  4076  5226  5187  4472  7764  3267  5226  5224 12754
 12371  6164 56932  8630 11211  5804  5263 56932  1925  8795  6151  1231
 11555  6498 56932  1240  4076  5975 13371  5932  3412  6151  7608  4472
  1231  7066 56931 56945 56945 56945 56945 56945 56945 56945 56945 56945
 56945 56945]
11 [10263  6205  8493 14564  3578  9384 44255 56946  2861 11120  2142  4472
  4521 56931 56945 56945 56945 56945 56945 56945 56945 56945 56945 56945
 56945 56945 56945 56945 56945 56945 56945 56945 56945 56945 56945 56945
 56945 56945 56945 56945 56945 56945 56945 56945 56945 56945 56945 56945
 56945 56945]
4 [ 6955  5804 14117 56934  6151 56935  5224  3432  4472  4573   194  4472
  3889   848 56946  6151  5804 11211  1240 10469  6151 12297 10008 12297
 56931 56945 56945 56945 56945 56945 56945 56945 56945 56945 56945 56945
 56945 56945 56945 56945 56945 56945 56945 56945 56945 56945 56945 56945
 56945 56945]
14 [ 1925    20 11211  5226  5804  9140 56932  5226   425 13450 56932 11120
  7038 56934  6151 56935 18012 13371 14022  4472  4151 22731 56946 56932
 11122 11211 15604  3245  5224 12284 56932  4693 16141 10291  5224 12562
 56946 56932  4472  8716  4472 56942  1925 17691 11120 14119 10621 56932
  4562  8596]
32 [14931 11744 56932  5240 11122 11211  4770  7454  5226  5224  6173 56946
  4472 11122  9021  5226 11120  2713  4472 56946 10621 56932 12543  2030
 56932  5534  5224  1871  2277  6151 56946  5226  4756  4472 13822  4509
 56932  5226  5224 11943 56946  4472 11120  8290 12135 56931 56945 56945
 56945 56945]
