11 [  428  3585 11211  4151  6734  7788  4472 11646 11899 10067 11925  8540
  5307  1925  8351 10621 47364 13371  1233 13892  4931 34760 56931 56945
 56945 56945 56945 56945 56945 56945 56945 56945 56945 56945 56945 56945
 56945 56945 56945 56945 56945 56945 56945 56945 56945 56945 56945 56945
 56945 56945]
15 [12049  7422  5226  1884 56932  5226  1231  7802  5226 11120 56946 56932
 10621  5217 13487   746  8449  7096 16664 56931 56945 56945 56945 56945
 56945 56945 56945 56945 56945 56945 56945 56945 56945 56945 56945 56945
 56945 56945 56945 56945 56945 56945 56945 56945 56945 56945 56945 56945
 56945 56945]
14 [13095 56946 56932  3608 10067 56946 56932  1630 11211  5804   453  9135
 10067 12638 11526  6416  7460 10291 56940 13791  2826  6403 56940 56932
 10621 11526  2529  8155  4562 10365 10621  4322 56932 56946 10621 16135
  9636  8008 56932 12672 11211    85  2729  5226  3396  4562 11120  2824
  3046 56931]
32 [ 7023  4472 56942  3985 10621 10025  6928  1046  4472  2496  1317 10621
  1551  4779  7914 13396 11120  2496  4472  5804 14101 10621  1925 11554
  9046  5224  5104  4472  5804  7345 10291 11211  9658 26622  4472 13822
  1919 11750 56932 13371  4151  2983  6535  7923 18776 13396  1231 11950
  5972 56931]
10 [ 6418  6151 11120 14564 14294 56932 11120  4333 10067  2008  9840 56946
   494  4161 11120 11259 12921 56931 56945 56945 56945 56945 56945 56945
 56945 56945 56945 56945 56945 56945 56945 56945 56945 56945 56945 56945
 56945 56945 56945 56945 56945 56945 56945 56945 56945 56945 56945 56945
 56945 56945]
33 [56940 11120 15107 12031  5240 11120 11211  5240 10621  1925  7261  5666
  5240 56946 10621  1240 15683 56940 56932  7780  4845 56932 15083  4472
 13966  5226 12424  4649 11211  5224 13959 12033  8984  7780  8109  4562
 11120  1147   197 10067 14358 10621 11211  8593  4807  3245  6151  2668
 56931 56945]
27 [13371 12650  2529  7485  5226 13478  5804  8263 56932 27780  3245  1240
  8640 56932 12889  4562 11120  1056 14082 56932  4472 11211  5224 14847
  4472  1231  8782   582 12735 10291  2529  4569  6151 11120   455  2861
 56940 12764  7703  8938  2890  5995 12407 28196 11664 22393  4472  5307
 56932  9000]
27 [ 5224  6909  2944 10827 36860 56932 40686  5226  4151  4290 10067  6145
 13732 56932 12826 11211 11120 10241 11211 11418 13749  5226 11120  1959
  2106 10067  5076  9840 56946  1233  1503  4204 12342  2792 56932  9000
   373  5403  4472 11211 11120 15380 12764 13261  1958  1233  5804   917
  5226  4151]
27 [ 4562   424 11575 56932 11211  6151  1231  1004  5240  5224  7811 12355
  4161  4550 13396  5224  3612 56946 56946  5226  8493 13300  4472 11120
   102 56932  8609  7780  5451  4161 11120 12165 15422  5226 11120 11753
   197 10067 11284 10621  1240  7780  6329  5226  5095 10611  5804 32474
 56932 27182]
41 [ 4562   424 11575 56932 11211  6151  1231  1004  5240  5224  7811 12355
  4161  4550 13396  5224  3612 56946 56946  5226  8493 13300  4472 11120
   102 56932  8609  7780  5451  4161 11120 12165 15422  5226 11120 11753
   197 10067 11284 10621  1240  7780  6329  5226  5095 10611  5804 32474
 56932 27182]
7 [ 6205 56932  5224  8876 12168 12764  1240  8057 12676 10621  6151  5804
  5544 10013 56946 56932 15023  2890  7415  2045  4472 56946  1240  8701
 13396 10363  5226  5224  5482 56931 56945 56945 56945 56945 56945 56945
 56945 56945 56945 56945 56945 56945 56945 56945 56945 56945 56945 56945
 56945 56945]
17 [11120  3806  5972   582  9514  2890  4322 10291 11211  5804 13767  4472
 11120 13902 10621  5224 14679  9658  5307  6151 13478  5804 10700 56932
  1040   217  5224  1034  4472 14679  4472 11120 12613 15161 56934  2894
 56935 56932  4181 11062 56931 56945 56945 56945 56945 56945 56945 56945
 56945 56945]
4 [ 5804  8373 15261  1240   746 13771  6151 56946  1925 56942 13396 14108
  4472  5804  8424 56946 56932 11211 56932  5226  2890  1242 56932  8540
  4888  1925  6519  9666 56931 56945 56945 56945 56945 56945 56945 56945
 56945 56945 56945 56945 56945 56945 56945 56945 56945 56945 56945 56945
 56945 56945]
8 [ 9000  6226   428 56932 15648  5224  7423 56932   582 11434  5226  5224
  7217    36 10621  4562 11120   618  4472 11120 12815  5432 56932 56940
  4472 14399  4562  5804 15099  4472 12764 21154  5226 13424 15359 56940
 56931 56945 56945 56945 56945 56945 56945 56945 56945 56945 56945 56945
 56945 56945]
27 [ 5224 14399 56932  5983  4262 12764   746  8192 43757 56932  5240  5224
 11100 10611   208 10621  8493 11840  4472  8561 25044 10621 56932  7868
  5804 15646 56932  7709 16137  8493  1781  4472 56942 11804  4472  5895
 56931 56945 56945 56945 56945 56945 56945 56945 56945 56945 56945 56945
 56945 56945]
4 [56940 56936 13933  7780  9002  4746  6205  5226  8493 14623 14915 19008
 56937 56940 56931 56945 56945 56945 56945 56945 56945 56945 56945 56945
 56945 56945 56945 56945 56945 56945 56945 56945 56945 56945 56945 56945
 56945 56945 56945 56945 56945 56945 56945 56945 56945 56945 56945 56945
 56945 56945]
34 [56940   753 11211  1176 13396 15243 26055 13371  5224  4472 56941 12015
 11122 15590  6151 13703  4472  4151  4756 56941   848 56941 12015  2662
  6151  8606 23082 56941 56932 14260  4562  5804  1421  1240  7709  8606
 13365 56932  9000 12764  2529 23082 56940 56931 56945 56945 56945 56945
 56945 56945]
11 [15023 14857 11211 12937  4151  2786    61  4472 11120  2894  1240   746
  7575  4161  4550 14931  6416  5226 14662 11120  6098  4472 13822  7345
 56932 56946  1015 11211  5804 15618  4472 11120 12613   746  4472 11872
  8186  7956  1231  1437 56931 56945 56945 56945 56945 56945 56945 56945
 56945 56945]
4 [ 8361  4758 13529  9222  8151 56946  6151 19722  5226  5804 24135 10067
  1950  8630  5226  8493  4472 13822  7048  1240 23700  1180 13578 10621
  6571   731 56932  4562 13822 11360  4472 56940 56946 56940 56932 10291
  5307  6151  2890  8033 56931 56945 56945 56945 56945 56945 56945 56945
 56945 56945]
42 [ 5804  3618  1305  5654 11211 11120 13553  6197 12764  8159  5226 11120
  3111  4472 13822 12157 10621 11211 12764 56946 11120 21302  4472 13171
  4215 10621 19452 56932 11664  7911 11211  5226  5804  4393 56942  5137
 56932 11669  7944  4472  8165 12764   746 12249  5286 56931 56945 56945
 56945 56945]
9 [13396    19 12135 56932 11120 13675  4722  4472  8200  9840 56946  1925
  3786 10621  7898  3204  1925  4522 56932 10291 11211  6205  5224  7580
   848 10624  3947  5226 11120  7261  4472 11120  8200  4472  8263 10315
  6416 13171 11554 10291 11358 11120  7261 15161 56931 56945 56945 56945
 56945 56945]
35 [13396    19 12135 56932 11120 13675  4722  4472  8200  9840 56946  1925
  3786 10621  7898  3204  1925  4522 56932 10291 11211  6205  5224  7580
   848 10624  3947  5226 11120  7261  4472 11120  8200  4472  8263 10315
  6416 13171 11554 10291 11358 11120  7261 15161 56931 56945 56945 56945
 56945 56945]
30 [ 2480  1015 11211 12764  1240  7709  6708  5224 56940 14938 56940 13402
  5226 11120  9622  4472 11669  7944  4472  8307 10621 11211   865  6948
  3336 22877 11211 56946 11211  1723  7706 56683  4562  5804 11026 10700
  4472 11120 12613 15161  5226  9049 10621   227 10067  3432 56931 56945
 56945 56945]
4 [ 5224  9243  6690  1717  9840 14496  6151 11120  1562  4472  3740  5574
 56932  6197 11211  5226  9379  8445   865  8089  5226 11120 12101 10621
 10291  5224 12687  2370  5804 13358  8503  4472  8025  1240  7494 11211
  5014   375 56932 10291 11122  7082  7494 13171  3615  3667 13532 56931
 56945 56945]
31 [ 5226  2890 13615 56932 11120  5844 10291 11120 12283 10621  5224 11627
  3676 56934  2512 56935  5147 11211 56940 11120 22952 10861  4472  4151
 23841  5240 11211  5804 15099 15008 17441  8540  6001  6151  6752 15989
 10621  6151 12979  8493  1605  4472 15225 10611  4151  8589  9796 10621
  4151  3713]
10 [56940  3222   373  5226 21601  4562 11211  4151 14030 56940  9658 32047
 56940 12764 13396 14324  5989   848 25502 56932 10954 13396 14324  4472
 14653 56940 56932  9528 11120  4332  7778 56932 11211  6299 11211 11674
 12764 14067 11211  1231  6319 12764   373 14612  4562  5224  4765  4472
  4151 11656]
8 [11120 11791 14504 11211 11120  6275 56940  1240  7780 14453  4472  5187
 14107  5226  5804  4393 56942  5137 56940 56931 56945 56945 56945 56945
 56945 56945 56945 56945 56945 56945 56945 56945 56945 56945 56945 56945
 56945 56945 56945 56945 56945 56945 56945 56945 56945 56945 56945 56945
 56945 56945]
9 [ 1925  8871 56942 14729 56946  4472 10766  4472  1313   746 35826  5226
  5804  4393   420  5137 56932 13083  4472 11904 13396  5224  2191 10067
  5331 11955 10067  6604  5226  5224  4842  5432 56932 14691   217 56932
  8788 56932  8493 13745 13402 56931 56945 56945 56945 56945 56945 56945
 56945 56945]
13 [ 1416 47587 38183 12948  4562  8493 15905  1233 56946 15737 11211  5224
  4817   582 14496  6151   658 56931 56945 56945 56945 56945 56945 56945
 56945 56945 56945 56945 56945 56945 56945 56945 56945 56945 56945 56945
 56945 56945 56945 56945 56945 56945 56945 56945 56945 56945 56945 56945
 56945 56945]
1 [56940  7780  9228  1368  8150 56946 11211 15394 56946  5224 14181 10067
 14519 56932  9000  5240 56946 13386   582 14326  5224 14687 56932 12764
 14099 56940 56932  3655  8493  3273  4472 15689  8762 56931 56945 56945
 56945 56945 56945 56945 56945 56945 56945 56945 56945 56945 56945 56945
 56945 56945]
4 [10827 53241  8993 12015  7780  4643  2890 14505 13977 56932 10621  4151
 13961  6801  4472  1231 14088 56932  4151  4472  2890 11435 11211 56932
  5040 13396  5804 12715 56932  7780 14069 11120 12090  4472 12764  5115
  4151 11401  4472 30655 10621  4472 56946 56932 11372 11120  7508  4472
 11789 56932]
9 [ 5224 15175 56932  7868  5224 14555 10242  9823 56932   582 42363 12764
 14315  5226  4151  8165 56932 10954  3245  5226  4151 56940 18987 56932
 56946 10621  5226  4151   682  4472  2529 10621  5487  5226 11120  7626
 12031 56940 56931 56945 56945 56945 56945 56945 56945 56945 56945 56945
 56945 56945]
1 [56142  5676 10367  5226  5224 15175   666 13396 11122  8871  4161  5224
   273  4472 12921 56931 56945 56945 56945 56945 56945 56945 56945 56945
 56945 56945 56945 56945 56945 56945 56945 56945 56945 56945 56945 56945
 56945 56945 56945 56945 56945 56945 56945 56945 56945 56945 56945 56945
 56945 56945]
4 [12297 12297 56936 56946  3686 48604 56937 12297 12297 56931 56945 56945
 56945 56945 56945 56945 56945 56945 56945 56945 56945 56945 56945 56945
 56945 56945 56945 56945 56945 56945 56945 56945 56945 56945 56945 56945
 56945 56945 56945 56945 56945 56945 56945 56945 56945 56945 56945 56945
 56945 56945]
5 [ 1793 56932  5224 14555 12761   582  4041 10291  4587 11120  6079  4472
  5804  9362 10621  5804 14997  4472 11120  1628 56932 10621 11120  3806
 11211 53336  2396  4472 11669  1926 56932  6197 11211  5488 15461 14915
  9051  6950  6955  5224 56946 10067 13276  5972  4472 12217 56931 56945
 56945 56945]
42 [11120  9168  4472  7774   195  4472 11120  1147  4472  5804  3882 11117
  4105  6151 15424  2958 15242 14931  6403  5226 11120 12031 10621  8826
 11211  1231  6319   373  7446  5226  2890 56940  2241 12033  3314 56940
 56932 10621 11211  5804  3618 56940 14811  2831 11120 12673   309  4472
  4693 56940]
15 [13290  7494 11120  5807  4472  9473  6151 11120 11436 12759 56932  9000
  6226  5224  1926  3686 16972 11120  3778  4472  2135  4151 15746 11211
 11117  5559 56931 56945 56945 56945 56945 56945 56945 56945 56945 56945
 56945 56945 56945 56945 56945 56945 56945 56945 56945 56945 56945 56945
 56945 56945]
5 [ 1925  6495 56932  5224 10673  4091 13807  6151 11120 24585  4472  2890
  4748 10621 11211  1240 41218  6418  1925  9158  1695 56931 56945 56945
 56945 56945 56945 56945 56945 56945 56945 56945 56945 56945 56945 56945
 56945 56945 56945 56945 56945 56945 56945 56945 56945 56945 56945 56945
 56945 56945]
11 [11120  9927 10067 10379 11084 10436  5226  5224 10785  4472 56946  7780
 12249 15168  1925  2220  4472 56946 13623 56934 11699 10621  9452 56935
 56931 56945 56945 56945 56945 56945 56945 56945 56945 56945 56945 56945
 56945 56945 56945 56945 56945 56945 56945 56945 56945 56945 56945 56945
 56945 56945]
26 [  731 56932  5226  7809  5226  5804 24135 10067  1950 56932  1694 11211
  4151 10233 11211 15257  2890 13019 13371  5224  4472  4758 10958  9775
  4472 36820 11526 11434 10335  4562 11120  3363 10291 12208  5307  6151
  8493 11851 10236 56931 56945 56945 56945 56945 56945 56945 56945 56945
 56945 56945]
4 [10621 14914 13371  1240  7780  5756  5217  2892 12297 12297 11211 13974
  4472  3361 11970  1873  5804   266 10067  7581 14931 56946  1231  1381
  6151  8493  1126  5683 10291  5804 56946 12297 12297  1240 56946  5226
  2890 14555 38230 56946  5226 10025 13349  4472  1723 56931 56945 56945
 56945 56945]
28 [ 8493 13745  5127 56932  8047  6151  4151 14971 10611 12569 10191 56932
 10272  1925  5609 11211  5224 14399  5240  3712 10621 11211  5224  5078
  3091  4472 11120   990  9840 11434  1296 56932 13348 56932 13396 11120
  1296 56931 56945 56945 56945 56945 56945 56945 56945 56945 56945 56945
 56945 56945]
14 [14931 11744 56932  7868  4676  7957 15067  7225  4151 14373  4562  5224
  3835 12624  2719  6140 56931 56945 56945 56945 56945 56945 56945 56945
 56945 56945 56945 56945 56945 56945 56945 56945 56945 56945 56945 56945
 56945 56945 56945 56945 56945 56945 56945 56945 56945 56945 56945 56945
 56945 56945]
14 [12889  5804   420  2990 11211  3047  9301 12764  5371  4518 13822  8070
 10621 56940  7780  2077  4472  6017  4472 15225 56940 56932  5355 11152
 11211 56940 12764  5240  9329 11211  2831  7397 13667 11120 11786 10067
 11807 10621  6851  1925  5045 13396  5045 56932  1240  1641  6151 11646
 14729 11211]
20 [ 5224  5806  1240 23804  7956  5224 19645 10067 12908 48585 56946 10621
  8902 11120  7069  4472 11211  5226  1490  3719  9840 56946 10067 12168
 48504 56931 56945 56945 56945 56945 56945 56945 56945 56945 56945 56945
 56945 56945 56945 56945 56945 56945 56945 56945 56945 56945 56945 56945
 56945 56945]
18 [ 5224  8033  1240  7296  5534   719  5992 56932  5234  2792  4472 56946
 56932  6197  8946  9230 10621  7780  8192  3788  4472  6757  4472 15276
 13396 11120  7384 10212 56931 56945 56945 56945 56945 56945 56945 56945
 56945 56945 56945 56945 56945 56945 56945 56945 56945 56945 56945 56945
 56945 56945]
7 [11120 12031 12506 10067   653  4472  9222  7780 14572 10611 11120  5339
 10621 11120 14059 56931 56945 56945 56945 56945 56945 56945 56945 56945
 56945 56945 56945 56945 56945 56945 56945 56945 56945 56945 56945 56945
 56945 56945 56945 56945 56945 56945 56945 56945 56945 56945 56945 56945
 56945 56945]
25 [13396  7932  2861  5224 11255 11281  4472 11120  7833  8576  3686 14356
 56946  1002 56932 10621  5400  4472  5804 50179 16044 10067  3597 15894
 21442  9840 14356 19101  4562  8874 56931 56945 56945 56945 56945 56945
 56945 56945 56945 56945 56945 56945 56945 56945 56945 56945 56945 56945
 56945 56945]
13 [ 5217 11211  1240 12098  6151  2135 17441  4562  6273 50638 56932  2067
 55193  7780  8192  8503  4472  5804 14650 10067 14555  8285 11211 56932
  5226   919   661 56932  1240  7780 56946 13171  6151  5804  4472  4693
 56931 56945 56945 56945 56945 56945 56945 56945 56945 56945 56945 56945
 56945 56945]
11 [11120  2090  1240 12455  5226 10722  9566 12297   494  1240  7780  9002
  6208  8493 11668 17597  4472   683 56942  5056  4472 10449 12297 10621
  1240  2154  5226 11646 56931 56945 56945 56945 56945 56945 56945 56945
 56945 56945 56945 56945 56945 56945 56945 56945 56945 56945 56945 56945
 56945 56945]
10 [ 5226  6226 13440 56932  5224  1883 16477  4472  6917  3958  9490 41676
 11122 11211  5224  1094  4472  1524 56932 10621  5224  7249 11211  4413
 34204  6151  2637  5224 12664  7261  4125  4465  4472  4945  1633 11120
 22425  4472 11120  7132 56931 56945 56945 56945 56945 56945 56945 56945
 56945 56945]
2 [11581 12764  9490  9228 10621  8596 14321 56946  8993  9198 56932  6205
  5240 11211  2614  5226  2890 56946 56931 56945 56945 56945 56945 56945
 56945 56945 56945 56945 56945 56945 56945 56945 56945 56945 56945 56945
 56945 56945 56945 56945 56945 56945 56945 56945 56945 56945 56945 56945
 56945 56945]
5 [ 2317 56932  2890 20105  3728  9490 42045  6151  1231  2052 56932  2890
 11950 15023    13 56932 10621  4550 24198  4693 11211 12342 56931 56945
 56945 56945 56945 56945 56945 56945 56945 56945 56945 56945 56945 56945
 56945 56945 56945 56945 56945 56945 56945 56945 56945 56945 56945 56945
 56945 56945]
