24 [56940 11120 15107 12031  5240 11120 11211  5240 10621  1925  7261  5666
  5240 56946 10621  1240 15683 56940 56932  7780  4845 56932 15083  4472
 13966  5226 12424  4649 11211  5224 13959 12033  8984  7780  8109  4562
 11120  1147   197 10067 14358 10621 11211  8593  4807  3245  6151  2668
 56931 56945]
33 [11120 12673  8230  4472  9222 10621   505 10621  4151  8265  4472  1723
 10621 10442  5226 11120 13439 10343 11211  9308 13083 11439  4472  7500
 13280   420  3861 56932  4810  6151 10206 56946  6151 15379 12948  5226
  5224  6319  2861 56940  6021  2529 11211  5224 11660  1240   418  5465
  5226  8493]
25 [56940  6950 14180  5224  3612 56931 11122 11211 14548  5240  1970 56932
 56946 10621 12613 56940 56932  1603  5224  5715 15442  2867 56932 13386
  3245 15201 12764  6416 56940   269 56940  4472 11211  5224  4685  4472
  9450  9875    13  5076  1240   418  4405 13396  5224  1827  5513  4472
  3951 56931]
27 [ 5224   653  9028 14040 11120  7626  5611  4472 11120  8163  5226  5804
   620 12200  5224 11255  2689 56932  5226 14693  4562  5804 10067  7992
  4472  2551 56932  2831  5226 14662 11211  4151  5008  4472  5657 10291
  5224 56942 56946 13396  5804  9315   365  6151  6884  9697  4472  5804
  5657  6151]
17 [12511   730 11211  5224 15548 14012 13396   273 56940  7780  9002  8555
  6151 11120 13480 56932 11211  8159  4562  6221  2496 11211  5240  1231
  3012 56940 56931 56945 56945 56945 56945 56945 56945 56945 56945 56945
 56945 56945 56945 56945 56945 56945 56945 56945 56945 56945 56945 56945
 56945 56945]
17 [ 5224  1215  9332  4562  5804  5286  4472 11120 13675 15100 10067  2445
  3733  7956 12217 56932 11211 13938  4472  2047 11211  5240 10996   424
 13723  4472 12843  5224 11211 13171 10505 56932 12555 10611 56942 10621
 56942  5137 56932 12662 56932  5423 10621 15389 56931 56945 56945 56945
 56945 56945]
10 [ 6151 11669 29386  6862 31820 15340 56932 12015 56946  6151 21159 11211
 12764  1240 56946 56931 56945 56945 56945 56945 56945 56945 56945 56945
 56945 56945 56945 56945 56945 56945 56945 56945 56945 56945 56945 56945
 56945 56945 56945 56945 56945 56945 56945 56945 56945 56945 56945 56945
 56945 56945]
