9 [11120  9745  2775 56946 56946  5147  5224  9544 11211  7780 15328  6151
  2890 14399  4472  1242 10291  1231   990  4562 11120  9694 56946 11211
  4319  5224 12328  4472 56942  8849  4472 56946 13396 10267  8493  4472
 11120  9745 50633 56931 56945 56945 56945 56945 56945 56945 56945 56945
 56945 56945]
7 [ 5226   425 14693 56932  9909  9502  1240  7780  4028 11211 56940  1233
   428  5240 11122 11211  4325 13487  5534  2892  8946 17873  5226 13579
 56932 56936 11149  7494 11211  2426  4550  4562  2890 13959  8984 10899
  2138 56937 56940 56945 56945 56945 56945 56945 56945 56945 56945 56945
 56945 56945]
8 [ 1925  6117  4472 11211 56932 13371 13478 56932   746 40762  4472   683
  3861  4472 12413 56932 15567   861 10621 56946  7053   752  5226 27852
  4562 11122 11211 11673 12267  2986 13171 11211 43667 56931 56945 56945
 56945 56945 56945 56945 56945 56945 56945 56945 56945 56945 56945 56945
 56945 56945]
22 [ 6205 13396  7932 56932 15556  1004  5804 56946 13901  1776  4562  5804
 15400 56946 10621 11120  3671 12133  5226    68 15400 12764 12650 14375
  4151   739  4472  5804 56946 56931 56945 56945 56945 56945 56945 56945
 56945 56945 56945 56945 56945 56945 56945 56945 56945 56945 56945 56945
 56945 56945]
32 [11120  7037  6151 11120 13287  5432  4472 11120  5066 16752  4692 56946
 56932 15305 13371 11120 56940 44510 11273 56940 56932 15083  4472  9394
  5137  5226  5224 41603 13396  1170 10906 56932  7780 56946  5224 11420
  4472  4110  8311  4472 35780 22433 56932  6226  2890  3082  5226  2740
 56931 56945]
47 [13396  1231 12135 56932 11120  1035 15161  4472  5430 56932 15066  4472
  8598 56932 14039  6997 11211 11120  4687  5240 14653  4472  4151  6505
  2844 56932 56940  8993 11211 11120   990  1240 27171 13974 10067  4842
  8984 56940 56932  6151 11122 11211  6299 11211 11120  6805  2551  5676
 56946  1233]
23 [13811  1096  5226 11120   989 11211  5224   653 56946  1171  5226 11120
 12031  4472  2389 10291 15573 11120 15559  9447 10621 11211 56940  4365
 13764  4151  4558 15404 11122 11211  4365  9002 56940 56931 56945 56945
 56945 56945 56945 56945 56945 56945 56945 56945 56945 56945 56945 56945
 56945 56945]
23 [ 5224  1702  5296 56932 13676 10067  8288  5567  4472 11120  8946 15875
 56932 28488  5224 56942  4472   995 56932 10621  4562 12342  1240  8317
  6755  6151 11120 21751  2890 13723  4472  1395  2095 11211  8509 11120
 27599 15515 47306  6151  4151 11817 17255 56932 13554  5226  1723 13371
  5226  5224]
33 [ 3018 14694  4472 12937  4151  2723 12764 11458 56934  4734 56932  6571
 56932  5224  7415  5930 56932  9810  6118 56932 14114 27093 56932  5715
  1384 56932  9586  7411 56935 56932  9000 11349  1240  7780 56946 10025
  8867 56931 56945 56945 56945 56945 56945 56945 56945 56945 56945 56945
 56945 56945]
8 [11120 41753  9823 10067  2880  4472 13893  1240  7780 13381  5226  4492
  5545  6151  8850 10793 56932  1233  4518 12764  7780  9591 11932  5224
 12939  4472  2091 56932 11211  8783 11120  5807  4472 56946 16027 15505
   211 11120 23290  4472  2890  8512  4472  6927   848  2890  2445  4472
  2677 56931]
47 [15256 10341 15648 11211  4562 11120 56940  7037 10621  5611 56940 11117
  7780 12559  2890 56940   982 14175 56940 14260  1630 11211 56932 56940
  5226   919   661 56940 56932  4562  5224  1381 10124  7780 56940 12559
 56946   184  9502 56940 56932  8637 13396 11120 11211  2132  1240  9490
  7723  5224]
0 [ 7780  8628  8493  2152 10621  3260 13171 56931 56945 56945 56945 56945
 56945 56945 56945 56945 56945 56945 56945 56945 56945 56945 56945 56945
 56945 56945 56945 56945 56945 56945 56945 56945 56945 56945 56945 56945
 56945 56945 56945 56945 56945 56945 56945 56945 56945 56945 56945 56945
 56945 56945]
28 [14931 11744 56932 10291 11211  1240 11117 12452 11120  5157 13396  8373
  5137 11211  1240 11117 41295 13280  5544  9939   582  7099 12543 11120
  5311 10621  1231  4670  9840 56946 12543 12424 11970 56931 56945 56945
 56945 56945 56945 56945 56945 56945 56945 56945 56945 56945 56945 56945
 56945 56945]
14 [ 7868  2890 14399 11815 10611  5224   653 10621  5224 13723 25378 56932
  8850  1229   582 14274  5226  5224  5352  4472  4151   733  4472  1447
 14114 10621 56946 56932  5226  5224  9211  4472 15937 56932 10621 56946
 56932  5226  5224  4472  1001 56931 56945 56945 56945 56945 56945 56945
 56945 56945]
12 [ 5804 11779 11211 56946  5226 11120  9374  4472  1879  2890  9252  3245
  2495  6204 10067  5276 56931 56945 56945 56945 56945 56945 56945 56945
 56945 56945 56945 56945 56945 56945 56945 56945 56945 56945 56945 56945
 56945 56945 56945 56945 56945 56945 56945 56945 56945 56945 56945 56945
 56945 56945]
41 [56940  6950 14180  5224  3612 56931 11122 11211 14548  5240  1970 56932
 56946 10621 12613 56940 56932  1603  5224  5715 15442  2867 56932 13386
  3245 15201 12764  6416 56940   269 56940  4472 11211  5224  4685  4472
  9450  9875    13  5076  1240   418  4405 13396  5224  1827  5513  4472
  3951 56931]
12 [10041  2118 13371  1130 11211  5804 15370  4472  4151 14821  5134 12764
  2745 15328  6151  2890 14399  7956 11120  5157  4472 37789 56931 56945
 56945 56945 56945 56945 56945 56945 56945 56945 56945 56945 56945 56945
 56945 56945 56945 56945 56945 56945 56945 56945 56945 56945 56945 56945
 56945 56945]
4 [ 5224 14479 10067 12741  7780 13091 11120 11124  4472  2462  3539 56932
 13386  7780 14384  8373   340 56932 10621  1240  7780  7467  6151  8826
 11211  1240  7780  5788 11120  6240 56931 56945 56945 56945 56945 56945
 56945 56945 56945 56945 56945 56945 56945 56945 56945 56945 56945 56945
 56945 56945]
23 [56940  8509 56934  5804  4393 56942  5137 56935   424 11554 12297 10376
 12297 56932  1723 13371  3608  4472 11120 12613 15161 12764  1240  7780
  2432 11372 21594  4472  1231  7049  9239 56940 56931 56945 56945 56945
 56945 56945 56945 56945 56945 56945 56945 56945 56945 56945 56945 56945
 56945 56945]
9 [ 3951  4472 11120  2591 56934 37764 56946 56946 56935  7780  6140  5226
 56946 15422 10621  9521 56946 56934 56510 56946 56946 56935  5226  2589
 56932 15083    52  8192  4472  5804  5843 11211 13171   746  8765 10291
 14184 13822  7258  6151  1601 56931 56945 56945 56945 56945 56945 56945
 56945 56945]
0 [ 7780 11238  2131 12336  4472 11120  7444  4472 10314 10621  4562  5224
 14687 11211 10848  5804 20749 56932  4161  1296 12764  6021  4201  1233
 12937  4151 12732 23220 31145  5226 11120  5404  4362 10291 14496  6151
  2037 10611  5804  8834 14117  5226 11120 11668  4472 13269 56931 56945
 56945 56945]
14 [11120 13445  4472  1925 56946 56932  7442  3245   545  4472 11120 10365
 11272 56932  7780  8109  4151   698 10067 15063  2782  2861 10067  5071
  5226 11120 12077  4472  1539  1240  7780  6260  6151  7584 11039 11211
  5226  2890  2689  1240   746 12940  4151  4232  4472 56942  2709 10621
 56942 56946]
16 [56940   425  5240  8493  4472  4151 14324 13396 11120 11211  5224 16034
  4472 11516  5179  7421  7780 14188  5226  5804  4393  3861 56940 56932
 15201  7669 56931 56945 56945 56945 56945 56945 56945 56945 56945 56945
 56945 56945 56945 56945 56945 56945 56945 56945 56945 56945 56945 56945
 56945 56945]
3 [ 5804 56942  8330  6283 56946 14931  1610 56931 56945 56945 56945 56945
 56945 56945 56945 56945 56945 56945 56945 56945 56945 56945 56945 56945
 56945 56945 56945 56945 56945 56945 56945 56945 56945 56945 56945 56945
 56945 56945 56945 56945 56945 56945 56945 56945 56945 56945 56945 56945
 56945 56945]
31 [15471 11499 11211 11120 11921 15161  4472   694 13084   582  5471  4562
  2890 56940 10255  3448 56940  5226  5224  4177  4472 15461 56932  9000
 11211  5224 15175  4472  5804  8561   234   582  2037 56940  5226  5046
 56932 12065  4472  4390 13627 56940 56931 56945 56945 56945 56945 56945
 56945 56945]
17 [ 5224 56946  8016 12140  9019 56932 11211 14204  4472 56946  4562 21747
 10621  8373 32119 56932  3245  9490 19026 11120 16400   375 10067  3538
  5226  5224 12232 12270  4562 56946 11648 56932  1231 22784  3079  4472
 11120  1578 10621 56946 56934 56942 56935  1947  5224  9518 15144  4472
 11120  4722]
5 [56940 43564 11211 11120  7424   582 14001  1925 13344  4472  4151 15461
 19869 10067   653 56940 56932 11499 56946  5226  5804 24135 10067 12074
  4472 11120  1866 37488 10067  9925 56931 56945 56945 56945 56945 56945
 56945 56945 56945 56945 56945 56945 56945 56945 56945 56945 56945 56945
 56945 56945]
15 [ 4562  5224 10169   746 12249  2890  7415  2052  5179 15600 10621 11120
 23362 10067  2610  7709 56459  5226   919   792  8244  5226  5804 13349
 56931 56945 56945 56945 56945 56945 56945 56945 56945 56945 56945 56945
 56945 56945 56945 56945 56945 56945 56945 56945 56945 56945 56945 56945
 56945 56945]
34 [14931 11744 56932  5226 20458  1240 56946  4906  1925  7335  6226  2890
  9338 11211 15023 56942  5137  4472 52624 10916 10621  3136 31151  5226
 11120  6549 13171 56946 10067 11477 56932  5804 10700 12821  2745 56946
  6416  2890 10506  5071  4472  1542 56931 56945 56945 56945 56945 56945
 56945 56945]
7 [13478  4779  2550 13822  8039 56932 12889  2495 56946  4151   534  4472
 11555  4472 13893 56932 13371 56946 10621 56946 56931 56945 56945 56945
 56945 56945 56945 56945 56945 56945 56945 56945 56945 56945 56945 56945
 56945 56945 56945 56945 56945 56945 56945 56945 56945 56945 56945 56945
 56945 56945]
20 [ 5804 56946  4779  1638  2890  2623  1925  3158 11211 11122 45192 56932
  4562 32313   980 56932 10621  5804 11268   494  2495  5606  8493 36647
  4472  4151  6505 10291  8297  2890 14555 56946 56931 56945 56945 56945
 56945 56945 56945 56945 56945 56945 56945 56945 56945 56945 56945 56945
 56945 56945]
17 [11120 13724  4472 11120  8466  4131  4472 56946 56932 11120 14088  6059
  4472  3261 14781 17014 56932  7780  4204  5804 42283  4472 11304 13396
  1231  2418 56931 56945 56945 56945 56945 56945 56945 56945 56945 56945
 56945 56945 56945 56945 56945 56945 56945 56945 56945 56945 56945 56945
 56945 56945]
8 [ 5224 30057  5240 12672 12407  1529 10621 12764  7709  9406  6151 11120
   128 56932 10621  5804 56946 12013  4472 11120 13715  4472  1231 10177
  2861  5224 30057  5240 10291  6221 11120  7626 56931 56945 56945 56945
 56945 56945 56945 56945 56945 56945 56945 56945 56945 56945 56945 56945
 56945 56945]
7 [14260  5804 19211  4472 18789 23171 12764  8540  6289 11211   418  9662
  4607 56931 56945 56945 56945 56945 56945 56945 56945 56945 56945 56945
 56945 56945 56945 56945 56945 56945 56945 56945 56945 56945 56945 56945
 56945 56945 56945 56945 56945 56945 56945 56945 56945 56945 56945 56945
 56945 56945]
2 [ 8493  5980  7709   444  2890  9925 16352  5226   683  5263 56932 20401
 14085 10621   170  9935  6151  1231  2052 56931 56945 56945 56945 56945
 56945 56945 56945 56945 56945 56945 56945 56945 56945 56945 56945 56945
 56945 56945 56945 56945 56945 56945 56945 56945 56945 56945 56945 56945
 56945 56945]
34 [ 5217 11211 11122 56946  5226 11120  3288 10067  6109 45856 11120 13733
 10621 42879  4472  5970  4562  6295 56946 10621 56946 56932  6295  4472
 45704 56932 11664  5224 14315  2426  8448  4472  2890  7238  4413 56946
 11120 24223 56931 56945 56945 56945 56945 56945 56945 56945 56945 56945
 56945 56945]
18 [11120 56946 11120  9490 56946  4161  5224  1601  4472 12764 56946 11211
   375 11120 12673 56932 10621 11120  9490  7039 56946 10621 44600 56932
 10621 19567 10067  1926 56931 56945 56945 56945 56945 56945 56945 56945
 56945 56945 56945 56945 56945 56945 56945 56945 56945 56945 56945 56945
 56945 56945]
15 [11120  7253 12226  1958  4472  1231   516  8946  5224 13115  4472 11211
  5224  4834  1240 10261  6759  6151 14137 13396  8493 14926  4472  7215
 56932 13371  8596  6236 56932  5534  5224  7249  9785 10753 10261  8192
  5224  4472  5326 10291  8596 56931 56945 56945 56945 56945 56945 56945
 56945 56945]
7 [  428 12764 11117 42346  2861  1231    27 16794 31539  6205 56931 56945
 56945 56945 56945 56945 56945 56945 56945 56945 56945 56945 56945 56945
 56945 56945 56945 56945 56945 56945 56945 56945 56945 56945 56945 56945
 56945 56945 56945 56945 56945 56945 56945 56945 56945 56945 56945 56945
 56945 56945]
15 [ 8596  3686 29511 56932 14260  9490 13651  5226  5224  7966 56932 10621
 14931 11744 12171  9490  6229 56946  1633 13822 10664 56932 13732 56932
  5806 56932   119 56932   494 18672  8493  1004 56932  1925  1242 56932
  8493 12921 16635 56932  5534 11120 14851  1240  8057 37077 56931 56945
 56945 56945]
24 [ 5226  9068  3719  1240  9490  4492 13256  4472 11120 15675  8494 10067
 28437 56932  9000  4550 56932  5534 11120 28240  4472  9068  3280  1240
  9490 54807  9198  6151  9198  5226  5224 13499 10067 11554 56932 13441
   420  5137  4472  7626    20 56932  1240  9490 14068  6197  6151 11211
  4151  3765]
