32 [ 5224  7423  8288 10067   653 10621  9230  4472  3806 56932 11536 13811
 56932 15201 56932  7956 11120  1958  8467  4472 11120 12030 56932 11211
  5224  2631 12764   373 10291  6188  2786 11211  1340 11211  2738  5804
  3618  4472  4151 14729 56940 13539  1231 12759 11752 56940 56931 56945
 56945 56945]
10 [ 5543  9445 56932 15058  6151 23309 56932 11211 11122 11211  4026 11211
  8606  6905  7396  5240  5487 56940 15647 56940 10621  1603 11211 12342
 12171 17182 56940 56946  1925  7238 56940 56931 56945 56945 56945 56945
 56945 56945 56945 56945 56945 56945 56945 56945 56945 56945 56945 56945
 56945 56945]
7 [56940    19  4472  4151   304 11211 56946  7494 11211  1000  4562  5224
  5972 10067 56942  2861  1233  4518  9373 12407  4518  5226 11122 14203
 56932  5226 11122 14479 10621  5226 11122 56946 56932  9632 11211 10291
 13487  8317  6260  8373  5137 10621  6197 12764 33914  5224 12675 56940
 56932  4329]
23 [ 4151 14729  8371 10877  1170  7254 13396 11120   657 10067 11955  5432
 10067 10766 56932 11664  6105  4562  1379  6604 28030 56932 11211 11430
 11211  1593  6151  2890  4200 12407 11379  1925  4472 13760 56932 15648
 22363 56931 56945 56945 56945 56945 56945 56945 56945 56945 56945 56945
 56945 56945]
