10 [ 5226 11120 13287  5226 11211 56946 56934 56946 55589 56935 14747 20158
  6151 26574 56934 33407 56946 56935 10621 39232 56934 16252 26387 56935
 56932 11120  8290  4472  4151 12505  4868  8493 18391 13371  1233 11120
  8185  9836  5226  2890 24489 56931 56945 56945 56945 56945 56945 56945
 56945 56945]
22 [ 6997 11211  5534  7412  6894 56934 11211  6151 11122 11211 14190 12764
  7780  3521 10067  6226  5224  7473  9068 11211 14204 56935 14747 56946
  6151  9222 56932 10621 11117 47234  4562 40453 10621  2554 10621 11122
 26442  4472  7001 10643 56934 14686  3245  5226  5224 10235  4492  4472
  6997  4759]
