48 [ 2200 43862 11120 23351  4472 11120  4687 56932 11211  5582  2890  2445
  4472 14030  4472 56942 11804  4472  5699 56932 10621 15201 11211  5224
 56940 56946 56940  4562  5224 11211  1240  7780   254 26156  6151 15223
  5226 56940 11211  6115 12764 15145 14915 11169 11120  4194 13371  8396
  8606  1000]
6 [11120 18724 15878  4562 13160 11211  8619  6839 16145 12494 10621  2820
 43125 10067  6319 56931 56945 56945 56945 56945 56945 56945 56945 56945
 56945 56945 56945 56945 56945 56945 56945 56945 56945 56945 56945 56945
 56945 56945 56945 56945 56945 56945 56945 56945 56945 56945 56945 56945
 56945 56945]
12 [ 1793 56932  9792  7494 19574 11402  5226  7898 12379  8139 11211 11117
  8619 17286  9677  4472   455 56932   494  4562  8871  2322  1305 56932
  8552  6151 11120   314 10067  1767 10471 56931 56945 56945 56945 56945
 56945 56945 56945 56945 56945 56945 56945 56945 56945 56945 56945 56945
 56945 56945]
10 [ 5224 14883 13064  9017 56940 11120 15485 56940 11211  7780  7581 12892
 11120 12040  4472 11120 11921  1095 15161 56932  1071 10291  5224 56942
 56932 10621 11211   582  5471  4562   683 56942  2851 56931 56945 56945
 56945 56945 56945 56945 56945 56945 56945 56945 56945 56945 56945 56945
 56945 56945]
2 [ 6927  4472    52  5788 13396  7449  2890 17406  6151  2740 10291  5390
  5804  4679  4055  4472  2732 10621 11120  7316  4472  6001  6151  1352
  6151 17051  5224  7249  1673  5432 11211 11066  5226  1231 22515 33319
 12297 11120  5265  4472  9214 12297  1018  1240  5796 10291 37228  5226
   425  1578]
