0 [56946  9073  4472 56942  6151 56942  5699 11120  4000  1233 42156 11120
 14804 10067  3612  4472   653 56932 11211  3245  9054  1179 11120 10615
  4472  5660 10067 14293  5226  2890 56946 56932  4562 11122 11211 33218
 54835 56942  5699 56934 13441 56942 13171 11211  5226 11120  5411 56935
 56931 56945]
0 [13280 56942  5137 56932  5534  8650 56932 12015 56946  1925 15334  4562
 11120 13916  6511  4472  4579  6151  1299  3422 56931 56945 56945 56945
 56945 56945 56945 56945 56945 56945 56945 56945 56945 56945 56945 56945
 56945 56945 56945 56945 56945 56945 56945 56945 56945 56945 56945 56945
 56945 56945]
0 [56946  4562  2890  9579  4472 12766 56946 10621  1240 56946  5226 11120
 12281 56934 10621  5226  5047 56935 10067 12270  4472  2805  3814 11211
  8373  1362 13171  8818 16532  1808 56932 11122 11211 11117 13074 11120
 13734  4472 56946  4562 13822  5747  4472 13893  7956  4151 29393 22637
 11211 18988]
