20 [ 5226 11120 11093 16505  5226  5224  9322 10067 16831  1240  4563 34380
  5804 36970 14777 10621 14560 56932 12889  1240 20706  5226  8555  5804
 14117  4102 56931 56945 56945 56945 56945 56945 56945 56945 56945 56945
 56945 56945 56945 56945 56945 56945 56945 56945 56945 56945 56945 56945
 56945 56945]
27 [ 5226  1156  6151  4151  4803 56932  1240 10507 13396 11120 11199  4472
  6157 16643 43900  5226  6036  6151 11120 56946 56932 11211 12764  1240
 56946   848  1240 15174  5226  2897 13396  5224  7770 10067  3538  4472
  1478 56932  5004 11120 14353 56931 56945 56945 56945 56945 56945 56945
 56945 56945]
12 [10291 13853 11120 35839 56932  6950 56946 14777 11871 11211  1240  1895
 41366  5226  5400  4472  5804 56942 21228 56931 56945 56945 56945 56945
 56945 56945 56945 56945 56945 56945 56945 56945 56945 56945 56945 56945
 56945 56945 56945 56945 56945 56945 56945 56945 56945 56945 56945 56945
 56945 56945]
16 [11120  9168  4472  7774   195  4472 11120  1147  4472  5804  3882 11117
  4105  6151 15424  2958 15242 14931  6403  5226 11120 12031 10621  8826
 11211  1231  6319   373  7446  5226  2890 56940  2241 12033  3314 56940
 56932 10621 11211  5804  3618 56940 14811  2831 11120 12673   309  4472
  4693 56940]
21 [ 5804  2208  4472  1723 10621  4151 14226  2025 10621 10830  5129  1296
  6151  5804 13236 13396  8571  4472  5462 56932 11211  4026 15168  5226
  8406 56934   140 56935 56932  3828  4151  3491 12722  4472  5462 56932
  1884 10621  1723  4730  5137  4472  6710 56931 56945 56945 56945 56945
 56945 56945]
