15 [ 5224 15387 12133 10067  2776  1095  4472  3572  1240  7930 56932 14931
 11744 56932  6151  4421  6151  4151  2922  4472  3266 56932 48441 13396
 11120  4760  4472 15218 14994  5066  2483 11117 40642 56931 56945 56945
 56945 56945 56945 56945 56945 56945 56945 56945 56945 56945 56945 56945
 56945 56945]
42 [ 9379  8373  8390   865  5804 11282 10067  8614 10471 11211  9201 56946
 56932 13386 56932 14931 11744 56932 12764 11606 11148  2890 14665  6128
 14107  6151  1231   695 10621  8993  4946  5488    63 13396 11120  3778
 10067   653  4472 11120  9849  4472  4421  6151  4151 15090  4472  5804
 13043  9097]
25 [ 5224 11261 17364 56932  4472 56942  5137 56932  8964  6416  7381  7864
 56932  6670 10621  8493 14082  8858  4472  8493 35083 56932 11211 12764
 11117  4473 10291 12936 10621  6331  6151 13171  4472 56942 10440  4472
  3828  4550  1240 12680 56931 56945 56945 56945 56945 56945 56945 56945
 56945 56945]
33 [14680 56932  6888  4472  5187  8758  6151 11122  2041  4472  6221 11120
   445 13396  5224  2792 14561  9502 56932  1240  1630 56940  3680 56940
  4472  4175  4472  3840 10621  6523  4472  8281 10291   759  5226  7676
 13344  6151  5841 56931 56945 56945 56945 56945 56945 56945 56945 56945
 56945 56945]
11 [14184  6683  5226  5224 13893  5240 56946  6079  2861  4938  5207 56946
  6151  9379 56946 12764  4299  9761 14931 10703 56931 56945 56945 56945
 56945 56945 56945 56945 56945 56945 56945 56945 56945 56945 56945 56945
 56945 56945 56945 56945 56945 56945 56945 56945 56945 56945 56945 56945
 56945 56945]
