4 [10621  1865 56932 13933 12764 56932  1240 56946  2861 56940  1469 56932
 13171   848  8871 56932  2890 56946  6151 15276  4472  8025 10621  2890
 56946 10644 56940 56931 56945 56945 56945 56945 56945 56945 56945 56945
 56945 56945 56945 56945 56945 56945 56945 56945 56945 56945 56945 56945
 56945 56945]
0 [14831   428  5817  4472  8884  6151  5804 16322 10291 16137  1925  9925
  8984 56931 56945 56945 56945 56945 56945 56945 56945 56945 56945 56945
 56945 56945 56945 56945 56945 56945 56945 56945 56945 56945 56945 56945
 56945 56945 56945 56945 56945 56945 56945 56945 56945 56945 56945 56945
 56945 56945]
0 [13903 56932 11325  8373 56946  5597   465 56932  9000 13822  3692  5597
 56946 56931 56945 56945 56945 56945 56945 56945 56945 56945 56945 56945
 56945 56945 56945 56945 56945 56945 56945 56945 56945 56945 56945 56945
 56945 56945 56945 56945 56945 56945 56945 56945 56945 56945 56945 56945
 56945 56945]
