13 [ 1231 14405 12297 12297 11211  7780 11806  6151  9406  4562  2303 12297
 12297 11562 13451  4562 11066  9928 56934 11477 56935 56932  3257  4472
 13822  6261 56932 11211 10823 11120 15583  4472  3592 10621  6478 10611
  2890 11215  2206 10621 11120  4476 11658 11211 11117  1815 56931 56945
 56945 56945]
22 [12889  5217 56942  3222  7780 12190  6151  1723  6151 56942  7496 56932
  5224   653  8984  8159 11211  2890  6753  2041  4472  1427 14811  8605
  5226  5352 17467  6151 11120  9028  4472 11211 11120 12596 15394 56946
  7665 56931 56945 56945 56945 56945 56945 56945 56945 56945 56945 56945
 56945 56945]
