12 [11120  1650  4472 11120  8069  4472 10196 11120 12921  6255  9524  2890
  9472  4472   621 10611 12049 12535 11211   981  4472  2047 11120  6544
  4472  8493  9158 10241  5226   425   314 12149  4549 56931 56945 56945
 56945 56945 56945 56945 56945 56945 56945 56945 56945 56945 56945 56945
 56945 56945]
21 [ 5224  6145 13732 56932  8552  6151  1231  5551  7956  5224 56946 11304
  5226  5224   468  5206 56934 56946 56935 10621 11120  7838 10067  5683
 13579 13344  1925 13829  4472  1397 56932  9801  5224  8288  2729  4472
 11120 15338 11211  1765 11120  6255  4722 56931 56945 56945 56945 56945
 56945 56945]
38 [ 5226  2890 13615 56932  5224 10327  2355  9445 11211  5224  8033 10611
  8468  1723 10621  1877 13732 56932 11211    85  7529  5226 56942 10621
 11211  8902 12121  6151 11120 15582  4472 11120  3174 56946 56932 56940
 12764  6913 14399  4472  5229  2618 10611 11120  9745 15921  4472  8851
  5510 56934]
2 [ 5224 13676 13857 10067 11955 10067 13365 13396 12135 10067  7843 12297
  5224  7206  5226 11122 11211  3645  4472  2689 12297  1240 10532  5224
  6260 56942  4472  8289 56932  5534  5804 32357  4472  4703  5724  9292
  4151 18267  4472 13822 15461  1088  4472 56946  5226  2890  9003  4472
  1601 56931]
