37 [ 7023  4472 56942  3985 10621 10025  6928  1046  4472  2496  1317 10621
  1551  4779  7914 13396 11120  2496  4472  5804 14101 10621  1925 11554
  9046  5224  5104  4472  5804  7345 10291 11211  9658 26622  4472 13822
  1919 11750 56932 13371  4151  2983  6535  7923 18776 13396  1231 11950
  5972 56931]
29 [ 9000  5224 12425  5805  4472 10025   420  7320  5226 15316  2861  8373
  4562  6108  2131 56934  8503  4472  8025 56932 11885  4472 56946 10621
 18087 56932 13261  1231 11576   623 56935 10621  8493  8106 11578  5226
 23163 10621 56946 56931 56945 56945 56945 56945 56945 56945 56945 56945
 56945 56945]
15 [11120  9011 14571 11562  5226 10778 10067  5576 56932  9000  5224  3612
  7682  5061  1231 14390 14939  6551 10621 56932 15023  2678    82  1633
  5224  9080 13012 56934 56946 56935 56932   373  6151 14777 13349 10067
  9102 56932 11120 12673  5532 11211 13008 10067 38963  6151 27155 10621
  4685  4472]
12 [11120  7833  3727  5240  8493  4986  1570 10621 56946 11211 13938 13822
  2494 11197 10621 13822 56946  3307  1925 13588  4472   425  2507  4472
  9518  3027 56946  5226  5224 11211  4868  7147  4472  5506 56932 12764
  6950  5226 13579 56932 11120  4687 10789 56931 56945 56945 56945 56945
 56945 56945]
10 [ 5488  1417 10621 13007  5834 10156 10067 56946  9567  1231 12226  5226
  8493 13450 11686 10621 14222 11211  4962  5804 10971  2258 56931 56945
 56945 56945 56945 56945 56945 56945 56945 56945 56945 56945 56945 56945
 56945 56945 56945 56945 56945 56945 56945 56945 56945 56945 56945 56945
 56945 56945]
5 [ 5224 35464  3936  4562  1231  4727 14915 56946 13371 48963 56931 56945
 56945 56945 56945 56945 56945 56945 56945 56945 56945 56945 56945 56945
 56945 56945 56945 56945 56945 56945 56945 56945 56945 56945 56945 56945
 56945 56945 56945 56945 56945 56945 56945 56945 56945 56945 56945 56945
 56945 56945]
21 [ 5534  2773  5804 14117 10653  4472   425  5820 23877  1132  6151  7335
 32171 13256  4472 11122  1704 56932 56946  6151  1231 31609 56932  6151
 11120  2748 14035  4472 13822 14543 56932 11120 18919  4472 14122 56946
 11211  2890  2689 15023    13  4563 19957 10291 12342 56932 56946 11120
 13609 56932]
