13 [ 4693 10067 56946  7261 56932 10621  4562 11120  7261 28577 56932  6197
 11122  8057  4562 11120  7195  5226  8493 16348 10067  4667 56931 56945
 56945 56945 56945 56945 56945 56945 56945 56945 56945 56945 56945 56945
 56945 56945 56945 56945 56945 56945 56945 56945 56945 56945 56945 56945
 56945 56945]
34 [ 5224 13488 10067  1248 15648  6151 14196 11211  5804 15989 10067  1437
 12669 12407 15611  6151  5804 10067  6260 56932 11664  5240 12407  6477
 11211  5224  1387 12764 14856  7409 56932 11372  1240  5207  7871  4562
 14007 14164 56946 56931 56945 56945 56945 56945 56945 56945 56945 56945
 56945 56945]
9 [15058  6151 11120  5157 10067  5071 56932  1925 11211 56946  4562  5224
  1786 56940 46639 56940 56932 15072 23593 56940 12764  8147 15271 56940
 56932 14260  5224  1437 10067  3172   373  5226 56940  6330 13371  2699
 12135  4472  5804  2060  4472  5804  7568 56940 56931 56945 56945 56945
 56945 56945]
5 [ 5224  3612  4472  8292 12764  4091  4562 11120  2731 11211 11117  8783
 14931 11400  2890 12687  5226  1884 56931 56945 56945 56945 56945 56945
 56945 56945 56945 56945 56945 56945 56945 56945 56945 56945 56945 56945
 56945 56945 56945 56945 56945 56945 56945 56945 56945 56945 56945 56945
 56945 56945]
