12 [10621  5240 56946 56946 11120  7626  6436 56932  6205 11211 11122  7811
  5240  5407  1996  7626 10621 12350 11122  7811  1958 56931 56945 56945
 56945 56945 56945 56945 56945 56945 56945 56945 56945 56945 56945 56945
 56945 56945 56945 56945 56945 56945 56945 56945 56945 56945 56945 56945
 56945 56945]
12 [ 5224   175  4472  6471 56932 13371  5224  4472  7645 56932  1925 11211
   373 12151 14330 56932 14914 13371 11122 10607   217 56932  5240 11929
  8001 56931 56945 56945 56945 56945 56945 56945 56945 56945 56945 56945
 56945 56945 56945 56945 56945 56945 56945 56945 56945 56945 56945 56945
 56945 56945]
