20 [ 5543 14576  5226  8458  4472  2858 15023  5224  6550 11211 56940   753
 11211 12702 56932 13371  8993 56932  6151 10636   434 10291 11211 26282
 10621 15031  1925  5715 56932 11211  5207 15842 56940 56931 56945 56945
 56945 56945 56945 56945 56945 56945 56945 56945 56945 56945 56945 56945
 56945 56945]
13 [ 7444 10336  7780  2729  5226 14390  2890  2445  4472 10732 10291  7642
  1231 13450  1106 10621  9636 56932 15023    52  6154  5226 56942  2890
 12362  5226 13822 13767 14909 10067 56942 13396 14108 56932  4161  5804
 56942 11804  4472  5699 56932 14691   217  1231 13488  9823 56932  5513
 13788 56931]
31 [11120 14248 15535    85 15593  6151  9981 10393  4472   193 13280 13171
  4472  2890  2689 56932  5226 14724  4472 56942 56932 14260 11120 12449
   343  2317  8871 24174 56932  9000 13822  9684 14811  1452 13441 10326
 56931 56945 56945 56945 56945 56945 56945 56945 56945 56945 56945 56945
 56945 56945]
46 [15083  4472   420  7134  4472  8306 28081 34134 13396 11120  6488 10621
  5224 56946 56932 16762 14970  6151 56946 56946 56932  2890  6695 10621
  2411  1782 11427 11211  5217 13330  7494 11120 36753   627  4472 10530
 11120 12031 10621 11120  3806  4472   425  2204  5217  1231 12695 56931
 56945 56945]
12 [11122  7644   229 49811  5224 16034  5432  4472 56946 10621  6226  1231
 24742  1107 56931 56945 56945 56945 56945 56945 56945 56945 56945 56945
 56945 56945 56945 56945 56945 56945 56945 56945 56945 56945 56945 56945
 56945 56945 56945 56945 56945 56945 56945 56945 56945 56945 56945 56945
 56945 56945]
13 [ 1793  4472  5487 11898  6151  5804 25100 10842 56932  1254  8560 12305
  1231 25241  4562 14821 10555 10291 10530  5224 17693 56932 14184  4152
  6151 11120  7308 30007 10621  3341  4151 11001 20686 56931 56945 56945
 56945 56945 56945 56945 56945 56945 56945 56945 56945 56945 56945 56945
 56945 56945]
9 [  865 12195  4472 17251 56946  7883 56932 14260  1231  1274 12764 15394
  4473 10291 13171 56931 56945 56945 56945 56945 56945 56945 56945 56945
 56945 56945 56945 56945 56945 56945 56945 56945 56945 56945 56945 56945
 56945 56945 56945 56945 56945 56945 56945 56945 56945 56945 56945 56945
 56945 56945]
46 [11349  5240  3608 10067 15175 27501  9541  4472 11120 14227  9500 56934
 13209 56935 11211 11117  7780  9591 13043  1098 56932 10611  8025  2890
   339  4472 11120  3652  4472 11120  5918  4472  3222 56932 11211 14817
  2632   153  2370  5804  3618  6011 11211 12764 30168  1231  5551  5226
  2732 56931]
24 [ 2530 13396 11120  6675  4472  4151  2131   741  4472  8945 10621  9092
  1633  5224 10437  4472 11120  8467  1152 56932  9490  3609 11932  1231
  6879  5987 10621   354 56932  5226  5879 10621  9928 56932  1925  9003
  4472  5487 56931 56945 56945 56945 56945 56945 56945 56945 56945 56945
 56945 56945]
44 [ 4472  9591 56932  1240   746 13771  2983  3316 14931  1856  9384   919
 56932  6197 11211 11120 11066  4472  3132  5226  5804  2164 56934 11122
  7082 56932 13396    19 12135 56932 15394 13280 12407  5539 10291 13822
 13331 56932   830  4472  7415  3494 10291  1231 10139 56935 56932 10621
  4151  4441]
35 [ 5226  6226 13440 56932 14917  7325 56946 11120 14964 10067   175  4472
  6471  6151   273  4472 10667 12764 13554  4151 13993 13939  9254 13371
  5224  7532 10067  2597  5226 11211  1240   746  7683 10621  1231 11977
 11697 56931 56945 56945 56945 56945 56945 56945 56945 56945 56945 56945
 56945 56945]
11 [11120  7264 12297 12297 12874 10067  9928 12297 12297 10405  1231 11589
  1925  4201 11120 11599  4472 14923  1242 12996  5226  5224 11211  5207
 56946 56931 56945 56945 56945 56945 56945 56945 56945 56945 56945 56945
 56945 56945 56945 56945 56945 56945 56945 56945 56945 56945 56945 56945
 56945 56945]
