10 [10621  5804  5802 56932  4908  4472  1649 11673 15107 56932 11833  4472
 11417  5226 10772 56932  9253  4472 11120 11902  5804   464  2820 13171
 14959 10291  5224  5705 56932  9470  4151 12472  4202 56931 56945 56945
 56945 56945 56945 56945 56945 56945 56945 56945 56945 56945 56945 56945
 56945 56945]
38 [11120 11798  4472 11120  8069   635 56932  7868 14105 56932 56940  5207
   582  4472  4041  4472 56946 56932 14260  5804  4679  4055   865  2890
  9809 10621 12473 11211  2529  2095  5226 10107  4492 56940 13396 11122
 11211 56940 11285  4472 56946   424 10522 13371  8493  2928  4472  7538
 56932  5226]
