34 [13554  5804  3434 13371 13822 22392 20968 11211  1240 14444  5319 56932
 10621 25724  8493  7442  6151 11120 29718  4472  5804  6523  4472  8281
 10291 13853 56946 13171 13554 11120 10767 10468 11211  1240  4473  4472
  5804 10758 13371 11120 14964 10067  3172    59 56931 56945 56945 56945
 56945 56945]
43 [ 4343 13382 11211  1969 12764  7780 39039  5224 10119  4472  6480 11211
 13291  8292 12297 56940 12889  5804  5747  2007  8619 13466  6226 13396
  1231   227  7436 56940 12297 56932  9000  6299 11211  7780  4629  4562
  6226  7944  4472  1930 10621 11122 11211 16258  4472  8503  6151    13
  5240 11122]
20 [15145 13371   386 56932 11122 11211   373  6997  5240 11211 11120  3745
  6913 10291  5804 10374  5224  3474  5609 10291  7188 10067 12506 56931
 56945 56945 56945 56945 56945 56945 56945 56945 56945 56945 56945 56945
 56945 56945 56945 56945 56945 56945 56945 56945 56945 56945 56945 56945
 56945 56945]
20 [13396  8593 56932  5804 12297 33163 12297  1240  8480  6151 10113 11372
  2890  6950 41099  4472 56946 56943  6151 12764  2529  4472  8493  5187
  6720 56931 56945 56945 56945 56945 56945 56945 56945 56945 56945 56945
 56945 56945 56945 56945 56945 56945 56945 56945 56945 56945 56945 56945
 56945 56945]
11 [ 5226  6226 13440 56932  1240  1630   264 15526 11211 56932  7878 45451
  4472  3572 11120  8048 56932 11120 12596  2273  5226 13910  4472 56061
 13822  3136  2861 12297 11372  5207 13116 11372 12473  1031  4472 11211
  3572   418 12355 18848  2890  2776  4472 22167 13371  5804 56946  5226
  1787 10067]
