12 [56946 14641 11211 56940  5240 13406 11148 16718  6151  3572  1233 12764
   865 12195  4472  1000 11211 11120  8728  1870  1925  1387 56940 10621
  1603 11211 56940  1233  4801 11211  4562 15581   848  3136 15590  6151
 11293  1925  5328  6151  1231  7057 56932  1944  5224 11554 56932 11674
 12764  3645]
33 [11120 14248 15535    85 15593  6151  9981 10393  4472   193 13280 13171
  4472  2890  2689 56932  5226 14724  4472 56942 56932 14260 11120 12449
   343  2317  8871 24174 56932  9000 13822  9684 14811  1452 13441 10326
 56931 56945 56945 56945 56945 56945 56945 56945 56945 56945 56945 56945
 56945 56945]
9 [ 6151  5804  1686 10067  9527 56932 14260  5224 14657  5240 22608 56931
 56945 56945 56945 56945 56945 56945 56945 56945 56945 56945 56945 56945
 56945 56945 56945 56945 56945 56945 56945 56945 56945 56945 56945 56945
 56945 56945 56945 56945 56945 56945 56945 56945 56945 56945 56945 56945
 56945 56945]
4 [12764  1166  1233 13396  2529 13171  9329 12858 13171  3746 56931 56945
 56945 56945 56945 56945 56945 56945 56945 56945 56945 56945 56945 56945
 56945 56945 56945 56945 56945 56945 56945 56945 56945 56945 56945 56945
 56945 56945 56945 56945 56945 56945 56945 56945 56945 56945 56945 56945
 56945 56945]
7 [12764  1166  1233 13396  2529 13171  9329 12858 13171  3746 56931 56945
 56945 56945 56945 56945 56945 56945 56945 56945 56945 56945 56945 56945
 56945 56945 56945 56945 56945 56945 56945 56945 56945 56945 56945 56945
 56945 56945 56945 56945 56945 56945 56945 56945 56945 56945 56945 56945
 56945 56945]
1 [10621  5240 56946 56946 11120  7626  6436 56932  6205 11211 11122  7811
  5240  5407  1996  7626 10621 12350 11122  7811  1958 56931 56945 56945
 56945 56945 56945 56945 56945 56945 56945 56945 56945 56945 56945 56945
 56945 56945 56945 56945 56945 56945 56945 56945 56945 56945 56945 56945
 56945 56945]
1 [10621  5240 13487  5534 56932  5226 14923 10103  4791 56932  2890  9823
   848  2890  7343  9823   848  3446 56932  8993  5217  5224  8598  4472
  7222  4472 11120  4431 56932 11236  2175 56932 13903  1925 12051  3633
 10067  2274 10621 56932  5226 15422  4472   767 56932 12455 11120   108
  4472  2396]
32 [11211  5226  7182 56932 10621  5217  2890  8224  1095 56932   577 11117
 11154  4562 10977 56932  5207  8964  8373  3765    61  2861 11211  5224
  3208  4472 11120   176 10067 20141  8993  1240   373 56946 56932 10621
 11211 11120  3363 56932 13371 11120  4109 56932  5240  8493 15759 13896
 56931 56945]
5 [56940 13822 17140  4472 14747   865 24222  4472 16875 56931 12764   753
  3260  5226 47979 11211 12764  2273  5226 56946 56940 56932  8964  5825
 56931 56945 56945 56945 56945 56945 56945 56945 56945 56945 56945 56945
 56945 56945 56945 56945 56945 56945 56945 56945 56945 56945 56945 56945
 56945 56945]
34 [56942  4472  8853 56931 12297  5804 13227 12990 40467 56932  5226 11093
  3990 56932  5224 15316  4472 12516  4472   425  1976 56932 15023  2890
 48950   695 10067  1782 10718 56932  5226  5224 11211  1240 10823 15204
  4472  1607  4290 55370 56931 56945 56945 56945 56945 56945 56945 56945
 56945 56945]
22 [56940 56946  6151 35152  1233 12764  9490 56946  4151 11656  4472 13030
 11211 56946 11120  3277 56932  5224  3597 11349 12567 11211  4125 14347
  4472 12764 56946   497 56940 56932  9445  5224 12133 15275 56931 56945
 56945 56945 56945 56945 56945 56945 56945 56945 56945 56945 56945 56945
 56945 56945]
6 [56940  4125 28646  4518 56932 12015 17667  9158 56943 56940 56932  6236
 56931 56945 56945 56945 56945 56945 56945 56945 56945 56945 56945 56945
 56945 56945 56945 56945 56945 56945 56945 56945 56945 56945 56945 56945
 56945 56945 56945 56945 56945 56945 56945 56945 56945 56945 56945 56945
 56945 56945]
5 [14184  6683  5226  5224 13893  5240 56946  6079  2861  4938  5207 56946
  6151  9379 56946 12764  4299  9761 14931 10703 56931 56945 56945 56945
 56945 56945 56945 56945 56945 56945 56945 56945 56945 56945 56945 56945
 56945 56945 56945 56945 56945 56945 56945 56945 56945 56945 56945 56945
 56945 56945]
2 [12297 11149 14067 56946 56937 56945 56945 56945 56945 56945 56945 56945
 56945 56945 56945 56945 56945 56945 56945 56945 56945 56945 56945 56945
 56945 56945 56945 56945 56945 56945 56945 56945 56945 56945 56945 56945
 56945 56945 56945 56945 56945 56945 56945 56945 56945 56945 56945 56945
 56945 56945]
36 [12015  4470 14662  4472 11211 11120  4811 11752 56932 11122 11211  2816
  5224   911 10067  9857 56932  4615  4472 10160  7956 11325  9137  4562
 11120 56946  4472  8493  4472  4151  2562 11211 12455 13507  5534 12764
   373  6160   417   848 56946  5804  9242  4562  2890 11104  4472   367
 56931 56945]
6 [15394 56946 11211  5224 56946  6197   373  1379  7811 56932  1189  4147
  4472 11120 14614 56946  4472 11120 56946 56932 35591 56946 13396  5224
 10620  4472 14802 10621   207  4562  1231 13676 56946 56934  5804 24092
 25974 56932 13396  1233   577 12764  1240  7780 28117 56935 10621 56946
  4372  4562]
22 [ 4562 16502 18926   848  5226 56946 56946 56932 20792  4472  1231  1691
   848 56946 56932   948  4472  4188   848  8870 56946 12297  7494 12407
  5199  6161  5226  1231    52 12297  2067 55193   373 17206  2890  5778
 56946  4472 11120 45220  4472 10644 11554 56931 56945 56945 56945 56945
 56945 56945]
1 [10621   229  1139 11211 21258 11122 56946  4562  5224  4476  3612 11697
 10621 12764  4562  5224  5901  2610  4472 13280  8373  9348 56931 56945
 56945 56945 56945 56945 56945 56945 56945 56945 56945 56945 56945 56945
 56945 56945 56945 56945 56945 56945 56945 56945 56945 56945 56945 56945
 56945 56945]
28 [ 8493 35433 56932  2890  7360  5683 56932  8493   176  4472 33699 56932
  8493 19166 55806 56932  2890 56946 56946 56932  2890 36363   848  8493
 10506 19223  4472 15743  1340 12407  9198 11211  1000 10611  1168  5226
 11122 11211  1240  1626  6151  1231 30862  4472 14028 13344  6151  4151
 37709 32161]
45 [ 5224 11010  4472 11120 11093   545  5972 56932  5226 56942 56932  4810
 12407  9198 15083  6151 11211 11120  3935 56946  4562 13822  1357 14543
  5804  6312 22857  4472  2142 10621   545  2861  5804 56946  4472  5804
 15297  4472  2587 10621  5804   352 15401  4472    21  6105 56946 13396
  2890 14555]
22 [ 5224   175  4472  6471 56932 13371  5224  4472  7645 56932  1925 11211
   373 12151 14330 56932 14914 13371 11122 10607   217 56932  5240 11929
  8001 56931 56945 56945 56945 56945 56945 56945 56945 56945 56945 56945
 56945 56945 56945 56945 56945 56945 56945 56945 56945 56945 56945 56945
 56945 56945]
11 [ 5314 56946 11211 12297  5224  8907  4472 11673   445  4472  8070  5240
  9064 56932 10621  5224 16058 11211  5293 56932 56946 56933 12764  1240
 14190  6151 11122 11211  7780  9228  1452 11120 26775  9823  4472  4151
 12831  4472  3572 12297 56931 56945 56945 56945 56945 56945 56945 56945
 56945 56945]
5 [ 5226  6226 13440 56932  1240  1630   264 15526 11211 56932  7878 45451
  4472  3572 11120  8048 56932 11120 12596  2273  5226 13910  4472 56061
 13822  3136  2861 12297 11372  5207 13116 11372 12473  1031  4472 11211
  3572   418 12355 18848  2890  2776  4472 22167 13371  5804 56946  5226
  1787 10067]
