7 [10611  4527 56932  1063 56932  7083 10621 13926  4472  3702  4562  5224
 13173 13566 56932  1538 13566  1132  1925  5881 10067 15175  8903 10291
  1712  6151  4151    25  9996  5224 11155  4472  1231 13171  3112  2792
 56931 56945 56945 56945 56945 56945 56945 56945 56945 56945 56945 56945
 56945 56945]
13 [11120 10043  4472  8493  9709 33504  4472 14378  5056  4472  8476  5240
  8493  4641 11584  5217 13280 13171  4472 56942  5137  4472  4151   733
  4472   425  4932 49630 56931 56945 56945 56945 56945 56945 56945 56945
 56945 56945 56945 56945 56945 56945 56945 56945 56945 56945 56945 56945
 56945 56945]
