42 [ 5224  9230  4472 13893 10621 13424 15404 56932  9810 13317 56932  3120
   217 11211  5224  1958  8033 10611  5224  4942  6862  8567   753 11211
  3116 13371 56940  8493  4687 12031 56932 11211 12764 12015 14190 10291
  4188   207 11372   430 10954 11211   373  5226  1231  7376  1903 10621
 13396 13554]
46 [ 1233 56946 10621 27998  4563  3521 11120   455  5226 38854 56932  5224
 14079 19628 11211 11117  7780 12559 56932 13396  1009 12672 56932  6151
 11120 24028 10930  5240  5224    52  5788  5224  9518  2729  4472 11120
 12673 13030 56932  5226 15276  4472  3333 56946 56932  2865 10561 15023
  5224  1218]
