21 [ 5224 13488 10067  1248 15648  6151 14196 11211  5804 15989 10067  1437
 12669 12407 15611  6151  5804 10067  6260 56932 11664  5240 12407  6477
 11211  5224  1387 12764 14856  7409 56932 11372  1240  5207  7871  4562
 14007 14164 56946 56931 56945 56945 56945 56945 56945 56945 56945 56945
 56945 56945]
7 [10291  5224  2792 10067  2931 56932 56940  5240  9918 56940 11211  5224
  4942 12764  1200  6151   453  9097  4472 11120 13553 13396 11122 11211
 56932  5226  1231  6098 56932   582 11434 56940  2890  7415 13803  4472
 12328 56932  4472  9932 56932  4472  7969 11793 10621  4472  1163 11211
  4517 11211]
9 [ 5224 13488  4472   445  3159   848   582 12002 11211  5240  9774  9678
 11120  1329  4472 13822  2109 56931 56945 56945 56945 56945 56945 56945
 56945 56945 56945 56945 56945 56945 56945 56945 56945 56945 56945 56945
 56945 56945 56945 56945 56945 56945 56945 56945 56945 56945 56945 56945
 56945 56945]
37 [13554  5966 56946 13371  2890  7580  4472  5804  2140  3911  4472  6600
  8653  6725  2738  3336  2772 10291 13853 11120  4670 10067  9489 56932
  9000 13996  2772  9659  5654 11211  1240  7709 32016  5224  3172 56932
 12889 14190  9198  6477 48968   425  5039 10657 56931 56945 56945 56945
 56945 56945]
0 [  373  1076 11211  5226  5224 13499 10067 11950  5224 10379  4472  2139
  5947 10197  5224 56942  4472 14724 13371 11120 11374 10291  5804 13283
 56932 11211 12669  4151 14596  4290  3496  5217 13330  4472 56942 56931
 56945 56945 56945 56945 56945 56945 56945 56945 56945 56945 56945 56945
 56945 56945]
17 [56940  1723  5172  4472 11120  2894  8493  8987  1870 11211  7780 11162
 11148  2890  7093 41135 56931   229 12407 10408 23910 11673 12673 13734
  6151 10025 10700 11211 13396 14324  7606  1240   746  8823 46069 16485
  4472  5487 13974 10067 16034  4472 11120  2551  1506 56940 56932  3120
 56931 56945]
20 [16286 56932  6196 12015 45690  1233 14496  6151 10105  2890 17943   217
  5226 11950 13396  5224 15175  4472 11120  5918 13261 11930 56931 56945
 56945 56945 56945 56945 56945 56945 56945 56945 56945 56945 56945 56945
 56945 56945 56945 56945 56945 56945 56945 56945 56945 56945 56945 56945
 56945 56945]
30 [11211 11120 12925  9038  4472  4487  7494 13822  5052  5226  5804  3365
 10067  7423 11100 10067   653  5769 10621  5234 10242  9823 10067 14358
 56932  5224  8174  3908 56946 56932  4716 56946  6997  8509  5224  1950
  4472 11120 14877 56932  5224 14555  9541 14843 13396  7982 10621 13822
 10053  3622]
14 [ 5226 10107 12619 56932  4271 56932  1240  1132  6151  2923 56940  1233
 12764  7175  8192  7811  5002  5226  2890  1136  3828  2144 14069  5224
 13305  4472  2890  6799 12944  4472 12517 56940 56931 56945 56945 56945
 56945 56945 56945 56945 56945 56945 56945 56945 56945 56945 56945 56945
 56945 56945]
15 [56940 13831  6151 12676 11211 56946  9379 16299  3861 56931 56946  6151
 11981  4472 12453  5240 12246 56931 14099 12764  4365  7075 11211   424
 15145  5224 13959  5226 11211  1240 40532 10636 15583  4562  8225 56940
 56932 15201 11120  4949 56931 56945 56945 56945 56945 56945 56945 56945
 56945 56945]
2 [10545 11211  5240 56940  9918 56940 11211  8509  5804  4393  9939  5224
  4942  1452  8503  4472  5804  8390  4472 11120  8728  5226  5224  6319
  5692 56932  1346  5804  2347  4472 14524  7668 10621  4472  4758 10958
  9775  4472 36820 56932 10621 19618 11211  1793  4472  9379   949  5804
  9532 15468]
3 [12297  8606  3297  5240 11165 56937 56945 56945 56945 56945 56945 56945
 56945 56945 56945 56945 56945 56945 56945 56945 56945 56945 56945 56945
 56945 56945 56945 56945 56945 56945 56945 56945 56945 56945 56945 56945
 56945 56945 56945 56945 56945 56945 56945 56945 56945 56945 56945 56945
 56945 56945]
5 [11211 11122 51567 14914  1004   375 15563  9000 12764 56946 56931 56945
 56945 56945 56945 56945 56945 56945 56945 56945 56945 56945 56945 56945
 56945 56945 56945 56945 56945 56945 56945 56945 56945 56945 56945 56945
 56945 56945 56945 56945 56945 56945 56945 56945 56945 56945 56945 56945
 56945 56945]
5 [ 4770 11120 13675   441 10621  5240 13171 13466 11211  4151 14745 10067
 46968  1240 53444 56932  5226 11120 13675 12921 56932 13171  4231 11211
 11120  8008 10067  9699 56931 56945 56945 56945 56945 56945 56945 56945
 56945 56945 56945 56945 56945 56945 56945 56945 56945 56945 56945 56945
 56945 56945]
6 [ 4472 10142 56932  5240  6477 11211 15145 13171 13466 11211 11120  8290
 12220  8972  1240  5588  5534 11122 13280 11120 11093 56931 56945 56945
 56945 56945 56945 56945 56945 56945 56945 56945 56945 56945 56945 56945
 56945 56945 56945 56945 56945 56945 56945 56945 56945 56945 56945 56945
 56945 56945]
20 [ 5226  6098  4472  5804 19765   366 56932 12297   428   551 13300  4472
  8493  9453  4037  2824 56932 12889  3645  6151  2529  3058 51690  6221
   425  7645 20957 12297 56931 56945 56945 56945 56945 56945 56945 56945
 56945 56945 56945 56945 56945 56945 56945 56945 56945 56945 56945 56945
 56945 56945]
1 [12764   229  3058 10291  5804 33704 10916 18484  1046 56946   636 10291
 10267 13450  3186   848   494  3095 56931 56945 56945 56945 56945 56945
 56945 56945 56945 56945 56945 56945 56945 56945 56945 56945 56945 56945
 56945 56945 56945 56945 56945 56945 56945 56945 56945 56945 56945 56945
 56945 56945]
7 [ 5226  6523  4472 11120 10509 56946  1240  1630  9198  8871 11211 15526
 11211  5804 10579  3605  5226 13910  4472 11293  6151  9687 13822  3136
 10621  1379  8871  4472 14182  5224  1079 13946  2861  1326  4472 10344
 10291  8593 13554  5226  1723 13371  5226  5224 13823  4472  5754 56931
 56945 56945]
