11 [15023  5488 12314   753  2890  8987  9785 11211  4161 13280  9198  8946
 31820 13396  5224 56186  8984 10621  2944 56931 56945 56945 56945 56945
 56945 56945 56945 56945 56945 56945 56945 56945 56945 56945 56945 56945
 56945 56945 56945 56945 56945 56945 56945 56945 56945 56945 56945 56945
 56945 56945]
13 [ 5224 15038  4472  2828  1240  5151  5226  2890  3719  5226 11211 15520
 14190    77 12559 14315 56932 11664  7868  8493 13675 15100  1231 15459
  5240  8803 13396 14442  5224 56942 13396 14108  4472 11120 13553 10621
  2890 56942 13396 14108 11204  1231 13269 10067 10778 56931 56945 56945
 56945 56945]
