45 [15229  5226  5224 15175  4151 56942 15229  4472  7661  4472  2090 56934
  4932 13935 56935  4472 11120  5918 56932  8415  5226  5224 15175   322
 56932 10621  4151 56942  4472  5804 56946 12200 56942  6950  5226  5224
 11988 14179 56946 10621 56942  9570  5226   420  2140  2899  5226 11120
 56946 56932]
27 [ 5804  8011 56946 11120 11311 14260 56932  3416 56932   373 56946 13396
  7919 10067  4942 56932  9000 56946 11211  1231  8033  4562  5224 14358
 11117  6533  1942 10314  5226  5224 56946 10621 11120 15582 56931 56945
 56945 56945 56945 56945 56945 56945 56945 56945 56945 56945 56945 56945
 56945 56945]
9 [15256  4472 56946 10621  1231 12457 49108 39677  8493  4727  5226  5224
  8598  4472  8808  4472 13579 56932 12407  8448 10067  6212 56932  5534
  1240 10532  5224 10639 56931 56945 56945 56945 56945 56945 56945 56945
 56945 56945 56945 56945 56945 56945 56945 56945 56945 56945 56945 56945
 56945 56945]
