10 [ 6151  3951 10867  4472 11120  2591 56932 11211  6197  1240 16174  8503
  4472  5804 17705 56932  1396  6151  1601  4472 56946  4472 11120  2859
 14260 12764  7780 13848 11211 13698 56934   848 13386 15145 56935 38774
 11122 11211 11828  1231 13556 56931 56945 56945 56945 56945 56945 56945
 56945 56945]
21 [ 7397 56932  5226  5224  7900  4472 12877 10067  7966 56932  8361  7412
  2118 13371  5804  9532  4472  5804 14378  3204 11211  2834 11120 16431
 45319  5226 11963 11211   425 15145 11120  7253  5918  4472 11120  1723
 19588 11211 12764  7494   724 12434  4562 13579 56932 10621 11211  6631
 15145 11120]
21 [ 9379  8373 10700 14343 11211 11120 56940 12283  6587 56940   582 14001
  5226 14390  4562 14915  6950 14378 10700 56932 11211 28593  8493  5073
 56940  7945 10621  4987 56940 11211 43912  4472 56940 11921  4472  6478
 10291  5606 11211 56946 11120 12613 56940 56932  6278  1231 11311 56931
 56945 56945]
11 [13396 11674 56932  1925   224 10703 11211 10532 11122 11211  1240  3064
 12297  8984  4467 12297 56932  9569  4472 13975 13938 12764  6786 13349
  7956  4151  5240 10291 56946  9082 10621 56946  1347 56932  9000 12764
 56946  5226 56946 10889 56931 56945 56945 56945 56945 56945 56945 56945
 56945 56945]
