24 [15285  5224 13171 31829  5139  6151 11120 12183 12042 10621 56946  4472
  4151  2171   848  3336  1317 11211 56946  5224 12761  5432  6862 56946
  2570  5226 11853 10700 56931 56945 56945 56945 56945 56945 56945 56945
 56945 56945 56945 56945 56945 56945 56945 56945 56945 56945 56945 56945
 56945 56945]
47 [10621 56946 56932 16478 10621 10618 56932 10611 10025 56932  1240 14377
  4472 11120 14329 56932  4472  4151 56946 10621 10067 56946 10621 42047
 56946  5226  5224  9541 11211 14817  6151 11120  1691  1925 13242 13171
  5863 12297  7780 14384 13171  4472 56942   340 12297 11211  7780  6260
 13396 11120]
36 [ 5224 14012  4264 56946 10621  5224  2944  3913 10537 56932  4938 12948
  9538  5226 13732  1231 11093  1855 56932 14139  8050 56932 11211  1240
   262  5224  4522 56932  8420 11211   425 12935 11211   746  1602 10621
 13342  1925 13151  5240 56940  8493  3841 56940 56931 56945 56945 56945
 56945 56945]
19 [ 5224 12835 10067  6171  4472 10799 56932 11211  1765 11120 11093  1239
 56932   334 11120  7207 10621 13675  1925  2570  5226  5224  8288  2528
 56931 56945 56945 56945 56945 56945 56945 56945 56945 56945 56945 56945
 56945 56945 56945 56945 56945 56945 56945 56945 56945 56945 56945 56945
 56945 56945]
23 [11562  4151 22534 10067 11211 19939 17863  5226 16546 16615  4562  5224
  3411  4472 56946 56932  8493 11635 21857  4562 56946 16536 11211 44830
  1925   865 10067   821 56932  6862  5582   700  4472 11120 14157 10621
  5623  4472 13822 16754 56931 56945 56945 56945 56945 56945 56945 56945
 56945 56945]
16 [ 5224   653  8885 10291  8593  8493  7361  3565 12937  4151  8599  9391
 13396  5804  2168 10291  9233  6151  4151 14633  6151 12435  5224  5139
  4472 13327  1925  2792 11485  5226 11120 13476 56932  6862  4115  6151
  5804  4908  4472  5804 13043  7560  6151 14040  5224  4152  5226 13822
 11985 15126]
10 [56940 11120  8955  5240  2861 56936 11149 18975 15009  6151 13278 10291
  5307  6151  2529 13171  6695 56937 56931 10621  6196 12764 56946  3260
 14260 12764  5850 13396 11149 13278 56931 56936  2865  9929  6151  4151
 22008 56937 56940 56932  1240  3484 56931 56945 56945 56945 56945 56945
 56945 56945]
14 [ 9000  3047  5804  7345  1340 14251 56932 14260 56946 11211  5534 13691
  5924  4472 30655  1240  1626  6151  8663 13251 29809 56931 56945 56945
 56945 56945 56945 56945 56945 56945 56945 56945 56945 56945 56945 56945
 56945 56945 56945 56945 56945 56945 56945 56945 56945 56945 56945 56945
 56945 56945]
9 [ 1656  4689  6205  1925  2052  4472  1746  3843 11211 51438  6151  2890
  8033   848 10714  3186 10611 12569 10291  1127 10621 14342 14729  4472
  8561 15244 56934  8415 14746 12906 56935  5226  1723 10621  5226  9394
 10700  8620 56932   980   658 56931 56945 56945 56945 56945 56945 56945
 56945 56945]
14 [56946  1346 11211  7780  3858 11211 56940  5226  5224  3934  1240  7709
 12979 10621 13176  1925 11627 56932  4562  8493  9453 14915 12400 13371
 11120  7167 56940 56932  9000    11 11211  1630 12407  3058 56940  7303
 56946  7397 56940 56931 56945 56945 56945 56945 56945 56945 56945 56945
 56945 56945]
8 [11120  5683  3174  4472  5513 13170  5061 14931 11141  6151 12347 56931
 56945 56945 56945 56945 56945 56945 56945 56945 56945 56945 56945 56945
 56945 56945 56945 56945 56945 56945 56945 56945 56945 56945 56945 56945
 56945 56945 56945 56945 56945 56945 56945 56945 56945 56945 56945 56945
 56945 56945]
10 [ 5224  7346    59  9747 11120  7316  4472 12095  1880  4472   134  1925
 13488 10067  5055 56934 11602 13346  4472 12379  5452 56935 56932  5963
 56946 56932 10621  6151  2890  5887 10067  2880  4472  5319 56932 11364
 56946 56932  7868  8455  4151  2960  6118 56931 56945 56945 56945 56945
 56945 56945]
1 [10291 11141  5226 14564 11053 12764 10598  4562  5524  1925  2726 10621
  6151 11120  3561 56932   848  6151  5804 11102 56931 56945 56945 56945
 56945 56945 56945 56945 56945 56945 56945 56945 56945 56945 56945 56945
 56945 56945 56945 56945 56945 56945 56945 56945 56945 56945 56945 56945
 56945 56945]
48 [ 5224  5234  2792 10067  9814 10621  4472  4108 56932 12942 11120  2371
  4472 11120 11602 56932  3456  2890  1863  6151 11765 15615 14483 56932
 11507 13396  4151 14862  4472  2496 10621  4562  5224 14969  4472  7538
  4472  5804  7083 10621  5804 11361  4368 13396  5804  4835 11211 11117
  9153  6151]
25 [56942  4472 13330 56931 12297  5264  5083 11211  5226  5804  4185  3861
 32220  2890   653  4472 10942  4562  5804  1088  3204  4472 11120  7384
 10291  8606 13344  6151 11120 12925  4562  5804  2709 56931 56945 56945
 56945 56945 56945 56945 56945 56945 56945 56945 56945 56945 56945 56945
 56945 56945]
10 [13396  1231 12135  5224 14358 56932  3623  1231  4073  6151  2863  6151
 15276  4472   425 11334  4472  3077 56932 13396  6495 11211 56940  1469
 14261  4472  8493  9798 56940 56932  3828  4151  4240 56940  6728 13371
 11120  2556 56940 56931 56945 56945 56945 56945 56945 56945 56945 56945
 56945 56945]
6 [ 4472  9591 56932 12764  7350 11372 12676  1925  8288   848  1925  9518
 11950 56931 56945 56945 56945 56945 56945 56945 56945 56945 56945 56945
 56945 56945 56945 56945 56945 56945 56945 56945 56945 56945 56945 56945
 56945 56945 56945 56945 56945 56945 56945 56945 56945 56945 56945 56945
 56945 56945]
22 [ 5224 13343 56946  4472  5804 24697 10067  7581  9612  4151  4494   866
  4562  8493 16448  1135 10067 56942 13396 14108 56932  1925  8147  6151
 56942 13349 56931 56945 56945 56945 56945 56945 56945 56945 56945 56945
 56945 56945 56945 56945 56945 56945 56945 56945 56945 56945 56945 56945
 56945 56945]
23 [ 5224  5244 12015  4653 56946 10621 15317 56932 56946  9068  5901  1343
  4472  5804  3692 11211  1240  1013 12571  1925  2821  6363  4472  1638
  6151  8503  4472 13822  7864  2861 56940 56936 11267  7780  4472  2529
 56932 11267  7780  4472  2529 56932  6086 14271 56937 56940 56931 56945
 56945 56945]
14 [ 2890  3612  4472 20513 10648 17609 56932 42415  5595  5226  2972 11211
 11117  4105 54001  6151 13441  6226  5224  1926 56932  2890 22961   504
 10621 11531 56931 56945 56945 56945 56945 56945 56945 56945 56945 56945
 56945 56945 56945 56945 56945 56945 56945 56945 56945 56945 56945 56945
 56945 56945]
25 [ 5226 13554 11211    12 56932  6196 12913 32899 11211 11673  2809 56946
  5137 10621  5137  5226 11120  5404 10067  7249  3612  4472  5138 11211
 13280 44153 13821  1925 56946 56931 56945 56945 56945 56945 56945 56945
 56945 56945 56945 56945 56945 56945 56945 56945 56945 56945 56945 56945
 56945 56945]
13 [ 5226  5224  5009  4472  8493  9888  7626 56932 11120 15474 14442  6750
 11211 56946 13487  6151 13822 12063 56932 11633 11120 23354  4472 10766
  4562  8874  5226  8493  1618 36610 10621 11120  1759  4562  3330  8630
 34756  5224  3185 56931 56945 56945 56945 56945 56945 56945 56945 56945
 56945 56945]
