25 [10621  5534  8294 11211 12764  1659  5226  6086 12015 56946 12407   762
  1925 10067 16950 56932 14260  1240  9840   799  5226    13  6086 11211
 12764   375 56946 56932  9591  6151 10767 10621  3564 10067  7238 56931
 56945 56945 56945 56945 56945 56945 56945 56945 56945 56945 56945 56945
 56945 56945]
4 [14201  1240  9047  6151 22491  5617 56940 11122 13171 13716  1958 56940
 56932 10621 12889 12764  8321  5249 11120 11374  2700 56932  6118  4472
 11120  9849  5654 11211  1240 10145  4693 10067 11255 56942  4472 13330
 56932  5224 11950  4472  4151  4290  1791 56931 56945 56945 56945 56945
 56945 56945]
