40 [ 5224  9307  4177  4472 12340 11449   425 14675  5226  2555  5224   270
  5226  8689  4472   381  3654 56934  3861 14131  4759  3144 56932 12578
  8183  9859 56939 56935 56932  4246  5226  5047 56932 11120  7253 14088
  4472  5441 12290 11211 13851  5904 15377 56931 56945 56945 56945 56945
 56945 56945]
33 [ 4562 11120 10117  4472 11211  5224  7581 56946 13171 10621 56946  8871
 56932  5224  6516 10067   653  1240 19329  5224 16586 12407 56940 12033
 56940  4472 15040  4604 11122 11211  5226  1231 11950  9297  5804  5234
  8876 10050 56946 19944 56946 56934 13386  5226 56942  2340  5224 32313
  5226  2890]
