17 [ 5226  1156  6151 10442 56932 11120 13107 12210  8666  5224 56946 56932
  8630 11211  5226  4049  1240  5821  2890 12362 10067 56946  5226 11669
 12675 11762 56931 56945 56945 56945 56945 56945 56945 56945 56945 56945
 56945 56945 56945 56945 56945 56945 56945 56945 56945 56945 56945 56945
 56945 56945]
20 [11120 15407  1095  6197  7780 56946  6367  4562  5804 10624  4472 11120
  7384 10621  7780 12720 11211  5224  1651 12764 56946  5226  3765  4472
  3204 56931 56945 56945 56945 56945 56945 56945 56945 56945 56945 56945
 56945 56945 56945 56945 56945 56945 56945 56945 56945 56945 56945 56945
 56945 56945]
