6 [ 3623  1231 15472  4562 15116 11211  4585 13171  8448  4472  5804 56946
 11211  4472  4151 13864 56931 56945 56945 56945 56945 56945 56945 56945
 56945 56945 56945 56945 56945 56945 56945 56945 56945 56945 56945 56945
 56945 56945 56945 56945 56945 56945 56945 56945 56945 56945 56945 56945
 56945 56945]
11 [56940 11120  8879 12764  5240 12672  6205 13371  5224 44537 11211   373
 12752 56932 10954 11211  5240 12135 10067 13496  4472 11120  3806 56931
  1233 11120 14602  4472 11120 13553 12731  5226 13450  4472  8879 10621
  4472  8596 56942 11804  5226 10960  8879 14067 11211  5529  5488  8155
 12764  8540]
