6 [56940 13386  9948 56932 11122  3269  5240 11211  5224  1437  2792 15145
   983  6779 13396  1231  2204 10621 13396 11120 12815  5432 56940 56932
   730  5224  8965 10849  1909 56931 56945 56945 56945 56945 56945 56945
 56945 56945 56945 56945 56945 56945 56945 56945 56945 56945 56945 56945
 56945 56945]
33 [15058  6151 11120  8494  3548  4472 19063 10621 15853  5226 11120  7693
  5226  4151   514 11970  4472  1231 11150 56932  5224 56946  1759 11211
 56940 12764  1240  8057  3260 56121 56940 10621 11211  4125 15009  6151
  7325 56940 13974  4472  2890 13152  7410 56940 12627  9840 10809 10267
  4992 56931]
12 [ 5224 15038  4472  2828  1240  5151  5226  2890  3719  5226 11211 15520
 14190    77 12559 14315 56932 11664  7868  8493 13675 15100  1231 15459
  5240  8803 13396 14442  5224 56942 13396 14108  4472 11120 13553 10621
  2890 56942 13396 14108 11204  1231 13269 10067 10778 56931 56945 56945
 56945 56945]
