5 [ 5224 11575  5240  2890  1136  5226 10341 10621 11279  4562  5224 13212
 10067 15412  8704 11211 10507 13396  5224  5309 56931 56945 56945 56945
 56945 56945 56945 56945 56945 56945 56945 56945 56945 56945 56945 56945
 56945 56945 56945 56945 56945 56945 56945 56945 56945 56945 56945 56945
 56945 56945]
48 [ 4562   340  4472 11536 56946 56934 56946 56935 56933  7872 13985 56934
 56946 56935 10621  7412  6894 56934 56946 56935 56932  4472  7371 12743
 56932  5804 14765 10067  3612  5047 11117  4286 13396 12645  6151  5804
 11157  4472 13439 11211 13323  5224  9541  4562  8373  4472 13822  5574
 18350 56931]
0 [ 6927  4472    52  5788 13396  7449  2890 17406  6151  2740 10291  5390
  5804  4679  4055  4472  2732 10621 11120  7316  4472  6001  6151  1352
  6151 17051  5224  7249  1673  5432 11211 11066  5226  1231 22515 33319
 12297 11120  5265  4472  9214 12297  1018  1240  5796 10291 37228  5226
   425  1578]
14 [ 1925  9283 56942 56932 13396 11122 13554 56932 11117 56946  1925  8871
  9394  9939  5226 10341 56932  9000 56932  5226  1490 13440 56932  1240
  6760  4472  2890 28721  5226 10107 10855  4472 11120  5918 11211  6118
 11197  5092 11211   229 12407  5267  4472   535 56932 12889   375  4562
  5224 13803]
20 [11120  4836 10067  2792  9222  1694 56940 43560 56940 11211  1723 15145
  5224  6319  4562  5224 13343  4472 24285 13171  5331 10067  1926 10621
  4721  6151  5804 14331  4472  1231  9541  6151 56940  2188  8493  3174
  4472 10107  3432 10621 11120  9927  1893  4472  4151   713  5226  5224
  1926 10067]
