13 [ 5804  6523  8153  4472  3637  1240  8588  5226  8663 13554  5859  6151
 13822  8721 13371 11120 12759 15107 56931 56945 56945 56945 56945 56945
 56945 56945 56945 56945 56945 56945 56945 56945 56945 56945 56945 56945
 56945 56945 56945 56945 56945 56945 56945 56945 56945 56945 56945 56945
 56945 56945]
3 [ 8552  6151  1231   455  5226  5189 56934 56946 56935 56932  4562  2890
 12168  4472  8303  4472 13686 56932  3387  1925  8288  2729 10621 36874
  6151  1231 18096  1431 56932  5224  6145 13732 56932 11211 42317  5226
 12433 10067 13085 56934 56946 56935 56931 56945 56945 56945 56945 56945
 56945 56945]
20 [ 5224  6251  4472 13223 12387  2986 11515 56932  4562  5615  4472 11616
 10621 10025 56946 13396  1231  5632  1329 10621 14869 56931 56945 56945
 56945 56945 56945 56945 56945 56945 56945 56945 56945 56945 56945 56945
 56945 56945 56945 56945 56945 56945 56945 56945 56945 56945 56945 56945
 56945 56945]
29 [56940   603  6151 11120  4988  4562 11120  4188  3288 11211 12171  7782
  8823 56931 12764  5240  2890   821 18068 10291 10809  5226  5804  1304
 56932 11122 56946  4472 12024  7147  1233  7016 56940 56932 11499 56931
 56945 56945 56945 56945 56945 56945 56945 56945 56945 56945 56945 56945
 56945 56945]
23 [ 5224 10778  4472  5804  4976 56932 11120 13362 56932 49245 14203 10621
  4670 10291  8959  4472 11765  4161  5224  7261  8057 11211  1231  5329
  8291 11120  7811  4472 11122 11211  1240  4868 10067  2689 56942 10621
 12407  3058  4472 14234 15083 11211  1240 49077  8448  4472 56942  7961
 56931 56945]
14 [ 1424  3245  1040 11211  4125 56940 12407  1811 56940 15023  1231 56940
 56946 56940  6390  4562  1402  7427 56931 56945 56945 56945 56945 56945
 56945 56945 56945 56945 56945 56945 56945 56945 56945 56945 56945 56945
 56945 56945 56945 56945 56945 56945 56945 56945 56945 56945 56945 56945
 56945 56945]
24 [ 6299  5226  7809  6151 11120  1255   922 11211  5226  5224  6319  5692
 56932 56940  4562 11673 12031 12764  1240  7709  4530 56932 10621 12024
 21784  5240 12407 37419 56940 56931 56945 56945 56945 56945 56945 56945
 56945 56945 56945 56945 56945 56945 56945 56945 56945 56945 56945 56945
 56945 56945]
8 [ 1723 10621   140  4098  5226 11966  3213 56940 12161  4472  7903 56940
  1925 15316  4472  7891  4472 11120  3046  4472 56942 56931 56945 56945
 56945 56945 56945 56945 56945 56945 56945 56945 56945 56945 56945 56945
 56945 56945 56945 56945 56945 56945 56945 56945 56945 56945 56945 56945
 56945 56945]
16 [ 7444 10336  7780  2729  5226 14390  2890  2445  4472 10732 10291  7642
  1231 13450  1106 10621  9636 56932 15023    52  6154  5226 56942  2890
 12362  5226 13822 13767 14909 10067 56942 13396 14108 56932  4161  5804
 56942 11804  4472  5699 56932 14691   217  1231 13488  9823 56932  5513
 13788 56931]
47 [ 5224  9243 18024 54591 14773  5226  1231  1800  5226 22947  4562  2890
 56946 56932 56946 10621 56946  1633  5224  6897 56946 56946 10621  5226
 11120  8458  4472  2858  5816  1240  8944  6151 11120 14754  7582 13396
  5804  3947 12140 12338 10621  4345  1725 56932 11211  6151  1231  5995
  1240  7780]
49 [ 5226 11120  3252  4472 11120 13439 12348 56932 13905 15201 11211  5172
  4472 10076  4472 38649  2890  3430  5226  5224 11211  5224 56946  6792
 13822  1088 20703 56932  4472  4151 11211  6950  3971 10722 56932 14260
  4693  4151 10978  6151  5804  7568 13801  4472 11120  6462 11211 54613
  1231 13870]
9 [56940 10644  9925  5240 12407  9158 10621  2622 13822  2368 56940 56932
 15061 56931 56945 56945 56945 56945 56945 56945 56945 56945 56945 56945
 56945 56945 56945 56945 56945 56945 56945 56945 56945 56945 56945 56945
 56945 56945 56945 56945 56945 56945 56945 56945 56945 56945 56945 56945
 56945 56945]
21 [11120  9654  4472 11120  5001  3703  7780  9312 11120 14768  5748  6151
  9687 13396  5224   413 13661 56932 11211  5226  1231 13844  4472 12948
 10627  2890  2047  5226 15276 10067  6336  9586 11191 56932 12475 13371
  8099  4993  4472  3572 56932  5226  5224 11211  4665 13371  5860 56942
  6361  4472]
31 [56940  5226  9660 56932  5224 10246 56946  7845  6667  1231 13734  4472
  5390 11120  5158  4562  5224 11203   344  9672 56932  8630  3072 13629
 56932 11203 13665 56932  6667  1231 11093 14299  1633  5224 10102 56946
  4067 56940 56932  1964  3119 56931 56945 56945 56945 56945 56945 56945
 56945 56945]
15 [56940 12764  5240 13396 13351 56931  5240 14260  4562  5224 56946  2662
  6151 12735 12024 19488 56940 56932 15648  4562 11120 25691  4472  8993
  5224 56940 14505  6269 56940  4472 11120 10056  1217 56931 56945 56945
 56945 56945 56945 56945 56945 56945 56945 56945 56945 56945 56945 56945
 56945 56945]
23 [56940 11120  3174  5685 12764  1240  8761  5224 10975  4472 12749 12031
 10621  4472 10241 11211 56932  4562 10636  2379 56932  4562  6373  6423
 10621  4562 11120  4073 13896  1925  5071 56932  1469   307 56940 56932
 11020 56931 56945 56945 56945 56945 56945 56945 56945 56945 56945 56945
 56945 56945]
9 [ 5781  8993  4033  8865  4472 12479 10291 15513 13822  3170 56931 56945
 56945 56945 56945 56945 56945 56945 56945 56945 56945 56945 56945 56945
 56945 56945 56945 56945 56945 56945 56945 56945 56945 56945 56945 56945
 56945 56945 56945 56945 56945 56945 56945 56945 56945 56945 56945 56945
 56945 56945]
15 [ 4151 11376 10067 12122 10621 10067  5692  4473  6678 56946   217  4562
 13822  7083 10621  8643 11120 11140  4472 11120  7261 10067  8876  5972
  4472  2675  4472 11120  8129 56931 56945 56945 56945 56945 56945 56945
 56945 56945 56945 56945 56945 56945 56945 56945 56945 56945 56945 56945
 56945 56945]
14 [ 6372  4472  6373 15562 13171 11254 56932 11120 13809  5240 11120  2064
  4472  6905  7122 56931 56945 56945 56945 56945 56945 56945 56945 56945
 56945 56945 56945 56945 56945 56945 56945 56945 56945 56945 56945 56945
 56945 56945 56945 56945 56945 56945 56945 56945 56945 56945 56945 56945
 56945 56945]
14 [ 5217  5280 56932  9198   848  3260  1340 11211  1000  1996 22502  1661
 10621  1996 25215 12033  4562  5804  4472  5513  1384   848 14524 56946
 56932 13371 12764 15145  5224  4339  4561  4562 11120  7182 10621 11673
 12360  5226  5224 10620 14802  4472 11211 56946  6574 10621 11211 10267
 11950  2986]
22 [10529 56932 27527  4472  9158 56932  5240 41007 13396  2188 18013  6151
 11120 17871  4472  1231  8844 46516 56932 32334  5226  1231 56946 56931
 56945 56945 56945 56945 56945 56945 56945 56945 56945 56945 56945 56945
 56945 56945 56945 56945 56945 56945 56945 56945 56945 56945 56945 56945
 56945 56945]
21 [ 9000  5224 14687 13171  3269 11861  5226 13933  9916  4151  9566 12167
  8493  1004 11211  4151  8865 14933 10381  9458  1231  3933 56931 56945
 56945 56945 56945 56945 56945 56945 56945 56945 56945 56945 56945 56945
 56945 56945 56945 56945 56945 56945 56945 56945 56945 56945 56945 56945
 56945 56945]
22 [56946 56932  5226 12328 56932  7212 14915 14315  8493 10177 11028 15447
 10621 13396 13290 11270  5226  5224  7532  2106  4472 13822  6557 56931
 56945 56945 56945 56945 56945 56945 56945 56945 56945 56945 56945 56945
 56945 56945 56945 56945 56945 56945 56945 56945 56945 56945 56945 56945
 56945 56945]
6 [ 8596 12673  4125 12012  4472  1231  6290 56931 56945 56945 56945 56945
 56945 56945 56945 56945 56945 56945 56945 56945 56945 56945 56945 56945
 56945 56945 56945 56945 56945 56945 56945 56945 56945 56945 56945 56945
 56945 56945 56945 56945 56945 56945 56945 56945 56945 56945 56945 56945
 56945 56945]
