1 [56940  5240 12246  2738  3336  6151 11120  7440 10067 10620  4472  8373
   848   420  3861  4472  4842 56940 56932 15201 14418 56932 13386 11499
 11211   753 11211 12676  6151 11211  1240  4635  4151  1746  7956  5804
  1610  5226 11120 11259 10366  1217 56934 56942 56935 10621 11120 14277
 10067  4842]
11 [10291 11211 11120  8008 10067  6710 12764  1240 56946 56932  7811 13261
 14855  4472 11981  4472  1231  1437 10621 11211  1240  5162 10291 15232
 56931 56945 56945 56945 56945 56945 56945 56945 56945 56945 56945 56945
 56945 56945 56945 56945 56945 56945 56945 56945 56945 56945 56945 56945
 56945 56945]
13 [ 9000  4562 32617 18718  5804 35991 10621 13396 11674 14855  4472 24499
  7709  2529  3245 11603 56931 56945 56945 56945 56945 56945 56945 56945
 56945 56945 56945 56945 56945 56945 56945 56945 56945 56945 56945 56945
 56945 56945 56945 56945 56945 56945 56945 56945 56945 56945 56945 56945
 56945 56945]
