36 [  217  5226 11950 56932 12764   753  5995 20197  4472 14914  4136 11211
 12764  2050  9394  7969  4472  5916 11690  3828  5224 13256 11122  6722
  6226 14931 11211 17490 19370  5856 11554  6151 56946  4562  8493 37077
  8786  6151  5804 14543 56931 56945 56945 56945 56945 56945 56945 56945
 56945 56945]
49 [40658 56946 56932  8262 10621  8771  4472 12424 15780  5708 56932 15201
  6151 14196 11211 56940  5224 56946  7780 12355  1920 56932 10291  5804
 43127  8871 36538 56932  8493  7626  7811 12297 12213 10471 10067  9541
 12297 10621   217 14694 13171  4007  4562 15426 56932 14746  1606 56932
 10621 14578]
27 [ 5543  9445 56932 15058  6151 23309 56932 11211 11122 11211  4026 11211
  8606  6905  7396  5240  5487 56940 15647 56940 10621  1603 11211 12342
 12171 17182 56940 56946  1925  7238 56940 56931 56945 56945 56945 56945
 56945 56945 56945 56945 56945 56945 56945 56945 56945 56945 56945 56945
 56945 56945]
27 [56940 11120  3174  5685 12764  1240  8761  5224 10975  4472 12749 12031
 10621  4472 10241 11211 56932  4562 10636  2379 56932  4562  6373  6423
 10621  4562 11120  4073 13896  1925  5071 56932  1469   307 56940 56932
 11020 56931 56945 56945 56945 56945 56945 56945 56945 56945 56945 56945
 56945 56945]
