8 [11120  4687 25440 10333  5226  3421 31486 11211 14811  5331  5224  7057
  4472 11120 33651  9823  4472 11120  5956 56931 56945 56945 56945 56945
 56945 56945 56945 56945 56945 56945 56945 56945 56945 56945 56945 56945
 56945 56945 56945 56945 56945 56945 56945 56945 56945 56945 56945 56945
 56945 56945]
10 [ 2890  6203  4472  5804 56942  9251 11211 14423 14734 13396 12712 10540
  2149 56932  8777  8493  5595 11211  3367  5226 13171  4472 56942 56946
 11120 11160 56931 56945 56945 56945 56945 56945 56945 56945 56945 56945
 56945 56945 56945 56945 56945 56945 56945 56945 56945 56945 56945 56945
 56945 56945]
33 [11120  7833  3727  5240  8493  4986  1570 10621 56946 11211 13938 13822
  2494 11197 10621 13822 56946  3307  1925 13588  4472   425  2507  4472
  9518  3027 56946  5226  5224 11211  4868  7147  4472  5506 56932 12764
  6950  5226 13579 56932 11120  4687 10789 56931 56945 56945 56945 56945
 56945 56945]
34 [ 5224 16446 12764 10577  2529 27825 56932 10954 17654 56933  5224 56946
   848  8835  5240    19  3269  3933 11211  4962 11120  3745  5226  2983
  4273  4472 10374 11211 56932 13396   919 14251 56932  5246  2426 54010
 56931 56945 56945 56945 56945 56945 56945 56945 56945 56945 56945 56945
 56945 56945]
