20 [ 5226  2890 13615 56932  5224 10327  2355  9445 11211  5224  8033 10611
  8468  1723 10621  1877 13732 56932 11211    85  7529  5226 56942 10621
 11211  8902 12121  6151 11120 15582  4472 11120  3174 56946 56932 56940
 12764  6913 14399  4472  5229  2618 10611 11120  9745 15921  4472  8851
  5510 56934]
18 [11120 13171  4415  5240 44477  9202  8208 56932  4472 56942  5137 10621
  4472  7313   583 56932 11211    85 25403  4472 13822 10685  5226  5224
  8435 56932  1618 10621  1216 56932  7868 15648 11120 13724 10067 15175
  4472 45127 56931 56945 56945 56945 56945 56945 56945 56945 56945 56945
 56945 56945]
