5 [ 1925 15168  3245  1240 37737 13716 11360  4472    97  4472 22828 56932
 56946 10621 56946 56931 56945 56945 56945 56945 56945 56945 56945 56945
 56945 56945 56945 56945 56945 56945 56945 56945 56945 56945 56945 56945
 56945 56945 56945 56945 56945 56945 56945 56945 56945 56945 56945 56945
 56945 56945]
2 [12764 14939    20  2890 12675  4814  5226 13732 11211  5226 11877   848
  5226 11986 56931 56945 56945 56945 56945 56945 56945 56945 56945 56945
 56945 56945 56945 56945 56945 56945 56945 56945 56945 56945 56945 56945
 56945 56945 56945 56945 56945 56945 56945 56945 56945 56945 56945 56945
 56945 56945]
16 [11120  9011 14571 11562  5226 10778 10067  5576 56932  9000  5224  3612
  7682  5061  1231 14390 14939  6551 10621 56932 15023  2678    82  1633
  5224  9080 13012 56934 56946 56935 56932   373  6151 14777 13349 10067
  9102 56932 11120 12673  5532 11211 13008 10067 38963  6151 27155 10621
  4685  4472]
21 [ 5226  1490 13440 56932 11120  3561  5240  2890  4518 46357 56932 10621
 56932 13371 18557 11211  4151  6978  1240  1396  2571 19560 56932 11120
  2142  5207  7780 12351  4472 11120  6272 11786 13371 10291  4425  3561
  7671 56931 56945 56945 56945 56945 56945 56945 56945 56945 56945 56945
 56945 56945]
0 [ 5240 13171 56932 11120 12297 11732  2106 12297 10014  6151  2529  8493
 12297 11732 12149 12297  4561  6151  6221 11120  3935 56931 56945 56945
 56945 56945 56945 56945 56945 56945 56945 56945 56945 56945 56945 56945
 56945 56945 56945 56945 56945 56945 56945 56945 56945 56945 56945 56945
 56945 56945]
