6 [ 5224 12687  4472 11120  4431 13346 11562  1925  5078  4472 11211 10442
  7780  1266  5226  1231 56942  7977  4472  5566  3676  1591 56932  5226
 11120 11369 13171  2748  4472  1231  7645 56932  5116  4472  5089 10621
   571 14956 10621 10703  5226  5804  9315  7254 56931 56945 56945 56945
 56945 56945]
2 [11120   661 13050  6151 56942 56932 13478  5804 11211 11122  4563   880
 10621 11211 12764  4585  4700 13396 10025  9138   848  9824 56931 56945
 56945 56945 56945 56945 56945 56945 56945 56945 56945 56945 56945 56945
 56945 56945 56945 56945 56945 56945 56945 56945 56945 56945 56945 56945
 56945 56945]
4 [ 1240  9028 11211  1240 30999 13171  4472 56942 12535  6151  4151  4290
 56932 11211  1240  2033  5224 12675 11950 11211  5224  1428  5234  8876
  9230 56946 56946 56946 56942  5137 56931 56945 56945 56945 56945 56945
 56945 56945 56945 56945 56945 56945 56945 56945 56945 56945 56945 56945
 56945 56945]
14 [56946 10621 56946  6151  1447  3667  4472 11120  3752 56932  9000  5804
  3536 12764  1340  5226 14662  6151 11120  6670 56933 11120 56946 56931
 56945 56945 56945 56945 56945 56945 56945 56945 56945 56945 56945 56945
 56945 56945 56945 56945 56945 56945 56945 56945 56945 56945 56945 56945
 56945 56945]
16 [56946 10621 56946  6151  1447  3667  4472 11120  3752 56932  9000  5804
  3536 12764  1340  5226 14662  6151 11120  6670 56933 11120 56946 56931
 56945 56945 56945 56945 56945 56945 56945 56945 56945 56945 56945 56945
 56945 56945 56945 56945 56945 56945 56945 56945 56945 56945 56945 56945
 56945 56945]
19 [ 5226 11669  7532 56932 11120 56940  9875 56940 14204 13822  3243  4649
  5534 26605 56932 56946   848 54916  1240 56946  6151  8244  4161  5224
 10855  4472 11120 18507 56946 56932 12889  5226  5224    13  5689 14866
 11122 12754  5226  5804  3758  4472 56946   848 56946 56932  4518 56946
 13396  8995]
10 [  424 14906   297  2890 12362  5954 10067 56946 56932 10621  8783  1925
 13343  5226  4932  4472 15643 11352 56931 56945 56945 56945 56945 56945
 56945 56945 56945 56945 56945 56945 56945 56945 56945 56945 56945 56945
 56945 56945 56945 56945 56945 56945 56945 56945 56945 56945 56945 56945
 56945 56945]
30 [ 5224 56946  7198 10703 56932  9000 17589  1148 14802 56933  5224  5738
 56932 53746 10621 56946 13371 14914 13396  5804 22334 11211 11236  4472
  1231 56946 56946 56932  6950  1240 18541  6151  1168 12675 10621 12764
 37879    13 12479 11211  5224  4472  1231 12759  8284 56932 11372 14102
    19 13277]
