7 [11120 10056 14773  6151  2740 10621  1240  4338   217  6151 11870  5226
 11120 15569  4472 11120 13172 10067  1926 56932 11211  1645   420 15229
 56931 56945 56945 56945 56945 56945 56945 56945 56945 56945 56945 56945
 56945 56945 56945 56945 56945 56945 56945 56945 56945 56945 56945 56945
 56945 56945]
8 [10291 11211  5224  4885   375  7894 14204 11211 56946  6151 13649  9339
 28394  2861 12171  4413    52  2890  1566  4472 13171  4472 56942  5263
  8630 45396 10621 10267  3421  1362  2967  2890 12413  4472 14378 10013
 56933 10267 14777 56932  8503  4472  8834 56931 56945 56945 56945 56945
 56945 56945]
6 [ 5224 13723 10208  6695 14204 11211 13798  1793  4562 17998  6151  4151
  8155 11211 56946  6151  5513 56946 56932  3951 11581  2462 13532 10621
 12909 10172 15341 56931 56945 56945 56945 56945 56945 56945 56945 56945
 56945 56945 56945 56945 56945 56945 56945 56945 56945 56945 56945 56945
 56945 56945]
20 [ 5224  9211  5692  4472  9786  6005  6151 42373  4472 22803 56940 13371
  1523  4472 13894 56940 11211  5224 14687  1240 28897  6151 11120    26
  5226  5804  3587  4472  4670  4472 11120  2894 56931 56945 56945 56945
 56945 56945 56945 56945 56945 56945 56945 56945 56945 56945 56945 56945
 56945 56945]
9 [ 1925  9283 56942 56932 13396 11122 13554 56932 11117 56946  1925  8871
  9394  9939  5226 10341 56932  9000 56932  5226  1490 13440 56932  1240
  6760  4472  2890 28721  5226 10107 10855  4472 11120  5918 11211  6118
 11197  5092 11211   229 12407  5267  4472   535 56932 12889   375  4562
  5224 13803]
5 [ 5224 10819  4472 56946  7780  6253  4472 11673 14208  6151 11120 12135
 10884  4472 11120 56940  2809 11515 56940 56931 56945 56945 56945 56945
 56945 56945 56945 56945 56945 56945 56945 56945 56945 56945 56945 56945
 56945 56945 56945 56945 56945 56945 56945 56945 56945 56945 56945 56945
 56945 56945]
5 [11120  6067 10067 14687  7780 11087  1925  4760 11211  1240 12441  5226
 13732  4472  5804 56946  8612 56931 56945 56945 56945 56945 56945 56945
 56945 56945 56945 56945 56945 56945 56945 56945 56945 56945 56945 56945
 56945 56945 56945 56945 56945 56945 56945 56945 56945 56945 56945 56945
 56945 56945]
3 [11120 11602  7780  4869  6151   420  8155 56932  4562  5393 13396  3215
 10621  3170 56932 11211 56946  7821 10291 15513 13822 14436 10621 11211
 15083  5804 13758   848 56946 13396  2890  5443 10067  5765  8910 10067
 12037 10291  1838 56931 56945 56945 56945 56945 56945 56945 56945 56945
 56945 56945]
29 [15648 11211 13371  1969  4125 11120  7316  4472 11263  4562  5224   776
 56932 11211    65  4151 15271  6072 56932 56946  4562  5804 15370  4472
   424  5076 10621  4472   826  1132  6151  2890 14399  4562  8025 56931
 56945 56945 56945 56945 56945 56945 56945 56945 56945 56945 56945 56945
 56945 56945]
