1 [50191 56946  1925  6542 15884  5212 56931 56945 56945 56945 56945 56945
 56945 56945 56945 56945 56945 56945 56945 56945 56945 56945 56945 56945
 56945 56945 56945 56945 56945 56945 56945 56945 56945 56945 56945 56945
 56945 56945 56945 56945 56945 56945 56945 56945 56945 56945 56945 56945
 56945 56945]
8 [ 3863  5831  8650  5226 14842 10621  1231  3852 47888  4472 10768  6151
 11120 14623 10067   940 56931 56945 56945 56945 56945 56945 56945 56945
 56945 56945 56945 56945 56945 56945 56945 56945 56945 56945 56945 56945
 56945 56945 56945 56945 56945 56945 56945 56945 56945 56945 56945 56945
 56945 56945]
9 [13280 56942  3861  1240 11856 11211  7295  1706 12007  4437  6151 15050
 56932  4670 11211  5668 12764 13037 10621 11211  6689  4472  2637  7896
  8493 14564 11593 56931 56945 56945 56945 56945 56945 56945 56945 56945
 56945 56945 56945 56945 56945 56945 56945 56945 56945 56945 56945 56945
 56945 56945]
35 [ 5224 56946 15919 26690 14817  9541  4472  2890 17789 56932  5224 56946
 16474 56946 56932  5224 10246  2067 10621  5224 24168 56946 19592 30705
 29193 56932 13478 25713 56932 10291 11211  5804 15364  4472  3229 56946
 13396 56946  6151  5804 56946  4472 13998 56931 56945 56945 56945 56945
 56945 56945]
3 [ 5224 14479  4794 11875  6151 56942  5574 56932 10611  5804 11211 14504
  5224 19286 14012  8453 56946 56946 56932  4147  6197  4472 11120   612
 11211 11117  6870  2890  7977  8815  4472  5804  1789  4472  6480 56931
 56945 56945 56945 56945 56945 56945 56945 56945 56945 56945 56945 56945
 56945 56945]
2 [56946 10621 56946  6151  1447  3667  4472 11120  3752 56932  9000  5804
  3536 12764  1340  5226 14662  6151 11120  6670 56933 11120 56946 56931
 56945 56945 56945 56945 56945 56945 56945 56945 56945 56945 56945 56945
 56945 56945 56945 56945 56945 56945 56945 56945 56945 56945 56945 56945
 56945 56945]
4 [ 1793 56932  5804  2402 51260  6151 10025 56942  1046  5226 11120  6264
  4472  3705 56932 11211 25612  6151  9550  7149  5226   683 14378 10013
 56931 56945 56945 56945 56945 56945 56945 56945 56945 56945 56945 56945
 56945 56945 56945 56945 56945 56945 56945 56945 56945 56945 56945 56945
 56945 56945]
8 [ 5224  8876  9230 23358 56932 56946 56946 56932 56946  6151 10442 13396
 56946  1231  1870  6151  7178  1925  2710 10621 11120 14678 10067  5234
 15442 56931 56945 56945 56945 56945 56945 56945 56945 56945 56945 56945
 56945 56945 56945 56945 56945 56945 56945 56945 56945 56945 56945 56945
 56945 56945]
13 [ 5226  1316 56932  8630  9302 13396 11120  6962 56932   683 56946 12764
 11138  1283  6151 11122 11211  1013 13822 14543  2861 56940 56936 13691
  5240 56943 56937 56940 56931 56945 56945 56945 56945 56945 56945 56945
 56945 56945 56945 56945 56945 56945 56945 56945 56945 56945 56945 56945
 56945 56945]
16 [11120 30844  4472  1489 56932 44999 27051 56932   730 11211  4151 56946
  4472  3432  5226  2551 56946  6151 56942  8155  5226  5754 56932 56942
  5226  1906 56932 56942  5226  5224 13804 11096 56932 56942  5226  9161
 56932 56942  5226  3931 56932 56942  5226 11120  5956 14100 56932 56942
  5226  1884]
2 [ 5224  9699 56946  6151  5831   553  5226  1231  5187  4472   378  8493
  4722  4472  8973    97 10621 11949  3775  1231  2415 56931 56945 56945
 56945 56945 56945 56945 56945 56945 56945 56945 56945 56945 56945 56945
 56945 56945 56945 56945 56945 56945 56945 56945 56945 56945 56945 56945
 56945 56945]
