8 [12764 46820  5226 11120   694  4472 56946  9792 15692  6151  1231 12536
 56932  5226 11120 11211  5224 11697  7423  9243  1240 49178 13371  2890
  4154  2904 10621 45317 56932 11372  7053  6151  5804  5052 23532  4472
 11120 14623 10067 11783  4569 56932  6437  5226 10512 56931 56945 56945
 56945 56945]
15 [13554  5804  3434 13371 13822 22392 20968 11211  1240 14444  5319 56932
 10621 25724  8493  7442  6151 11120 29718  4472  5804  6523  4472  8281
 10291 13853 56946 13171 13554 11120 10767 10468 11211  1240  4473  4472
  5804 10758 13371 11120 14964 10067  3172    59 56931 56945 56945 56945
 56945 56945]
