44 [56946  1749  5226 11120  5288 12689  4472 11120  6686 15268  4472  1163
 56934  9879 56935 56932 11211  1240  4868  6151  9687  5226 11120  5918
  4472  3222 56932  3828 11499 11211 56932  1925 10946 15017  4151 14729
 11959  5226  5224  4842  4472  8849 56932 56940  5240  8493  2415  5534
 12703 10130]
14 [ 5534   577  8964  4472 14923  7738 56940  6196  9840 12350 13371 12342
 56940 56932  5240  8493  7525 56573  4472 11211  5224  7738  7780 13848
  5224  9338 13171  3058  4472 13478  2861  5224  9527  4472 11120 21710
 56931 56945 56945 56945 56945 56945 56945 56945 56945 56945 56945 56945
 56945 56945]
19 [56940 11090 11211 14900 11120 13097 13371  1601  4472  9540 56931 12764
  1240  6760  4472  4831  3260 56932 11664  5240  8493 14804 11211 14915
 14315  5848  3899  4151  7374 11211 42726  4472  6256  6151  4151  1539
  4043 56940 56932 15201 12778  6151   424   413 56932  9650  4472 11211
 56940  1240]
9 [ 5226  8857  1602 56932  5224  4760 12826 11211  7537  5240 56940 14931
 11813 14807  4472 15564 56940 11120   779  4472  6387 56932 11211  1358
 13371  2776 12033  4472 11120 12596  4161  1231  7561 56932  5226  8853
  4472 56942 56931 56945 56945 56945 56945 56945 56945 56945 56945 56945
 56945 56945]
46 [ 5224  2792  4472  3162 56932 11211 12948  2313  5224  8033  4562  5224
 51563  4472 11046  3266 56932  4044  6151 11120 11752  4472  1305 10621
  5634 56932 10621 14576 11211 11120  2684  4472  5314  6151  1231   653
 28093  2890  9591 12152  5226 11120  7182   635 56940 14260   229 11120
 11093  1004]
2 [ 5224 30057  5240 12672 12407  1529 10621 12764  7709  9406  6151 11120
   128 56932 10621  5804 56946 12013  4472 11120 13715  4472  1231 10177
  2861  5224 30057  5240 10291  6221 11120  7626 56931 56945 56945 56945
 56945 56945 56945 56945 56945 56945 56945 56945 56945 56945 56945 56945
 56945 56945]
10 [ 1925   273 10621  1925  9687 56932 13371  5224  7330 12764  5240 13171
 11211  5224  3297 15445  4472 11120  5319  5226  5224 11211  5804 13604
  1240 11120  2751 13396  1231  1618 56932  5224 14938  4472  5804 56946
    85 19384  4562 11120 11213 12544  7436  4472 31305  7162 11211 56946
  1231 13893]
