25 [ 5224  8876  9230  5427 56932 10502  5264 56932  1132   217  9544  6151
 16149 56932  3828  1240 56946  4562  5224  2792  9243 56932 10556  2828
 56932  6614 11211  4125  1071 10291   425 14675  5226 11067 56932  8290
  7802 10067  1094 10067  8699  9243 56931 56945 56945 56945 56945 56945
 56945 56945]
0 [56946 15201  1925   413 56940 11497 56940 11211 11120 10957 12764   402
  5226  9379  8445  5226 13822 10804 56932  8630 11120  8945  8212  5224
  9591  4472 11211  5224  2197  5078 56932  9591 13280 11970 10621  4161
  4550 12764 12846 56932 14190  2529  8493 56940 56946  4403 56940 56931
 56945 56945]
