14 [12015 13126 15223 11211 56946 56932 12889  6151  2814 12764 15145  5179
 15600 10954 14750 24949 56931 56945 56945 56945 56945 56945 56945 56945
 56945 56945 56945 56945 56945 56945 56945 56945 56945 56945 56945 56945
 56945 56945 56945 56945 56945 56945 56945 56945 56945 56945 56945 56945
 56945 56945]
22 [ 5226 15232 10097 56946 18984 56932  8630 11211  5226 12379  5452  1240
 32220  5226  2890 10975  4472  4109 56932 11122 11211 11117  1841 14137
  4472  7238  7376 56931 56945 56945 56945 56945 56945 56945 56945 56945
 56945 56945 56945 56945 56945 56945 56945 56945 56945 56945 56945 56945
 56945 56945]
