20 [ 5804  9839   736  5224  4813  1681  4472   406  4472 56946 10621 11120
   657  5490 13396 56946 56932  4884  8069    85  6656 13396 11120 12613
  9500  6821 56934 56946 56935  4472  2934 56931 56945 56945 56945 56945
 56945 56945 56945 56945 56945 56945 56945 56945 56945 56945 56945 56945
 56945 56945]
43 [10420 56932 13625  2890 21862 13004  7956 11120 10794  4472  2390  8597
 10621 13822  3271 29484 56932  6205 13371  4472  4151  7359 12958  1633
  4151  6505 56946 56932  6151  4151 11211 15201    85   885 11120 14678
  4472  5804 56940  1427 56940 10291  2529  8231 13396 11120  5319 13149
 56931 56945]
19 [11120 11602 14970  5226 11120  2389  2890 12837 10621 12424  8865  7019
  4472  2452   906 11211   209    52  8192 12922 13396  5224  8099 56946
 10291 12173  6151 13822  3434 56931 56945 56945 56945 56945 56945 56945
 56945 56945 56945 56945 56945 56945 56945 56945 56945 56945 56945 56945
 56945 56945]
