27 [56940 11325 27166  5597 10067  2908  4472 16980  8268 56931  6997 11211
 15083  4151  3765 18430 10621  3919 11211  8503 12764  7494 13171 10587
 11211  9483  6151  8606  4472  6226 56940 56932   668   424   948 56932
  8334 13280 56942  5137  5226 14564 14557 56931 56945 56945 56945 56945
 56945 56945]
28 [ 5534  9625 15201 10291 11120  7645  2091 15944  2735  4472  2865 11117
 40187 10067  5138 56932 12764  1240  4125 50529  5529  6151  2890 11640
  4562   893 11211  1240 56946 10067  2052 10067 11554 10291  3142  2890
 15168  7785 56932 10954  6151   577 12407  4643  6151 12342 12675 56931
 56945 56945]
