24 [15520  6667   424   273  4472 12921  8493  6314  4472  5804 10606 15404
 10621  4472 11120  7384 11211   746 14480 11211 56946 13822   153 10621
  2062  6151 15254  4472 11120 11259 12921 56931 56945 56945 56945 56945
 56945 56945 56945 56945 56945 56945 56945 56945 56945 56945 56945 56945
 56945 56945]
49 [ 1925   273 10621  1925  9687 56932 13371  5224  7330 12764  5240 13171
 11211  5224  3297 15445  4472 11120  5319  5226  5224 11211  5804 13604
  1240 11120  2751 13396  1231  1618 56932  5224 14938  4472  5804 56946
    85 19384  4562 11120 11213 12544  7436  4472 31305  7162 11211 56946
  1231 13893]
