2 [ 5224  9328  8642  6347 13171 10621 22806  2890  6480  3233 13802   775
  1231  3304  5226  5224  6480  8658  5226 13554 11211  5224  3612 15169
  8642 34194  5224  6480  5226 13662 56932 12407 19298  8509 11120 11093
 12135 56931 56945 56945 56945 56945 56945 56945 56945 56945 56945 56945
 56945 56945]
49 [56940 11120  8879 12764  5240 12672  6205 13371  5224 44537 11211   373
 12752 56932 10954 11211  5240 12135 10067 13496  4472 11120  3806 56931
  1233 11120 14602  4472 11120 13553 12731  5226 13450  4472  8879 10621
  4472  8596 56942 11804  5226 10960  8879 14067 11211  5529  5488  8155
 12764  8540]
0 [ 5088 37129  2890  9198  5804  3758 14260 12543 12764  1240  9490 30666
 10067  6226 10067 13676  2972 56931 56945 56945 56945 56945 56945 56945
 56945 56945 56945 56945 56945 56945 56945 56945 56945 56945 56945 56945
 56945 56945 56945 56945 56945 56945 56945 56945 56945 56945 56945 56945
 56945 56945]
