23 [15023  2890  2041 10735  5226 11221 56946 10621  4472 10716  1231 13147
  4537 10621 56876  4472  4332  4472 11120 56946 56932  5804 13984 35937
  6151 11981 56931 56945 56945 56945 56945 56945 56945 56945 56945 56945
 56945 56945 56945 56945 56945 56945 56945 56945 56945 56945 56945 56945
 56945 56945]
28 [14931 11744 56932  5240 11122 11211  4770  7454  5226  5224  6173 56946
  4472 11122  9021  5226 11120  2713  4472 56946 10621 56932 12543  2030
 56932  5534  5224  1871  2277  6151 56946  5226  4756  4472 13822  4509
 56932  5226  5224 11943 56946  4472 11120  8290 12135 56931 56945 56945
 56945 56945]
