15 [56940 11090 11211 14900 11120 13097 13371  1601  4472  9540 56931 12764
  1240  6760  4472  4831  3260 56932 11664  5240  8493 14804 11211 14915
 14315  5848  3899  4151  7374 11211 42726  4472  6256  6151  4151  1539
  4043 56940 56932 15201 12778  6151   424   413 56932  9650  4472 11211
 56940  1240]
10 [10513 56932 12024  4136  5240 56943 56932  2216 12002 11149  8606 10291
 56946  5226  5224 43535 56932 11664 21905 11211 12015  1373 40854 11120
  8134 56931 56945 56945 56945 56945 56945 56945 56945 56945 56945 56945
 56945 56945 56945 56945 56945 56945 56945 56945 56945 56945 56945 56945
 56945 56945]
26 [ 8596 11117 52684 56932 12889 12764 13859  4472 12627  9490 18982  1231
    27 11674  4472 11211  6205 12764  1240 56946 56932 14260 15676 11117
  9490  8823 56946  3260 56931 56945 56945 56945 56945 56945 56945 56945
 56945 56945 56945 56945 56945 56945 56945 56945 56945 56945 56945 56945
 56945 56945]
