16 [11120  5474  4472 12101  5226  5804  4393  8373  5137  5226  9379  3421
  2704  7780  8192  4472  7023  4472 56942 13712 56932  9000 14811  2831
  2890  9198  8871  4472 56942  1169 56931 56945 56945 56945 56945 56945
 56945 56945 56945 56945 56945 56945 56945 56945 56945 56945 56945 56945
 56945 56945]
9 [ 5224 13893  4518  9591  1548 33882 10621 56932 12764  5226 13676 15168
 56932 11617  6373  1362 10067 11950  4472 13229 20563 10621 18110 32143
 56931 56945 56945 56945 56945 56945 56945 56945 56945 56945 56945 56945
 56945 56945 56945 56945 56945 56945 56945 56945 56945 56945 56945 56945
 56945 56945]
33 [ 6118  8165 12990 14235 11211  5264  1240 56946  1633  2828  4472 11120
   611 11211  8783  5226  4151  1539  5224  1782 11262 56932 44851 14900
 56932  6151 13386 13897 12898 10067  5072 56932  5226 12135 13396  9292
 13822 13364 15023 11120  5660  5427 10067  6496 56931 56945 56945 56945
 56945 56945]
32 [ 9000  5217 11211  1240  3159 11211  1231 10773  3474  7494  3753 13010
  4472    52  1100 56946  5226  5224   887 56932  5804 13171 56946  1340
 11120  7811  2612 10291  4201 11211 13290  5240  4472 10409 56932 11372
  5226  5224  1702  4752 11372  4550 56931 56945 56945 56945 56945 56945
 56945 56945]
0 [ 4161  4550 56932  9080 10621  9102  1240  4563 22900 14777  2814  5226
 11093 10241 56932  4562  2890 13489  4472   420  9289 10067  2610 12239
 10621 14378 15607 56931 56945 56945 56945 56945 56945 56945 56945 56945
 56945 56945 56945 56945 56945 56945 56945 56945 56945 56945 56945 56945
 56945 56945]
34 [11120  1853  3655  5226  2890 13615 11211  5804  1598 56946  8568 10621
 11294 13517 11120  1955 14526  2574  5179  5224  1229  4472  7252 12728
 56932  3828  1240  4301 10333  4472  1420 56932  5534 56932  1925  6495
 56932  5224 11100  4472  9379 56940 11633 14746 10621  1240  6093 56940
 56931 56945]
15 [14016  7462 10067  8876 56946 10067  9541  9000 56932 12889 11372  4855
  1132  6151 17854  6151  3252 56932 15574  4188  8108  5226  5224  4667
  4562  4188  7057  5226 11120  4953  4472 11120  4988 56931 56945 56945
 56945 56945 56945 56945 56945 56945 56945 56945 56945 56945 56945 56945
 56945 56945]
0 [13396    19 12135 56932 15648 11211 11120  4194  4472  2955  1756  6151
  8782  1240   582  6151 11211  1231 12754 10569 56932  5224 56946 56932
 17436  5226  7898  5318  4562  5224 25011  1756 56932    13 10569 11211
  7053 17906 13767  5226 56942 56931 56945 56945 56945 56945 56945 56945
 56945 56945]
1 [ 1352  1925  6495 12764  6667  9105 10291  9495  5224 14399  4472 11016
  4472  9835  4472   424  2689  6418  6151 11211 11120 10366 12764  1240
  9054 14915 11169 13371 11120  2824 10621  6151 11211  4151  2789 16061
  6151 11148 15350  4472  5474 56931 56945 56945 56945 56945 56945 56945
 56945 56945]
25 [ 4562 15058  6151 11120  4687  4472 13760   848   990  4472  4611  2551
  6862 15501 56932  5224  2792 11499 11211 56940 12764  5850 20509  1009
  3260  1925 15058 56932  6197 11211 10267  8503  5240 12407  7376  4472
  7099 13371 18557 56933 12764  2451 12015 11073  5224 15623  4472  5804
 56940 56851]
15 [ 5224 10778  4472  5804  4976 56932 11120 13362 56932 49245 14203 10621
  4670 10291  8959  4472 11765  4161  5224  7261  8057 11211  1231  5329
  8291 11120  7811  4472 11122 11211  1240  4868 10067  2689 56942 10621
 12407  3058  4472 14234 15083 11211  1240 49077  8448  4472 56942  7961
 56931 56945]
29 [14735  1240 56946 10621 56946  4562 11120 12767 10621  5224 13741 26430
  4472  8328 10291 11184  6151  5489 11211  1240  4716 14931 11921 10291
 12049  3479 14931  4323  9000  5226 11765 56932  1633  5224 27908  4472
  5804  9163 56931 56945 56945 56945 56945 56945 56945 56945 56945 56945
 56945 56945]
33 [ 5224 12121  4472 11120 11697 13450 12764  5240    19 11211 11120 22801
 10621 11066  4472 11694  6151 11120  4000  4472  7293  4562  6272 15108
  4151  4968  4472 10636  3174 56932 13554  4472   465  5226  9823 56934
  8908  5224  6319 15164  4562  4188 12894  4472  9379  6361 13396  9283
  4472 15618]
10 [56936 56940 13933  2495  2135 10636  2862 10621 10636  7508  5226 14915
  9198 11554 56937 56940 56932  1240 40685 56946 56946 56932 56942  5137
 10621  6234  5956 14100 56931 56945 56945 56945 56945 56945 56945 56945
 56945 56945 56945 56945 56945 56945 56945 56945 56945 56945 56945 56945
 56945 56945]
0 [ 4472  6226 11674 12764  1240  8640 13290 56931 56945 56945 56945 56945
 56945 56945 56945 56945 56945 56945 56945 56945 56945 56945 56945 56945
 56945 56945 56945 56945 56945 56945 56945 56945 56945 56945 56945 56945
 56945 56945 56945 56945 56945 56945 56945 56945 56945 56945 56945 56945
 56945 56945]
0 [13396    19 12135 56932 11120 13675  4722  4472  8200  9840 56946  1925
  3786 10621  7898  3204  1925  4522 56932 10291 11211  6205  5224  7580
   848 10624  3947  5226 11120  7261  4472 11120  8200  4472  8263 10315
  6416 13171 11554 10291 11358 11120  7261 15161 56931 56945 56945 56945
 56945 56945]
1 [ 9198 15083  4472  5488  7809 56932  9222 12554  1925  2191  4472  2890
  3208 18474  4472 18724 14977 11211 11117 14817 36397 56946 56946 56932
  4476 18717  4472  5804  8521  4472 15038  6151  5804  9985  4472  3572
 56932 10621 11211  1240 10479  2370 11120 10773 56931 56945 56945 56945
 56945 56945]
32 [ 5224 11261 17364 56932  4472 56942  5137 56932  8964  6416  7381  7864
 56932  6670 10621  8493 14082  8858  4472  8493 35083 56932 11211 12764
 11117  4473 10291 12936 10621  6331  6151 13171  4472 56942 10440  4472
  3828  4550  1240 12680 56931 56945 56945 56945 56945 56945 56945 56945
 56945 56945]
25 [  928 56932 15648 56932 56940  7494  2890 14399 12407 15916  4562  5224
  2693 56933 11120  9893 10478 10621  5224  3835  5769  7364  1240 19220
   264  1925 41555  4562  5224  3835  5769 15164 56934  7843 56935 13371
 11122 11292  9784  4562  5224 56946  5217 13280 56942  5137 56932 13396
 11122 13554]
34 [15023  5224 12687 56932  5224  9230  1024  4472 13424  9121 56932 45865
 12004 56932 10376 11211 12764  6916 56940   784  7525 33761 11211  5207
  4106  1009 11211  5240  1958  5307  6151  2890 14399  5226  8871  4472
 56942  3861 56940 56931 56945 56945 56945 56945 56945 56945 56945 56945
 56945 56945]
10 [ 6196  4550  5850  6151 11325 16168 10621 12764 25328 11674 13396  3260
 56931 56945 56945 56945 56945 56945 56945 56945 56945 56945 56945 56945
 56945 56945 56945 56945 56945 56945 56945 56945 56945 56945 56945 56945
 56945 56945 56945 56945 56945 56945 56945 56945 56945 56945 56945 56945
 56945 56945]
0 [ 1793  4472  4151  3102  4472 13579 10621 21660 56932  5224  1107  7494
  8373 16806  3823  5226 13732 10621  8503  4472 12691 12683  5226  3108
 56931 56945 56945 56945 56945 56945 56945 56945 56945 56945 56945 56945
 56945 56945 56945 56945 56945 56945 56945 56945 56945 56945 56945 56945
 56945 56945]
3 [56940 12764  5240 13396 13351 56931  5240 14260  4562  5224 56946  2662
  6151 12735 12024 19488 56940 56932 15648  4562 11120 25691  4472  8993
  5224 56940 14505  6269 56940  4472 11120 10056  1217 56931 56945 56945
 56945 56945 56945 56945 56945 56945 56945 56945 56945 56945 56945 56945
 56945 56945]
3 [56946 56932 11211  4161  4550  8946  5224 13488  9823 10067  5342  4217
 56932 14204 11211   134  1633 11120  6805  4472 11791 10212  4472 56946
 56932  3828  3971 11211  3910  5648  8493 16530 15583  7416 10621  8148
  4562  5224  9482  4472 11120  3465  4472  1163 56932 11581 19631 56931
 56945 56945]
3 [ 7645  9071 18590  5226 15107  5226 11120  5769 56931 56945 56945 56945
 56945 56945 56945 56945 56945 56945 56945 56945 56945 56945 56945 56945
 56945 56945 56945 56945 56945 56945 56945 56945 56945 56945 56945 56945
 56945 56945 56945 56945 56945 56945 56945 56945 56945 56945 56945 56945
 56945 56945]
2 [10621  5240 13396 12752 13396  3828 11285  4530  2861 13171  6523 10291
 56946 10621 56932  7956  6226 56932 13171  8561 10291  9724  6151   424
  7944  4472  5023 10621 13822  3491 56931 56945 56945 56945 56945 56945
 56945 56945 56945 56945 56945 56945 56945 56945 56945 56945 56945 56945
 56945 56945]
0 [14931 11744 56932  5226 20458  1240 56946  4906  1925  7335  6226  2890
  9338 11211 15023 56942  5137  4472 52624 10916 10621  3136 31151  5226
 11120  6549 13171 56946 10067 11477 56932  5804 10700 12821  2745 56946
  6416  2890 10506  5071  4472  1542 56931 56945 56945 56945 56945 56945
 56945 56945]
1 [14931 11744 56932  5226 20458  1240 56946  4906  1925  7335  6226  2890
  9338 11211 15023 56942  5137  4472 52624 10916 10621  3136 31151  5226
 11120  6549 13171 56946 10067 11477 56932  5804 10700 12821  2745 56946
  6416  2890 10506  5071  4472  1542 56931 56945 56945 56945 56945 56945
 56945 56945]
5 [ 5804 10585 47731  1396  4472 14399  5226 12486  5804   620  4472 17678
 56932 11211 13396    19 12135 12171   746 12249  1170  5226 11120 13107
 56946  4472 11120  4932 56932  9000 14343 11211 11673  5474   582  2529
 32694 10621 56946  4562 11554  4693  4472 11120  7361  7638  4472  5804
  4284 56931]
0 [13974  4472  5804 12552 56946 56932 13526  5804 14513  4472   425  4212
  5226  4151  4558 10067 56946 56932  2729 11211  5226 56942  5224  6117
 46768  4472   424  4814 13006  5224 56942 13396 14108 15058  1925  2689
  2824 56932  5226 13554 11211  5224  6117 40384  1240 19715  5224 56942
 13396 14108]
19 [13396  1231 12135  5224 14358 56932  3623  1231  4073  6151  2863  6151
 15276  4472   425 11334  4472  3077 56932 13396  6495 11211 56940  1469
 14261  4472  8493  9798 56940 56932  3828  4151  4240 56940  6728 13371
 11120  2556 56940 56931 56945 56945 56945 56945 56945 56945 56945 56945
 56945 56945]
0 [13396  6226   428 11117 15515  5224  5798  9599  4472  4487  4472 11120
  9584  4472 56942  2861 14260   915  2529  8493 13480 56932 12889  3260
  5226  1231  4584  1240 11122 15301 56931 56945 56945 56945 56945 56945
 56945 56945 56945 56945 56945 56945 56945 56945 56945 56945 56945 56945
 56945 56945]
1 [10621 13396  6226   428  7780  8192  4550  8530 56931 56945 56945 56945
 56945 56945 56945 56945 56945 56945 56945 56945 56945 56945 56945 56945
 56945 56945 56945 56945 56945 56945 56945 56945 56945 56945 56945 56945
 56945 56945 56945 56945 56945 56945 56945 56945 56945 56945 56945 56945
 56945 56945]
34 [ 5217 11211  1240 12098  6151  2135 17441  4562  6273 50638 56932  2067
 55193  7780  8192  8503  4472  5804 14650 10067 14555  8285 11211 56932
  5226   919   661 56932  1240  7780 56946 13171  6151  5804  4472  4693
 56931 56945 56945 56945 56945 56945 56945 56945 56945 56945 56945 56945
 56945 56945]
2 [ 9000  5534  6151  2814  1240 14273  3641 14213 10621 15564  5534 13831
  6151 11932  4472  3612 56932  5207 56946  3104   683  6151 10025 56931
 56945 56945 56945 56945 56945 56945 56945 56945 56945 56945 56945 56945
 56945 56945 56945 56945 56945 56945 56945 56945 56945 56945 56945 56945
 56945 56945]
14 [ 1231 12353 10767 56932   907  6151 18400 13441 56946  4472  8448 56932
  1240  6469  5226   264 17654  4472  2199 56931 56945 56945 56945 56945
 56945 56945 56945 56945 56945 56945 56945 56945 56945 56945 56945 56945
 56945 56945 56945 56945 56945 56945 56945 56945 56945 56945 56945 56945
 56945 56945]
0 [ 6151  6226   428 56932  5224 10119  5607 10067 11925  7780  8192  6197
 44123  4472 11120  7300 10067  4352 10621  4472  1231 18165  9453 40592
 56931 56945 56945 56945 56945 56945 56945 56945 56945 56945 56945 56945
 56945 56945 56945 56945 56945 56945 56945 56945 56945 56945 56945 56945
 56945 56945]
0 [ 4161  4550  9379 14619 14283  9104  9251  3782  5224 14687  4472  1231
  5632  4243 56932  6197 11211  5226  5224 13440 10067 56946 10008 56932
 11120   516  5226  7300  4472  4323  8925  1925  9687  4472  8493   848
  8373  1362 56931 56945 56945 56945 56945 56945 56945 56945 56945 56945
 56945 56945]
30 [ 5226 10577  4472 11120 11851  6151   424 14687 56932  5217 13280  7898
  5137  1240   746  2302  5804  4573 56946  5410 12297 56946 56946 12297
   848 12297 56946 12297 56932 11211  5226  6207 10192 14824 13396 12297
  6646 12297 56931 56945 56945 56945 56945 56945 56945 56945 56945 56945
 56945 56945]
38 [14914  1004 12764  7175  8192 14915 22924  1233 10261 56946  4855 11149
  2199  4125  6917  3958  4472  9537 11661 56946 56932  5534 14442 21590
  6151 53738  5224 12051  4472  2890  1926  5226  5224 11211  6226  4125
  1076 56932  8871 11120 46124 56931 56945 56945 56945 56945 56945 56945
 56945 56945]
3 [12764 11120 48222  4472  8871 56931 56945 56945 56945 56945 56945 56945
 56945 56945 56945 56945 56945 56945 56945 56945 56945 56945 56945 56945
 56945 56945 56945 56945 56945 56945 56945 56945 56945 56945 56945 56945
 56945 56945 56945 56945 56945 56945 56945 56945 56945 56945 56945 56945
 56945 56945]
