15 [ 5226  5224 13440  4472   424 16565 56932 11120   445  9054 11120  7316
  4472 56946  5224  4291  6151  1231  6319  4472 12121   848  4518 12208
 56946  5226  1884  8493  9436   351 10621 11120  6324  4472  2890 13273
 13595  4472  7079 56931 56945 56945 56945 56945 56945 56945 56945 56945
 56945 56945]
29 [10291 11120  1500 56932 11120  2280  4413  6416 13371 12684 13853 13554
 56940  4151 10219  4472  1961 10621  5708 56940 11211  4595 11120 14623
 56932 56940  6205 13371 11120  7037  6151 10215 56932  3828   231  1231
  7132 56940 56931 56945 56945 56945 56945 56945 56945 56945 56945 56945
 56945 56945]
