8 [ 1240 46153  5224  8614 10067  7538 10291  5224 11627  4472  5804  3034
 13274 56931 56945 56945 56945 56945 56945 56945 56945 56945 56945 56945
 56945 56945 56945 56945 56945 56945 56945 56945 56945 56945 56945 56945
 56945 56945 56945 56945 56945 56945 56945 56945 56945 56945 56945 56945
 56945 56945]
13 [ 1240 13382  5224 12691 19298 10621  9393  4472 11120 13902 10621  4472
 11120  9927    36 13371  2826 28408 11211  8540 10812  2890 10119  6422
  4472 14679  7376 56931 56945 56945 56945 56945 56945 56945 56945 56945
 56945 56945 56945 56945 56945 56945 56945 56945 56945 56945 56945 56945
 56945 56945]
3 [ 8946 11120  8148 27677 10067 16446  4472  2794 10291  1231  4154 56932
  1428 13280  2890  9579  4472  9939 56931 56945 56945 56945 56945 56945
 56945 56945 56945 56945 56945 56945 56945 56945 56945 56945 56945 56945
 56945 56945 56945 56945 56945 56945 56945 56945 56945 56945 56945 56945
 56945 56945]
6 [ 5224   653   501  4689 12948  5226 14299  4472 11120  4670  4472 11120
 14611  5613 11211  5099  6151 11120 15098   684  4472  8468  1723 56932
  1656 56932 11434  4562  5224  7057  4472  8468   658 56931 56945 56945
 56945 56945 56945 56945 56945 56945 56945 56945 56945 56945 56945 56945
 56945 56945]
7 [ 5224   653   104  7780  3609  8676  4151  3336  4472  2496  5226  4151
  5581  4472  6589 10067  6319 56932  5226  4151 11211   746  3848 56942
  8330  5226 13043 11941  5226 11122 11211  3645  4472  2689 56932 13002
   217 13348  5224 56940   413 10067  9925 56940 56931 56945 56945 56945
 56945 56945]
8 [15229  5226  5224 15175  4151 56942 15229  4472  7661  4472  2090 56934
  4932 13935 56935  4472 11120  5918 56932  8415  5226  5224 15175   322
 56932 10621  4151 56942  4472  5804 56946 12200 56942  6950  5226  5224
 11988 14179 56946 10621 56942  9570  5226   420  2140  2899  5226 11120
 56946 56932]
33 [12764 46820  5226 11120   694  4472 56946  9792 15692  6151  1231 12536
 56932  5226 11120 11211  5224 11697  7423  9243  1240 49178 13371  2890
  4154  2904 10621 45317 56932 11372  7053  6151  5804  5052 23532  4472
 11120 14623 10067 11783  4569 56932  6437  5226 10512 56931 56945 56945
 56945 56945]
27 [ 5224 11757 13469  3924  4562  5224  3280 11211  1231  7132 10621   160
  4188 30194  4472 14407  4472 10281 56932 18413  6151  1231  8909  9102
 56932   977 11120 14035  4472  5804  4679  4055  4472  2732 56932  3828
  8824  2478 11120  5265  4472  9214 24929  5226 56946  9000  5226   195
 11117   746]
21 [11120  9745   635 56946   123  5224 56942 13396 14108 10067 13723 48847
 10067 12728 56934 56946 56935 56932 11211 21939 11120  2387  4472  4312
 11211  8497  5199  6391  4562 11120  5918  4472 22374 56932  6151 56942
 10440  4472 11120 14792 14016 56931 56945 56945 56945 56945 56945 56945
 56945 56945]
5 [ 1659 11211  5668  5240  5224 12036 13171  6997  4472  2890 14339 14915
 26398 56931 56945 56945 56945 56945 56945 56945 56945 56945 56945 56945
 56945 56945 56945 56945 56945 56945 56945 56945 56945 56945 56945 56945
 56945 56945 56945 56945 56945 56945 56945 56945 56945 56945 56945 56945
 56945 56945]
20 [ 5226 11120  9639  4472  1758  8810 14011 56932  5804  3097  6644 10621
  5483  7187  6985  1231  2975  5226 11120  6255 13844  4472  5804  9468
  4472  1723  4472  5049 56932  1925 12081 11120  1147  4472  5804  3147
 56931 56945 56945 56945 56945 56945 56945 56945 56945 56945 56945 56945
 56945 56945]
34 [56940  5240  2890  1094  8148 13396 11122 11211    85  1231  7626 10621
  1231 14088 56932  6151  6256  4472  5615 56946 13396 12082  7956 11896
 12764 16953  4472 11047  2861 12766 56932  4391 10621  8493  8106  4472
   587 56932  4472  3421  1362  4472 11231 56932  9592 13396 11120  7489
  4472 15394]
7 [ 3582  5207 15201 11211 12764 14394 11372 10213  4472 11122 11211 56946
 56931 56945 56945 56945 56945 56945 56945 56945 56945 56945 56945 56945
 56945 56945 56945 56945 56945 56945 56945 56945 56945 56945 56945 56945
 56945 56945 56945 56945 56945 56945 56945 56945 56945 56945 56945 56945
 56945 56945]
15 [ 5226 11120 13675  9234 13034 10067  8876  3629 10067  2689 56932   851
  1240  6066  8493  8425 10067 56946 56931 56945 56945 56945 56945 56945
 56945 56945 56945 56945 56945 56945 56945 56945 56945 56945 56945 56945
 56945 56945 56945 56945 56945 56945 56945 56945 56945 56945 56945 56945
 56945 56945]
1 [11120  6574  4472 13444  4472  5804  2594  1240  3747  5224 11255  4522
  5226  3108 10621   373  1722 11120  6945  4472 25742 56932 12904 56932
 24165  3752 10621 13983  6338 56931 56945 56945 56945 56945 56945 56945
 56945 56945 56945 56945 56945 56945 56945 56945 56945 56945 56945 56945
 56945 56945]
3 [11120  6574  4472 13444  4472  5804  2594  1240  3747  5224 11255  4522
  5226  3108 10621   373  1722 11120  6945  4472 25742 56932 12904 56932
 24165  3752 10621 13983  6338 56931 56945 56945 56945 56945 56945 56945
 56945 56945 56945 56945 56945 56945 56945 56945 56945 56945 56945 56945
 56945 56945]
20 [ 5224  1982 13373  7513  1630 11211 56940  1240   373  2029  8493 14294
 14564 11211 10111  6151 11120 10087  4562  5224  7667  4472  1000 12672
  2138 56940 56931 56945 56945 56945 56945 56945 56945 56945 56945 56945
 56945 56945 56945 56945 56945 56945 56945 56945 56945 56945 56945 56945
 56945 56945]
1 [ 5224  9591  4472 11211 13822  8373  4711 56946  5226  6036  4472 11120
  3475  3268 11122  3717  6205 11120  5655  2861 56940 12015 13126  5224
 14807  4472  3475 56932 13371 56946 10621 13724 56932  9000 12764 10291
  5487 56946  5226 12342  6221 11120  7626 56940 56931 56945 56945 56945
 56945 56945]
5 [ 5331 11669 23121 56946 11120 11668  4472 10665 18036 25800 22089 19542
 10621  5804 17612 10067 56946  8984 25006 32428 56932  6205 13371  4337
 43606 15217 10621 16186 20590 56931 56945 56945 56945 56945 56945 56945
 56945 56945 56945 56945 56945 56945 56945 56945 56945 56945 56945 56945
 56945 56945]
8 [ 5432  5226 56942  4649 10621 12835  4562  5224  2151  4472  8373  5134
 56932  8493 13172 10067 11183 56932  2890 11284  4472  2551 56932  8373
 16288 51274 10621  5544  5134  1791 56932  7780  4472  2529  2890  2792
 14915  1090 13371 11122    85  5226  1231  7802  4472   821 56931 56945
 56945 56945]
1 [ 5224 14299 10067  5076  4725 56932 11211  4062  4762 13396  5224  1276
 56932  7494 12761  6151  3772  4151  6396 11211  8156  2984 56931 56945
 56945 56945 56945 56945 56945 56945 56945 56945 56945 56945 56945 56945
 56945 56945 56945 56945 56945 56945 56945 56945 56945 56945 56945 56945
 56945 56945]
35 [ 4562   424 11575 56932 11211  6151  1231  1004  5240  5224  7811 12355
  4161  4550 13396  5224  3612 56946 56946  5226  8493 13300  4472 11120
   102 56932  8609  7780  5451  4161 11120 12165 15422  5226 11120 11753
   197 10067 11284 10621  1240  7780  6329  5226  5095 10611  5804 32474
 56932 27182]
1 [ 8857  3168 13261  9774 10291  1298  5224  1437  4472  4151 12336  6151
  7608 10067 15916  4472 21314 56932 32060  5226  4151   514 11970 13396
  4151  3136  4472   545  4472 13327  5226 13440  4472  8493 14753  4472
 10365 10067 11685  5226  4151  4290  6718  5226  2535 56931 56945 56945
 56945 56945]
36 [ 8857  3168 13261  9774 10291  1298  5224  1437  4472  4151 12336  6151
  7608 10067 15916  4472 21314 56932 32060  5226  4151   514 11970 13396
  4151  3136  4472   545  4472 13327  5226 13440  4472  8493 14753  4472
 10365 10067 11685  5226  4151  4290  6718  5226  2535 56931 56945 56945
 56945 56945]
3 [ 5224 14906 10067  3297  4472   424  2689 56932 11211 56940  7780  8192
  2166 13396  4151 12541 11211 13478  3700 10067 13857  4472 11955 10067
 13773 10621 11120  6500 10067  2693 56932  5207  3645  6151 14040 56932
 12764  2451 56932  5226  2890 14347  4322  5226 11120 14662  4472  5286
 56940 56932]
16 [ 5224   870 10067  6145 13732 56932  5224 32306 56946 11136 10429 56932
  7780  4449   217  2890  3297  4472 28599 15058  6151 11120 13450 13396
 11120 11211  2049 11120  8858  9107 10067  5076  7948 10621  1240  7780
 16443  6151  8826 11211  5804  9576  1396  4518  5226  5224 18158 10621
 11211  5668]
16 [11120 11088  6870 11211  5224   275  1240  3315 56932 15017 56932  5226
 13822 13043  7392  4472 11463  4472  6226  5224  6319 10621 56932 13371
 11575  4472  4151  3455 13906 56932  1240 10424 11211  5224  8614 56940
  1240 12680 10899 18884 10621  3237 56940 10291 13460  5226  5224  3172
 10471 56931]
33 [ 5226  1231  9283  4472  4709 56932 11120 36562  5001 31843 48315 56932
 13845  6151  6226 11122  7426 10621 17157 10067 56946 56932    96  6151
  4337 56946 10621  1231  9745 20730 27548 19392 56934  3280  4472  3455
 10156 56935 56931 56945 56945 56945 56945 56945 56945 56945 56945 56945
 56945 56945]
39 [10291  5224  2792 10067  2931 56932 56940  5240  9918 56940 11211  5224
  4942 12764  1200  6151   453  9097  4472 11120 13553 13396 11122 11211
 56932  5226  1231  6098 56932   582 11434 56940  2890  7415 13803  4472
 12328 56932  4472  9932 56932  4472  7969 11793 10621  4472  1163 11211
  4517 11211]
15 [ 4151 11487  4472 11120 10157  8311   746  7581   264  8020  5226  4151
   420  2185  4472 10185  4472  4151  3455  4472   743 56931 56945 56945
 56945 56945 56945 56945 56945 56945 56945 56945 56945 56945 56945 56945
 56945 56945 56945 56945 56945 56945 56945 56945 56945 56945 56945 56945
 56945 56945]
18 [ 4151 11487  4472 11120 10157  8311   746  7581   264  8020  5226  4151
   420  2185  4472 10185  4472  4151  3455  4472   743 56931 56945 56945
 56945 56945 56945 56945 56945 56945 56945 56945 56945 56945 56945 56945
 56945 56945 56945 56945 56945 56945 56945 56945 56945 56945 56945 56945
 56945 56945]
12 [ 4151 11487 10067 12908  8310   746  8449  5224  8255  1778  4472 11120
 10043  6151 14849  4472 12764  9514  5224 11614  4472 11120 11643 56932
  7956  6226  5226  4151  3455  6517 56931 56945 56945 56945 56945 56945
 56945 56945 56945 56945 56945 56945 56945 56945 56945 56945 56945 56945
 56945 56945]
34 [10111  6151 11174 11120   358  5226 11120  9745  8509   683  9794  5137
   848 56932  5226 10025 15657 56932  6151  1353  5224  3299 13396  8223
 56932  9000  5226 11813 13440  7494  5224 12691  4472  8493  9556 17480
  4472  2890  2445  4472  2677 11211 56946  4151 11211  5226  1231 11950
  7709  6330]
15 [11120   635  4969  8554   915   217 56932  3786 56932 11120  5265  4472
 15241  5226 11120 13300  4472 56940 56946 56940   848  1150  6226 12433
 56934  2531 56935  4472  5804  4679  4472  2732 56932  5226  8493  4722
  5226 11120 11211 11120  5043  6810 56946 56932 15077  5226  3627 56932
  3730  1231]
38 [ 6151  4151 12877 56932  1240  4563 14445  4562 13649 56942  1882 10722
  4472  4151  8155 11211   930 12522 11120 15886  4472  7384  5224 19441
 13935 56932 13396 11122 11211 10611  5488   420 14862 30324  6950  2890
 14643  4472  4507  4472 13801 56931 56945 56945 56945 56945 56945 56945
 56945 56945]
37 [ 5224 13676 13857 10067 11955 10067 13365 13396 12135 10067  7843 12297
  5224  7206  5226 11122 11211  3645  4472  2689 12297  1240 10532  5224
  6260 56942  4472  8289 56932  5534  5804 32357  4472  4703  5724  9292
  4151 18267  4472 13822 15461  1088  4472 56946  5226  2890  9003  4472
  1601 56931]
17 [ 6151  7261  4472  2689 56932  4151  5008  4472  5804  9452  4472  4151
  1088 10191 12947 17273  4151 18267  4472 11120 56946 10611  5224 56942
 10621  5224 56942 13396 14108 56931 56945 56945 56945 56945 56945 56945
 56945 56945 56945 56945 56945 56945 56945 56945 56945 56945 56945 56945
 56945 56945]
45 [13396  8593 56932  3655 11120  3778  4472 11211   211  5224  5071  2106
  1240 56946 11669 14687 10067  4842  4472 13893 56932 17511  4472 11120
  6256  4472  8493  1527  4472  6757 10611 14210 10655  6862 56946  5226
 11122 11211  1240  1626  6151  8248 56932  4127 10621  1728 10291 11120
  9745 56931]
40 [56940  1723  5172  4472 11120  2894  8493  8987  1870 11211  7780 11162
 11148  2890  7093 41135 56931   229 12407 10408 23910 11673 12673 13734
  6151 10025 10700 11211 13396 14324  7606  1240   746  8823 46069 16485
  4472  5487 13974 10067 16034  4472 11120  2551  1506 56940 56932  3120
 56931 56945]
10 [ 3401 56932  1240 15542 11211 11120 39818   155  5226  8493 38989  4472
  8373 13067  5226  2890 20741 10067  6812  4472 21484 56932   375 10067
 34080 10067 18534  3537 56932  9000  5804  4846  4608   746  1715 11211
 56932  5226 15107 56932  1240  6760  4472 22629  4472 11555 56931 56945
 56945 56945]
20 [ 5226  2890 13615 56932 11120  5844 10291 11120 12283 10621  5224 11627
  3676 56934  2512 56935  5147 11211 56940 11120 22952 10861  4472  4151
 23841  5240 11211  5804 15099 15008 17441  8540  6001  6151  6752 15989
 10621  6151 12979  8493  1605  4472 15225 10611  4151  8589  9796 10621
  4151  3713]
29 [ 7868  5224 13004 56932 11120  3290  5240  1593  5224  8876  2689 12764
  8871  4472 56942  6841  4472 10766 56946 56934   490 56935 56932   683
  8373 11804  4472  7136  5226  7029  4472  5045 10621  9173 10207 56932
 10621  2288  5280  4161 56942  6841 56932   683  8834 11804  4472  5283
 56931 56945]
20 [ 4151  6793  7523 13396  5224  7777 10246  1340 11211  1000  4562  5224
 12456  5530 10621  3036 56932  7956  6226  4151 13186  4472  4151  5425
  3865 56933 11120  9553  1205 56932 10621  5224 11627 10637  4472  2691
 56931 56945 56945 56945 56945 56945 56945 56945 56945 56945 56945 56945
 56945 56945]
37 [56940  5804  5286 56934 56943 56935  1240  8540   378 13371  2890  1381
 56946 10291  5224   653 13396 27003  4472  8493 12031  4472  7581 10291
 11120 11851  4472  5804  1170 56932 10291 11293 15600  4472 13030 16563
  5224  3172  4472  9584 10621 11120 10151  4472 11120  3806 56940 56932
  1040 11120]
12 [15232  5760 12424 11691  4472 56946  6151  8225 10291  2545  5226  4151
 12196  4472  6952 10621  8134  6151  5804  9424  4472 12865 11211  7187
  4151 48257   818 20946  5226   995 56931 56945 56945 56945 56945 56945
 56945 56945 56945 56945 56945 56945 56945 56945 56945 56945 56945 56945
 56945 56945]
17 [ 5224  9230 12624  4472 14299 56932 15082 56946 56932 11499 56932  6151
  1231  1004 56932 11211  5224 14399  4472 46989 11562  1452  2890  5589
  1601  4472  9540 56932 12889 13382 11211 56932  6151 11120  7440  4472
  5804  5470 56932 11120 12135 11211  4807  1925   667  4472 14233  7709
    52  8109]
14 [ 5224  4188  8716  2598  6151  7419 56932  3828  5804 56942 11804  1322
  5226  5224 15316 10067 56942  6955  2890 56942 13396 14108 13171 11211
 11120  9049   977  5226  5224 56942 56931 56945 56945 56945 56945 56945
 56945 56945 56945 56945 56945 56945 56945 56945 56945 56945 56945 56945
 56945 56945]
13 [10827 53241  8993 12015  7780  4643  2890 14505 13977 56932 10621  4151
 13961  6801  4472  1231 14088 56932  4151  4472  2890 11435 11211 56932
  5040 13396  5804 12715 56932  7780 14069 11120 12090  4472 12764  5115
  4151 11401  4472 30655 10621  4472 56946 56932 11372 11120  7508  4472
 11789 56932]
34 [ 5226   425  1968  1240  1831 11896  7956  5804  1163 10067 56946 56932
  3873 12494 56932  1793  4472  7096  4562 10091  4472  6226  5224  1926
 56934  8503  4472  8025  5240  4472  8689 56935 10621  5804 15099  4472
   424 14659 56931 56945 56945 56945 56945 56945 56945 56945 56945 56945
 56945 56945]
23 [56940 13815   373  8922  3741  4472  3496 56940 56932 11499  7669 56932
 13386 11499 11211  5226 11120  5411   753 14560 56946  6876  5226 13450
  4472  2710 13790   848  5331  7057  4472 10606 56931 56945 56945 56945
 56945 56945 56945 56945 56945 56945 56945 56945 56945 56945 56945 56945
 56945 56945]
30 [ 4472  4151  3336  3748  5975  1240  1146 11120 10393 56946  4472  5804
 10374 14928  4472  7381  9939 10621  7518  4472 56942 56932 10621  6950
  5226  9537 15657  5226 11211 11626  3455  4472 11211 11120  7132 12764
  7780  5492  5224  9096  4472  4151  6987 27302 56931 56945 56945 56945
 56945 56945]
3 [ 9413 10272 11120 13450  4472  4123 10291  7509 10621  5804 10025 14378
 14302 11211  6197  1240  6355  5226 11120  1795 56932  6205 13371 10291
  4233  1845  2578 56932  1925 11211 10376  5226 13048 13396 11701 14078
 56931 56945 56945 56945 56945 56945 56945 56945 56945 56945 56945 56945
 56945 56945]
43 [ 8509  5224 15120 56932  5224  9230  4472  9121  2203  6151  2478  5804
   352  4472 11120  3737  2370  7178 10621 11979  4472 17299 12937  4151
  1746 11211   746  2729  5226  8998 10722  4472  4151 15461 56946 13396
  5224   653  4472 11170 56932 13371 11120 17264  4472 56946   848 11120
  7442 56940]
8 [ 5804  1416   992  5724 12948 11211 11120 11093  7037  4472 11120 12267
 12348  6667 15168  5224 56942  4472 14724 10621 11120  8290  7037 56932
   420 11970 13171  8818 56931 56945 56945 56945 56945 56945 56945 56945
 56945 56945 56945 56945 56945 56945 56945 56945 56945 56945 56945 56945
 56945 56945]
37 [  749  3245  4562  1564  4151   621  3797  2370  5224  1428  2792  9923
 39425 56946 56932 15058  6151  8493 18018  1870 44951  4472  9068  6151
  4151 14546 11448  4472   690 11211  7920  1240 56946  6151  7608  4472
 11120 13760  4472  8493 27617  4472 11120  5234  3094 13396  5224 13723
  9923 38284]
49 [ 5224  2792  4472  3162 56932 11211 12948  2313  5224  8033  4562  5224
 51563  4472 11046  3266 56932  4044  6151 11120 11752  4472  1305 10621
  5634 56932 10621 14576 11211 11120  2684  4472  5314  6151  1231   653
 28093  2890  9591 12152  5226 11120  7182   635 56940 14260   229 11120
 11093  1004]
1 [11120  9654  4472 11120  5001  3703  7780  9312 11120 14768  5748  6151
  9687 13396  5224   413 13661 56932 11211  5226  1231 13844  4472 12948
 10627  2890  2047  5226 15276 10067  6336  9586 11191 56932 12475 13371
  8099  4993  4472  3572 56932  5226  5224 11211  4665 13371  5860 56942
  6361  4472]
2 [ 5224 13676 56946  4472 11120  7198 56932 20084  4472  2591 56932  7780
 15823 11211 56932 12889 11120  7198  4472 30506 12764  1132  6151 27136
 56932  7780  7581 39883  4472  2260  7275 56931 56945 56945 56945 56945
 56945 56945 56945 56945 56945 56945 56945 56945 56945 56945 56945 56945
 56945 56945]
20 [ 5224  9230  6351  4151 10219 11211 23111   424 14339 56932 13396 11120
  4073 10067   653  8984  6151 35964  4855 11120  4904  4472  4151  8373
    21 56932 10621 13382 11211  5224  2631  4472  9222 56940 10608  7323
 11211  8859 10621  3162 11117 16065 56932 10621  5224  7711 56932 13396
  1231 12135]
46 [ 5224   413 56946 56946 10627  5224  6260 56942  4472 14842 13649  7809
 10067  5887  5226  4151 11211 27603  2861 56940 21660  5061 11120  3374
  4472  5804 53587 56932 11211  1240  9567  5226  5224 11034 56932  4562
  5224   273  4472 56946 10621 10189 11120 11791  4562  5224 31747  4472
  5804  5684]
7 [ 5224 27155 11984   425  8818  5224  8876  5551  4472  1231  7645  5226
  5224   468  5206  5226  5544 10201 56934 56946 56935 56932  2890  2689
 15083  4472 11211  5224  6145 13732 11117 56946 13396 56946 56932 56946
  6151 12347 13396 12238  1004 14314 10621  1240 22809  5226 11120  4932
  8973  4472]
30 [ 5224 10242  9823 10067  9541  6695 56932  5513 10581 56932  6747 12948
  5224 56940  1601  4472 13269 56940  4472 11120   445  4472  4151  4290
 15198  4562  8493  7001 15218  2861 14906  4472    25  5226  6036  1925
  2792 10621  4569 10067 14358  2944 56932  9909  9502  3863 56932 10291
  8676  1231]
9 [ 1925  6495 56932  5224 10673  4091 13807  6151 11120 24585  4472  2890
  4748 10621 11211  1240 41218  6418  1925  9158  1695 56931 56945 56945
 56945 56945 56945 56945 56945 56945 56945 56945 56945 56945 56945 56945
 56945 56945 56945 56945 56945 56945 56945 56945 56945 56945 56945 56945
 56945 56945]
2 [ 6151 11120 11311   635 10067  6260 11966 10291  7803 10701 56946 39705
  5226  1713  4472 12031 12506 10621  4472  2496 56932  1240  6299   217
    19  4472  1906  6862  1884 11211  7880 11120 14779  6151  2003  5224
 12869 10291  6226  7944  4472  8165 56932 12889 56940 14931 14184  5226
  7306  5224]
12 [15083 56932  6870  2890 12687  4562 11120 13524  3046 15227  4472 11120
 11556  4472   713 10621  3491 10067 56946  3934 56934 56946 56935 56932
  4884  1971 12905 16394 11117  5165 11211 13143  1925   653  1231 22306
  4472  8493  1126  4472  4151  4803 56932 56940 13371  5609 10291  2188
  8493  4188]
15 [56942  4472  8853 56931 12297  5804 13227 12990 40467 56932  5226 11093
  3990 56932  5224 15316  4472 12516  4472   425  1976 56932 15023  2890
 48950   695 10067  1782 10718 56932  5226  5224 11211  1240 10823 15204
  4472  1607  4290 55370 56931 56945 56945 56945 56945 56945 56945 56945
 56945 56945]
17 [56942  4472  8853 56931 12297  5804 13227 12990 40467 56932  5226 11093
  3990 56932  5224 15316  4472 12516  4472   425  1976 56932 15023  2890
 48950   695 10067  1782 10718 56932  5226  5224 11211  1240 10823 15204
  4472  1607  4290 55370 56931 56945 56945 56945 56945 56945 56945 56945
 56945 56945]
27 [ 5226 11120  6686   635 56932 11120  4515  4472  5804  7795  4295 34201
  8415  6151  5804  8373 14821  2704  3947 56932  7145 10621 56946 56932
 11211  7480  4562  2718 10067 56946 10621 56946 56932  8170 56931 56945
 56945 56945 56945 56945 56945 56945 56945 56945 56945 56945 56945 56945
 56945 56945]
12 [ 3245 56946  6151  5804 12357 30441  6151  8493 10621    19  1056 10067
 16312  4472 56946 56932  5918 11211  5821  8493  4472  4151  9615 13171
 38837 56932   907  6151 11211   919  4472 13822  1730  6197  8171  5226
  5804 56946  6566  4472  8354 10291  5224 13913 56931 56945 56945 56945
 56945 56945]
6 [ 6205 56932 12948 56932  5226  5804   914  5802  4472  9209  4534    61
 56932 56946 16263  2890   475  2861 56940 10611 13478  4365 14902  5804
 11941 56931  8552 13396  1231  1870 56940 56931 56945 56945 56945 56945
 56945 56945 56945 56945 56945 56945 56945 56945 56945 56945 56945 56945
 56945 56945]
22 [ 5224  6260 56942  4472  8289 56932 10025 14378  9271  1487 11120  7626
  1925  2678  5224 15018  5226  5224 11211 26488 13396  2890 42931  4472
   683 56942  5056  5226 11120 14248  4472 20094 56931 56945 56945 56945
 56945 56945 56945 56945 56945 56945 56945 56945 56945 56945 56945 56945
 56945 56945]
16 [11120  5844  5432 10067 15342  1225  2049  8493 56940  4415 12925 56940
 56932  7868  4146 11120  6425 10067  3104  4472 10050 56932  6151  7198
  4472 11120   657  4472  5804  4900 10067 15342  5226  5804  9315 13901
 56932 11122 11211  7780 22091  1231  5660  4472  5804 10700  9362 13171
    61 56931]
24 [ 5226  7874 14340 13649 56942  4472  5488  6857 14729 56932  4151  4705
  5226  8853  6260  5358  8448  4472  2890 56942 13396 14108  4472  5804
 27769  4472  4151   243 12707 56932   683 56942 11804  4472  5895 56932
  7868 11120 56946 56931 56945 56945 56945 56945 56945 56945 56945 56945
 56945 56945]
4 [ 5224 56942  3315 56942  7672  4472  6226  7944 56932  8630 11211 11120
  3752 14977  3315 13171  4472 56942 38473  6151  6537 56931 56945 56945
 56945 56945 56945 56945 56945 56945 56945 56945 56945 56945 56945 56945
 56945 56945 56945 56945 56945 56945 56945 56945 56945 56945 56945 56945
 56945 56945]
11 [ 5224 19905 56932 11211  8600 11120   967 10067  4842  4472  4151 17358
 56946  4472  4151 14729  6382 56932  9612 14931 10314  6151 56942 13349
 56931 56945 56945 56945 56945 56945 56945 56945 56945 56945 56945 56945
 56945 56945 56945 56945 56945 56945 56945 56945 56945 56945 56945 56945
 56945 56945]
49 [13371  5226  5804  5199  2260  4472 14417  8671 10621 12047 56946 56932
  4151 14633  8992  4585  7917  4472  7258 10621  4151  8373  4581 10067
  5076  5597  2890 13056  4472  6101 13802 56932  6221  8493  3933 15526
 56932  3145  5226 14923   436 10291 14500  1925  5622  9809 12118  4472
 11120 13075]
7 [ 5224 30057  5240  8493 50195  5226 11120 21362  4472 11120  5272 10621
  1925 56946 11117 10501  3245 11122 11211  6151 11120   520 56946  2861
 11211  1233 11117 56946 11120 50195 12764  1240  6469  5226  8493 27590
 56932 10954 11211  1240  4770 10291  6221 11120  7626 13371  8493 56946
 56946 10621]
3 [ 2530 13396 11120  6675  4472  4151  2131   741  4472  8945 10621  9092
  1633  5224 10437  4472 11120  8467  1152 56932  9490  3609 11932  1231
  6879  5987 10621   354 56932  5226  5879 10621  9928 56932  1925  9003
  4472  5487 56931 56945 56945 56945 56945 56945 56945 56945 56945 56945
 56945 56945]
14 [ 2530 13396 11120  6675  4472  4151  2131   741  4472  8945 10621  9092
  1633  5224 10437  4472 11120  8467  1152 56932  9490  3609 11932  1231
  6879  5987 10621   354 56932  5226  5879 10621  9928 56932  1925  9003
  4472  5487 56931 56945 56945 56945 56945 56945 56945 56945 56945 56945
 56945 56945]
8 [15023 11120   188 18617 13478  8296  4472 12297  9553 12297  4472  7847
 56931 56945 56945 56945 56945 56945 56945 56945 56945 56945 56945 56945
 56945 56945 56945 56945 56945 56945 56945 56945 56945 56945 56945 56945
 56945 56945 56945 56945 56945 56945 56945 56945 56945 56945 56945 56945
 56945 56945]
17 [ 5226 13554 11211    12 56932  6196 12913 32899 11211 11673  2809 56946
  5137 10621  5137  5226 11120  5404 10067  7249  3612  4472  5138 11211
 13280 44153 13821  1925 56946 56931 56945 56945 56945 56945 56945 56945
 56945 56945 56945 56945 56945 56945 56945 56945 56945 56945 56945 56945
 56945 56945]
9 [56946 14781 56946 10621 23960 56946 21074  4472    68 10314  4472  2890
 11950  6151    13 56931 56945 56945 56945 56945 56945 56945 56945 56945
 56945 56945 56945 56945 56945 56945 56945 56945 56945 56945 56945 56945
 56945 56945 56945 56945 56945 56945 56945 56945 56945 56945 56945 56945
 56945 56945]
21 [12764  1240  6689 56932 13396 56946 56932  4472  2890 23366  2355 13396
  5186   848 34675 13396  2101 56932 15337  5226   420  3545  4472 56946
 10621 56946 45382 56931 56945 56945 56945 56945 56945 56945 56945 56945
 56945 56945 56945 56945 56945 56945 56945 56945 56945 56945 56945 56945
 56945 56945]
16 [ 4472  9591 56932  1240   746 13771  2983  3316 14931  1856  9384   919
 56932  6197 11211 11120 11066  4472  3132  5226  5804  2164 56934 11122
  7082 56932 13396    19 12135 56932 15394 13280 12407  5539 10291 13822
 13331 56932   830  4472  7415  3494 10291  1231 10139 56935 56932 10621
  4151  4441]
30 [13396 11122 11211 11848  1925 14687  4472 11120  5332   750 56932 11211
  7328  5224  3172 56932 10183  7780 12355  5307  6151 56946  7564   211
  2890 11533  8022 13090  2861 11120   702  4562 10043  4472 10933  4472
 56946 11715 56931 56945 56945 56945 56945 56945 56945 56945 56945 56945
 56945 56945]
8 [ 5226  6226 13440 56932 14917  7325 56946 11120 14964 10067   175  4472
  6471  6151   273  4472 10667 12764 13554  4151 13993 13939  9254 13371
  5224  7532 10067  2597  5226 11211  1240   746  7683 10621  1231 11977
 11697 56931 56945 56945 56945 56945 56945 56945 56945 56945 56945 56945
 56945 56945]
43 [ 5224 16122  5953  6151 16799 11120  6471  4562 11120 14433 10621  4151
  2452 56932 56946  5226 12135  4472 11120 17311  5012  4472 11120  6685
 56933  9000  4161  5804 15721  4752 10621 15723 12764  1240 18798  1862
  5226  5224   175  4472  6471 13371 12297 11055 10067  2597 12297 10621
  7976  7945]
9 [10621 56932 13498 56932  4472 11120   452  6402  8493  9805 10067   175
  4472  6471 56931 56945 56945 56945 56945 56945 56945 56945 56945 56945
 56945 56945 56945 56945 56945 56945 56945 56945 56945 56945 56945 56945
 56945 56945 56945 56945 56945 56945 56945 56945 56945 56945 56945 56945
 56945 56945]
1 [10291 21155  4472 12402 10621 12402  4472 21155 56932 10835 56931 56945
 56945 56945 56945 56945 56945 56945 56945 56945 56945 56945 56945 56945
 56945 56945 56945 56945 56945 56945 56945 56945 56945 56945 56945 56945
 56945 56945 56945 56945 56945 56945 56945 56945 56945 56945 56945 56945
 56945 56945]
8 [ 2339 10067   653  5692 14891 13248  6151 11120  6544  4472  8493 13721
  4472  8070  4472  4022  4472  1079 13946  5226  5224  6319  5692 56931
 56945 56945 56945 56945 56945 56945 56945 56945 56945 56945 56945 56945
 56945 56945 56945 56945 56945 56945 56945 56945 56945 56945 56945 56945
 56945 56945]
15 [11120  7264 12297 12297 12874 10067  9928 12297 12297 10405  1231 11589
  1925  4201 11120 11599  4472 14923  1242 12996  5226  5224 11211  5207
 56946 56931 56945 56945 56945 56945 56945 56945 56945 56945 56945 56945
 56945 56945 56945 56945 56945 56945 56945 56945 56945 56945 56945 56945
 56945 56945]
