16 [ 5224 12687  4472 11120  4431 13346 11562  1925  5078  4472 11211 10442
  7780  1266  5226  1231 56942  7977  4472  5566  3676  1591 56932  5226
 11120 11369 13171  2748  4472  1231  7645 56932  5116  4472  5089 10621
   571 14956 10621 10703  5226  5804  9315  7254 56931 56945 56945 56945
 56945 56945]
1 [ 8509 56942 10440 56932  6151 13171  4472 56942 13396  4000 56932 13478
  4779 13460  6151  7538 10621  5280 56932  5226  5224 14139 56932 11527
  4151  1919 14862 10621  4151  4472  5804  7834 56931 56945 56945 56945
 56945 56945 56945 56945 56945 56945 56945 56945 56945 56945 56945 56945
 56945 56945]
27 [15229  5226  5224 15175  4151 56942 15229  4472  7661  4472  2090 56934
  4932 13935 56935  4472 11120  5918 56932  8415  5226  5224 15175   322
 56932 10621  4151 56942  4472  5804 56946 12200 56942  6950  5226  5224
 11988 14179 56946 10621 56942  9570  5226   420  2140  2899  5226 11120
 56946 56932]
45 [ 5224 15682  4472  1019 10473  5804 56942 11804  4472  5699 56932  9000
  5226  2890  6669  9823  4472  9205  5645 10621 10219 10291  1593 56932
  6197 11211 11120  4188 12135  4472 11120  8307 18413  6151 14378  1163
  2861  1580 56934 56942 11804 56935 56932  5822 56934 56942 56935 56932
  1397 56934]
12 [ 5224  2625  4472  5264 56932 14341  4472 13897 56932  6306  6151  4151
 56942  4000 15227 56934 56942 11613 56935 56932  5226 11120  6256  8657
  4472 56946 20879 56932 12997  1925  5481  5432  4472 16149 56931 56945
 56945 56945 56945 56945 56945 56945 56945 56945 56945 56945 56945 56945
 56945 56945]
16 [ 5224  2625  4472  5264 56932 14341  4472 13897 56932  6306  6151  4151
 56942  4000 15227 56934 56942 11613 56935 56932  5226 11120  6256  8657
  4472 56946 20879 56932 12997  1925  5481  5432  4472 16149 56931 56945
 56945 56945 56945 56945 56945 56945 56945 56945 56945 56945 56945 56945
 56945 56945]
13 [13649 56942  8155  4472  1069  4472  6221  1723  4990 10067 11950 56942
  1925 56942  5226  2084  5226 13649  2185 10291  2003  4151  2131  9434
  5226 11120 13870 15227 56931 56945 56945 56945 56945 56945 56945 56945
 56945 56945 56945 56945 56945 56945 56945 56945 56945 56945 56945 56945
 56945 56945]
9 [ 5224  3612  5873  4810  5224  8224 10067  9541  8509 56942 10013 56931
 56945 56945 56945 56945 56945 56945 56945 56945 56945 56945 56945 56945
 56945 56945 56945 56945 56945 56945 56945 56945 56945 56945 56945 56945
 56945 56945 56945 56945 56945 56945 56945 56945 56945 56945 56945 56945
 56945 56945]
15 [ 1925  2716  2890 12737 15326  4537  5331   683  2704 56932  5804  2402
 56946  5217  4151 56942  6151  4151 56942  1362 11120 12493 14571  4472
 11103  1084 56932   723 10820  5224 13276  4161 11120 15323 10067  3612
  4472 56946 56932 11211  7193 13822 10554  5217 13732 56931 56945 56945
 56945 56945]
18 [ 1925  2716  2890 12737 15326  4537  5331   683  2704 56932  5804  2402
 56946  5217  4151 56942  6151  4151 56942  1362 11120 12493 14571  4472
 11103  1084 56932   723 10820  5224 13276  4161 11120 15323 10067  3612
  4472 56946 56932 11211  7193 13822 10554  5217 13732 56931 56945 56945
 56945 56945]
14 [11120  4816 12683  1346 12948 11211  5805  5226 15538  4472  2890 13723
  3237  4151 56942  1362  4562  8373  1046 56932  2890  5752 56932  8373
  1204  9758 10621  2890  3217 56931 56945 56945 56945 56945 56945 56945
 56945 56945 56945 56945 56945 56945 56945 56945 56945 56945 56945 56945
 56945 56945]
2 [ 7780  7581 56942  1362 13756   958 11120 13543  5226 11120 13244 56931
 56945 56945 56945 56945 56945 56945 56945 56945 56945 56945 56945 56945
 56945 56945 56945 56945 56945 56945 56945 56945 56945 56945 56945 56945
 56945 56945 56945 56945 56945 56945 56945 56945 56945 56945 56945 56945
 56945 56945]
19 [ 5224  5347  3667 14114  5355 56932  5226  5224  1030 56942 56932 10621
  5224 15914  5513 56946 56932  5226  5224 56942 56932 56946 10291  5224
  2523   510 56932  8630 11211  5224 53270  3667 10318 14812  6747 10291
  5224  1056  6232  5226  5224 56942 56931 56945 56945 56945 56945 56945
 56945 56945]
41 [ 5224  5347  3667 14114  5355 56932  5226  5224  1030 56942 56932 10621
  5224 15914  5513 56946 56932  5226  5224 56942 56932 56946 10291  5224
  2523   510 56932  8630 11211  5224 53270  3667 10318 14812  6747 10291
  5224  1056  6232  5226  5224 56942 56931 56945 56945 56945 56945 56945
 56945 56945]
2 [ 8509 13822 56942  1362 56932  5224 56946 13145 13933  1200  5224  2689
 56942  6151  5804 15611 10700 10067  1926 56932  2721 13396 14564 14557
 10621  2740 56931 56945 56945 56945 56945 56945 56945 56945 56945 56945
 56945 56945 56945 56945 56945 56945 56945 56945 56945 56945 56945 56945
 56945 56945]
2 [ 5432  5226 56942  4649 10621 12835  4562  5224  2151  4472  8373  5134
 56932  8493 13172 10067 11183 56932  2890 11284  4472  2551 56932  8373
 16288 51274 10621  5544  5134  1791 56932  7780  4472  2529  2890  2792
 14915  1090 13371 11122    85  5226  1231  7802  4472   821 56931 56945
 56945 56945]
7 [56940  4151 32364 56946 11526 56946  5226 56942  1362 56932  1233 12764
 56932  1240  7709 56946 11120 10185  8509  5137 56931 11120   611  4472
  9379 12733  4550  5240 14052 56931 17579  8606  9504 10291   715 12672
  9000 56932  1925  6117  4472  4151 12453 11211  5224  7346  4472 10185
 56946 13396]
10 [12711  4472 11498 56942 12297 12297 12297 12297 12297 12297 56942 56931
 56945 56945 56945 56945 56945 56945 56945 56945 56945 56945 56945 56945
 56945 56945 56945 56945 56945 56945 56945 56945 56945 56945 56945 56945
 56945 56945 56945 56945 56945 56945 56945 56945 56945 56945 56945 56945
 56945 56945]
17 [ 5224  3245  9243 15919 46405 14039  6151  5804  9139 14931  3818  1925
 10731  6151 16594 56946 56934 56942 56935 56932 13396 56946 56932 56946
 56932 56946 56932 56946 10621 56946 56931 56945 56945 56945 56945 56945
 56945 56945 56945 56945 56945 56945 56945 56945 56945 56945 56945 56945
 56945 56945]
4 [56940 10291  5224  8590 56942   838  7806  6151  1000  4151  3455  7849
  5226 15018 56931  9000  5224 13348  7709  2529  5224 11950  4472 13171
  6292 56931  4151  5008   865  1379 14928 56940 56932  3655  2559 56931
 56945 56945 56945 56945 56945 56945 56945 56945 56945 56945 56945 56945
 56945 56945]
22 [11120  9168 10448 10291 11211  5224 10242  9823  4472 11120  1391 56932
 45228 56327 56932 56946  5226  9379  3861  5224  8741  4472 56942 56940
  6270 16536 56940 10291 11120 56946  5240  5224 13185 10067  8965  5224
 12479 12355 10611  5804  6681  5224  2689  6260  5226  4151  1539  4472
 56946 10621]
38 [ 5224 56946  2555 56932 13396  1231 12135 56932 14435  8493  1688  7838
  5226 11120  3048 10067   940  9111 56934 56946 56935 56932  6151 14849
  4472  5804 56942 13349 56934  4562 14378 24409 56935  4472 56946 56932
 10621  5804 56942  4472 17001 17232 56931 56945 56945 56945 56945 56945
 56945 56945]
10 [ 9000  4151  8849 56946 12764  6283  9543 56932  5226  5804 56942 56932
 11120 16458 13396 12135  4472  5804 10606 29863 56931 56945 56945 56945
 56945 56945 56945 56945 56945 56945 56945 56945 56945 56945 56945 56945
 56945 56945 56945 56945 56945 56945 56945 56945 56945 56945 56945 56945
 56945 56945]
30 [ 1793 10067 14339 10426 12297 11120   694  4472  3582  5226 11120 13524
 12297 56932  5666 11949  3544 11120  7261  4472 11120 13172 10067 11183
  5224 56942  4472  4709  6151  4151 56942  1362  5226 56516 56934  5806
 56935 56931 56945 56945 56945 56945 56945 56945 56945 56945 56945 56945
 56945 56945]
10 [10611  5488 15090   736 56940 11120 15249  3268  8509  4151 56942  1362
 10067 11950  4472  5804 20917  4472 11516 10621 11120 12659  4472  5804
  7340  5318 11211  9661  5226  4151 13988 56940 56932  7868 11120 56946
 56931 56945 56945 56945 56945 56945 56945 56945 56945 56945 56945 56945
 56945 56945]
3 [ 1231  6216 14423 56942  1362  4472  9028  5226  5224  5481  4472 56946
 56934 22022 56935 56931 56945 56945 56945 56945 56945 56945 56945 56945
 56945 56945 56945 56945 56945 56945 56945 56945 56945 56945 56945 56945
 56945 56945 56945 56945 56945 56945 56945 56945 56945 56945 56945 56945
 56945 56945]
20 [11120  5073  4837  5226 11396 11211 56940  3572 18387    19  1004  2370
  5224 14358 56940 56932 56940 13732 48096  5224 56942  4562  5224 14555
 11143 14631 56940 56932 56940 11120  6395  5331  5224  9084 56946  8085
  8677 56940 56931 56945 56945 56945 56945 56945 56945 56945 56945 56945
 56945 56945]
20 [ 4472  4151  3336  3748  5975  1240  1146 11120 10393 56946  4472  5804
 10374 14928  4472  7381  9939 10621  7518  4472 56942 56932 10621  6950
  5226  9537 15657  5226 11211 11626  3455  4472 11211 11120  7132 12764
  7780  5492  5224  9096  4472  4151  6987 27302 56931 56945 56945 56945
 56945 56945]
38 [56946  6667 19391  5226  2627  4472  7261  1925 12835 10067  9541 10611
  5224  8984  4345  1725 10621  5224 12796 56946 35396 56932  9283  7381
 10067  1926 56932 10621  5224   821 11211 13171  3153  7780  5788   424
  2689 56934 56942 56935 56931 56945 56945 56945 56945 56945 56945 56945
 56945 56945]
41 [ 5224 56946  8016 12140  9019 56932 11211 14204  4472 56946  4562 21747
 10621  8373 32119 56932  3245  9490 19026 11120 16400   375 10067  3538
  5226  5224 12232 12270  4562 56946 11648 56932  1231 22784  3079  4472
 11120  1578 10621 56946 56934 56942 56935  1947  5224  9518 15144  4472
 11120  4722]
41 [15428  1362 15083  4472 11358  6224  1925  6319  4562  2890  8876   695
  5226  5224 11211  9956  2890  5285  1537  4472 11120 13450  3682 10067
  7581 56932 11437  1240 13851 13396 12341 10621  8945  1925  6319  6151
  4151 56942  1362 11511 56934 56942 11613 56935 10291  9965 11120  7276
  4472  3336]
23 [ 1231  7976 56932  5226 11120 11938 56932  7880 11120  2543  7956 11149
 46682  6151 15254 10067 56942  4472  5385  4562  5224 12725 10067 56942
  4472 11120 15615 56931 56945 56945 56945 56945 56945 56945 56945 56945
 56945 56945 56945 56945 56945 56945 56945 56945 56945 56945 56945 56945
 56945 56945]
4 [ 5224  6949  4472 11120 56942 13844 10067  7900 13987 11122  2834 56942
 19595 56931 56945 56945 56945 56945 56945 56945 56945 56945 56945 56945
 56945 56945 56945 56945 56945 56945 56945 56945 56945 56945 56945 56945
 56945 56945 56945 56945 56945 56945 56945 56945 56945 56945 56945 56945
 56945 56945]
26 [ 4758 13529  8443  4472   671 56932 42069 10067 16772 56932  1040 12948
 11211  5804 10333  1240 56946 10067 56942  4472 14724  1925 56942  4472
 11966 56932 56942  3861 13171  4472 11122  7485 56932 10621 11211  5224
 12684  5240 10021  5224  9283  4472  8330 56934 10611   366 10621  8752
 56935  4161]
1 [ 5224 56942  3315 56942  7672  4472  6226  7944 56932  8630 11211 11120
  3752 14977  3315 13171  4472 56942 38473  6151  6537 56931 56945 56945
 56945 56945 56945 56945 56945 56945 56945 56945 56945 56945 56945 56945
 56945 56945 56945 56945 56945 56945 56945 56945 56945 56945 56945 56945
 56945 56945]
3 [ 5224 56942  3315 56942  7672  4472  6226  7944 56932  8630 11211 11120
  3752 14977  3315 13171  4472 56942 38473  6151  6537 56931 56945 56945
 56945 56945 56945 56945 56945 56945 56945 56945 56945 56945 56945 56945
 56945 56945 56945 56945 56945 56945 56945 56945 56945 56945 56945 56945
 56945 56945]
23 [11120 30844  4472  1489 56932 44999 27051 56932   730 11211  4151 56946
  4472  3432  5226  2551 56946  6151 56942  8155  5226  5754 56932 56942
  5226  1906 56932 56942  5226  5224 13804 11096 56932 56942  5226  9161
 56932 56942  5226  3931 56932 56942  5226 11120  5956 14100 56932 56942
  5226  1884]
27 [11120 30844  4472  1489 56932 44999 27051 56932   730 11211  4151 56946
  4472  3432  5226  2551 56946  6151 56942  8155  5226  5754 56932 56942
  5226  1906 56932 56942  5226  5224 13804 11096 56932 56942  5226  9161
 56932 56942  5226  3931 56932 56942  5226 11120  5956 14100 56932 56942
  5226  1884]
33 [11120 30844  4472  1489 56932 44999 27051 56932   730 11211  4151 56946
  4472  3432  5226  2551 56946  6151 56942  8155  5226  5754 56932 56942
  5226  1906 56932 56942  5226  5224 13804 11096 56932 56942  5226  9161
 56932 56942  5226  3931 56932 56942  5226 11120  5956 14100 56932 56942
  5226  1884]
37 [11120 30844  4472  1489 56932 44999 27051 56932   730 11211  4151 56946
  4472  3432  5226  2551 56946  6151 56942  8155  5226  5754 56932 56942
  5226  1906 56932 56942  5226  5224 13804 11096 56932 56942  5226  9161
 56932 56942  5226  3931 56932 56942  5226 11120  5956 14100 56932 56942
  5226  1884]
41 [11120 30844  4472  1489 56932 44999 27051 56932   730 11211  4151 56946
  4472  3432  5226  2551 56946  6151 56942  8155  5226  5754 56932 56942
  5226  1906 56932 56942  5226  5224 13804 11096 56932 56942  5226  9161
 56932 56942  5226  3931 56932 56942  5226 11120  5956 14100 56932 56942
  5226  1884]
47 [11120 30844  4472  1489 56932 44999 27051 56932   730 11211  4151 56946
  4472  3432  5226  2551 56946  6151 56942  8155  5226  5754 56932 56942
  5226  1906 56932 56942  5226  5224 13804 11096 56932 56942  5226  9161
 56932 56942  5226  3931 56932 56942  5226 11120  5956 14100 56932 56942
  5226  1884]
43 [ 6151 11093  4000  4472 11120  1296 10463  4940  4562 56946 15894  5226
  5224 18344  4472 11120 12767 56932  8630 56946  4151  3039  3205  4472
 11120 16669 56932 11122 11211  5226  4649 30527  7898  8445  4472 56946
 56933  1925   273 10621  1925  9687 56932 56942 56946 56946 11120  1216
  8328 10621]
41 [ 1925    20 11211  5226  5804  9140 56932  5226   425 13450 56932 11120
  7038 56934  6151 56935 18012 13371 14022  4472  4151 22731 56946 56932
 11122 11211 15604  3245  5224 12284 56932  4693 16141 10291  5224 12562
 56946 56932  4472  8716  4472 56942  1925 17691 11120 14119 10621 56932
  4562  8596]
11 [ 4472  9591 56932  5804 17651  1240 17407 56946  4562 56946  5226 56942
 56932 56942 12297 56946 10621  5224 56946  1240 56946  5226  5224 13602
 56946  4562 11122 11211 50677 11120 15910 56946 56931 56945 56945 56945
 56945 56945 56945 56945 56945 56945 56945 56945 56945 56945 56945 56945
 56945 56945]
9 [ 5226  8593 13885 10644 13723  4472 11791 56934 56946 56942 56935 56931
 56945 56945 56945 56945 56945 56945 56945 56945 56945 56945 56945 56945
 56945 56945 56945 56945 56945 56945 56945 56945 56945 56945 56945 56945
 56945 56945 56945 56945 56945 56945 56945 56945 56945 56945 56945 56945
 56945 56945]
