3 [56940  2662  6151  1234  8493 10036  8884  6151 11294 56932 10621  1659
 11211 50786  7827  4562  5224  1673  5226  5224 19782 56940 56932  1964
  5224 11203  5972 56931 56945 56945 56945 56945 56945 56945 56945 56945
 56945 56945 56945 56945 56945 56945 56945 56945 56945 56945 56945 56945
 56945 56945]
4 [ 5534  6151   577 11117 56946  2890  8512 12297 12297 14260  6151 11120
  9745   848  6151 11120   314 10291 11120 11211 15282  6197 12764 11117
  5927 13822  8561 12297 12297 56932 12650    52  8493 11495  3682 56931
 56945 56945 56945 56945 56945 56945 56945 56945 56945 56945 56945 56945
 56945 56945]
