13 [12889  1969 12764   753  7795 10414 56932  6151  7608  4472  5563 15504
  1240 56946 14513 10067 56942 10621 10067 56942 13396 14108 10621  4161
 10067 56942 13396 14108 56932 15201  6151 14196 11120 13724  4472 11120
 12688 56932 13529  4758 14419 56931 56945 56945 56945 56945 56945 56945
 56945 56945]
17 [11120  3933 11895  4472 11120 10742 56932 11211  3946  5224  5234  6340
   936  3617  6672 56932  1240  8462 10067  6319  8373  3861  4693  4472
  5804 13283 15083  4472 11211 11120  8108 10471  3406  1231  2371  4472
 14667  8509  8834  3861  4151  4290 10291  8986  5224 10119  4472 11463
  4472  2322]
3 [ 5804 10136  1240 56946  4562  5224 12365 14260  3281  5226 11120 16047
  4472  3287 13396 11120  1274  3474 10067 12074 56932  5226  4890 13344
  4585  7837 56932 10621  5724 12676  1231 13269 10291 56946 14260 19991
  5224 10103  4472 56946 13371  8493 34455 56932  7868  7898 14101  4472
 11120  5793]
19 [ 5224  4154  4472  8443 56932 13396  1231 12135 56932   730 12948 11211
 11372  1231 12467 11372  1231 13464  1240  8504 15083  4472 11211 11120
 11093  1240  9005  1925 12711 10621  4621  5224 14578  4472 11581  7116
  6151 11120 12695  4472 11120 14571  8905 56931 56945 56945 56945 56945
 56945 56945]
16 [14442 13334  2091  1296 56932 11120 11436 10126 56932 10621  3052  2370
  5224  3447 56932  1240  9467 10067  9225 10961  4472  1231 12754  3818
 56931 56945 56945 56945 56945 56945 56945 56945 56945 56945 56945 56945
 56945 56945 56945 56945 56945 56945 56945 56945 56945 56945 56945 56945
 56945 56945]
