8 [ 8630 56932  5804  1953  4472  5804  4701 12764   746  3517  4472 20100
  9379  3861 56932  4562 13728 14373 10611 56946 56932 26344 56932 56946
 10621 21153  2129 56932 13396  2890  5689 56932 10621   861 10621 16373
 13396    13 56931 56945 56945 56945 56945 56945 56945 56945 56945 56945
 56945 56945]
0 [ 7780  7581 56942  1362 13756   958 11120 13543  5226 11120 13244 56931
 56945 56945 56945 56945 56945 56945 56945 56945 56945 56945 56945 56945
 56945 56945 56945 56945 56945 56945 56945 56945 56945 56945 56945 56945
 56945 56945 56945 56945 56945 56945 56945 56945 56945 56945 56945 56945
 56945 56945]
34 [ 5224 13883 56940  5224 24172 56940  4472 14381 56932 21537 56940 49718
  3733 56940 10621   668 11211  6151 14849 10067 11575  5224 13057  5831
 38850  1240 14576 56932 15023 16889 11211 56940 11120 31360  4091    52
  8192 13171  5500 56932  4472 12764  2529 13396 11120  5229 10067 13057
 38850 10621]
