31 [ 5432  5226 56942  4649 10621 12835  4562  5224  2151  4472  8373  5134
 56932  8493 13172 10067 11183 56932  2890 11284  4472  2551 56932  8373
 16288 51274 10621  5544  5134  1791 56932  7780  4472  2529  2890  2792
 14915  1090 13371 11122    85  5226  1231  7802  4472   821 56931 56945
 56945 56945]
12 [11120 11798  4472 11120  8069   635 56932  7868 14105 56932 56940  5207
   582  4472  4041  4472 56946 56932 14260  5804  4679  4055   865  2890
  9809 10621 12473 11211  2529  2095  5226 10107  4492 56940 13396 11122
 11211 56940 11285  4472 56946   424 10522 13371  8493  2928  4472  7538
 56932  5226]
25 [ 6151  5995  4472 14694 15646 56932 11120 14564 12031 10067   653 10291
  4562  5804  3153  4472 56942  5137 13280 15223  5226 11211  9379  3153
  2254 52430  4472  2529  5224  7811  9587  4472  4151 16626  4043  4472
 11120  5089 56932 10621 11211  5226  1231  6971 12669 21976 13396  5804
 24697  6151]
