6 [ 2363  9206  5240 11120 11093  5682  4430  4472  5716  4472  4174 56931
 56945 56945 56945 56945 56945 56945 56945 56945 56945 56945 56945 56945
 56945 56945 56945 56945 56945 56945 56945 56945 56945 56945 56945 56945
 56945 56945 56945 56945 56945 56945 56945 56945 56945 56945 56945 56945
 56945 56945]
17 [ 4562  8493 12101  7035 13396 56942  8330 56932 11120  9745  1240  7780
 13771  3245  6151  5606  3084 24292  4472  3464 13387 10291   775  1231
 11199  4472  5869  2861 14180  9140 10358  4472  6226  5224  1926 10621
  5804  5643  5226  1723 56931 56945 56945 56945 56945 56945 56945 56945
 56945 56945]
