15 [11120  6574  4472 13444  4472  5804  2594  1240  3747  5224 11255  4522
  5226  3108 10621   373  1722 11120  6945  4472 25742 56932 12904 56932
 24165  3752 10621 13983  6338 56931 56945 56945 56945 56945 56945 56945
 56945 56945 56945 56945 56945 56945 56945 56945 56945 56945 56945 56945
 56945 56945]
32 [ 8409  3156  5226 11211 11120  8139  4472 11120   358   373  5226 11400
  5226 13439 56932 10621  1233  1240  4473   425  3874 10621  4151 56946
 11144  1925 56946 10621  1925  9111 56932 56940  1469  4977 56940 56932
  1117  5224 14479 56931 56945 56945 56945 56945 56945 56945 56945 56945
 56945 56945]
8 [ 5226  5224  1702  5296 56932 11120  3304 17768    85 56946  1925 12844
 10621  1925  8306 56946 10067 28194 56931 56945 56945 56945 56945 56945
 56945 56945 56945 56945 56945 56945 56945 56945 56945 56945 56945 56945
 56945 56945 56945 56945 56945 56945 56945 56945 56945 56945 56945 56945
 56945 56945]
5 [19973  5804  7864  1340 11211  5487  4804 56932  9000 12764  6151  1725
  4472 14099  5804  3706 56931 56945 56945 56945 56945 56945 56945 56945
 56945 56945 56945 56945 56945 56945 56945 56945 56945 56945 56945 56945
 56945 56945 56945 56945 56945 56945 56945 56945 56945 56945 56945 56945
 56945 56945]
3 [ 9000 11120 12874    85 27912 10621 13960 56946  5217  1231  9322 56931
 56945 56945 56945 56945 56945 56945 56945 56945 56945 56945 56945 56945
 56945 56945 56945 56945 56945 56945 56945 56945 56945 56945 56945 56945
 56945 56945 56945 56945 56945 56945 56945 56945 56945 56945 56945 56945
 56945 56945]
