25 [11120 14753 56946  9761 13396 11120  1527  2106 10621   676  4151  7374
 51512 10291 42557  8493  7182  2833 56932  6205 13371 11216  4151  9876
 11211  1831 11120 13902 10067 14679 56931 56945 56945 56945 56945 56945
 56945 56945 56945 56945 56945 56945 56945 56945 56945 56945 56945 56945
 56945 56945]
24 [14315  5226 11120  9868  4472  1231  7415 13439 56932  1240  7997  6151
 11358 48803  7363 51726 15794 13502  4151 12850 18416  5226   587 11211
  4473  1231  7132 12297 12297  4246 13396 11120  4836 10067 11239 56932
 56946 56946 12297 12297 56932  8493 29743  4006  4472  2260 56946 56931
 56945 56945]
27 [ 6112 10005 56946  6151  5804  4185  9939 11120  5660  4472 13822 14455
  4472 11120  6549  4562  6102 56932  5226 15168  4472 12350  5226  8373
  5137 56932 13371 12833  2890 12301 15231  5226 14724  6260 56932 13002
   217 56932  9544 56932  5224   413  8759  5432 56932 56940  1925 56946
 56940 56931]
8 [ 5224   653  4472  4472 11120 13017 56932 11211  3717  5224  6260 56942
  4472   995 56932 15246  5224 15063 10067 10379  2824 56932  3030 13396
  4233 10584 56932 11211  8057 13440 34142  6151  4151   353  4472 11120
  6805 21950  4472 13272   881 56931 56945 56945 56945 56945 56945 56945
 56945 56945]
7 [ 4151  1347  4472 12004 56932  6151 13386  1404   217 56932  8590 56932
 11120  2858 15227 56932 14219  4562 11120  7300  9379  3861  5226  2525
  4472  8493  2198  4472   366  4472  4151  4822  9330 10291 11830  4562
  4151  6505  4472   424  6319  7956  4151 13010  4472 10731    68  7162
  5226  5224]
30 [56940  4550 11122 11211 40292  5240 14496  6151  6416  8493  7415  1578
 56932  4562  2890  9198  4472 12090 10621  5280  6419  6151 15223  5226
  5224  7992  4472 11159 11211 12015 11449 11120  7626 56940 56931 56945
 56945 56945 56945 56945 56945 56945 56945 56945 56945 56945 56945 56945
 56945 56945]
24 [ 5224  6909  2812 13155 56946 15331   424 56940 13469  4472  7581 12683
 56940  5226 15276  4472 11120 12815  4472  1281 56946 56932 13371  7780
  2057  1231  5039 56931 56945 56945 56945 56945 56945 56945 56945 56945
 56945 56945 56945 56945 56945 56945 56945 56945 56945 56945 56945 56945
 56945 56945]
38 [ 6151  3951 10867  4472 11120  2591 56932 11211  6197  1240 16174  8503
  4472  5804 17705 56932  1396  6151  1601  4472 56946  4472 11120  2859
 14260 12764  7780 13848 11211 13698 56934   848 13386 15145 56935 38774
 11122 11211 11828  1231 13556 56931 56945 56945 56945 56945 56945 56945
 56945 56945]
28 [ 4151  2131 19721   290  5224 56940  2641  5226  6226  5224 11078 56940
 11211  5224  6516 10067  7581  4188  2610 56932  9823  4472  1651  8953
 36299 56932  8902  6151  2135  6151 15099  4472 14724 56931 56945 56945
 56945 56945 56945 56945 56945 56945 56945 56945 56945 56945 56945 56945
 56945 56945]
34 [ 5224  7423  8288 10067   653 10621  9230  4472  3806 56932 11536 13811
 56932 15201 56932  7956 11120  1958  8467  4472 11120 12030 56932 11211
  5224  2631 12764   373 10291  6188  2786 11211  1340 11211  2738  5804
  3618  4472  4151 14729 56940 13539  1231 12759 11752 56940 56931 56945
 56945 56945]
13 [15083  4472  5804 24952  4562 42590 10621 56946 56932 11120 56946 11211
  7780  6217  8292  6913  4550 11120  7415 13916 10291  2890  5076 11211
 12764 14717  5224 56412  5217 56942 56931 56945 56945 56945 56945 56945
 56945 56945 56945 56945 56945 56945 56945 56945 56945 56945 56945 56945
 56945 56945]
28 [ 5224   436 56932 11211  4868  7381  9939  5226  5224  4842 10621   373
  7871  5226  5544 10700 15356 56932    85   935 10291 15522  4472 13030
 11783  4151 15461 11211 14983  5224  1620 10291  7293 13822  8762 56932
  3655 11120  2633 56931 56945 56945 56945 56945 56945 56945 56945 56945
 56945 56945]
35 [15023 14857 11211 12937  4151  2786    61  4472 11120  2894  1240   746
  7575  4161  4550 14931  6416  5226 14662 11120  6098  4472 13822  7345
 56932 56946  1015 11211  5804 15618  4472 11120 12613   746  4472 11872
  8186  7956  1231  1437 56931 56945 56945 56945 56945 56945 56945 56945
 56945 56945]
30 [34775  5226  5224  1229 47528 12297 12297 11120  7415 15106 30496 56942
 11804  4472  5699  6151  5804 14931 12771  5224  6260  2689 12297 12297
 56932 56946  4562  2890  6400 11211 56946  9209 11601 10291  1712 11120
 13916  6151  5804 11211  6197 12764  1340  3260 56931 56945 56945 56945
 56945 56945]
49 [10111  6151 11174 11120   358  5226 11120  9745  8509   683  9794  5137
   848 56932  5226 10025 15657 56932  6151  1353  5224  3299 13396  8223
 56932  9000  5226 11813 13440  7494  5224 12691  4472  8493  9556 17480
  4472  2890  2445  4472  2677 11211 56946  4151 11211  5226  1231 11950
  7709  6330]
17 [56940 12764   753 12761 56940 56932  1240  8710 56932  5226  2913  6151
 11120 56940  6849 56940 11211  8619  5804  1305 10611  5224  5328 10621
  3572 56931 56945 56945 56945 56945 56945 56945 56945 56945 56945 56945
 56945 56945 56945 56945 56945 56945 56945 56945 56945 56945 56945 56945
 56945 56945]
47 [ 5226 11120  3252  4472 11120 13439 12348 56932 13905 15201 11211  5172
  4472 10076  4472 38649  2890  3430  5226  5224 11211  5224 56946  6792
 13822  1088 20703 56932  4472  4151 11211  6950  3971 10722 56932 14260
  4693  4151 10978  6151  5804  7568 13801  4472 11120  6462 11211 54613
  1231 13870]
3 [ 7930 56932 15023 56946  2890 56946 56932  2529  9288 56933 15201 11211
  7494  8493 56940  7415 10098 56940  4562  3433   671 56932 13171 11211
  9937 13396 12342 56933  6299 11211  3245  5240 15340 10067  2792  4472
  1352 56932 14524 15043 14751 56932   848 13396   377 56932 10621 15201
 11211  4562]
12 [ 5543  9445 56932 15058  6151 23309 56932 11211 11122 11211  4026 11211
  8606  6905  7396  5240  5487 56940 15647 56940 10621  1603 11211 12342
 12171 17182 56940 56946  1925  7238 56940 56931 56945 56945 56945 56945
 56945 56945 56945 56945 56945 56945 56945 56945 56945 56945 56945 56945
 56945 56945]
23 [15232  5760 12424 11691  4472 56946  6151  8225 10291  2545  5226  4151
 12196  4472  6952 10621  8134  6151  5804  9424  4472 12865 11211  7187
  4151 48257   818 20946  5226   995 56931 56945 56945 56945 56945 56945
 56945 56945 56945 56945 56945 56945 56945 56945 56945 56945 56945 56945
 56945 56945]
44 [56940  1233  1240 10261 32582  6151 11120  8150  4472 11211 12764 56946
 10370  2179 56932 12764 10261  3848  9068 17811 56940 56932  1096  3333
 56932  5226  6425  6151  3667  9810 16819 56932  5224 35387  1428  5224
 11950 56942  1925 15222  2890  6411 11211  9490  5663  5226 11120  6962
  4472 56946]
16 [56946 15648  6151  1231  4291  6151 15538 11211 56940 11122 13171  3269
  5240 11120  2985 11211  5151  5224   339 10067 13893  4449 56932  5226
  2890  7566  1925 11211  1240  3782 13171  4472  2890  6753  4472   278
  4472  6226  5224 11477 56940 56931 56945 56945 56945 56945 56945 56945
 56945 56945]
39 [ 9379  8373 10700 14343 11211 11120 56940 12283  6587 56940   582 14001
  5226 14390  4562 14915  6950 14378 10700 56932 11211 28593  8493  5073
 56940  7945 10621  4987 56940 11211 43912  4472 56940 11921  4472  6478
 10291  5606 11211 56946 11120 12613 56940 56932  6278  1231 11311 56931
 56945 56945]
17 [11948 15141   511  5804   453 11302 10291 12735 11120  4194 11697 10067
 11960 12297 12297 11211  5676  6607  5224   653 12297 12297  4562 11120
  4194  4472 11120  7070  9993  1764 10966 56932  4472 11120 11211 11120
  5844  5240  7071 14541 56931 56945 56945 56945 56945 56945 56945 56945
 56945 56945]
9 [56940 12015  7780 14985  5224  2104  4472  7626 11211  8777  5804  4755
 56932  5224  8254  4472 11426  1925 11211 13512 10621 11120 13636  4562
 11120 11211  1240 13731  5226  5224  5372 13396  5224 13132  4472  1000
  6151 11120  8150  8128  5226  9735 56940 56931 56945 56945 56945 56945
 56945 56945]
15 [11120  8709  3245  7880 11120  7316  4472 11211  1240  6629 12937 10630
 13120 11211 12764 56946  8780  2508 56931 56945 56945 56945 56945 56945
 56945 56945 56945 56945 56945 56945 56945 56945 56945 56945 56945 56945
 56945 56945 56945 56945 56945 56945 56945 56945 56945 56945 56945 56945
 56945 56945]
15 [  731 56932  5226  7809  5226  5804 24135 10067  1950 56932  1694 11211
  4151 10233 11211 15257  2890 13019 13371  5224  4472  4758 10958  9775
  4472 36820 11526 11434 10335  4562 11120  3363 10291 12208  5307  6151
  8493 11851 10236 56931 56945 56945 56945 56945 56945 56945 56945 56945
 56945 56945]
24 [11122 11211  1240  7780  9591  5226  5224 14004 56932 11120  5869  4472
   721 13396  8589 10621 12764 13396 13193 56932  5240  2890 10119 11211
  1999 15176  4472  5811  5226  6226  5224  1926 56931 56945 56945 56945
 56945 56945 56945 56945 56945 56945 56945 56945 56945 56945 56945 56945
 56945 56945]
25 [11120  7833  3727 56932  9914  4472  4565 56946 10621 13219  4472  4151
  1228 56932  5466  1925 12297 56946 12297 56946 10621 56946  8204 11211
  7780  2729  5226 14390 11120 12767 11211  5207 56946  4562  1231  5933
  4472 56946 10621 56946 56932  4472 13388 10621  2295 56932  4472 10127
  3395  6151]
26 [11120  7833  3727 56932  9914  4472  4565 56946 10621 13219  4472  4151
  1228 56932  5466  1925 12297 56946 12297 56946 10621 56946  8204 11211
  7780  2729  5226 14390 11120 12767 11211  5207 56946  4562  1231  5933
  4472 56946 10621 56946 56932  4472 13388 10621  2295 56932  4472 10127
  3395  6151]
