10 [56940 12764 14394  1368 15583  4562  5804 10025 11516 56931 56946 16109
 13371  8150 11211 10463  1231  7626 56940 56932 10395 56931 56945 56945
 56945 56945 56945 56945 56945 56945 56945 56945 56945 56945 56945 56945
 56945 56945 56945 56945 56945 56945 56945 56945 56945 56945 56945 56945
 56945 56945]
13 [56940  1233  5224  9925 13280 11122 11211  1659 11211  3645  6151  8606
 56932 15360 12994  1925 11255  2792  4472 12379  5452 56940 56932  1243
   505  5226 11120  7442 56940 11140  4472  6976 56940 15023  5224  7261
  4472  8493  1300   445 56931 56945 56945 56945 56945 56945 56945 56945
 56945 56945]
5 [ 2317 56932  2890 20105  3728  9490 42045  6151  1231  2052 56932  2890
 11950 15023    13 56932 10621  4550 24198  4693 11211 12342 56931 56945
 56945 56945 56945 56945 56945 56945 56945 56945 56945 56945 56945 56945
 56945 56945 56945 56945 56945 56945 56945 56945 56945 56945 56945 56945
 56945 56945]
