6 [  424  3430 56932 11211  7780  7575 13371  6425 11120 12815  4472 13579
 56932 13280  3238  5226 11211  5804 56946  7329  4472  4151 14030  5226
 11791 10861   865 56940 12407 11357 56940 56932 10621 11211 56940  5224
 13789 10865  5953  6151  2529 28595  5226 13142 11211  3240 12046 13767
  8509  2890]
20 [13396  1231 12135 56932 11120 12815  5432  7780  3860  5217  5224  1242
 11120  2725  4660 11211 15331 56946 10621 10700 13371  2740 10621 14564
 14557 56932 10611 10025 56932  1396  6151 11120  9028  4472 11211  5804
   508  9444  9475 10291  6188 12453  2370 11835 13396   782 11120 20732
  4472 11120]
39 [ 7023  4472 56942  3985 10621 10025  6928  1046  4472  2496  1317 10621
  1551  4779  7914 13396 11120  2496  4472  5804 14101 10621  1925 11554
  9046  5224  5104  4472  5804  7345 10291 11211  9658 26622  4472 13822
  1919 11750 56932 13371  4151  2983  6535  7923 18776 13396  1231 11950
  5972 56931]
33 [ 5226 11120 13287  5226 11211 56946 56934 56946 55589 56935 14747 20158
  6151 26574 56934 33407 56946 56935 10621 39232 56934 16252 26387 56935
 56932 11120  8290  4472  4151 12505  4868  8493 18391 13371  1233 11120
  8185  9836  5226  2890 24489 56931 56945 56945 56945 56945 56945 56945
 56945 56945]
23 [ 5804  9362  4472 10766  4472  1725   509  3245  1240   484  4241   217
 13396  5224  8716 10067 11955 10067  6604  5226  5224  4842  5432 13371
 14022  4472  4151  4483  5226  4151  3114 10060 56931 56945 56945 56945
 56945 56945 56945 56945 56945 56945 56945 56945 56945 56945 56945 56945
 56945 56945]
11 [56946  9801 12948 11120 43817 10291 56940 35588 56940  6151  9222 13371
 56940 53047 10067  8306 10445 56940 56931 56945 56945 56945 56945 56945
 56945 56945 56945 56945 56945 56945 56945 56945 56945 56945 56945 56945
 56945 56945 56945 56945 56945 56945 56945 56945 56945 56945 56945 56945
 56945 56945]
21 [ 5224 10242  9823  4472 56946   530  6609  5226 11120   409  4472 11120
 13553 10621  1898 11120 11469  7416  4472  5804  7394 13371  4534  4472
 11851  6151 11120  5899  4472  8330 56931 56945 56945 56945 56945 56945
 56945 56945 56945 56945 56945 56945 56945 56945 56945 56945 56945 56945
 56945 56945]
31 [ 9000 11127  5226 11211 56940  2890  3000  4472 11120 12031 11342 56940
  1872  6151 14040 11120  5089  6151  2890 14198  6121  5226 11120  4188
 12135  4472  4151 14625 56932 56940  6151 14849  4472  8493   128   967
  1925  8425  5226  9394 10700 56940 56931 56945 56945 56945 56945 56945
 56945 56945]
46 [11120  2440  6278 11211 11120  7132  4472 56946 56946 56932  4472 56942
  5137 56932 11120  5760  5226  8949  4472 56942  6151 13439 10067  6444
 10621  4472  1231  4836  5226  5224 14004  4472 12820 10291 11211 56940
  4031  4472  8596 56940 56932 11122 11211 12764    95 56932  7868 11120
  4476 56931]
8 [15879  4472 11120 11066  4472 16634 56932 10621 13371 14022  4472 11965
 24079 56932  6950  5224 56942 13396 14108 10067 12646  1240  1630 41691
 56932  8630 11211  5224  7992   373 26520   848 10899 56946 10621 14931
 13010  4472  7897 56931 56945 56945 56945 56945 56945 56945 56945 56945
 56945 56945]
36 [ 5224 10242  9823  4472 11120  4002 56932  5831  5355  8833 56932 15625
  3245 11120 13408  4472 11120  3077  4472  2907 11295  4472 11120  9849
 56932  2152 11211  6043 10621  7472 11120  8467  5942  5226  8689 56932
 13371 14022  4472  5804 10314 15436 13396  5224  2220 10067  3235  9923
 56931 56945]
7 [ 5224 14687 12764  8946  4472  3639 10954  4472  5187 56931 56945 56945
 56945 56945 56945 56945 56945 56945 56945 56945 56945 56945 56945 56945
 56945 56945 56945 56945 56945 56945 56945 56945 56945 56945 56945 56945
 56945 56945 56945 56945 56945 56945 56945 56945 56945 56945 56945 56945
 56945 56945]
17 [ 2067 55193  7534  1691  4472  5589   948 12297 10621 11122  5240 12297
  9000 11117 13295  1231 56946 13371 21304 56931 56945 56945 56945 56945
 56945 56945 56945 56945 56945 56945 56945 56945 56945 56945 56945 56945
 56945 56945 56945 56945 56945 56945 56945 56945 56945 56945 56945 56945
 56945 56945]
13 [56946  4550  2545 56932 11148  2890 55704 56932 31920 56932  6156  6151
  7898  4472 11211  5668  5240  5224  7147 10067 11426 56931 56945 56945
 56945 56945 56945 56945 56945 56945 56945 56945 56945 56945 56945 56945
 56945 56945 56945 56945 56945 56945 56945 56945 56945 56945 56945 56945
 56945 56945]
2 [ 5224  7330 13371  4157  4472 39561 12764    85  8493 11938  7485  5226
  5224  1926 15387 56931 56945 56945 56945 56945 56945 56945 56945 56945
 56945 56945 56945 56945 56945 56945 56945 56945 56945 56945 56945 56945
 56945 56945 56945 56945 56945 56945 56945 56945 56945 56945 56945 56945
 56945 56945]
25 [14496  6151 11120  9231 56932 56946  5226  8493 16198 16092  6151 11120
  9028 10067  3343 10067   864 56932 56946 13396  8493  5918 10540  8819
 56932 14931    13 12684 11211  1720  5804  5286 10067  9472  4472 11273
  6862 18785 56932 18785 10621 13064 56932 13064 10621 11273 56932  8984
  6862 18785]
5 [56946  5224 18785 56946 56946 13371 11120 22183 56946 10067 15790 56931
 56945 56945 56945 56945 56945 56945 56945 56945 56945 56945 56945 56945
 56945 56945 56945 56945 56945 56945 56945 56945 56945 56945 56945 56945
 56945 56945 56945 56945 56945 56945 56945 56945 56945 56945 56945 56945
 56945 56945]
10 [ 5226 11120  4812 56932   683 19368  4472 12287 56946 56932 13371   198
 48961  4472  2890 13315 56932  1240 56946 10621 56946 11122 12675 11211
  1233 56946  2890 56946 56931 56945 56945 56945 56945 56945 56945 56945
 56945 56945 56945 56945 56945 56945 56945 56945 56945 56945 56945 56945
 56945 56945]
10 [12297  5224 45321 34395 56932  4125 56946 10621 56946 56932 13371  1233
   375  4472 13305 56931 56945 56945 56945 56945 56945 56945 56945 56945
 56945 56945 56945 56945 56945 56945 56945 56945 56945 56945 56945 56945
 56945 56945 56945 56945 56945 56945 56945 56945 56945 56945 56945 56945
 56945 56945]
15 [ 5224  9003  4472  5487 12764  8946 13171 11211  2890 17200 15864 56932
 12299 10621  3492 13371  5224 51548  4472  8493  7132 56931 56945 56945
 56945 56945 56945 56945 56945 56945 56945 56945 56945 56945 56945 56945
 56945 56945 56945 56945 56945 56945 56945 56945 56945 56945 56945 56945
 56945 56945]
