16 [56946 56932  6151 13386  5804  5133  2754  2890 10620 56940 56946 56940
 56932  9169  5226 11211   373 56940 11898  6151  1490  1019 56940  4562
 11120  7384  4562  5224   273  4472 56940  8555  8493 11851 11211 56946
  1925  6319 56940 56931 56945 56945 56945 56945 56945 56945 56945 56945
 56945 56945]
10 [ 7940 56946  7780  8806  5224 14399  4562  8468 10621  7780  7581  3450
  6151 11120  4687 56940  4472  1242  6151   273 56940 56932  8212 56946
 56932 11211  1240  6980 14260   424  9591 56940  7780 14069  2890 13305
  3510 56940 13974  4472 11120  9745 56931 56945 56945 56945 56945 56945
 56945 56945]
