23 [13280  8373 11970 56932  5224 12361 15288  8352  2691 29228  8212  5226
  3222 11211 13662   809   297 11120  7253 10643  4472  7384 10291 14184
   273  6151 56942  5137 10067 13215  5226  5224 10778 56931 56945 56945
 56945 56945 56945 56945 56945 56945 56945 56945 56945 56945 56945 56945
 56945 56945]
27 [ 1925  4877   151 12672  4472 32170  4562 22061 27423  5226  4151 11211
 56946 10291  5224  2523   510 10621 16293 10291  5224  1056  6232  6151
  1601   752  4472 14184  5226  2415  6151 13822 11360 56931 56945 56945
 56945 56945 56945 56945 56945 56945 56945 56945 56945 56945 56945 56945
 56945 56945]
44 [ 1793 56932 29767  5165  6151  9019 11211 39759 11120 12040  4472  8493
  6805 10212  4472 11791 56940 10291 10851   405  8165 56940 10621 15005
  1925   653  4472 11211 10475 56940 56946 56940  6151 11120 14294  4472
  4004 56932  1233 56940 11562 56946 56940  5226 12676  6151  2135  5224
 13004  4472]
21 [ 9222   668 11211  1969   373  5226  5187  5534  5226   776  1240  3648
  9331  6151  8606  2890  9185  4472 19901 10291 10778  1000  6151  6226
  5224 14802 11211 11117  7731 56931 56945 56945 56945 56945 56945 56945
 56945 56945 56945 56945 56945 56945 56945 56945 56945 56945 56945 56945
 56945 56945]
