17 [ 8630 56932  5804  1953  4472  5804  4701 12764   746  3517  4472 20100
  9379  3861 56932  4562 13728 14373 10611 56946 56932 26344 56932 56946
 10621 21153  2129 56932 13396  2890  5689 56932 10621   861 10621 16373
 13396    13 56931 56945 56945 56945 56945 56945 56945 56945 56945 56945
 56945 56945]
19 [15083  4472  5804 24952  4562 42590 10621 56946 56932 11120 56946 11211
  7780  6217  8292  6913  4550 11120  7415 13916 10291  2890  5076 11211
 12764 14717  5224 56412  5217 56942 56931 56945 56945 56945 56945 56945
 56945 56945 56945 56945 56945 56945 56945 56945 56945 56945 56945 56945
 56945 56945]
2 [ 7868  2890 14399 11815 10611  5224   653 10621  5224 13723 25378 56932
  8850  1229   582 14274  5226  5224  5352  4472  4151   733  4472  1447
 14114 10621 56946 56932  5226  5224  9211  4472 15937 56932 10621 56946
 56932  5226  5224  4472  1001 56931 56945 56945 56945 56945 56945 56945
 56945 56945]
31 [14931 11744 56932 11120  9028  7709  2529  2038 56932 11664 11120  6098
 20793 10611  5804 19426 10621 13996  5226   177  7312  5240 11211  6950
 11120  3852  4472  3433   671 56946  4151 12336 11295 10611 15232 10621
 12379  5452 56931 56945 56945 56945 56945 56945 56945 56945 56945 56945
 56945 56945]
5 [56940 12889  1490  7944  4472 14399 10611  4151  8373   373  1969 12407
  2199 10621  5240 14844 11211 10499  4693  4472  4151  5839  4290  3496
  5226  1723 56932  4151 14373 13526  5224 13826 10843 11211   753  5226
   424 10386  5226  2551  5226   424  4492 56940 56932  8964  5224   413
 56931 56945]
7 [ 5226  3646 56932 12948  1240  8978  5224 14399 10611  4942 56932  8567
 10621  9541 12776 56934 14363 56935 11211  1670  2890   653   763  4472
  6462 56932 11211 10475  3030 13396  5224 15512  4758  6777 56931 56945
 56945 56945 56945 56945 56945 56945 56945 56945 56945 56945 56945 56945
 56945 56945]
