43 [ 5224  1827 10246  3667  4233  9920 56932 11211 12212  5226 11120 12613
  9107  4151  2314 56932   198  5451  6151 11120 11093 10241 56932    85
 10659 13396  1231 10056 10291 14254  5224  7950  1633  7874 10621  2370
  8774 56932 13706  6151  4151  9655  3736 13044  1925 56946 56931 56945
 56945 56945]
41 [11120 14889  1240 13851   217  1925 12956 10291  1942  1925   653  8984
 11211 56940 56946  4562  3572 56932  5226 15168  4472 12095 10413 15090
  4472 14678 56940 56932 10621  7882  6151  4151  6505 15147 11211 56940
  3245 13082  6151  8493 11851  3118  1925 15063  5692  5226 15168  4472
 56946 56940]
27 [13685 14504  5226  1231 10043 11211 56940  3572 14968 11120  6946  2370
  5224 14358 32747  6151  2890 13937  4472 18011 56940 56932 56940  1709
 14102 11120  3252  7945  6151  2890  1437  8033  4562 10442  7956 14299
 56946 56940 10621 56940  4151 14729 56946 11120 13269  6151  6686  6151
  7198  4472]
29 [ 7868 56946 56932 11120 14753  4472 56946  6524 56946   503  2735 10067
 24742 13396  5224 11211  1240 56946  5804  8834 11804  4472  7872 56934
 56942 11804  4472  5895 56935 50054  6151  4004  5226  9694 10611 56942
 10621 56942 56932  9000 11562 13637  2983 17002 56932 11211  1925  6495
  6950  7709]
3 [ 9000  6196  9373  3860  6151 12764 10778  8606 13083  4472  4151  3765
 11211  8619  4151  8155   891 56931 56945 56945 56945 56945 56945 56945
 56945 56945 56945 56945 56945 56945 56945 56945 56945 56945 56945 56945
 56945 56945 56945 56945 56945 56945 56945 56945 56945 56945 56945 56945
 56945 56945]
5 [ 3245 56946  6151  5804 12357 30441  6151  8493 10621    19  1056 10067
 16312  4472 56946 56932  5918 11211  5821  8493  4472  4151  9615 13171
 38837 56932   907  6151 11211   919  4472 13822  1730  6197  8171  5226
  5804 56946  6566  4472  8354 10291  5224 13913 56931 56945 56945 56945
 56945 56945]
12 [ 5226 12424  5421 10067  9936  4472  2740 10621  5226  4151  2983  5416
  2518  6151 11122  2041  4472 11120  1725 56932 13554  5224  5916 13371
 11120  2858 10621  5804 12552  1240 18843 13396  2625 56931 56945 56945
 56945 56945 56945 56945 56945 56945 56945 56945 56945 56945 56945 56945
 56945 56945]
18 [ 5224  5244 12015  4653 56946 10621 15317 56932 56946  9068  5901  1343
  4472  5804  3692 11211  1240  1013 12571  1925  2821  6363  4472  1638
  6151  8503  4472 13822  7864  2861 56940 56936 11267  7780  4472  2529
 56932 11267  7780  4472  2529 56932  6086 14271 56937 56940 56931 56945
 56945 56945]
17 [11120  7833  3727  5240  8493  4986  1570 10621 56946 11211 13938 13822
  2494 11197 10621 13822 56946  3307  1925 13588  4472   425  2507  4472
  9518  3027 56946  5226  5224 11211  4868  7147  4472  5506 56932 12764
  6950  5226 13579 56932 11120  4687 10789 56931 56945 56945 56945 56945
 56945 56945]
14 [ 1240  4962  4562  8593  5224  2449  4472  7038 13396 14659  4472  5012
  4472  6548  4255  6151  6548  6740  6151 11122  2041 10067 13571 56931
 56945 56945 56945 56945 56945 56945 56945 56945 56945 56945 56945 56945
 56945 56945 56945 56945 56945 56945 56945 56945 56945 56945 56945 56945
 56945 56945]
