16 [12049  7422  5226  1884 56932  5226  1231  7802  5226 11120 56946 56932
 10621  5217 13487   746  8449  7096 16664 56931 56945 56945 56945 56945
 56945 56945 56945 56945 56945 56945 56945 56945 56945 56945 56945 56945
 56945 56945 56945 56945 56945 56945 56945 56945 56945 56945 56945 56945
 56945 56945]
16 [12889  5011 13083  8155 11211 14811 11223  5224 13893 13371  8493  2731
 56932  5224 13496 28675  7334  2890 13305  3269  5226  5488 32534 56931
 56945 56945 56945 56945 56945 56945 56945 56945 56945 56945 56945 56945
 56945 56945 56945 56945 56945 56945 56945 56945 56945 56945 56945 56945
 56945 56945]
16 [13280  8373 11970 56932  5224 12361 15288  8352  2691 29228  8212  5226
  3222 11211 13662   809   297 11120  7253 10643  4472  7384 10291 14184
   273  6151 56942  5137 10067 13215  5226  5224 10778 56931 56945 56945
 56945 56945 56945 56945 56945 56945 56945 56945 56945 56945 56945 56945
 56945 56945]
36 [56940  6950 12015  2582  5224  1242 56932 13487 56932 38770 11120 12341
 10621 56946  6151  4758 13529 14781 16129 56941 15992 11122 11211  1240
 56946 56932  6151 11120  7037  4472 11120 16348 56941 56932 10621 12015
  8057  1368  6711 11120 25464 56940 56932 11152 56931 56945 56945 56945
 56945 56945]
2 [11120  4687 25440 10333  5226  3421 31486 11211 14811  5331  5224  7057
  4472 11120 33651  9823  4472 11120  5956 56931 56945 56945 56945 56945
 56945 56945 56945 56945 56945 56945 56945 56945 56945 56945 56945 56945
 56945 56945 56945 56945 56945 56945 56945 56945 56945 56945 56945 56945
 56945 56945]
17 [10291  5224 12133  8536  5224  8716 10067 11955 11519 56932 11211  3645
  8186  6151  5804  9362 56932 56946 13171  1970 10291  5804  3035 56932
 14260  4550  2495  9724 13822  6159 56932 12735 13822 56946 10621  6416
 15225  5226  4151 14030 56931 56945 56945 56945 56945 56945 56945 56945
 56945 56945]
28 [ 5224 14399 56932  5983  4262 12764   746  8192 43757 56932  5240  5224
 11100 10611   208 10621  8493 11840  4472  8561 25044 10621 56932  7868
  5804 15646 56932  7709 16137  8493  1781  4472 56942 11804  4472  5895
 56931 56945 56945 56945 56945 56945 56945 56945 56945 56945 56945 56945
 56945 56945]
0 [ 3623  1231 15472  4562 15116 11211  4585 13171  8448  4472  5804 56946
 11211  4472  4151 13864 56931 56945 56945 56945 56945 56945 56945 56945
 56945 56945 56945 56945 56945 56945 56945 56945 56945 56945 56945 56945
 56945 56945 56945 56945 56945 56945 56945 56945 56945 56945 56945 56945
 56945 56945]
2 [ 5224 15548  6394 12937  4151  2136   321  6151 11120 12536 56932 14122
 11211  1396  8993  4979  5226 11120 14088  4472  5804 14821  2356 56931
 56945 56945 56945 56945 56945 56945 56945 56945 56945 56945 56945 56945
 56945 56945 56945 56945 56945 56945 56945 56945 56945 56945 56945 56945
 56945 56945]
18 [ 5224  2880  4472  3806 14691   217  4472 11211  5224  8716  4472  5804
  4900  1925 13475  5226  8949  6260   221  2890  8425  4472  2890 56942
 13396 14108 56932  5226 15583  4562  5224  7977  2824 56931 56945 56945
 56945 56945 56945 56945 56945 56945 56945 56945 56945 56945 56945 56945
 56945 56945]
16 [13290  7494 11120  5807  4472  9473  6151 11120 11436 12759 56932  9000
  6226  5224  1926  3686 16972 11120  3778  4472  2135  4151 15746 11211
 11117  5559 56931 56945 56945 56945 56945 56945 56945 56945 56945 56945
 56945 56945 56945 56945 56945 56945 56945 56945 56945 56945 56945 56945
 56945 56945]
2 [15083 56932  6870  2890 12687  4562 11120 13524  3046 15227  4472 11120
 11556  4472   713 10621  3491 10067 56946  3934 56934 56946 56935 56932
  4884  1971 12905 16394 11117  5165 11211 13143  1925   653  1231 22306
  4472  8493  1126  4472  4151  4803 56932 56940 13371  5609 10291  2188
  8493  4188]
2 [ 4151 15264 15188  2890 13857   222 10067  9283  4472  9487 11211 14442
   656 12552   848 11211  1240 10781  8004 10291 14040 11120 14693 56931
 56945 56945 56945 56945 56945 56945 56945 56945 56945 56945 56945 56945
 56945 56945 56945 56945 56945 56945 56945 56945 56945 56945 56945 56945
 56945 56945]
1 [13732  8783 13649 15354  4472  7590 11929  2157 56934 10611  5224 56946
 10621  5224 56946 56935 56932  7795 11211  2386   951  6151 11120  3832
 10067 10386  4472 12764  1042   570  4562 11120 11066  4472   863 56931
 56945 56945 56945 56945 56945 56945 56945 56945 56945 56945 56945 56945
 56945 56945]
6 [ 1231 13957  6151 12424 12938 12700  4473  8493 10213  4472  1231  7508
  4472 13893 56931 56945 56945 56945 56945 56945 56945 56945 56945 56945
 56945 56945 56945 56945 56945 56945 56945 56945 56945 56945 56945 56945
 56945 56945 56945 56945 56945 56945 56945 56945 56945 56945 56945 56945
 56945 56945]
11 [ 5226  6226 13440 56932  5224  1883 16477  4472  6917  3958  9490 41676
 11122 11211  5224  1094  4472  1524 56932 10621  5224  7249 11211  4413
 34204  6151  2637  5224 12664  7261  4125  4465  4472  4945  1633 11120
 22425  4472 11120  7132 56931 56945 56945 56945 56945 56945 56945 56945
 56945 56945]
