7 [11664  4518 56932 11372  4855  8399 13396  4397  5226 11120 15100 12112
  4472 56946 56932  1240 20981 25063 56932 18419 56931 56945 56945 56945
 56945 56945 56945 56945 56945 56945 56945 56945 56945 56945 56945 56945
 56945 56945 56945 56945 56945 56945 56945 56945 56945 56945 56945 56945
 56945 56945]
40 [ 7397 56932  5226  5224  7900  4472 12877 10067  7966 56932  8361  7412
  2118 13371  5804  9532  4472  5804 14378  3204 11211  2834 11120 16431
 45319  5226 11963 11211   425 15145 11120  7253  5918  4472 11120  1723
 19588 11211 12764  7494   724 12434  4562 13579 56932 10621 11211  6631
 15145 11120]
5 [ 5226  5224 13440  4472  4151  4558  5226 11120  6686  4472 10766 56932
  4880 10621  9316  4472 14564 15067 10291  5804 18331  2409  5224 11955
  4472   217    85  4472 56942 25083  4472  8538 56932  3245  8503  4472
  5804 13171 14956  5217 13330  4472 56942 56931 56945 56945 56945 56945
 56945 56945]
13 [ 4151 14368 56932  8373  4472  4151 13171  2983  4472  1352 56932  1240
 15515  1404  5226  5224 12908 11142 10291  5224 12189  7261  4472  8493
 10509  4255  4472   283 10621 13916 11211  9347  5226  9249  4472  9152
 10621  1446  3673  8509  6221 11120 12921 56931 56945 56945 56945 56945
 56945 56945]
