8 [10621  8783 14373  4562  5224   653  5769 10291 10778  4122  6151 15359
 10621 56932  4472   424  7171 56932 56946  9550  7149 56932 56946 10621
 11120  5778 56931 56945 56945 56945 56945 56945 56945 56945 56945 56945
 56945 56945 56945 56945 56945 56945 56945 56945 56945 56945 56945 56945
 56945 56945]
3 [ 5224  2642    85  7674  9836  5226 13204 56931 56945 56945 56945 56945
 56945 56945 56945 56945 56945 56945 56945 56945 56945 56945 56945 56945
 56945 56945 56945 56945 56945 56945 56945 56945 56945 56945 56945 56945
 56945 56945 56945 56945 56945 56945 56945 56945 56945 56945 56945 56945
 56945 56945]
49 [ 4345  7494 56942  5137 10621  1240 56946 13371  2890 12297 10141  4472
 56946 12297 56932 11211  1240  7780  7980  5226 40449  5217 13280  3421
  5137 12297 13371  1490    13 15308  4472 10454   848  4472  3789 10067
  5765 12297 10621 56932 13396 11674 56932   668 11211  6197 12764  2645
  5224  5407]
