23 [ 8493  4472  5488  9862 56932 13339  1925   870 10067  3612  4472  5138
 56946  4472 56946 56932 56946 56946 56932  1240 10424 11211    85  9592
  5217  2890 10210  4472 11120 15098 15227 10067  3835  6695 17775 56932
  4890 13488  7780  8192  6197  2482  4161  5224   273  4472  4151 14414
 56931 56945]
6 [10621 11122 12675  1240  1096 11211 10501  5226  8295 56931 56945 56945
 56945 56945 56945 56945 56945 56945 56945 56945 56945 56945 56945 56945
 56945 56945 56945 56945 56945 56945 56945 56945 56945 56945 56945 56945
 56945 56945 56945 56945 56945 56945 56945 56945 56945 56945 56945 56945
 56945 56945]
0 [13280  8373 11970 56932  5224 12361 15288  8352  2691 29228  8212  5226
  3222 11211 13662   809   297 11120  7253 10643  4472  7384 10291 14184
   273  6151 56942  5137 10067 13215  5226  5224 10778 56931 56945 56945
 56945 56945 56945 56945 56945 56945 56945 56945 56945 56945 56945 56945
 56945 56945]
15 [ 8025 12013 11211  7397 12764   753 13171 20983 11211 11120  4472  2890
  3612 11211 12764   154 56932  2890 24973 10067  7811  9215 11211 12764
  2669  4472 56946 56934 15590 10044 46062  6151 13469  4472 56946  5224
  3612  4472  8756 10291 56946  2890 56946 11211 12764 31541 56935 10621
  2890 14479]
16 [ 5226   425 14693 56932  9909  9502  1240  7780  4028 11211 56940  1233
   428  5240 11122 11211  4325 13487  5534  2892  8946 17873  5226 13579
 56932 56936 11149  7494 11211  2426  4550  4562  2890 13959  8984 10899
  2138 56937 56940 56945 56945 56945 56945 56945 56945 56945 56945 56945
 56945 56945]
7 [56940 11120 15107 12031  5240 11120 11211  5240 10621  1925  7261  5666
  5240 56946 10621  1240 15683 56940 56932  7780  4845 56932 15083  4472
 13966  5226 12424  4649 11211  5224 13959 12033  8984  7780  8109  4562
 11120  1147   197 10067 14358 10621 11211  8593  4807  3245  6151  2668
 56931 56945]
33 [11211  5224  3053  4472  5804 13997  1003  4472 11120 14623 12348  1240
 14444 14802  4550 56932 12764  7494    19 14251  4472  2529 11211  4151
  5839  4290 12230 10621  4151  4256 10067  2689 11211 10111 56931 56945
 56945 56945 56945 56945 56945 56945 56945 56945 56945 56945 56945 56945
 56945 56945]
20 [56946  1749  5226 11120  5288 12689  4472 11120  6686 15268  4472  1163
 56934  9879 56935 56932 11211  1240  4868  6151  9687  5226 11120  5918
  4472  3222 56932  3828 11499 11211 56932  1925 10946 15017  4151 14729
 11959  5226  5224  4842  4472  8849 56932 56940  5240  8493  2415  5534
 12703 10130]
19 [ 5224  6909  2944 10827 36860 56932 40686  5226  4151  4290 10067  6145
 13732 56932 12826 11211 11120 10241 11211 11418 13749  5226 11120  1959
  2106 10067  5076  9840 56946  1233  1503  4204 12342  2792 56932  9000
   373  5403  4472 11211 11120 15380 12764 13261  1958  1233  5804   917
  5226  4151]
13 [11514  2890  3719 12407  1537  5534 56946 11120 13287 10067 22711 11211
  1240  8117 10753  8373  5263 15083  4472 11211  5804   953 56946  5804
 18656 10621  5804 22618  5226  5224 17200  4472 11120 14397  5332 10067
 22711 56931 56945 56945 56945 56945 56945 56945 56945 56945 56945 56945
 56945 56945]
19 [ 5224  9230  4472  9786 56932 16018 42373 56932 14576 11211 56940  5224
   653 10377 11211  1490 14659 11211  1240  5824  5226  5224 10386  2355
 15145 37634 10291  5804 15544 56932  5283  3434 10621 14729 56940 56931
 56945 56945 56945 56945 56945 56945 56945 56945 56945 56945 56945 56945
 56945 56945]
41 [ 3421  4472  9379  7345  7312 13512  6151 13579  5224  6260 11950 56942
  4472 14724 10621  1231  6056  4472 13513    85 55266 56932 13396 11122
 11211  9538  2890  4666  1633  5224  2342  4472 11122 50687 16318  4472
 11120 14294  3733 11211    85 20934   217  6151 29834 56931 56945 56945
 56945 56945]
45 [ 5224 10988  5226 11120  8200  4472  8263 10621  4151 35840 13396  4151
 11211  2049  5224 13732  5226 11120  8200 56932 12672 11211  7780  1108
 14347 11146  5226 11120  1959  7948 10621 12749  5226  9097 32541 56932
   373  2831  2890 13748 12407  2138  1925 11211  1240 10532  5226 11795
  9348 56932]
29 [ 5224 56940  2047  4472 11120  6471 13396 11120  9584 56940    85  6659
  4472 13030 14989  1925  5078  4472 11120  4916  4472  8493 56940  4722
 13396 11120  9584 56940 11211  6667 15168  5224 11255 56942  4472   995
 56931 56945 56945 56945 56945 56945 56945 56945 56945 56945 56945 56945
 56945 56945]
30 [ 5224 56940  2047  4472 11120  6471 13396 11120  9584 56940    85  6659
  4472 13030 14989  1925  5078  4472 11120  4916  4472  8493 56940  4722
 13396 11120  9584 56940 11211  6667 15168  5224 11255 56942  4472   995
 56931 56945 56945 56945 56945 56945 56945 56945 56945 56945 56945 56945
 56945 56945]
3 [ 5224 12533 11211   154  3245  5226 14016 56932   658 56932  3222 56932
  9050 56932 14113 56932  1352 10621  1723 56932 14662 10611  5804 13042
 11211 11122  6150  4562  5224 13723  3453 11746 56932 15027 13606  4922
 12807 13891  7365 56932 10621 14097 56943 11145  3892 56932 10611 10025
 56931 56945]
9 [ 5224  1782  6128 11499 11211   424  4020 13527  1240 15456  5226  2890
  3719  5226  5224 11211  6846 56940 56946  1925 14124 56940 10621 56940
 10069  1925  5328  4472  4151 10191 56940 56932 11122  7082 56932  6299
 56932 56940  5240  6779  1233  4151  3765  1240  8619 13371  1240   582
 56932  9000]
20 [56940  9000  4151 13229 10067 14124 12764  4151 11901 14694  5226   424
  6319 56932 10621  4151 13229 12764  1240  8540   929 56940 56931 56945
 56945 56945 56945 56945 56945 56945 56945 56945 56945 56945 56945 56945
 56945 56945 56945 56945 56945 56945 56945 56945 56945 56945 56945 56945
 56945 56945]
5 [ 5804 10025 56932  5804 11211 14423 56932  6197   865 16287 56931 56945
 56945 56945 56945 56945 56945 56945 56945 56945 56945 56945 56945 56945
 56945 56945 56945 56945 56945 56945 56945 56945 56945 56945 56945 56945
 56945 56945 56945 56945 56945 56945 56945 56945 56945 56945 56945 56945
 56945 56945]
39 [ 5226  1156  6151 11120 14053 11211  6667 10291 11120  7444  3934 11120
  8001 15568  4472  5657  8803 13396  5224  3835  5769 15164 56932 11499
 11211  5226  5224  1437 56946 10611  5224 56942 10621  5224 56942 13396
 14108 10621 11211 56946 13396  2396  4472 14122 12314 15257 56940  8493
 13450  7671]
29 [10621  6226  8593  5331 11120  8786 56946   848 56932  6151  2814 56932
  3245 23278 56932  4472 14694  5574 11211 15394 11138 15038 10621  4890
 19859  4472  1163 15404 12764  3645 13171  2315  4472 56946  4151 12314
  4472  1231  8512 56931 56945 56945 56945 56945 56945 56945 56945 56945
 56945 56945]
18 [56936 56940 13933  2495  2135 10636  2862 10621 10636  7508  5226 14915
  9198 11554 56937 56940 56932  1240 40685 56946 56946 56932 56942  5137
 10621  6234  5956 14100 56931 56945 56945 56945 56945 56945 56945 56945
 56945 56945 56945 56945 56945 56945 56945 56945 56945 56945 56945 56945
 56945 56945]
22 [ 5226  5804  5137  4472 11120 11611 11514  8493  7384 12407  7978 13396
 12135  4472  5804 14406 56932 11211  5226  9379  8445 12764 11418 56931
 56945 56945 56945 56945 56945 56945 56945 56945 56945 56945 56945 56945
 56945 56945 56945 56945 56945 56945 56945 56945 56945 56945 56945 56945
 56945 56945]
1 [ 1656  4689  6205  1925  2052  4472  1746  3843 11211 51438  6151  2890
  8033   848 10714  3186 10611 12569 10291  1127 10621 14342 14729  4472
  8561 15244 56934  8415 14746 12906 56935  5226  1723 10621  5226  9394
 10700  8620 56932   980   658 56931 56945 56945 56945 56945 56945 56945
 56945 56945]
12 [56946  1346 11211  7780  3858 11211 56940  5226  5224  3934  1240  7709
 12979 10621 13176  1925 11627 56932  4562  8493  9453 14915 12400 13371
 11120  7167 56940 56932  9000    11 11211  1630 12407  3058 56940  7303
 56946  7397 56940 56931 56945 56945 56945 56945 56945 56945 56945 56945
 56945 56945]
19 [ 5224  3104  4472   653 10067  3835  5769 15164 56934  7843 56935 11949
   217 56932  9544 56932 14040 13371  1240  8824  5804  5657 16209  4472
  7425  5226 11120 56946  5226  5224 56942 13396 14108 56932 14691 11120
  8108 11342 56931 56945 56945 56945 56945 56945 56945 56945 56945 56945
 56945 56945]
40 [ 9198 15083  4472  5488  7809 56932  9222 12554  1925  2191  4472  2890
  3208 18474  4472 18724 14977 11211 11117 14817 36397 56946 56946 56932
  4476 18717  4472  5804  8521  4472 15038  6151  5804  9985  4472  3572
 56932 10621 11211  1240 10479  2370 11120 10773 56931 56945 56945 56945
 56945 56945]
44 [ 1231  7460  5226  5224  2729  1240 10532  8509  5224 11150  4472 19881
  8782 56932 10611 56942 10621 56942 56932  9000  3245    85  6516  4472
 10379  4562 22796 56932 19792 10621  5224  8876   505 56932  4154 10067
 11485 13155   505 56932 11211  4550 11117  7780 15907 10291  2890  2729
  5226  5224]
15 [ 1240  9028 11211  1240 30999 13171  4472 56942 12535  6151  4151  4290
 56932 11211  1240  2033  5224 12675 11950 11211  5224  1428  5234  8876
  9230 56946 56946 56946 56942  5137 56931 56945 56945 56945 56945 56945
 56945 56945 56945 56945 56945 56945 56945 56945 56945 56945 56945 56945
 56945 56945]
3 [12297 12297 12764  7494 56932 11664 56932  4492 35152 13396 11149 11117
 29644 13554 11120   625 56931 56945 56945 56945 56945 56945 56945 56945
 56945 56945 56945 56945 56945 56945 56945 56945 56945 56945 56945 56945
 56945 56945 56945 56945 56945 56945 56945 56945 56945 56945 56945 56945
 56945 56945]
8 [ 5224 11211  5005 56932  9000  3245  5224 11211 27429 56931 56945 56945
 56945 56945 56945 56945 56945 56945 56945 56945 56945 56945 56945 56945
 56945 56945 56945 56945 56945 56945 56945 56945 56945 56945 56945 56945
 56945 56945 56945 56945 56945 56945 56945 56945 56945 56945 56945 56945
 56945 56945]
45 [ 5804  8373  7771 56932 11211 56946  1633 11120  2858 15023  2890 12687
  5226  5224  8598  4472 11120  1724 56932  7422  5226 11120  3778  4472
 11211  1240  1091 11120 12040 10067  7581 11262 10621  4472 11211  1240
 10650  1925 12675 11554  5224 12761  4472 13897  6151 13765  5226  2890
  6669  4472]
14 [11673  3778 10067   753 11211  8606 12672  5207  4868  6151 13251 11211
 12171 11122   865 56932  9000 11211  5207 56946  4161  5224 11255 56946
  4472 11120 32827 56931 56945 56945 56945 56945 56945 56945 56945 56945
 56945 56945 56945 56945 56945 56945 56945 56945 56945 56945 56945 56945
 56945 56945]
40 [ 5224  2792 10246 56932 13029 13420 56932 10651  1231   445 13396 11120
 14720  5224  6260 13348 20490  1925  9322 10067  6319  5226  2890  2625
  5942 10621 26284  5226  7821    50 56932  6862 14691  4472 11211  8209
 56932 13396 11122 11211  4770  4472   445 56932 13822 15344  5226 56946
  4472  8851]
6 [ 4472  4151  3336  3748  5975  1240  1146 11120 10393 56946  4472  5804
 10374 14928  4472  7381  9939 10621  7518  4472 56942 56932 10621  6950
  5226  9537 15657  5226 11211 11626  3455  4472 11211 11120  7132 12764
  7780  5492  5224  9096  4472  4151  6987 27302 56931 56945 56945 56945
 56945 56945]
29 [ 4472  4151  3336  3748  5975  1240  1146 11120 10393 56946  4472  5804
 10374 14928  4472  7381  9939 10621  7518  4472 56942 56932 10621  6950
  5226  9537 15657  5226 11211 11626  3455  4472 11211 11120  7132 12764
  7780  5492  5224  9096  4472  4151  6987 27302 56931 56945 56945 56945
 56945 56945]
37 [ 4472  4151  3336  3748  5975  1240  1146 11120 10393 56946  4472  5804
 10374 14928  4472  7381  9939 10621  7518  4472 56942 56932 10621  6950
  5226  9537 15657  5226 11211 11626  3455  4472 11211 11120  7132 12764
  7780  5492  5224  9096  4472  4151  6987 27302 56931 56945 56945 56945
 56945 56945]
2 [ 5804 12061 20440  2890 56946 21291 10621  3982 11211  1240    85  6151
 15243  4472  9098 56931 56945 56945 56945 56945 56945 56945 56945 56945
 56945 56945 56945 56945 56945 56945 56945 56945 56945 56945 56945 56945
 56945 56945 56945 56945 56945 56945 56945 56945 56945 56945 56945 56945
 56945 56945]
10 [ 5804 12061 20440  2890 56946 21291 10621  3982 11211  1240    85  6151
 15243  4472  9098 56931 56945 56945 56945 56945 56945 56945 56945 56945
 56945 56945 56945 56945 56945 56945 56945 56945 56945 56945 56945 56945
 56945 56945 56945 56945 56945 56945 56945 56945 56945 56945 56945 56945
 56945 56945]
9 [ 6862   494  6151  5804 44978 56932 10291 11211 56946 12228 56931 56945
 56945 56945 56945 56945 56945 56945 56945 56945 56945 56945 56945 56945
 56945 56945 56945 56945 56945 56945 56945 56945 56945 56945 56945 56945
 56945 56945 56945 56945 56945 56945 56945 56945 56945 56945 56945 56945
 56945 56945]
43 [ 1925  2792  4472  4650 56946 56934 15610 56935 56932  4233 15255 56932
 11117  7780 13271  2890 10386   201  5155 13396  5224 14357  4472  2389
 10067   653  5692 56932  5876 56946 56932 11211  7780  2729 11120  8819
  5226  5224 11255  1950 10067  9541 11211  6667 15168   424  7977  5226
  8302 56934]
44 [ 1925  2792  4472  4650 56946 56934 15610 56935 56932  4233 15255 56932
 11117  7780 13271  2890 10386   201  5155 13396  5224 14357  4472  2389
 10067   653  5692 56932  5876 56946 56932 11211  7780  2729 11120  8819
  5226  5224 11255  1950 10067  9541 11211  6667 15168   424  7977  5226
  8302 56934]
6 [56940 56946  5224   412 10291  5407 22563 56940 56932  9490  3805  5224
 14012   821 56932  4472 56942  5137 56932 15023  2570  5226 11120  7207
 13046  1925  5233 44481 56946 56932 10621  6205 11122 15574  8509  5804
 10013  4472  6480  1426   217 56931 56945 56945 56945 56945 56945 56945
 56945 56945]
9 [  730 11211 13290 11211 11117 28124  7709 15223 11211  6984 12672 11211
  1000  4562  8593 10621 11211 13290  1240 10261  7467  6151 56946 11211
  5224  9541  5191 14040  4004 21482  5226 23950   848  5226  9694 56931
 56945 56945 56945 56945 56945 56945 56945 56945 56945 56945 56945 56945
 56945 56945]
4 [12024  7626  1240  7780 43787 56931 56945 56945 56945 56945 56945 56945
 56945 56945 56945 56945 56945 56945 56945 56945 56945 56945 56945 56945
 56945 56945 56945 56945 56945 56945 56945 56945 56945 56945 56945 56945
 56945 56945 56945 56945 56945 56945 56945 56945 56945 56945 56945 56945
 56945 56945]
1 [ 8993 11980  5804 13171 29790 56932  5804  8871 19589 56931 56945 56945
 56945 56945 56945 56945 56945 56945 56945 56945 56945 56945 56945 56945
 56945 56945 56945 56945 56945 56945 56945 56945 56945 56945 56945 56945
 56945 56945 56945 56945 56945 56945 56945 56945 56945 56945 56945 56945
 56945 56945]
4 [10621  1233 12764 56932 13261  5224 11255 56931 56945 56945 56945 56945
 56945 56945 56945 56945 56945 56945 56945 56945 56945 56945 56945 56945
 56945 56945 56945 56945 56945 56945 56945 56945 56945 56945 56945 56945
 56945 56945 56945 56945 56945 56945 56945 56945 56945 56945 56945 56945
 56945 56945]
0 [ 5597 11169  8150 10621 14821  1252 56931 56945 56945 56945 56945 56945
 56945 56945 56945 56945 56945 56945 56945 56945 56945 56945 56945 56945
 56945 56945 56945 56945 56945 56945 56945 56945 56945 56945 56945 56945
 56945 56945 56945 56945 56945 56945 56945 56945 56945 56945 56945 56945
 56945 56945]
35 [ 5224  9230 11230   730 11211 15520 12764 12677 10621 11211  6950  9779
 10067 10778  5226  1787 10067 56942 56932  5534 12883    40  1231 11150
 10291  5224 11211    85  4204  5226  4151 11003 10621 11211  1240 10651
  5224 56942  4472  8949  4472 56942 56931 56945 56945 56945 56945 56945
 56945 56945]
5 [11120  3211  4472 12049  9906  3566  5137  5226  2529 56946 56932  9000
 12764   865  5804  1145 11211 14343 21824 11120 16412  4472 11211  5804
  6042  4472 11631 13512 13280 56942  5137 13396 17322 56932  6197 11211
  1240   746 13837  4102  4472  4161 56942  5137  4472 15945  5226   658
 56932 19643]
38 [11120  3211  4472 12049  9906  3566  5137  5226  2529 56946 56932  9000
 12764   865  5804  1145 11211 14343 21824 11120 16412  4472 11211  5804
  6042  4472 11631 13512 13280 56942  5137 13396 17322 56932  6197 11211
  1240   746 13837  4102  4472  4161 56942  5137  4472 15945  5226   658
 56932 19643]
17 [13658  7296  4562 11120 15098 15252  4472 11120 11840  7511 56946  2890
  8512  4472   420 11970 11211  7829  5224 56942  4472 13330 10621 16105
  3479  5224 11255  3786 11950 56942 56931 56945 56945 56945 56945 56945
 56945 56945 56945 56945 56945 56945 56945 56945 56945 56945 56945 56945
 56945 56945]
24 [13658  7296  4562 11120 15098 15252  4472 11120 11840  7511 56946  2890
  8512  4472   420 11970 11211  7829  5224 56942  4472 13330 10621 16105
  3479  5224 11255  3786 11950 56942 56931 56945 56945 56945 56945 56945
 56945 56945 56945 56945 56945 56945 56945 56945 56945 56945 56945 56945
 56945 56945]
24 [ 5224  3352  2622 10420  4562 13822  8021 10291  7613  1930 10291 11120
  2159 11686  4472  4151  1880 10621 10291  1638 11120   853 11211  1240
  1548  5226  5224  5689  4472 11120  4194  4472  8849 56931 56945 56945
 56945 56945 56945 56945 56945 56945 56945 56945 56945 56945 56945 56945
 56945 56945]
0 [13280   683  5137  1240  4117  8493  8889  5217  5199  6391 11211 13074
 14662  4472  2890  3179  1139 56931 56945 56945 56945 56945 56945 56945
 56945 56945 56945 56945 56945 56945 56945 56945 56945 56945 56945 56945
 56945 56945 56945 56945 56945 56945 56945 56945 56945 56945 56945 56945
 56945 56945]
21 [56946  6432 10621  9640 10067  1511 56932  8904  4472  2545  4562  3572
 56932   746  8192  7393  5226  4109  9742 15023  2529 10758 13280  2890
  2689  5226  8493  4687  3268  2370  5224 10255  2074 56931 56945 56945
 56945 56945 56945 56945 56945 56945 56945 56945 56945 56945 56945 56945
 56945 56945]
45 [ 5224  9080 13012   981   273  6151  8493 11303  4472   420  2185 14931
 11141 56932  5226  4151 11211  6950  9490  5951  2890  1601 56932  4562
  2890  5551 13396 56946  7956  2890  5576  4472   119 11211 11562 14931
  8555 11120 13030  4472 14496  6151  2529  5224 11211    85 13280  2890
  9579  4472]
31 [15058  1925 11255 10119  4472  7243  7483 56932 40325 11499 11211  5804
  1954  4472 13111   865 56940 28106 10621 56946 56940 56932 12889   749
 56940 13485 56940  5226  5804 11211  1240  7476  5534  1240 31615  6151
 15336 56932  5226  5224  4492  4472 56940 12764  5240 13554  5224 10778
  3825  4188]
2 [ 1925  2529  4869 28047  5242  3394 56931 56945 56945 56945 56945 56945
 56945 56945 56945 56945 56945 56945 56945 56945 56945 56945 56945 56945
 56945 56945 56945 56945 56945 56945 56945 56945 56945 56945 56945 56945
 56945 56945 56945 56945 56945 56945 56945 56945 56945 56945 56945 56945
 56945 56945]
16 [ 5226 56942 56932 11120 14623  5683  1033  9801  5224 10855  4472  7380
 56932 11211  9490  8192  3853  5226  3320 56931 56945 56945 56945 56945
 56945 56945 56945 56945 56945 56945 56945 56945 56945 56945 56945 56945
 56945 56945 56945 56945 56945 56945 56945 56945 56945 56945 56945 56945
 56945 56945]
8 [ 2890  6203  4472  5804 56942  9251 11211 14423 14734 13396 12712 10540
  2149 56932  8777  8493  5595 11211  3367  5226 13171  4472 56942 56946
 11120 11160 56931 56945 56945 56945 56945 56945 56945 56945 56945 56945
 56945 56945 56945 56945 56945 56945 56945 56945 56945 56945 56945 56945
 56945 56945]
7 [56940  2831  5226 14662  5224 11950 11211  5240 10621  5224 11554 11211
  7780  9591 56932  1469 12407 12018 56940 56932 56946  1925  7261 10067
 11950 28395 12511 56932 13488  4472 56946 33312 56932 30209  4472 11120
  1404 56931 56945 56945 56945 56945 56945 56945 56945 56945 56945 56945
 56945 56945]
38 [12889  5804   420  2990 11211  3047  9301 12764  5371  4518 13822  8070
 10621 56940  7780  2077  4472  6017  4472 15225 56940 56932  5355 11152
 11211 56940 12764  5240  9329 11211  2831  7397 13667 11120 11786 10067
 11807 10621  6851  1925  5045 13396  5045 56932  1240  1641  6151 11646
 14729 11211]
19 [ 5224 15186  5240 13977 10291 14781 56932  6197 11211  8443 17244 11120
 13172  6555 13371  1408 10067  1056  6232 13280  8871  4472  2890  7977
 56932  8630 12640  1240 20566  5226 11120  8086 10067  2523 11211  5224
   972  6260  1240  1243 11203 10067  6171 14012 56931 56945 56945 56945
 56945 56945]
27 [12476 56946 56932 13488  9823  4472 11120 11840 56932 15604 11211  9140
 10621   194 56940  5240  8493 16244  9745  3492  4549 11211  5226  5804
  4393  5137  7780  4380  2861 13290  4472 11120 14623  1801  5226  5804
 13098 15370 56932  7780  1679  6361  3922 10291  5224  3104  4472 13870
 10621   373]
1 [56940  4125 28646  4518 56932 12015 17667  9158 56943 56940 56932  6236
 56931 56945 56945 56945 56945 56945 56945 56945 56945 56945 56945 56945
 56945 56945 56945 56945 56945 56945 56945 56945 56945 56945 56945 56945
 56945 56945 56945 56945 56945 56945 56945 56945 56945 56945 56945 56945
 56945 56945]
14 [ 5224  5778  5436 11705  1231  4136  4472 11673  3111   635 56932 16786
 11211 12764  5240  5226   195 17005  1925  1926 22746  2861  6197  8821
  5226  6542  9239  5226 56942 56931 56945 56945 56945 56945 56945 56945
 56945 56945 56945 56945 56945 56945 56945 56945 56945 56945 56945 56945
 56945 56945]
15 [13396 10711 56932  5224  5683 13579  7709  8606    19  1004  5224 30738
  5224   972 11211 10111 56932 14260   424  5683 13579 12764  5240  4472
 56946 56932  9000  1925  8871  4392    85 15111  4472  7291  5224 46871
 56946 10621 11120 11529 56946  4472  5804 19287 56931 56945 56945 56945
 56945 56945]
44 [15394 56946 11211  5224 56946  6197   373  1379  7811 56932  1189  4147
  4472 11120 14614 56946  4472 11120 56946 56932 35591 56946 13396  5224
 10620  4472 14802 10621   207  4562  1231 13676 56946 56934  5804 24092
 25974 56932 13396  1233   577 12764  1240  7780 28117 56935 10621 56946
  4372  4562]
22 [ 5240 13171 11751  9761  5226 14299 13802 14793  5224 11629 14931 11066
 11211 11830  4472 13853  8493  8364  4472  5804  9094 12889 15145  4562
 11066 56931 56945 56945 56945 56945 56945 56945 56945 56945 56945 56945
 56945 56945 56945 56945 56945 56945 56945 56945 56945 56945 56945 56945
 56945 56945]
27 [56416 12758  6151 11120 13812  5226 56942 56932 10621 12752  1240  7780
  9002  1000 11211  6151 15952 11117 14939  5506  5226  5224 14555  9444
 21512 56934  3645 43966  5226 13998 56932  9000 11562 14931 11107  1379
 13171 10067 56942 56943  4472 13822 10430 56935 56932 11211 56946  1240
  3648 16443]
32 [56416 12758  6151 11120 13812  5226 56942 56932 10621 12752  1240  7780
  9002  1000 11211  6151 15952 11117 14939  5506  5226  5224 14555  9444
 21512 56934  3645 43966  5226 13998 56932  9000 11562 14931 11107  1379
 13171 10067 56942 56943  4472 13822 10430 56935 56932 11211 56946  1240
  3648 16443]
23 [21258 12764  1240 56946 56932 16738  6151  2890 13723  4472 17370  4472
 11169 16581  9000  6578  7460 56932 10621  4472  1274  5224  3612  5371
  1925  8871 14915  4518 13371  5224  4472  5804  5710  2861 13512  4161
  5804 12297 17090 56942 12297 10067  6171  4472 11120 11528 10621  5226
  8025  1487]
12 [12297 13396 11149 12764 11120  5783 56946  5226 13579 56932  3828 12764
  4125 56946 10621 11813 10341  4036 56932 10621  1168  5226 13732 56937
 56945 56945 56945 56945 56945 56945 56945 56945 56945 56945 56945 56945
 56945 56945 56945 56945 56945 56945 56945 56945 56945 56945 56945 56945
 56945 56945]
4 [ 5123 15083 11211 12645 55285 11120  7037   229  9388  5123 10540 56931
 56945 56945 56945 56945 56945 56945 56945 56945 56945 56945 56945 56945
 56945 56945 56945 56945 56945 56945 56945 56945 56945 56945 56945 56945
 56945 56945 56945 56945 56945 56945 56945 56945 56945 56945 56945 56945
 56945 56945]
31 [ 6226  1231 16461 48596 23096  1240 10479  2370  8493 14299 10621  2890
 56946 56946 56932  9000 13171 12543  2370 11120  9295  6197 56940 46266
 56940  4472  1195  2890 11629  2317  3828  3952  2986 15526 56931 56945
 56945 56945 56945 56945 56945 56945 56945 56945 56945 56945 56945 56945
 56945 56945]
5 [ 4472  9591 56932  1240   746 13771  2983  3316 14931  1856  9384   919
 56932  6197 11211 11120 11066  4472  3132  5226  5804  2164 56934 11122
  7082 56932 13396    19 12135 56932 15394 13280 12407  5539 10291 13822
 13331 56932   830  4472  7415  3494 10291  1231 10139 56935 56932 10621
  4151  4441]
0 [15145 13371   386 56932 11122 11211   373  6997  5240 11211 11120  3745
  6913 10291  5804 10374  5224  3474  5609 10291  7188 10067 12506 56931
 56945 56945 56945 56945 56945 56945 56945 56945 56945 56945 56945 56945
 56945 56945 56945 56945 56945 56945 56945 56945 56945 56945 56945 56945
 56945 56945]
19 [ 5224 11010  4472 11120 11093   545  5972 56932  5226 56942 56932  4810
 12407  9198 15083  6151 11211 11120  3935 56946  4562 13822  1357 14543
  5804  6312 22857  4472  2142 10621   545  2861  5804 56946  4472  5804
 15297  4472  2587 10621  5804   352 15401  4472    21  6105 56946 13396
  2890 14555]
0 [10263  6205  8493 14564  3578  9384 44255 56946  2861 11120  2142  4472
  4521 56931 56945 56945 56945 56945 56945 56945 56945 56945 56945 56945
 56945 56945 56945 56945 56945 56945 56945 56945 56945 56945 56945 56945
 56945 56945 56945 56945 56945 56945 56945 56945 56945 56945 56945 56945
 56945 56945]
0 [13280  9198 13171  4472  8493 10947 56932 13873 11120  9645  4472  9065
  4472 56946 56932  1240  5866 13396 11093  1004  2890   210 10813 11211
  7201  8493  7038  2358  7451  6151 11120  4472  5804  9140 56931 56945
 56945 56945 56945 56945 56945 56945 56945 56945 56945 56945 56945 56945
 56945 56945]
34 [ 5224 16122  5953  6151 16799 11120  6471  4562 11120 14433 10621  4151
  2452 56932 56946  5226 12135  4472 11120 17311  5012  4472 11120  6685
 56933  9000  4161  5804 15721  4752 10621 15723 12764  1240 18798  1862
  5226  5224   175  4472  6471 13371 12297 11055 10067  2597 12297 10621
  7976  7945]
7 [10621 56932 13498 56932  4472 11120   452  6402  8493  9805 10067   175
  4472  6471 56931 56945 56945 56945 56945 56945 56945 56945 56945 56945
 56945 56945 56945 56945 56945 56945 56945 56945 56945 56945 56945 56945
 56945 56945 56945 56945 56945 56945 56945 56945 56945 56945 56945 56945
 56945 56945]
22 [14352 10213  3389 10067 13893 13371  3077 16294 34224   494  5226  4151
 13728 25818  4472  7821 11211 56932 53426  2370 53426 56932 16761 15023
  5224   273  4472 12921 56931 56945 56945 56945 56945 56945 56945 56945
 56945 56945 56945 56945 56945 56945 56945 56945 56945 56945 56945 56945
 56945 56945]
30 [ 5226  6226 13440 56932  1240  1630   264 15526 11211 56932  7878 45451
  4472  3572 11120  8048 56932 11120 12596  2273  5226 13910  4472 56061
 13822  3136  2861 12297 11372  5207 13116 11372 12473  1031  4472 11211
  3572   418 12355 18848  2890  2776  4472 22167 13371  5804 56946  5226
  1787 10067]
6 [ 2052 13344  6151  4151 11868  3828 12731 14923 12060 10621  5668  1503
  6151 56946 56931 56945 56945 56945 56945 56945 56945 56945 56945 56945
 56945 56945 56945 56945 56945 56945 56945 56945 56945 56945 56945 56945
 56945 56945 56945 56945 56945 56945 56945 56945 56945 56945 56945 56945
 56945 56945]
3 [ 5226  1231 15743 12731  2890 23305 56931 56945 56945 56945 56945 56945
 56945 56945 56945 56945 56945 56945 56945 56945 56945 56945 56945 56945
 56945 56945 56945 56945 56945 56945 56945 56945 56945 56945 56945 56945
 56945 56945 56945 56945 56945 56945 56945 56945 56945 56945 56945 56945
 56945 56945]
20 [ 5226 11120  4812 56932   683 19368  4472 12287 56946 56932 13371   198
 48961  4472  2890 13315 56932  1240 56946 10621 56946 11122 12675 11211
  1233 56946  2890 56946 56931 56945 56945 56945 56945 56945 56945 56945
 56945 56945 56945 56945 56945 56945 56945 56945 56945 56945 56945 56945
 56945 56945]
42 [ 5534  2773  5804 14117 10653  4472   425  5820 23877  1132  6151  7335
 32171 13256  4472 11122  1704 56932 56946  6151  1231 31609 56932  6151
 11120  2748 14035  4472 13822 14543 56932 11120 18919  4472 14122 56946
 11211  2890  2689 15023    13  4563 19957 10291 12342 56932 56946 11120
 13609 56932]
