28 [11120 12545  2127 10753  4693  4472 30602 10621   420 11970 15083 11120
 13450 10067 10386 56932 11211  5848  1298 11149 13021   746  8192 19096
 26970 10621  2436   209 13516  5224  8749 56932 12764  7780  5663 12543
  8493 11851 56931 56945 56945 56945 56945 56945 56945 56945 56945 56945
 56945 56945]
2 [13478  4779  2550 13822  8039 56932 12889  2495 56946  4151   534  4472
 11555  4472 13893 56932 13371 56946 10621 56946 56931 56945 56945 56945
 56945 56945 56945 56945 56945 56945 56945 56945 56945 56945 56945 56945
 56945 56945 56945 56945 56945 56945 56945 56945 56945 56945 56945 56945
 56945 56945]
6 [12297  6997 11211  5226 56942 13290  8221  2890 11627 14915  2101  4472
 11120  3174  4472 10511 56933  9000  5224  9591  5240 11211  6110  5137
 13171  8818  5226  2551  5224 11554  7376  1240 20867  5226  2890 56946
  4472 56946  3828 12764  6000  5224 10371  8148  6151  7608  4472 11120
  8324  3809]
