44 [ 8554 10561  5226  3290  6151 56942  5263  4472 11120  4696  5043 56932
 11211  2348  5804 56942 10440 10067  1863  8310  5226  2890 11554  4472
  8493  4000 56932 56942 10013 10621 56942  5263 56932  4562  8493  2415
  4472 56942  5263  7956 10897 10922 56932 11211   299  6151  9694  4562
  8493  5265]
22 [ 7868  5224  4569  6128 56932  5226 11120 11259  2568  2892 56946  1231
  8110 56932 10621  5224 12684  4472 11120 14726 11211 11117  4810  6151
  6380  1925  4942  5226 56942 10621  1925 14358  5226 56942 56931 56945
 56945 56945 56945 56945 56945 56945 56945 56945 56945 56945 56945 56945
 56945 56945]
