8 [  671  7913  1231  7207  4722  5226  8225  6151  7883  4472 13306  4562
 16303 10621  8752  5226  2890  1863 13396  5224  9322 10067  6319  6116
 13396  1231 13366  4860 56932  5224  2792 10246 56932 13029 13420 56931
 56945 56945 56945 56945 56945 56945 56945 56945 56945 56945 56945 56945
 56945 56945]
38 [ 5224  8614 15591  8493   989  4562  9810  7418 14790 56932  4890 13676
  7379 56932 10621  6086 10561  5226 11120 15489 56932  4146 13822  2285
  4562  7678  4472 11120  6855  4472  3667 14114  8568  6151 15232 56932
 10621  5224 12687 10067  6581  4562  3433   671 56931 56945 56945 56945
 56945 56945]
