3 [ 1368  8150 11606  5407 14297 13371  5534  5804 14272 12764  4852 12610
 10621  5224 15879  4472 11120  9084  8946 18185 56931 56945 56945 56945
 56945 56945 56945 56945 56945 56945 56945 56945 56945 56945 56945 56945
 56945 56945 56945 56945 56945 56945 56945 56945 56945 56945 56945 56945
 56945 56945]
9 [10621 12764  5240 11211  2273  5226  2370  4472  4938  9658  1653  6151
 11120  4932 56932 11664  9632 11211   865 14915 10936 13371  3125 56932
 13396 11122 11211 12015 56946  4562  8025 10291 11211  1240 10650  1231
  4022  4472 14021  5226 15394 56946 56931 56945 56945 56945 56945 56945
 56945 56945]
41 [ 5534  2773  5804 14117 10653  4472   425  5820 23877  1132  6151  7335
 32171 13256  4472 11122  1704 56932 56946  6151  1231 31609 56932  6151
 11120  2748 14035  4472 13822 14543 56932 11120 18919  4472 14122 56946
 11211  2890  2689 15023    13  4563 19957 10291 12342 56932 56946 11120
 13609 56932]
