9 [ 6151 12937  5488  8155 56940 12764  4151 13831  6151    34 56940 56932
   730 12058 56932 11211  1015 11211  9222 56940 10608 32044  5217  5224
  5071 56932 14931  5339 56932  4562  6596 10621  6436 13396  5804  1170
 56932 10621 56946  1452  5804  5684 56940 56931 56945 56945 56945 56945
 56945 56945]
14 [ 3959 13566 56932 11211    85  6659 13396  1231 19057 56932   730 11211
  6950  7780  6888 13554 10621  4562 13554 10703  6151 10025  8373 12535
  4256  2861 13822  1542  4337 10621  6235 56931 56945 56945 56945 56945
 56945 56945 56945 56945 56945 56945 56945 56945 56945 56945 56945 56945
 56945 56945]
20 [ 5489 56946  2332 11120 56940   399  4472 11120  2656 11211  1240  7780
 14843  5226  6036  6151   424 15623 56940  6862  8057  3196  3238  1925
 13440 10067 14944  4472   376 56932  3951 56946 56932 10067 14358 56932
  6151 13386 12764  1240 11117  7780 20390 11120 15167  4472  4072  4472
 11120   922]
2 [ 5804  8263 17168  5226  8493  7261 14931 14442 19527  6151  5804  3627
 46562 56934 56946 56935 56931 56945 56945 56945 56945 56945 56945 56945
 56945 56945 56945 56945 56945 56945 56945 56945 56945 56945 56945 56945
 56945 56945 56945 56945 56945 56945 56945 56945 56945 56945 56945 56945
 56945 56945]
10 [12297 12297  1793 56932  6151 13691 11120  1976 12764 11117 56946 56931
 56945 56945 56945 56945 56945 56945 56945 56945 56945 56945 56945 56945
 56945 56945 56945 56945 56945 56945 56945 56945 56945 56945 56945 56945
 56945 56945 56945 56945 56945 56945 56945 56945 56945 56945 56945 56945
 56945 56945]
9 [ 5224 15387 12133 10067  2776  1095  4472  3572  1240  7930 56932 14931
 11744 56932  6151  4421  6151  4151  2922  4472  3266 56932 48441 13396
 11120  4760  4472 15218 14994  5066  2483 11117 40642 56931 56945 56945
 56945 56945 56945 56945 56945 56945 56945 56945 56945 56945 56945 56945
 56945 56945]
31 [ 5224  8876  9230 10102 56946  2139 56932 15071   217 56932  8788 56932
  5226  1231  5003 56932  7780  7040  2890 10379  4884 12843  5611  5240
  4472 56942  5137  4472 12843 10621  7780  8449  5226  5224  2880  4472
  5712  6151 56946 56946 56932   997 12033 11211  5676   676 11120  9396
 10151  3682]
11 [ 5224   870 10067  5683 13579 56932 13662 10067  5928 56932 11117 14039
   375  4472 11120  1562 11211  1240 12765  1296  3786  1925  9102 27155
  6151 13686  6894 10621 14524 15105 56932  6151  5804 11211  4473 12413
  5226 13072 10067  9541  4472 16932 10067 11255  8788 56931 56945 56945
 56945 56945]
41 [12764  2451 56932  8493 15100  4472  4676  7741  4784  3971 11211  1231
  1431 56932  5224  6519 13396 12181  4337  9666 56932  5240  5224  4569
 13171 56946  6151  4903  3733 56932 11664  1233  4151  4290  4472 12379
  5452  1240 11147  4550 56932 56946 13396 56946  6151 56946  1925  6477
  4569 12855]
5 [56940  6151 12082 12764 12015  4807  5226   195 56931  6950 12015 56946
  5804 22618 56932 14260  9373  5653  4472 22456 56940 56932 56946 56931
 56945 56945 56945 56945 56945 56945 56945 56945 56945 56945 56945 56945
 56945 56945 56945 56945 56945 56945 56945 56945 56945 56945 56945 56945
 56945 56945]
4 [12297  6151 11149  8540 14484 56937 56945 56945 56945 56945 56945 56945
 56945 56945 56945 56945 56945 56945 56945 56945 56945 56945 56945 56945
 56945 56945 56945 56945 56945 56945 56945 56945 56945 56945 56945 56945
 56945 56945 56945 56945 56945 56945 56945 56945 56945 56945 56945 56945
 56945 56945]
