37 [13396 11122 11211  1240  1626  1925  7944  4472 17255 11211  1240 20616
  5226  1723  4562  4188  3907 56932  5224  5138  5061  1452 11120  3474
 56932  1693  4472 11120   743 10621  5224  4610 56932  5226 16592  4562
 11120 10419  5226  5804  4393  5137  4472 11120  1150  4472    97 56931
 56945 56945]
35 [10420 56932 13625  2890 21862 13004  7956 11120 10794  4472  2390  8597
 10621 13822  3271 29484 56932  6205 13371  4472  4151  7359 12958  1633
  4151  6505 56946 56932  6151  4151 11211 15201    85   885 11120 14678
  4472  5804 56940  1427 56940 10291  2529  8231 13396 11120  5319 13149
 56931 56945]
13 [ 5226  1156  6151 11120 14053 11211  6667 10291 11120  7444  3934 11120
  8001 15568  4472  5657  8803 13396  5224  3835  5769 15164 56932 11499
 11211  5226  5224  1437 56946 10611  5224 56942 10621  5224 56942 13396
 14108 10621 11211 56946 13396  2396  4472 14122 12314 15257 56940  8493
 13450  7671]
3 [10291  6380 11120 35255  4472 11120  3806  4472 56946 56932  5224  3835
  4472  4049 56946  5804  5657  4472  7425 11950  6151 11950  5226  5224
 56942 13396 14108  5226 14842  4472 56942 56932 10621  5010  1231  6240
  4562  5224  9583  4472 11211 11120 13156  4472 11120 56946  5240 12543
 25579 56931]
7 [ 5226  6098  4472 15075 56946 56932  5488 29591  4472 11120  3671 12031
  8619 11211  5224  5778  8984  4472 11611  9500  4769 13407 56931 56945
 56945 56945 56945 56945 56945 56945 56945 56945 56945 56945 56945 56945
 56945 56945 56945 56945 56945 56945 56945 56945 56945 56945 56945 56945
 56945 56945]
