26 [ 5224  9230  6351 11211 56940 11120  8069  4472 12778  7780  9591    61
 25100  5226  4151   514 11970 56940 56932  9000    11  2861 56940 10291
 11211 10321 11981  4472  7139 56932 12778  7494 11211 10282 13478  5804
 10276  7956 11120 12077 56940 56931 56945 56945 56945 56945 56945 56945
 56945 56945]
6 [ 4550 56932 56942  5137 15083 56932 24442  4472  2529 12297 56946 12297
 10621  7333  4562 15556 15883  5224  6542 10067 23307 10621  5224  8984
 14931 56946 56943 56945 56945 56945 56945 56945 56945 56945 56945 56945
 56945 56945 56945 56945 56945 56945 56945 56945 56945 56945 56945 56945
 56945 56945]
