38 [56940 12764  9442 11211  1240  8385  1925  3612  4472 11120  8200 56931
  1233   753   577 11211 11606 11211 12764 56946 56932 11117  2662  6151
 14184  4151  3765 13171  4731  4472   425  5187 56940 56932  1603 12948
  1723  5226  2913  1925  8566  4766 12764  6950 10611  5804 12770 10621
  6361 10067]
26 [56940  1233  1240 10261 32582  6151 11120  8150  4472 11211 12764 56946
 10370  2179 56932 12764 10261  3848  9068 17811 56940 56932  1096  3333
 56932  5226  6425  6151  3667  9810 16819 56932  5224 35387  1428  5224
 11950 56942  1925 15222  2890  6411 11211  9490  5663  5226 11120  6962
  4472 56946]
14 [ 8630 11211  2640  6006  4472 11120  6544  4472  2890 56940  2444 56940
 56932  5226  2913  1925 10386   201 56932 56946 56946  1240  8944  6151
  2890 56940  1852 13139 56940 11211  1240   582 56946 56931 56945 56945
 56945 56945 56945 56945 56945 56945 56945 56945 56945 56945 56945 56945
 56945 56945]
