16 [ 5224 11390  9243  5226  1723 56932  3959 11486 56932   730 11211 11120
  5908  5226 11791 10861  5466  6151 11120  9819  3682 10621 14576 11120
   618 10611  1723 10621 12379  5452  5226   424  4667 56932 56946  5226
 13043 15488 56931 56945 56945 56945 56945 56945 56945 56945 56945 56945
 56945 56945]
7 [ 5366  1040 11211  7119 12683 56940   373 12214 12151  6151  4151   243
 12707 56940  1633  4151  4088  6630  4472  5804  9271 56932 12555  4472
 11248 56932 13396  5224   222 11172  4472  8280 56932  5157  6003  4472
 13462   848  2036  4472 15660 56932 12889  5224  1499   418  9836  1231
 14519 56931]
1 [ 3245 56946  6151 11120 56940  2176 15459 56940  4472 11120 15284 10468
 20416 56932  6151 11120 11211  6005  4472 12208 25224  6151 11120 14294
  4472  4004  5534   424  3900  4870  6151  9687  8493 13384  4472 11120
 12673 56931 56945 56945 56945 56945 56945 56945 56945 56945 56945 56945
 56945 56945]
