38 [10621  6226  8593  5331 11120  8786 56946   848 56932  6151  2814 56932
  3245 23278 56932  4472 14694  5574 11211 15394 11138 15038 10621  4890
 19859  4472  1163 15404 12764  3645 13171  2315  4472 56946  4151 12314
  4472  1231  8512 56931 56945 56945 56945 56945 56945 56945 56945 56945
 56945 56945]
43 [ 5226   424  4492    11 11211 56940 12764 14190 56940 11211  5224  2631
  5692 56946 10621  6491 11211  1925 18319  4472  2890 14339  4415 56940
  7709 11293   494  6151  6416 11211 14338  4472 12183  4694 18959  5534
  2890   653 17565 12764  4962  4562 13822 17358 56940 56931 56945 56945
 56945 56945]
29 [ 5224 12361  5427 12610 13630 56932 15204 10067 14600  4472  2890  7581
 11262  8704 56932  1630 11211  5804  2709 56940  3731  5226  6623  8373
  9552 56932  8493 13396  1231 10365 56932 11211  6221 13480  9395 12826
 56932 10621    19 10291   170 13897  5226  4136  4472  2890 14000  2604
 56940 56931]
13 [10420 56932  5224 12133  6695  7780  6444  6151  2892  4472 56940 30043
  1231  6153  6151 13907  4562  5224  4942 56940 56932 10621  7780 56946
  1925 56940  1381 10124 10621  6750 56940 14260 56940  5226  2668  6950
   753  8373  3615  5226  5488  4290 56932  9222   848 13578 56940 56931
 56945 56945]
3 [56940  5226 12024  7667 15676  7952  9703 56932 10954 41989 10291 11211
 11120  8150 56946  1925 12433  4472  6480 56940 56932  6299  5224 14479
 56931 56945 56945 56945 56945 56945 56945 56945 56945 56945 56945 56945
 56945 56945 56945 56945 56945 56945 56945 56945 56945 56945 56945 56945
 56945 56945]
14 [ 1233  8373  9674  1240 15628  6151 11120  1004  1633  2890 11023 13016
 56932 13822  1892  1240 13754 56931 56945 56945 56945 56945 56945 56945
 56945 56945 56945 56945 56945 56945 56945 56945 56945 56945 56945 56945
 56945 56945 56945 56945 56945 56945 56945 56945 56945 56945 56945 56945
 56945 56945]
13 [ 4472 12937   682 56932  1233  5804  8162  4472  2606  1240 19466 56932
  1231  7037  6497  5226   420  5137 56931 56945 56945 56945 56945 56945
 56945 56945 56945 56945 56945 56945 56945 56945 56945 56945 56945 56945
 56945 56945 56945 56945 56945 56945 56945 56945 56945 56945 56945 56945
 56945 56945]
