49 [11120  4670    85  7582 13396  5224  2880  4472  3806 15023  5307  6151
 11120 14850  4472 11211  5224 13857  5226  5224 15682  4472  7556  4472
 11120  4675 56932 56940  6151 15254  4472  2890  1958  6017  4472  9480
 10291 11120 13917 56940 56932   373 11721  5226  5309 11669  4666  1225
 56932 14691]
49 [56940  4562  3907 56932  1793 56932 11285 11963 11211  4151  7764  2291
 13396  5804  9251  4472  8216  7821 12297 13083  2814  7394  4472 56942
  6151 56942  5137 12297   865  4472  8493 10960   124 56932 11664  1231
 12754  5879  5240  5224  7249 10169  6512  5226 13440  4472 11814 56940
 56932  1096]
