7 [ 5224 43519  2690  4472 56946  7780  8192 15823 56932  5534  7780  3517
  5224  5003 56932 13396 13478  5804  8521  4472 11120  7384 56932 11211
   746 56946  1231 14390 10067  9211  4472 12695 56931 56945 56945 56945
 56945 56945 56945 56945 56945 56945 56945 56945 56945 56945 56945 56945
 56945 56945]
3 [ 5224  5078    85  9591  5224   972  5226 16796  8105 56932 14792 10067
  7581  4472  9249 13977  2553 18348 56932  3828 13073 11120 47676 56932
 13396  5224  2792  4472 56946 56932 15043   576 56932 13386  1040 11211
  5822 10621 13822 13801 21534 11673 11851 10291 14184   273  6151 11120
  4212 10611]
20 [ 6950  5226   424 10386  1240 14343  5804  1163  5489 13371  8493  8046
  6151 11120  4000  4472  2863 56932  9000  5240  1255 13396 14442  2890
  6203  4472  5804 15261 56931 56945 56945 56945 56945 56945 56945 56945
 56945 56945 56945 56945 56945 56945 56945 56945 56945 56945 56945 56945
 56945 56945]
2 [ 5534   865 45629 13396  4151  4931  1240  3240 56946 10621 56946 11211
  5317  6151   245  5804 15691  7750  4472  4151  1325 11211  1257 11120
  1713 16073 14750 15168  6151 56946 11211  8540  9825  4186 36642 56931
 56945 56945 56945 56945 56945 56945 56945 56945 56945 56945 56945 56945
 56945 56945]
