35 [ 5224 10246 56932  6197 14337  5224  6260  7977  4472 13330  6151 11294
  5226  5224  4566  4472  4712 10291 14021  4562 11120  5158  8484  4472
 11120  2680 56932 10291  4401 48829  4562  9338  5226  1231 11093  5329
 13371  8086  4472 11120 14443 13344  1925  5347  4758 14781 56932  3828
 14773  8493]
43 [11120 31601  4472  9537  8445  4472  4241 15354 17750 13396 11120 12267
  4472 56946 56946  5224 39781  4472  7898  1416  5534  5224  2792 15394
  3064 56940 56946 56940 10621 11979  1925 11964  4472 56940 15743  4472
 12536 56940  8509  8493  4472 13822 14596  7672  1633 11120  1976 56931
 56945 56945]
6 [ 5224  3352  2622 10420  4562 13822  8021 10291  7613  1930 10291 11120
  2159 11686  4472  4151  1880 10621 10291  1638 11120   853 11211  1240
  1548  5226  5224  5689  4472 11120  4194  4472  8849 56931 56945 56945
 56945 56945 56945 56945 56945 56945 56945 56945 56945 56945 56945 56945
 56945 56945]
