1 [ 5224  9919  2610  4472 11791 10621 11627 56934  7587 56943  2755 56935
  4472  4151  8373 14164 49104  3387  6151 56942 11804  4472  5699 56931
 56945 56945 56945 56945 56945 56945 56945 56945 56945 56945 56945 56945
 56945 56945 56945 56945 56945 56945 56945 56945 56945 56945 56945 56945
 56945 56945]
9 [ 5224  9211  4472  5319 15201 15058  6151 11120 13675  3820  4472 11120
 11840 11211  5666 12764  7494  5226 14662  5224  9591  4472 11211  1240
  7780 13016 56940 11211  2464  7780  2299 22669 10877  2771  2772 10621
 11211  5240  9369  2003 19886  6741 10291 22548 11120 14653  6862  2637
  2771  2848]
18 [  424  3430 56932 11211  7780  7575 13371  6425 11120 12815  4472 13579
 56932 13280  3238  5226 11211  5804 56946  7329  4472  4151 14030  5226
 11791 10861   865 56940 12407 11357 56940 56932 10621 11211 56940  5224
 13789 10865  5953  6151  2529 28595  5226 13142 11211  3240 12046 13767
  8509  2890]
1 [ 5224 12687  4472 11120  4431 13346 11562  1925  5078  4472 11211 10442
  7780  1266  5226  1231 56942  7977  4472  5566  3676  1591 56932  5226
 11120 11369 13171  2748  4472  1231  7645 56932  5116  4472  5089 10621
   571 14956 10621 10703  5226  5804  9315  7254 56931 56945 56945 56945
 56945 56945]
33 [ 5224   653  4472  4472 11120 13017 56932 11211  3717  5224  6260 56942
  4472   995 56932 15246  5224 15063 10067 10379  2824 56932  3030 13396
  4233 10584 56932 11211  8057 13440 34142  6151  4151   353  4472 11120
  6805 21950  4472 13272   881 56931 56945 56945 56945 56945 56945 56945
 56945 56945]
21 [ 4161 11120 11374 56932 56946  7780 12355 56932  8871 10702 56932 12937
 13822 15090  2861  5210 11120 15582 56932 13868  1925   653  9499 10067
  8876  9230 15220  4967 56932 11120  5660 10067  2792 56946  9520 10621
 11120  6699 56931 56945 56945 56945 56945 56945 56945 56945 56945 56945
 56945 56945]
23 [ 5224  6519 10067  4942 13396 11623 10621 56946 15512  4472 11120  6805
  4472 12831 10067 14084 56932 10958 37873 56932  7780   880 11120  3820
  5226 11120  1976  8973 10067  9230  4472  2667 56932  3908  2004  6270
 56932  4562  5224   273  4472 11211 13004  7956  5224 15316  4472 14693
  4472 11807]
24 [  975 12764  3502  1231  1566 56932  6197 11211  7780  3609 12764  4289
  7809 56932  9000 56946  5226 16857  4562  5224 13640 56932  8509  2890
 12413  4472 11120  6614 11211  6870  4562 11120 36886 16955  4472 11120
 15197 10291 11120  7891  4472  5804  1304  3462 56931 56945 56945 56945
 56945 56945]
6 [ 2112 12650  2529  5224 15175  4472 15461  4472  5804 11360 10621 13554
  5224 27811 13371  5224 10792 56946   746  9591 56946 13822 15821 13396
  4151 56946  6157  3828  8150 13371 12140 15537   848  9521 46354 56932
  8263  5402  4472 14848 56932  8619 13822 56946  6151  5804  6580  4472
 13822 10876]
13 [56946  1346 11211  4161  5224  3719 12764 11418  2890 15682  1449  4472
  5488  8851 10067  3497 10621 11120 11791   373  1452 12134 14260 56940
  1240  7780 10911 11555 10899 15498 56940 56931 56945 56945 56945 56945
 56945 56945 56945 56945 56945 56945 56945 56945 56945 56945 56945 56945
 56945 56945]
20 [ 4161  4550 56932  9080 10621  9102  1240  4563 22900 14777  2814  5226
 11093 10241 56932  4562  2890 13489  4472   420  9289 10067  2610 12239
 10621 14378 15607 56931 56945 56945 56945 56945 56945 56945 56945 56945
 56945 56945 56945 56945 56945 56945 56945 56945 56945 56945 56945 56945
 56945 56945]
9 [ 5224  6909  2944 10827 36860 56932 40686  5226  4151  4290 10067  6145
 13732 56932 12826 11211 11120 10241 11211 11418 13749  5226 11120  1959
  2106 10067  5076  9840 56946  1233  1503  4204 12342  2792 56932  9000
   373  5403  4472 11211 11120 15380 12764 13261  1958  1233  5804   917
  5226  4151]
29 [14016  7462 10067  8876 56946 10067  9541  9000 56932 12889 11372  4855
  1132  6151 17854  6151  3252 56932 15574  4188  8108  5226  5224  4667
  4562  4188  7057  5226 11120  4953  4472 11120  4988 56931 56945 56945
 56945 56945 56945 56945 56945 56945 56945 56945 56945 56945 56945 56945
 56945 56945]
16 [  428  1240 18447  5226  5224  7249 13554  4472 11120 15084 46894 56946
 56932  1925 10282  2890 56946  4472 11120  4986 10930 25048 13530 56932
 15083  4472  2890   623  4472 56946 56946  5226  4622  4518 24563 13396
 11120 12596  8328 56931 56945 56945 56945 56945 56945 56945 56945 56945
 56945 56945]
1 [11120 16790    59 16294 10067  7581  7494 44929 11120 20619  3091 10067
 11575  4472  4151  4290  4256  5226  7224  8630 12764   418  2890 10500
  7247  7956  5224  3161  8673 56931 56945 56945 56945 56945 56945 56945
 56945 56945 56945 56945 56945 56945 56945 56945 56945 56945 56945 56945
 56945 56945]
9 [ 5224 56940 16446  4472 56946 56940 10577   775  5224 13192  4472 11120
  5311 10291 11205  8493 23047  2928  4472 13030  8791 10621 16563 56932
 10621  5224  1909  4472 56946 56946  5224  2641  5226   425 13300  5226
  5804  4393  5137 56931 56945 56945 56945 56945 56945 56945 56945 56945
 56945 56945]
13 [11120 13760  1240 10532  5226 11966  4472 56942 56932  5226  2890 11950
  4472 12413  4472 11120 10056  1217 11211  4609 11120 13172 11631  5226
 11771 56931 56945 56945 56945 56945 56945 56945 56945 56945 56945 56945
 56945 56945 56945 56945 56945 56945 56945 56945 56945 56945 56945 56945
 56945 56945]
1 [ 5224 27629  4472 14621 18429 13396 14662  4472 14524 27091 56932  6151
  5804 56942 10013 56931 56945 56945 56945 56945 56945 56945 56945 56945
 56945 56945 56945 56945 56945 56945 56945 56945 56945 56945 56945 56945
 56945 56945 56945 56945 56945 56945 56945 56945 56945 56945 56945 56945
 56945 56945]
2 [ 5226  2890  5875  3268  4472 11120 56946  5224 56942  4472  5385  5226
  5224 19411 10067 12074 16004  4472 11120  9584 56932 11211 12764 25073
 13371  7079  4472  2890  7777 56932  1240  5132  8448  4472  5045  8851
 18244 10621  1240 56946 14777 20054 56932  1096  5224 13615 56931 56945
 56945 56945]
5 [10621  6226  8593  5331 11120  8786 56946   848 56932  6151  2814 56932
  3245 23278 56932  4472 14694  5574 11211 15394 11138 15038 10621  4890
 19859  4472  1163 15404 12764  3645 13171  2315  4472 56946  4151 12314
  4472  1231  8512 56931 56945 56945 56945 56945 56945 56945 56945 56945
 56945 56945]
5 [ 2363  9206  5240 11120 11093  5682  4430  4472  5716  4472  4174 56931
 56945 56945 56945 56945 56945 56945 56945 56945 56945 56945 56945 56945
 56945 56945 56945 56945 56945 56945 56945 56945 56945 56945 56945 56945
 56945 56945 56945 56945 56945 56945 56945 56945 56945 56945 56945 56945
 56945 56945]
13 [ 5224 13488  4472   445  3159   848   582 12002 11211  5240  9774  9678
 11120  1329  4472 13822  2109 56931 56945 56945 56945 56945 56945 56945
 56945 56945 56945 56945 56945 56945 56945 56945 56945 56945 56945 56945
 56945 56945 56945 56945 56945 56945 56945 56945 56945 56945 56945 56945
 56945 56945]
1 [11120  3933 11895  4472 11120 10742 56932 11211  3946  5224  5234  6340
   936  3617  6672 56932  1240  8462 10067  6319  8373  3861  4693  4472
  5804 13283 15083  4472 11211 11120  8108 10471  3406  1231  2371  4472
 14667  8509  8834  3861  4151  4290 10291  8986  5224 10119  4472 11463
  4472  2322]
6 [ 7868  5489 56932 11120 31789  1925  5875 10067 10752 10067 13857  4472
 13553  7978 13837 10291 10451  5226 11120 15100  4472 13553  7978 10067
  8876 13610 10067  2689 10621 11120  6088  4472 11120 27057  8646  5240
 11122 11211  7780  7683  2890  3269 13857 10067   571 56931 56945 56945
 56945 56945]
10 [11120  6805 10212 11211   650  4151 10193 12947  8509  5224   653  4472
  9091   690 11785   217 56932  1362  4693  4472 11122  1076 56932 11120
  9234  4472  2922  1925  5234  6340 56932  1925  3452  2890  5935 10611
 13822  9135 56931 56945 56945 56945 56945 56945 56945 56945 56945 56945
 56945 56945]
21 [ 5224 12944 10067 15367  5226  5224 11211  7616 14201  3276 10291 13853
  5224  2191 56932  3719  5226  5224 11211  5172  2890 13469  4636 10067
  9518 12649  4472 11120 10572 12348 56931 56945 56945 56945 56945 56945
 56945 56945 56945 56945 56945 56945 56945 56945 56945 56945 56945 56945
 56945 56945]
23 [ 5804  8330  4472  3703  3982 11211 12764   746 15231  3260  5226 15583
  4562 11191 10621   470 11211  8993   746  3860  4151   621 10621  4304
  4472  5668 56932 13396 11122 11211 11242  6151 13661 11211 56946 56931
 56945 56945 56945 56945 56945 56945 56945 56945 56945 56945 56945 56945
 56945 56945]
1 [ 8493  6805  8393 10067  1950 15288  1694 14341 11120  9342  3285 13396
    52 12078 13360 10067  1651  6151 11120  1391  4472 13030  2820 11515
 56931 56945 56945 56945 56945 56945 56945 56945 56945 56945 56945 56945
 56945 56945 56945 56945 56945 56945 56945 56945 56945 56945 56945 56945
 56945 56945]
36 [ 9528 11211 11127  5226 11120  7508 10067  6319  5692 10291 33119 56946
  4151 10219 56932 10621  1240  6183  1233  8493  3174 32462 56932 29456
 13396 11120  9927 10621 11120 15380  2106 56932 11211   373 13941  5224
 10522  4472 11120 14227 11091 56932 12764  3645  6151 10778 11620  1231
  3474 14687]
11 [ 5226  8857 12687 56932  5224  3835  8320 23718 56932  3245  6151  6662
  4472 13811 56932 11211 12764  1240  4563 13837  4004 56946   848 14931
  6849 10067  8086  5226  5224 10119  1107  8984 56932  3874  5666  7909
 13396 11120  3077 56931 56945 56945 56945 56945 56945 56945 56945 56945
 56945 56945]
49 [ 1925  9283 56942 56932 13396 11122 13554 56932 11117 56946  1925  8871
  9394  9939  5226 10341 56932  9000 56932  5226  1490 13440 56932  1240
  6760  4472  2890 28721  5226 10107 10855  4472 11120  5918 11211  6118
 11197  5092 11211   229 12407  5267  4472   535 56932 12889   375  4562
  5224 13803]
47 [ 5226 11120 11643   752  4979  5224  9230  4472  6471 56932  7268  8981
 56932  5224 10242  4472  7581  4472  6471 56932  5831  5355 16501 56932
 10621  5224  7423  4472 11120  7444  4472 12474 10067  7407 56932  5513
 56946 56932 11211 44925   425 32066 11211  4146 15640  5137  4472  3789
  4472 56946]
10 [ 7868 15201   217 10867 56946 56932  5992 56940  6070  4151  6557  4472
 36170 10621 56126 13371 16058  4472 29148  5534 13171 56946  4125 13396
 11120 11371  4472 15157  5691  6151  1231 13480 56932 11211 26528 18436
  5226  3396  1231  8108  8008 10291 27741  5226  5224  3104  4472 10050
  4472  1723]
35 [ 5226  1231  6098 56932  5224  1926 12764  7780  8109 10540  2861 56940
  5804 15262  4472 11120  7626   865  8993  5804  9620 56931 13371  5804
  2741  4755 56932  3245   217 11120  8150 11562 14931  1170 11120  8728
  4472  4151  9552 13396  8945 56940 56931 56945 56945 56945 56945 56945
 56945 56945]
1 [   13 14230 10067  5879 56932  7868  8025 56931 56945 56945 56945 56945
 56945 56945 56945 56945 56945 56945 56945 56945 56945 56945 56945 56945
 56945 56945 56945 56945 56945 56945 56945 56945 56945 56945 56945 56945
 56945 56945 56945 56945 56945 56945 56945 56945 56945 56945 56945 56945
 56945 56945]
9 [13396 11674 56932  1233  9198  7703  1009  4472 11120 14088 14238  4472
  2591 56946 56932  7703  3969  1379  4472  1231  9630  1661 56932  6956
 10621  7945 56931 56945 56945 56945 56945 56945 56945 56945 56945 56945
 56945 56945 56945 56945 56945 56945 56945 56945 56945 56945 56945 56945
 56945 56945]
18 [  424 13676  9541 56932 10611  8373 11360 11211  8493  1004 13171  1396
 10611  5804  3243 17530  4472  4151  2022  1250  4472  5764 10621 14406
  4249 56934 12764   753 11753  3091  1925 12764 13765  8493  8200  3733
 15949 56935  3037  2529  4472  5804 11211 19220  6151 11120  7976 56931
 56945 56945]
8 [56946  6151 10375  5804  1063  4509 10621  4151 56946  4472 13439 56931
 56945 56945 56945 56945 56945 56945 56945 56945 56945 56945 56945 56945
 56945 56945 56945 56945 56945 56945 56945 56945 56945 56945 56945 56945
 56945 56945 56945 56945 56945 56945 56945 56945 56945 56945 56945 56945
 56945 56945]
16 [ 5534   865 45629 13396  4151  4931  1240  3240 56946 10621 56946 11211
  5317  6151   245  5804 15691  7750  4472  4151  1325 11211  1257 11120
  1713 16073 14750 15168  6151 56946 11211  8540  9825  4186 36642 56931
 56945 56945 56945 56945 56945 56945 56945 56945 56945 56945 56945 56945
 56945 56945]
14 [ 1925   273 10621  1925  9687 56932 13371  5224  7330 12764  5240 13171
 11211  5224  3297 15445  4472 11120  5319  5226  5224 11211  5804 13604
  1240 11120  2751 13396  1231  1618 56932  5224 14938  4472  5804 56946
    85 19384  4562 11120 11213 12544  7436  4472 31305  7162 11211 56946
  1231 13893]
41 [ 1925   273 10621  1925  9687 56932 13371  5224  7330 12764  5240 13171
 11211  5224  3297 15445  4472 11120  5319  5226  5224 11211  5804 13604
  1240 11120  2751 13396  1231  1618 56932  5224 14938  4472  5804 56946
    85 19384  4562 11120 11213 12544  7436  4472 31305  7162 11211 56946
  1231 13893]
29 [ 1925    20 11211  5226  5804  9140 56932  5226   425 13450 56932 11120
  7038 56934  6151 56935 18012 13371 14022  4472  4151 22731 56946 56932
 11122 11211 15604  3245  5224 12284 56932  4693 16141 10291  5224 12562
 56946 56932  4472  8716  4472 56942  1925 17691 11120 14119 10621 56932
  4562  8596]
48 [12297  6997 11211  5226 56942 13290  8221  2890 11627 14915  2101  4472
 11120  3174  4472 10511 56933  9000  5224  9591  5240 11211  6110  5137
 13171  8818  5226  2551  5224 11554  7376  1240 20867  5226  2890 56946
  4472 56946  3828 12764  6000  5224 10371  8148  6151  7608  4472 11120
  8324  3809]
24 [  424   229  5224  1601  4472  8819  4472 11120 20418 56932 11211   373
 13171  2315  4472  6221 10418  7436 10621  1240 15869  3245  6151  4151
  8849  4607 10067  7238 56932 11211  5668 12764  9840  9193 56931 56945
 56945 56945 56945 56945 56945 56945 56945 56945 56945 56945 56945 56945
 56945 56945]
22 [ 5217 11211 11122 56946  5226 11120  3288 10067  6109 45856 11120 13733
 10621 42879  4472  5970  4562  6295 56946 10621 56946 56932  6295  4472
 45704 56932 11664  5224 14315  2426  8448  4472  2890  7238  4413 56946
 11120 24223 56931 56945 56945 56945 56945 56945 56945 56945 56945 56945
 56945 56945]
24 [ 8596 11122  9490  4492  4746  4472  1231  5879  4562  5224  1405  4472
 29059  4472 12672 11211 12764  8946  7247 56932 10621  9490  5492  5224
 43844  4472  1168 12673  1925  4201 11211 12764 17667  5224  8870 20034
 13396  9068  5000  6151  5804 10229  3861 56932 10621   151 13396  9394
  5137  4562]
