23 [ 8552  6151  1231   455  5226  5189 56934 56946 56935 56932  4562  2890
 12168  4472  8303  4472 13686 56932  3387  1925  8288  2729 10621 36874
  6151  1231 18096  1431 56932  5224  6145 13732 56932 11211 42317  5226
 12433 10067 13085 56934 56946 56935 56931 56945 56945 56945 56945 56945
 56945 56945]
27 [ 8493  1004 13171 11120 12973 10067 56940 16037 56940   345  5226  5804
  8445 14213 10621 32564  1925  5606  7381  4472 13822 56942 13349  5226
 11120 10719 11211  7187  6151  5804  5037 56934 56946 56935  4562 11120
  8290  7838 14314 15083  4472    52  7581  6151  4151 15271  4472  8493
 14564  8600]
35 [ 5226  6226  5224  6319 56932  4472  5804  7596 26484  4161  4550 56932
 56942   865 10291  5804   768 56932 56942 10291  5804  6242 10621 56942
 10291 12535  7298 56932  7898  4472  5804  4705   746  3805 11211 56946
  6151  5804   768  5226 11120  1976 56931 56945 56945 56945 56945 56945
 56945 56945]
7 [56940   373  6997 11211 56946  7494 11211 45854  6151  1168 12675 10291
 14234 11120 13450 56932  9000  3245   582 12002 11211 10097 11120 13734
  4472  1879  5226  4151 14928 56940 56932  8212 10041 56931 56945 56945
 56945 56945 56945 56945 56945 56945 56945 56945 56945 56945 56945 56945
 56945 56945]
10 [13371  4569 56932  5224  9582 56946  6485 11211 12764  1240 23853  1925
 12931 10067  5095  4472  7276 10621  1096 56932  1633  4151 15581  4472
  1231 12754  9541 56932 11211   753 10722  3765 11211 12764 10145 56932
 13371 13396  7932 56932 14855  4472  1009 11122 11211  1064 12889 11117
 14941 56946]
11 [12511   730 11211  5224 15548 14012 13396   273 56940  7780  9002  8555
  6151 11120 13480 56932 11211  8159  4562  6221  2496 11211  5240  1231
  3012 56940 56931 56945 56945 56945 56945 56945 56945 56945 56945 56945
 56945 56945 56945 56945 56945 56945 56945 56945 56945 56945 56945 56945
 56945 56945]
19 [11120  1147  1064 11211  5224  7966  4472 45431 10621 11120 11602 56932
 11211  2215  4151  3136 56932 16105    52 44123  6151 11120 13553 56931
 56945 56945 56945 56945 56945 56945 56945 56945 56945 56945 56945 56945
 56945 56945 56945 56945 56945 56945 56945 56945 56945 56945 56945 56945
 56945 56945]
34 [ 5331  4151 26835 56946 13396  4151 11899  4472 11211 11120 37805 10067
 50687 12764  7494 15652 10611  8373 12379  9220 56932 10621  4472 11211
 11120 13450 11697  5240 33563 56932 15257 10219 10621 12764  1146  6151
  5804 56946 56932  5992   311  5224 12684  4472 56940  2188  2890 14399
  4922 56940]
6 [56940 11120  4670 10067 14358 12764  1146  6151  5804  7025 10067  6319
 56940 14260 56940  6905  3861  1859  4213  5534  5207 56946  6151 10333
  4472  6284 10621 56946  5226 14653  4562  1618  4472 14088  1379 13171
  4336  4472  3931   848 11870 56940 56931 56945 56945 56945 56945 56945
 56945 56945]
13 [ 1233 11120  9852  4472  2890  3345  3158  5240  5224 12764 52496 56932
 44302 12702  6151  1231  4492  4472 11120 11752 13344  6151  5804 11853
 52661 56932  9000  5226 11813 13440 54827  1925  3888 56931 56945 56945
 56945 56945 56945 56945 56945 56945 56945 56945 56945 56945 56945 56945
 56945 56945]
14 [11120  7833  3727 56932  9914  4472  4565 56946 10621 13219  4472  4151
  1228 56932  5466  1925 12297 56946 12297 56946 10621 56946  8204 11211
  7780  2729  5226 14390 11120 12767 11211  5207 56946  4562  1231  5933
  4472 56946 10621 56946 56932  4472 13388 10621  2295 56932  4472 10127
  3395  6151]
