19 [  730 11211 13290 11211 11117 28124  7709 15223 11211  6984 12672 11211
  1000  4562  8593 10621 11211 13290  1240 10261  7467  6151 56946 11211
  5224  9541  5191 14040  4004 21482  5226 23950   848  5226  9694 56931
 56945 56945 56945 56945 56945 56945 56945 56945 56945 56945 56945 56945
 56945 56945]
2 [ 9000  6196  9373  3860  6151 12764 10778  8606 13083  4472  4151  3765
 11211  8619  4151  8155   891 56931 56945 56945 56945 56945 56945 56945
 56945 56945 56945 56945 56945 56945 56945 56945 56945 56945 56945 56945
 56945 56945 56945 56945 56945 56945 56945 56945 56945 56945 56945 56945
 56945 56945]
5 [10621 13396  6226   428  7780  8192  4550  8530 56931 56945 56945 56945
 56945 56945 56945 56945 56945 56945 56945 56945 56945 56945 56945 56945
 56945 56945 56945 56945 56945 56945 56945 56945 56945 56945 56945 56945
 56945 56945 56945 56945 56945 56945 56945 56945 56945 56945 56945 56945
 56945 56945]
33 [ 5224  5244 12015  4653 56946 10621 15317 56932 56946  9068  5901  1343
  4472  5804  3692 11211  1240  1013 12571  1925  2821  6363  4472  1638
  6151  8503  4472 13822  7864  2861 56940 56936 11267  7780  4472  2529
 56932 11267  7780  4472  2529 56932  6086 14271 56937 56940 56931 56945
 56945 56945]
