2 [10621 11122 12675  1240  1096 11211 10501  5226  8295 56931 56945 56945
 56945 56945 56945 56945 56945 56945 56945 56945 56945 56945 56945 56945
 56945 56945 56945 56945 56945 56945 56945 56945 56945 56945 56945 56945
 56945 56945 56945 56945 56945 56945 56945 56945 56945 56945 56945 56945
 56945 56945]
5 [56946  6151  4151 56942 10621  5611 10621  1894 14777  1362 56931 56945
 56945 56945 56945 56945 56945 56945 56945 56945 56945 56945 56945 56945
 56945 56945 56945 56945 56945 56945 56945 56945 56945 56945 56945 56945
 56945 56945 56945 56945 56945 56945 56945 56945 56945 56945 56945 56945
 56945 56945]
16 [ 5224  1782 10067  5328 56946  6151  5804 17705  4472 11211 12764 11526
 17286 56940  2275 56940  5400 56931 56945 56945 56945 56945 56945 56945
 56945 56945 56945 56945 56945 56945 56945 56945 56945 56945 56945 56945
 56945 56945 56945 56945 56945 56945 56945 56945 56945 56945 56945 56945
 56945 56945]
9 [ 5804  1046 12764 56946 13396  5224  9322  4472 11120 12673 56932 13371
  5226  2890  1242  8515  7898  8330 56932  1969  8433 13396  5224 10277
  4472  9985 56932 11211  1240 56946  1925 19767 10621  9122    61 32898
 56932 10621  5804 31955 46932   425 12921 56931 56945 56945 56945 56945
 56945 56945]
38 [ 5224  5234  6340 13382 11211  5226  5804  4393  7381  9939  1240 56946
  5226 12424  4649 56932  9000  1040 11211  6197 11122  7780  2779 10621
 11211 11117 56946  1000 11211  1231 16581  5226  5224 11034 12764  7780
  5492 14041  5400 56932 13371 11122  7780  3858  5224  9591  4472 11211
  4151 10201]
