37 [ 1352  1925  6495 12764  6667  9105 10291  9495  5224 14399  4472 11016
  4472  9835  4472   424  2689  6418  6151 11211 11120 10366 12764  1240
  9054 14915 11169 13371 11120  2824 10621  6151 11211  4151  2789 16061
  6151 11148 15350  4472  5474 56931 56945 56945 56945 56945 56945 56945
 56945 56945]
12 [ 5804 13171 15612 47576 56934 21018  4472 23855 56935 10067  1926  1240
 11138  1404  5217 12948  5226  5806 10291  5418 16584  6151  5804  9964
  4472  2576 56931 56945 56945 56945 56945 56945 56945 56945 56945 56945
 56945 56945 56945 56945 56945 56945 56945 56945 56945 56945 56945 56945
 56945 56945]
12 [ 4151 14368 56932  8373  4472  4151 13171  2983  4472  1352 56932  1240
 15515  1404  5226  5224 12908 11142 10291  5224 12189  7261  4472  8493
 10509  4255  4472   283 10621 13916 11211  9347  5226  9249  4472  9152
 10621  1446  3673  8509  6221 11120 12921 56931 56945 56945 56945 56945
 56945 56945]
22 [ 5226  1231 13676 12297  7618 12297 56932 12024 15340 12297 10621 12342
  3159 11211 11122  5240 12297  4758 13529 44106 56932  1240 10463  5230
 14260 56932 15328   424  3719  4472 11120  7645 56932  1240  7016 56946
 11120 11213   545  2720 56932  5534  4151  8373  3342 37967  5224  1926
 56931 56945]
