3 [ 2091   455 11117  1043 56932 12764  2451 56932 10291 11400 15225  4562
 14764  6151  5804  4679  4055 56932  7868 15201  5224 12754  9287 56932
 11211 15083  6950  7780 15328  6151 14244 56942  5056 56931 56945 56945
 56945 56945 56945 56945 56945 56945 56945 56945 56945 56945 56945 56945
 56945 56945]
9 [ 5226 11120  5411 56932  1793  4472 11673  4451 56932  5815  3245 10291
  9428  4151 12336  4472 11120  3737  4562 10700 11211  8396  6416  8493
 15583  4472 12283  4562 11120 10714 14931 11250  6151  8493  9927 56931
 56945 56945 56945 56945 56945 56945 56945 56945 56945 56945 56945 56945
 56945 56945]
4 [ 5224 12232  2729  7780  8192 10291  5224  2775  4800 35568 56934  8429
 56942  3197 56935 56932  3497  4472  8493  2994 13269 56932  9000  6197
 12764  4091  8606  3260  2370  5804 56946 27998 10621 17899 56932 10621
  5224  7615    85 10291  5224  4978 35377 56946 56934 51185 56946 56946
 56935 56931]
38 [ 5224 12232  2729  7780  8192 10291  5224  2775  4800 35568 56934  8429
 56942  3197 56935 56932  3497  4472  8493  2994 13269 56932  9000  6197
 12764  4091  8606  3260  2370  5804 56946 27998 10621 17899 56932 10621
  5224  7615    85 10291  5224  4978 35377 56946 56934 51185 56946 56946
 56935 56931]
25 [ 4550 11211  4299  1009 56932  6197 11211 12342  5240  5224  2471 10341
 11211  1240  4338  6151 11120 13300 16294  4472  8493  4415 12874 56932
  5207  5317  3245  4151 14596  3039  4472 13916  5217 14564 15067  2861
  1925  8871 56932  8493  9398  4472  4906 11211 13280  8834  3861  4603
 12764 13765]
