7 [ 6205 11122  5376   217  5804  9135 10067  7450 56940  7346  1095 56940
 56932 15023  8493  6614  4562  5224  2792 10067 14084 56932  2930 48914
 56932 13386 15550 11120  6805 40459 11211 56946  4151 10531 18959 12043
 13396 14009  6051 56931 56945 56945 56945 56945 56945 56945 56945 56945
 56945 56945]
19 [ 5226 10577  4472 11120 11851  6151   424 14687 56932  5217 13280  7898
  5137  1240   746  2302  5804  4573 56946  5410 12297 56946 56946 12297
   848 12297 56946 12297 56932 11211  5226  6207 10192 14824 13396 12297
  6646 12297 56931 56945 56945 56945 56945 56945 56945 56945 56945 56945
 56945 56945]
