25 [13396  1231 12135 56932  5224  1408  1218 56932 14009 56946 56932  7780
  7039  6151 24506  5226 10746 10621 14524 56946 10291 13135  1925  3612
 56940 56946 56940 56931 56945 56945 56945 56945 56945 56945 56945 56945
 56945 56945 56945 56945 56945 56945 56945 56945 56945 56945 56945 56945
 56945 56945]
9 [ 5224 13343  4472 11120  6686  4472  1446  3673 56934 56946 56935  4695
 12948  4562  8493 15568 10067 56946 10621  4716  5226 56942 13349 56931
 56945 56945 56945 56945 56945 56945 56945 56945 56945 56945 56945 56945
 56945 56945 56945 56945 56945 56945 56945 56945 56945 56945 56945 56945
 56945 56945]
25 [ 5224  3612  9210  8729  1231  2415 10291  1227  5224  9541 56932  9000
  5224  2610 13064  4653  5226  5804 10013  3559  4562  8373   340 10067
  7364 56946  5226 14442  7381 10013 10621  5534 18132 10025   372 10291
  5224  7261 10067 12687 13342 13396  5224  8984  9775 11281 56931 56945
 56945 56945]
10 [14344  4472 11120 13077 10561  5226 11120  8290 12135 13396 56946 56934
 15694 56931 56942 56935 10621  1923  6151  3775 11120  2415  4472  1231
  3612 56931 56945 56945 56945 56945 56945 56945 56945 56945 56945 56945
 56945 56945 56945 56945 56945 56945 56945 56945 56945 56945 56945 56945
 56945 56945]
22 [ 5224 14399  3245  6913 11211  5804  3911 42341  2890  7661  4472 14792
  4472 56942 17235  8100 56934 56942  5895 56935 10621  2890 56946  3196
  4472 56942 17235  8100 56934   683 56942  5895 56935 13396 10267  5039
  4472 56946 56931 56945 56945 56945 56945 56945 56945 56945 56945 56945
 56945 56945]
4 [ 4161 11120 11374 56932 56946  7780 12355 56932  8871 10702 56932 12937
 13822 15090  2861  5210 11120 15582 56932 13868  1925   653  9499 10067
  8876  9230 15220  4967 56932 11120  5660 10067  2792 56946  9520 10621
 11120  6699 56931 56945 56945 56945 56945 56945 56945 56945 56945 56945
 56945 56945]
15 [11120  9745   635 56946   123  5224 56942 13396 14108 10067 13723 48847
 10067 12728 56934 56946 56935 56932 11211 21939 11120  2387  4472  4312
 11211  8497  5199  6391  4562 11120  5918  4472 22374 56932  6151 56942
 10440  4472 11120 14792 14016 56931 56945 56945 56945 56945 56945 56945
 56945 56945]
45 [ 5224  1827 10246  3667  4233  9920 56932 11211 12212  5226 11120 12613
  9107  4151  2314 56932   198  5451  6151 11120 11093 10241 56932    85
 10659 13396  1231 10056 10291 14254  5224  7950  1633  7874 10621  2370
  8774 56932 13706  6151  4151  9655  3736 13044  1925 56946 56931 56945
 56945 56945]
3 [14423  4151   514 56946 56931 56945 56945 56945 56945 56945 56945 56945
 56945 56945 56945 56945 56945 56945 56945 56945 56945 56945 56945 56945
 56945 56945 56945 56945 56945 56945 56945 56945 56945 56945 56945 56945
 56945 56945 56945 56945 56945 56945 56945 56945 56945 56945 56945 56945
 56945 56945]
5 [56946  2861 46707 18675 56934 56946 56935 10621 26799 56946 56934 33951
 56935 56931 56945 56945 56945 56945 56945 56945 56945 56945 56945 56945
 56945 56945 56945 56945 56945 56945 56945 56945 56945 56945 56945 56945
 56945 56945 56945 56945 56945 56945 56945 56945 56945 56945 56945 56945
 56945 56945]
3 [56941 12225 14120 56942 56941   677 12538  5226  1231   270  5226 12379
  5452 56931 56945 56945 56945 56945 56945 56945 56945 56945 56945 56945
 56945 56945 56945 56945 56945 56945 56945 56945 56945 56945 56945 56945
 56945 56945 56945 56945 56945 56945 56945 56945 56945 56945 56945 56945
 56945 56945]
47 [ 4562 11120 10117  4472 11211  5224  7581 56946 13171 10621 56946  8871
 56932  5224  6516 10067   653  1240 19329  5224 16586 12407 56940 12033
 56940  4472 15040  4604 11122 11211  5226  1231 11950  9297  5804  5234
  8876 10050 56946 19944 56946 56934 13386  5226 56942  2340  5224 32313
  5226  2890]
3 [  311 11211  5224 56946 56940 12764  5207 13126 56940 14260 56940   373
   440  7253 10621  7133  6151  4151  6731  5226 14088 21617 56932  7253
 10621  7133  5226  8493 11623  2700 56932 11120 10067   552 56940 56932
  5226 15168  4472  8606 56940  2890  8907 10067  2610 10067  7581 56940
 10621  4472]
2 [10291  5224 56946 56946  5224  4280 56946 56946 56934 56946 56935 10621
 16684   928 56934 56946 56935 56932 12049   340  4472   623 12743 56931
 56945 56945 56945 56945 56945 56945 56945 56945 56945 56945 56945 56945
 56945 56945 56945 56945 56945 56945 56945 56945 56945 56945 56945 56945
 56945 56945]
45 [ 8642  4562  2890 12097  1925 11211  1240 11117  8662  6744  4151  9721
 10621   151  4562  8493  6686  4472  9316 13314 10291 29066 11120 14602
 56932  2890   515  4472 18496 11211  1240 56946 13396 13974 56932  8493
 10868  4562 14606 10291  6520 11120 56946 56932  2890 56946 10291 56946
 11120 20899]
10 [ 5224  6145 13732 56932  8552  6151  1231  5551  7956  5224 56946 11304
  5226  5224   468  5206 56934 56946 56935 10621 11120  7838 10067  5683
 13579 13344  1925 13829  4472  1397 56932  9801  5224  8288  2729  4472
 11120 15338 11211  1765 11120  6255  4722 56931 56945 56945 56945 56945
 56945 56945]
7 [11120 11556  3733  4472 10191 12947 56934 56946 56935  1040   217 11211
 56940 11120 11851 10236 56940 10291  5804  1170  8343  4472 14113   373
  5226 14928  7452  5226  5804  5118 10621 12764  5226  5224  8716  4472
  5804  9578 56931 56945 56945 56945 56945 56945 56945 56945 56945 56945
 56945 56945]
9 [ 4472   425 13030 56932  5804 13042 11211 12199   535  5895 11117 11500
 10267 14519   897 56942  5699 56932  5224 14198 13171  8965  5217 56942
 56931 56945 56945 56945 56945 56945 56945 56945 56945 56945 56945 56945
 56945 56945 56945 56945 56945 56945 56945 56945 56945 56945 56945 56945
 56945 56945]
46 [ 8503  4472  5804  6786   464  5226  5804 11211   753  3754  5240  5226
 11120  7210  4472 56940  4151 26461 56940 56932 14235  4151  2960  6118
 56932 11211  8455 11211  5224  2792  2828  7951  2890  3353 56946  4472
 11120 13450 11211 50341  6151 12379  5452  6151  1720  5224 56946 56931
 56945 56945]
45 [11673 11016 56932  4562 11120 11211  5804  9362  6846 14793 11120 34894
  5432 10067  6604 56932  7709  4134  5226  5804  8373  5137   683 56942
 11804  4472 56946  4472 56942  6468  7956  8493 13107 56946 10291  5224
 12675  3146 11211  1240  2616  5226 56942 11804  4472 56946 56934 56942
 11804  5226]
2 [ 5224 13723 56946  3791  5226 56942  2890  1148  4169  4472 56942 11804
  4472  5699 56934 56942 11804  4472  5669 56935 56932 11122 11211  6913
  2890  5566 10067 56942 13396 14108 15058  1925  3297  2824 56932  8630
 11211 11120  6297  4472 13997  8666  2890 14777 13396 14108 56932  4161
  5804 56942]
40 [10958  3076 56932 11211  4966 13371 10249  4841  4472 11120  5683  1752
   635  4472 10837 56932  5240  5224 11697  7828  4472  1723  4472  4141
 56932 10621 56946 11120 13300  4472  1231 13476  8664 13371 10249  3091
  4472 21798  4562  2890 56942 19205 21731 18736 56932  4562  5224 11211
    85  8288]
13 [11120  9745  7861  8703 12135  4472  4151  7396  7453  4472 56946  3420
 56934 56946 56935 56932  8493 14082 11840  4998  5226   995 10067  2689
  6260 13396  5822  5226  1839 10468 56931 56945 56945 56945 56945 56945
 56945 56945 56945 56945 56945 56945 56945 56945 56945 56945 56945 56945
 56945 56945]
20 [11120  1019 10611  5224 13723  5822 56932  2902 13396  1231 15098 56932
 11120 12647  9244  6641  4472  1446  3673 56934 56946 56935 56932 10621
 56946 10149 56932  8642  5226 11966  4472   424  2689 10621    85  8803
  6151  3687  4472   424  7977 13396  5224  3900  7262 10067 10386 56932
 11120  3465]
41 [  928 56932 15648 56932 56940  7494  2890 14399 12407 15916  4562  5224
  2693 56933 11120  9893 10478 10621  5224  3835  5769  7364  1240 19220
   264  1925 41555  4562  5224  3835  5769 15164 56934  7843 56935 13371
 11122 11292  9784  4562  5224 56946  5217 13280 56942  5137 56932 13396
 11122 13554]
6 [  731 56932  5226  7809  6151 14374 56942 10368 13396 14196 56932  1040
  1793 11211 56940  5224 56946  5240  2166  5534 11120 13450 10067  9541
  5240  4073 56940 56932 10621  7620 13396 56940  8493  5404  5041 10621
 56946 10291  4746  4472   424 56946  4472 14694  5137 56940 56931 56945
 56945 56945]
19 [ 5804 56946  4472 11120  4816 12683 10621 10067  1651 11211   746 24711
  4151 11834  4472 13968 56932 45431 56934 56946 56935 10621 56946 56934
 12334   468 56935 12764   746 10911 11813  6411  8509  5224   273  4472
 12921 56931 56945 56945 56945 56945 56945 56945 56945 56945 56945 56945
 56945 56945]
42 [ 8593 14067 11211  5804 56942 55771  4472  4212 10611  4151  8373 35638
 56934 11120  4472 13732 10621 11120  4472 11067 56935 56932 40098  6151
 13171  4472 56942  5699 56932  5240  1009 56932  5224 12675 56946 11211
  1233  1240 13280 11120 15210  5226  5699 56931 56945 56945 56945 56945
 56945 56945]
19 [ 8493  4472  4151 56946  4472 12936  5226 11120  7207  2076  3682  5972
 56932  4550  3974  5226 11120  8290 56932 56946 56931 56945 56945 56945
 56945 56945 56945 56945 56945 56945 56945 56945 56945 56945 56945 56945
 56945 56945 56945 56945 56945 56945 56945 56945 56945 56945 56945 56945
 56945 56945]
40 [56940 56946  6151  5804  7301 10291  9227  5226  6905 13272 13371  7345
  9139 10291 10778  5345  6151  6014 56931 12764 12703 35595  5226 11120
  4333  4472  4822  9330 10291  5345  6151  6014 56940 56932   730  5224
 13576 10718  6151 12341 56942 56931 56945 56945 56945 56945 56945 56945
 56945 56945]
9 [ 5804 22040 10067 13468  1288 11211 11120 16085 10067 56946  3387  6151
 56942 13931 56932  4562  8493  5611  4472 56942 13396 20272 56932 56942
  4472  8025  7518  4472 18271  5137 56932  1452 11120 13171  4476 11120
 14508 19179 10922 56932 11211  7494  2890  2689 10621 16490  5226  5224
  5799  6542]
39 [ 5224 56946  8016 12140  9019 56932 11211 14204  4472 56946  4562 21747
 10621  8373 32119 56932  3245  9490 19026 11120 16400   375 10067  3538
  5226  5224 12232 12270  4562 56946 11648 56932  1231 22784  3079  4472
 11120  1578 10621 56946 56934 56942 56935  1947  5224  9518 15144  4472
 11120  4722]
30 [ 5804  8011 56946 11120 11311 14260 56932  3416 56932   373 56946 13396
  7919 10067  4942 56932  9000 56946 11211  1231  8033  4562  5224 14358
 11117  6533  1942 10314  5226  5224 56946 10621 11120 15582 56931 56945
 56945 56945 56945 56945 56945 56945 56945 56945 56945 56945 56945 56945
 56945 56945]
8 [11120  5611  4965  5240  4472 56942  5699 13396 56946 12889  5226  5754
  1200  6151 56942  5699 10621  5226   140  6151 56942  5699 56931 56945
 56945 56945 56945 56945 56945 56945 56945 56945 56945 56945 56945 56945
 56945 56945 56945 56945 56945 56945 56945 56945 56945 56945 56945 56945
 56945 56945]
13 [ 5226  3573 56932  1925 13823 56932  8834 12357   746  7431  2890   626
  4472 56946 56932  8630 10025  8373  7821   746  9591 11122 12754  5226
  8493 13988  8992 15913  6151 11120 12030  9243 56946 56931 56945 56945
 56945 56945 56945 56945 56945 56945 56945 56945 56945 56945 56945 56945
 56945 56945]
1 [ 4151  2295 13171  9441   746  8192  5282  6151  4151  8589 25127 56934
 13723 56946 56935 56932 30806 56934 56946 56935 56932 56946 56932 56946
 56932 17782 23263 10621 50169 56932 11211  4779  2550  1925 51684 14802
 56942 11804  4472  5699 56932 56942 56932 56942 56932 56942 56932 56942
 10621 56942]
36 [56940 11120 15225 11211 12473  7494  1379 11211  1000  4562  5224  6480
 11211  4365  4449 11788 10621  3245  5207  4473  9677  5224  9591  4472
 11211  5224  9102  4210  2890  9096  9541  5224  6260   972  1633  5224
 56946 56940 56932 12828 56931 56945 56945 56945 56945 56945 56945 56945
 56945 56945]
12 [15023 11673   455  5224 15494 16392    85  6154  5226 11120  7276  4472
 56946  4472  5804  3243 12804  4562  5224  9283   748 10621  5226 56942
 11949  2426  6151 11120 14443 17311  5226 11120 11211 45166  1925 11203
 10067  1926 56932  5224  6821 56946 56946  4562  5224 11211  1765 56931
 56945 56945]
6 [11120  9011  7343  4472 14944 56934 56946 56935  4721  6151  5804  3028
  6151  4229 13649  6535 13171 13024   211  5224 14860  4472  4273   777
 56932 11211  1340 13083 13171 13010  4472  5326 11211  5224  5987   367
 56931 56945 56945 56945 56945 56945 56945 56945 56945 56945 56945 56945
 56945 56945]
10 [ 7868 11120  3933  4472  4151  4822  9330 10291 12366 56934 56946 56935
 56932  5226  5224  4245 10067 15852 11514  8493   944    26  4472  1046
  4472  5804  6101  4472  2496 11874 10621 32905 11211 14340  5226  5224
  7581 56931 56945 56945 56945 56945 56945 56945 56945 56945 56945 56945
 56945 56945]
27 [ 9000 11674  8946  4693  4472 11211 56946  5226  5224 13804  4472 11120
  8973 11786 10621  6196  1659 11211  4550  5804 24221  4472 11120 14137
  5804  2623 13396 56946   848 13396  4120 56931 56945 56945 56945 56945
 56945 56945 56945 56945 56945 56945 56945 56945 56945 56945 56945 56945
 56945 56945]
3 [56946  4562  2890  9579  4472 12766 56946 10621  1240 56946  5226 11120
 12281 56934 10621  5226  5047 56935 10067 12270  4472  2805  3814 11211
  8373  1362 13171  8818 16532  1808 56932 11122 11211 11117 13074 11120
 13734  4472 56946  4562 13822  5747  4472 13893  7956  4151 29393 22637
 11211 18988]
25 [10621  2044 11211  6330 11211 56932  1233  5207  2421  4472 56946 56932
  1494   865  4151  8373  2136  4472  2890  5589  5121  2861 11211 14941
  2890 56946 10621 11211  2007 14733  1368  2416  5226  5224  5879 56931
 56945 56945 56945 56945 56945 56945 56945 56945 56945 56945 56945 56945
 56945 56945]
39 [21258 12764  1240 56946 56932 16738  6151  2890 13723  4472 17370  4472
 11169 16581  9000  6578  7460 56932 10621  4472  1274  5224  3612  5371
  1925  8871 14915  4518 13371  5224  4472  5804  5710  2861 13512  4161
  5804 12297 17090 56942 12297 10067  6171  4472 11120 11528 10621  5226
  8025  1487]
14 [11120 16276  4472 11120  7525 19951  5240   479  5226 10267  8503  4472
  5804 56942 56946 56932  9000 12764 11120  3907   848  5224 10843  1925
 11211 56946 56931 56945 56945 56945 56945 56945 56945 56945 56945 56945
 56945 56945 56945 56945 56945 56945 56945 56945 56945 56945 56945 56945
 56945 56945]
9 [ 5804  7795 56946 56932 10621  5226 14923 13440  5224 56946  4472  1134
  6460 56932  2883 11211  5488  1325 12764   865 10899  9565 10621  1240
  9567  1189 56946 56931 56945 56945 56945 56945 56945 56945 56945 56945
 56945 56945 56945 56945 56945 56945 56945 56945 56945 56945 56945 56945
 56945 56945]
18 [ 4472  9591 56932  5804 17651  1240 17407 56946  4562 56946  5226 56942
 56932 56942 12297 56946 10621  5224 56946  1240 56946  5226  5224 13602
 56946  4562 11122 11211 50677 11120 15910 56946 56931 56945 56945 56945
 56945 56945 56945 56945 56945 56945 56945 56945 56945 56945 56945 56945
 56945 56945]
10 [56946  9558  2370  5224  9084 55148 56932 56946  4161  5224 56946  5534
 56946  4562  5804  4976 19272 11120  5272 56946  4472  4151 18990 13171
 12946 56931 56945 56945 56945 56945 56945 56945 56945 56945 56945 56945
 56945 56945 56945 56945 56945 56945 56945 56945 56945 56945 56945 56945
 56945 56945]
