5 [ 5224  5923 14931 56932 11211 13851  5224 28682 10067  9270  4693  4472
  5804  2554 56932  5165  6151 10338 11211 56940 12764  1049 11372  2890
 11950 13171 56940  5226 11120 12695 56932 11211  1240  7780  5465 10291
 12342  5226  8493 56940   792  4472  2077 56940 56931 56945 56945 56945
 56945 56945]
19 [11120 11140 56946  1240 11220  6151  4151 14633 10621  2622  5226  8493
  2038 12964  4472 11397 56942 12517 11211 56946  5224  4291  6151  1446
  3673 56932  5226  2890  3716  4472  9198 13171  4472 56942 10440 56931
 56945 56945 56945 56945 56945 56945 56945 56945 56945 56945 56945 56945
 56945 56945]
