36 [ 5224  2824 12638 56932  4204  3245 13396 12838 56932  6172  5226 10107
  5224  6260  8590 15023 17251  8493 14950  4472   153 13396  1231 56940
 11066  4472  7460 56940 10621  6151 13822 14378  9135  1240 15394  7780
  7916 11120 13269 10067  6319 56932  8630   865 44977 41635 13396  1231
 10620 56931]
21 [20116 12764 11120 56946  5226  5224  1926 56932  9000 28044 11211  6151
  1231 32260 56932 13916  3727 56932 56940 12171 11117  8734  8493 15019
 56940 56932  1233  4518 36517 11120  5793 15949  6151 11211 56940   425
  8368  7027 56946 56940 56946 56931 56945 56945 56945 56945 56945 56945
 56945 56945]
