5 [ 6151 15254  4472  4550 56932  1096 56946 56932 56946 11120 16551  4472
  4151 15090  4472  5804  8011 56932 10621  8509  4151   514 11970  5224
  4569 10621  5804  3618  4472 11120  6462   746  9641  9209 15117  7956
  1231  1436  5229  5226  5224  1950 56931 56945 56945 56945 56945 56945
 56945 56945]
5 [ 5224 11211  5207  7194  5207  1096 56946 56931 56945 56945 56945 56945
 56945 56945 56945 56945 56945 56945 56945 56945 56945 56945 56945 56945
 56945 56945 56945 56945 56945 56945 56945 56945 56945 56945 56945 56945
 56945 56945 56945 56945 56945 56945 56945 56945 56945 56945 56945 56945
 56945 56945]
