22 [56940  3315  6090  4472 21493  4472 10977 10067  3612  3733  8310  4472
  2740  8509  5804  4679  4472 13732 56932 11122 11211 12764  7494  3260
 11211  1000  4562 11120  8069 56940 56932   668  5224  3430 56931 56945
 56945 56945 56945 56945 56945 56945 56945 56945 56945 56945 56945 56945
 56945 56945]
24 [  848 56932 13371 15201  3393  9177  5226 11120  1650  4472 11120 14988
 56932 11120 56940 26864 11584 56940  4472   424 13723  6059 56932 11211
  4868 56942  5137 48336  5226  5804 14549 56931 56945 56945 56945 56945
 56945 56945 56945 56945 56945 56945 56945 56945 56945 56945 56945 56945
 56945 56945]
47 [ 7956 11120  7167 10067 56942 56932 15201 11211 56940 13261 13371 11120
 11211  7782  9228  9784  4161  4550  2861  4987 56932 12353 10621 27164
 56940  6862  3655 11211 56940 11120  2457 18142  6151 11120 13902 13261
  5224 13132 10621  5224 13395 11211  3645  4562 10636  5187  4472  2529
 56932 11122]
23 [ 4151  7047  4472 13579  5207 50669  4151 14596 15003 11211 56946 16129
 11211 11120  7645 12764    65 11372  3758 11372  5095 56932 11211  8946
  8493 34455 56931 56945 56945 56945 56945 56945 56945 56945 56945 56945
 56945 56945 56945 56945 56945 56945 56945 56945 56945 56945 56945 56945
 56945 56945]
16 [11120  7384 11828  6151 13815 11211 48215 11120 12695 12391  6151 14593
 56946 56932 11211   668  2529  5224 12835  4472  4151  4290 10067  6260
 56942  4472  5385 13396  1147   197 56932 10621 12764  6950 10506 56932
 13371 41295 11120  6805 10471 56931 56945 56945 56945 56945 56945 56945
 56945 56945]
11 [12015  4470 14662  4472 11211 11120  4811 11752 56932 11122 11211  2816
  5224   911 10067  9857 56932  4615  4472 10160  7956 11325  9137  4562
 11120 56946  4472  8493  4472  4151  2562 11211 12455 13507  5534 12764
   373  6160   417   848 56946  5804  9242  4562  2890 11104  4472   367
 56931 56945]
17 [ 1925  3976  4472  5804 15721  1240  9490 13381  2890  5935 10611  8373
 12690 56932  4472  5804 11211  4852 14137 24766  5804 21655  6862   494
 11120  8150  4561  2861  5224  4472 11120 12088 10621  5224 10067  7049
 56933  5668 13676   229 56932 10291 56946 56932  5224  4472 11120  6471
 11211  1240]
30 [ 5314 56946 11211 12297  5224  8907  4472 11673   445  4472  8070  5240
  9064 56932 10621  5224 16058 11211  5293 56932 56946 56933 12764  1240
 14190  6151 11122 11211  7780  9228  1452 11120 26775  9823  4472  4151
 12831  4472  3572 12297 56931 56945 56945 56945 56945 56945 56945 56945
 56945 56945]
