26 [11120  1855  1240  2304  6151 15254  4472 11120 10098 11211  8416 56946
 56932 11211  5240 14448 56932 10621 10537 56932 11211  7780  2192  6311
 56932  5534  7422  5226 14564 15067  7305 13371  3738  5226  5224  4126
  5765  4472 15509 56931 56945 56945 56945 56945 56945 56945 56945 56945
 56945 56945]
8 [ 5226  8493  7276  9742 26130  5224 11950 56942  7367  5804 56942  7691
 56946 56932  9000  8493 12921 15083 56932  5226 11120  7276  7638 56932
  6950  4585 56942 56931 56945 56945 56945 56945 56945 56945 56945 56945
 56945 56945 56945 56945 56945 56945 56945 56945 56945 56945 56945 56945
 56945 56945]
30 [ 5226 12424  5421 10067  9936  4472  2740 10621  5226  4151  2983  5416
  2518  6151 11122  2041  4472 11120  1725 56932 13554  5224  5916 13371
 11120  2858 10621  5804 12552  1240 18843 13396  2625 56931 56945 56945
 56945 56945 56945 56945 56945 56945 56945 56945 56945 56945 56945 56945
 56945 56945]
27 [56940 11120  4670 10067 14358 12764  1146  6151  5804  7025 10067  6319
 56940 14260 56940  6905  3861  1859  4213  5534  5207 56946  6151 10333
  4472  6284 10621 56946  5226 14653  4562  1618  4472 14088  1379 13171
  4336  4472  3931   848 11870 56940 56931 56945 56945 56945 56945 56945
 56945 56945]
6 [ 9000 11674  8946  4693  4472 11211 56946  5226  5224 13804  4472 11120
  8973 11786 10621  6196  1659 11211  4550  5804 24221  4472 11120 14137
  5804  2623 13396 56946   848 13396  4120 56931 56945 56945 56945 56945
 56945 56945 56945 56945 56945 56945 56945 56945 56945 56945 56945 56945
 56945 56945]
