24 [ 1352  1925  6495 12764  6667  9105 10291  9495  5224 14399  4472 11016
  4472  9835  4472   424  2689  6418  6151 11211 11120 10366 12764  1240
  9054 14915 11169 13371 11120  2824 10621  6151 11211  4151  2789 16061
  6151 11148 15350  4472  5474 56931 56945 56945 56945 56945 56945 56945
 56945 56945]
23 [56940  5224 14687 12764  1240  7709  2791  4562 11122  4472  4550 56932
  9000 12015 11152  1379 14260  1240 34414  1379 56946 10621  1240  5714
  5804  8373  3204  5452 10621  1240 24143  5804 11211  1240 23667  2838
 56940 56932    11 56931 56945 56945 56945 56945 56945 56945 56945 56945
 56945 56945]
11 [ 1925  6117  4472  5804 13447 56932  5224  3237  4472 10789  1240  3971
 56946 56931 56945 56945 56945 56945 56945 56945 56945 56945 56945 56945
 56945 56945 56945 56945 56945 56945 56945 56945 56945 56945 56945 56945
 56945 56945 56945 56945 56945 56945 56945 56945 56945 56945 56945 56945
 56945 56945]
