21 [ 1793 56932  1240 12397  8373  5057  4472 10601 10291 12899 10621  2890
  1268 13257 11211  7753  5226  8493  9476  5804  4102 15094  5226  5224
  9155  4472  2805  4597 56931 56945 56945 56945 56945 56945 56945 56945
 56945 56945 56945 56945 56945 56945 56945 56945 56945 56945 56945 56945
 56945 56945]
21 [56946  1346 11211  4161  5224  3719 12764 11418  2890 15682  1449  4472
  5488  8851 10067  3497 10621 11120 11791   373  1452 12134 14260 56940
  1240  7780 10911 11555 10899 15498 56940 56931 56945 56945 56945 56945
 56945 56945 56945 56945 56945 56945 56945 56945 56945 56945 56945 56945
 56945 56945]
16 [11120  6574  4472 13444  4472  5804  2594  1240  3747  5224 11255  4522
  5226  3108 10621   373  1722 11120  6945  4472 25742 56932 12904 56932
 24165  3752 10621 13983  6338 56931 56945 56945 56945 56945 56945 56945
 56945 56945 56945 56945 56945 56945 56945 56945 56945 56945 56945 56945
 56945 56945]
7 [10621  6108 13371 12024 15225   746  8192  4731  4472 11022 56932  8630
 11211 16972 12015  1677 13171 12297 12297 56931 56945 56945 56945 56945
 56945 56945 56945 56945 56945 56945 56945 56945 56945 56945 56945 56945
 56945 56945 56945 56945 56945 56945 56945 56945 56945 56945 56945 56945
 56945 56945]
32 [ 1793 11120  5887  9490 30930  5226  5224  5995 14378  5137  4472  1795
 10291 11120  8548 24242 56946 56932  8276  4472 56940 56946 56940 56932
 11211   373  4867 56932 10621 10291  5804  7568  8231  5226 13048  2861
  3667  4233 56946 10222 56932  3667   780 56946 56932 13529  9640 56946
 56932  3667]
14 [10621  5226  2890  8778  7956 11120 12695  4472 11120  2894 10454  6151
  1009 11211 13537 56932 11211  5226  4151 14862 10937  2844 10608 13637
  6644 10621  5483 56931 56945 56945 56945 56945 56945 56945 56945 56945
 56945 56945 56945 56945 56945 56945 56945 56945 56945 56945 56945 56945
 56945 56945]
39 [ 1656  4689  6205  1925  2052  4472  1746  3843 11211 51438  6151  2890
  8033   848 10714  3186 10611 12569 10291  1127 10621 14342 14729  4472
  8561 15244 56934  8415 14746 12906 56935  5226  1723 10621  5226  9394
 10700  8620 56932   980   658 56931 56945 56945 56945 56945 56945 56945
 56945 56945]
7 [ 5224  8876  9230 10102 56946  2139 56932 15071   217 56932  8788 56932
  5226  1231  5003 56932  7780  7040  2890 10379  4884 12843  5611  5240
  4472 56942  5137  4472 12843 10621  7780  8449  5226  5224  2880  4472
  5712  6151 56946 56946 56932   997 12033 11211  5676   676 11120  9396
 10151  3682]
18 [11120  3211  4472 12049  9906  3566  5137  5226  2529 56946 56932  9000
 12764   865  5804  1145 11211 14343 21824 11120 16412  4472 11211  5804
  6042  4472 11631 13512 13280 56942  5137 13396 17322 56932  6197 11211
  1240   746 13837  4102  4472  4161 56942  5137  4472 15945  5226   658
 56932 19643]
35 [ 5224  2595 10067  5328 56932 39404 56946 56932  1040 11211 56932  1233
 15206 10621  5227 12764 15690  2254 11211  1340 56940  1863 12033 56940
 10621  7508 10291 56940 15336 10621  5307  6151 15488 11211  9444 56946
  1633  3572 56940 56932  1240 11095  2890 14555 13959  5226  5224 11211
  4151 14862]
4 [ 9000 11120 12874    85 27912 10621 13960 56946  5217  1231  9322 56931
 56945 56945 56945 56945 56945 56945 56945 56945 56945 56945 56945 56945
 56945 56945 56945 56945 56945 56945 56945 56945 56945 56945 56945 56945
 56945 56945 56945 56945 56945 56945 56945 56945 56945 56945 56945 56945
 56945 56945]
11 [ 2530 13396 11120  6675  4472  4151  2131   741  4472  8945 10621  9092
  1633  5224 10437  4472 11120  8467  1152 56932  9490  3609 11932  1231
  6879  5987 10621   354 56932  5226  5879 10621  9928 56932  1925  9003
  4472  5487 56931 56945 56945 56945 56945 56945 56945 56945 56945 56945
 56945 56945]
20 [ 3919 11211 11120 56737 56946  1925  5718 56932 10621 56946 13487 13396
 56946  3657 14977  6151 11325  7864 10621 10568   254  5224 13440  4562
 11120 12226  4472  2890  4633  4472  9212 56931 56945 56945 56945 56945
 56945 56945 56945 56945 56945 56945 56945 56945 56945 56945 56945 56945
 56945 56945]
7 [ 6205  5240 11211  4562 15640  5137  4518 34183 56932  2591 56946  5240
 13441  8493 34548 56932 23713  4562  5224 22670 56932 15640  5137 15083
 11211 12035 56946 56931 56945 56945 56945 56945 56945 56945 56945 56945
 56945 56945 56945 56945 56945 56945 56945 56945 56945 56945 56945 56945
 56945 56945]
0 [56946  5226 11120 17057 56932  4151 32757 56946 11120  9049  6272  4472
 21703 10291  2637 11211  4151 56946 10067 22308  1240 56946  5226  8493
 14277  5226  7070 56931 56945 56945 56945 56945 56945 56945 56945 56945
 56945 56945 56945 56945 56945 56945 56945 56945 56945 56945 56945 56945
 56945 56945]
47 [ 5534  4151  4931 56946 11211  5713 11120 27835  9226  2890 11023 13016
 56932 13371  2890 41128 23171   848  4151  3391  4472   424  3461 56932
   424  5240 34799  5226 15350 11741 11211  9908  6151 11120  5595  4472
  2890 23213 13396  5224 18254 19984 12297 12297  2890 18026 12381 14217
  6151  6256]
9 [11120  7815  4472 15149  4876  6151 13386 13478  7630  1356 13396  5224
    87 12297 12297  4472  5804  3078  4755 12297 12297  1240  5911 13396
    77  7467  6151 11107  5226 11120  1795  6151  8155 14915  5936   272
 13371 14524  4472  5804 12408 56932 14915 56946 10297 13371 12959  9356
 10621 14915]
