46 [12889  6151 47797 56932 10922 14204 11211  6330  2890  6560  4472 56942
 11804  4472 17235  8100 56942 11804  4472  5699 56932 56942 11804  4472
  5669 12297 12297 10621  4161    85  9312 13396  6388 15023 11120  7441
  4472 56942 11804  4472  5699 11211 11120  7070 56946  9490 11014  6151
 56946 56931]
19 [ 8630 11120 15822  4125  5226  1231 19356  4472  3852 56932    19 22445
 56932 11120   160 45363 56932 12305  6151 56946  1925 10846 11165 56932
 10067  7082  8946 12407 37477 56931 56945 56945 56945 56945 56945 56945
 56945 56945 56945 56945 56945 56945 56945 56945 56945 56945 56945 56945
 56945 56945]
20 [13732  8783 13649 15354  4472  7590 11929  2157 56934 10611  5224 56946
 10621  5224 56946 56935 56932  7795 11211  2386   951  6151 11120  3832
 10067 10386  4472 12764  1042   570  4562 11120 11066  4472   863 56931
 56945 56945 56945 56945 56945 56945 56945 56945 56945 56945 56945 56945
 56945 56945]
