48 [12764  2451 56932 15201 11211 56940  4151 13910 10291  6744  5224 15623
  7482 12764  1240 11138  5226  9379  8445 56940 10621 56940  5226 14347
  7171 56940 12297  6351 12297 56940 11120  8728  2839   373 23530 11120
  7891  3285 10495 10291 32498  5224  7581  4472  4151 11816 10621 10291
 10530  5224]
7 [56946 56932  4472 56942  5137 56932  2499  3772 11120   944 12267  4472
 12753 13371  8493  4657 13396 11120 20637 13344  6151  2890  7238 10067
  9925 56932  6197 11211 12342  3241 10621  1240 20797  5226  8493 14623
 22686 56931 56945 56945 56945 56945 56945 56945 56945 56945 56945 56945
 56945 56945]
