26 [10420 56932  8159 11211  4151 10633  4472 11120  2894  7175 11211 14855
  4472 56946  6151 10555 12432 56932 10621 56946  5226  9766  6151  5804
 10700 10291 13853  6205 56940 33402 56940 54885 56931 56945 56945 56945
 56945 56945 56945 56945 56945 56945 56945 56945 56945 56945 56945 56945
 56945 56945]
16 [ 5224   870  4472 11120 10056  4472  5138  4472 12366 56932  5224 56946
  4233  3415 56932  9028 13458 10291  5804  4185  3204  4753 10291  5224
  5972 10067 56942 56932  5804 10472 11211  1240  3826  5224  6260   972
  1633   672  5226  5352  5810 56931 56945 56945 56945 56945 56945 56945
 56945 56945]
28 [ 5226  1231  6855 56932  5224  9823 56946  7952  6116 13396  5224  9823
 47055  4472 26575 56932  6516 10067  7581  4188  4472  4151 14862 10937
 14037 56932 13386 11117  3623 56932 10611 11646  3765 56932 12135 10067
  2320  4305 16540 13396  5804 10916  6151 11120 15411 56931 56945 56945
 56945 56945]
34 [ 7868 15201   217 10867 56946 56932  5992 56940  6070  4151  6557  4472
 36170 10621 56126 13371 16058  4472 29148  5534 13171 56946  4125 13396
 11120 11371  4472 15157  5691  6151  1231 13480 56932 11211 26528 18436
  5226  3396  1231  8108  8008 10291 27741  5226  5224  3104  4472 10050
  4472  1723]
