4 [ 6118  4472  2480  3245   192 11120  8467  4472 56940  6737 56940 56932
 12889   484  1231  2985 13396  5224  9591  4472 11211 11120 13870   418
 11682  6151 15336  8493 11311 11211  5804 12534  8363  5226 13330 56931
 56945 56945 56945 56945 56945 56945 56945 56945 56945 56945 56945 56945
 56945 56945]
30 [11486 56932 11211  3946  8493  6614  4472  7960  4472  1231 11668  4562
  9711  6151  1920  2890 10327  5530 56932 15201 11211  3524 56940  7780
  3924 56942 11804 10067   653 10621 10097 11316 13171  4472 11120 13524
 56940 56932 10621  9017  5224 13305  8211 13396  5224 14357  5087  4472
 13893 56932]
29 [11120 14476  6393  4472 56946 56932  4472 56942  5137 56932  1240  2313
 15083  4472 11211 11120 14611  9823 10067  7581  3855  4562  1807  5224
  9591  4472 11211  5224  2792  6309  5892  4472  9424  4472  5895  4472
  5121  4472  9220 56932  8630  5016 13098 15244 56932 11211 12764 10376
 56931 56945]
