3 [56940 11120 56946   373 10621  3645  6151  5407 11012  7781  5224  2689
 11255 56940 56932  6299 56931 56945 56945 56945 56945 56945 56945 56945
 56945 56945 56945 56945 56945 56945 56945 56945 56945 56945 56945 56945
 56945 56945 56945 56945 56945 56945 56945 56945 56945 56945 56945 56945
 56945 56945]
9 [56940 13749 56932 13893  1379  4562 10025 16593 56931  9373  5226  2890
  1601  4472 26796  9774  5226 12024  2928 56931  5804 17165 10621  4151
 18754 10267  1004 12015  2816 13171 13396 12082 12675 56932 12764 13396
 12024  4625  3492  4562   719  2961 56940 56931 56945 56945 56945 56945
 56945 56945]
6 [13396 11529 56932  5226  8567 12764  4770    13 10587 11211 11148 11120
  5272 56931 56945 56945 56945 56945 56945 56945 56945 56945 56945 56945
 56945 56945 56945 56945 56945 56945 56945 56945 56945 56945 56945 56945
 56945 56945 56945 56945 56945 56945 56945 56945 56945 56945 56945 56945
 56945 56945]
44 [11120  9654  4472 11120  5001  3703  7780  9312 11120 14768  5748  6151
  9687 13396  5224   413 13661 56932 11211  5226  1231 13844  4472 12948
 10627  2890  2047  5226 15276 10067  6336  9586 11191 56932 12475 13371
  8099  4993  4472  3572 56932  5226  5224 11211  4665 13371  5860 56942
  6361  4472]
2 [56940 12764  5240 13396 13351 56931  5240 14260  4562  5224 56946  2662
  6151 12735 12024 19488 56940 56932 15648  4562 11120 25691  4472  8993
  5224 56940 14505  6269 56940  4472 11120 10056  1217 56931 56945 56945
 56945 56945 56945 56945 56945 56945 56945 56945 56945 56945 56945 56945
 56945 56945]
