6 [ 4161 11120 11374 56932 56946  7780 12355 56932  8871 10702 56932 12937
 13822 15090  2861  5210 11120 15582 56932 13868  1925   653  9499 10067
  8876  9230 15220  4967 56932 11120  5660 10067  2792 56946  9520 10621
 11120  6699 56931 56945 56945 56945 56945 56945 56945 56945 56945 56945
 56945 56945]
9 [56940  6950 12015  2582  5224  1242 56932 13487 56932 38770 11120 12341
 10621 56946  6151  4758 13529 14781 16129 56941 15992 11122 11211  1240
 56946 56932  6151 11120  7037  4472 11120 16348 56941 56932 10621 12015
  8057  1368  6711 11120 25464 56940 56932 11152 56931 56945 56945 56945
 56945 56945]
2 [ 5224  1602 29087 12627 12731 56932 11149 18698 56932  5224  4200  4472
  5804  2326 10621  5224  5003 11211 14204  4562  8995 56931 56945 56945
 56945 56945 56945 56945 56945 56945 56945 56945 56945 56945 56945 56945
 56945 56945 56945 56945 56945 56945 56945 56945 56945 56945 56945 56945
 56945 56945]
35 [ 5804 10136  1240 56946  4562  5224 12365 14260  3281  5226 11120 16047
  4472  3287 13396 11120  1274  3474 10067 12074 56932  5226  4890 13344
  4585  7837 56932 10621  5724 12676  1231 13269 10291 56946 14260 19991
  5224 10103  4472 56946 13371  8493 34455 56932  7868  7898 14101  4472
 11120  5793]
8 [56940 11120 56946  1987 13396 12645 10621 38850  1110 21777 56940 56932
  6792  5224   413 56931 56945 56945 56945 56945 56945 56945 56945 56945
 56945 56945 56945 56945 56945 56945 56945 56945 56945 56945 56945 56945
 56945 56945 56945 56945 56945 56945 56945 56945 56945 56945 56945 56945
 56945 56945]
9 [ 5224 13883 56940  5224 24172 56940  4472 14381 56932 21537 56940 49718
  3733 56940 10621   668 11211  6151 14849 10067 11575  5224 13057  5831
 38850  1240 14576 56932 15023 16889 11211 56940 11120 31360  4091    52
  8192 13171  5500 56932  4472 12764  2529 13396 11120  5229 10067 13057
 38850 10621]
23 [15058  1925 11255 10119  4472  7243  7483 56932 40325 11499 11211  5804
  1954  4472 13111   865 56940 28106 10621 56946 56940 56932 12889   749
 56940 13485 56940  5226  5804 11211  1240  7476  5534  1240 31615  6151
 15336 56932  5226  5224  4492  4472 56940 12764  5240 13554  5224 10778
  3825  4188]
24 [ 5224  5234  2792  4472  1725  4472  2346 12020 15089 56946 56932  2482
  5224  6260 56942  4472   995 13396  2890 13469  4472  7581  1095 56932
 15625   217  5226  1324 11120  4916  4472  4290 56940  4607 10621 11382
 56940  5226  1231  6319  4693  4472 14724 11255 56931 56945 56945 56945
 56945 56945]
8 [ 5226  5804 24135 10067 11964  5692 56932  7856   311 11120 56940  4065
  7384 56940 10067  2631  7482  1925  3849  3077 11211  1543 11120  7877
  4472  5804  9531 11295 56932 13396  4085  5226  2370 10067 10386 10621
 13396 12764    77    32  4562  4151  3388  6653 56931 56945 56945 56945
 56945 56945]
4 [ 5224 10067  1002 56932  8294 56931 56945 56945 56945 56945 56945 56945
 56945 56945 56945 56945 56945 56945 56945 56945 56945 56945 56945 56945
 56945 56945 56945 56945 56945 56945 56945 56945 56945 56945 56945 56945
 56945 56945 56945 56945 56945 56945 56945 56945 56945 56945 56945 56945
 56945 56945]
