26 [ 5804 14304 13901  7329 56932 11120  2894 10621 10442   746  3858  8493
 10372  1633 11120  6488 12031  7871  5226 11120 14193  2467 11211  6950
  1452 13435  2986  9673 56931 56945 56945 56945 56945 56945 56945 56945
 56945 56945 56945 56945 56945 56945 56945 56945 56945 56945 56945 56945
 56945 56945]
20 [ 9222  8159 11211 12764 23054  3260 56940  1528  7956   304   566 11211
 12764  1240 17537  1925  3754  4472  7538 11211  5240 10493 10621 13396
  5224 11211  5224   653 13885 56940 56931 56945 56945 56945 56945 56945
 56945 56945 56945 56945 56945 56945 56945 56945 56945 56945 56945 56945
 56945 56945]
14 [56940 11120  8955  5240  2861 56936 11149 18975 15009  6151 13278 10291
  5307  6151  2529 13171  6695 56937 56931 10621  6196 12764 56946  3260
 14260 12764  5850 13396 11149 13278 56931 56936  2865  9929  6151  4151
 22008 56937 56940 56932  1240  3484 56931 56945 56945 56945 56945 56945
 56945 56945]
13 [ 5224 15548  6394 12937  4151  2136   321  6151 11120 12536 56932 14122
 11211  1396  8993  4979  5226 11120 14088  4472  5804 14821  2356 56931
 56945 56945 56945 56945 56945 56945 56945 56945 56945 56945 56945 56945
 56945 56945 56945 56945 56945 56945 56945 56945 56945 56945 56945 56945
 56945 56945]
39 [ 1925  9283 56942 56932 13396 11122 13554 56932 11117 56946  1925  8871
  9394  9939  5226 10341 56932  9000 56932  5226  1490 13440 56932  1240
  6760  4472  2890 28721  5226 10107 10855  4472 11120  5918 11211  6118
 11197  5092 11211   229 12407  5267  4472   535 56932 12889   375  4562
  5224 13803]
22 [12297 12297 11120  9745 56946  7780  2729  5226 14390  8493 14693  8353
  4472 13730  4472  1261 10611  5224  8423 10621   631 11211 13261  3530
  6226  5224  2689 56931 56945 56945 56945 56945 56945 56945 56945 56945
 56945 56945 56945 56945 56945 56945 56945 56945 56945 56945 56945 56945
 56945 56945]
34 [ 5224  2595 10067  5328 56932 39404 56946 56932  1040 11211 56932  1233
 15206 10621  5227 12764 15690  2254 11211  1340 56940  1863 12033 56940
 10621  7508 10291 56940 15336 10621  5307  6151 15488 11211  9444 56946
  1633  3572 56940 56932  1240 11095  2890 14555 13959  5226  5224 11211
  4151 14862]
