11 [12672 11211 56940  4473  1368 13171  1970 56940 10621 11211  1240  7333
  4562    13   982 56940 12407  3196 56940 13396  6416 11120 13734  4472
 15390  6151  2732  4562    13   870 11211  7780  6947  5226 12342  5226
  5804  4393  5137  2861  6099 56946 56931 56945 56945 56945 56945 56945
 56945 56945]
32 [ 4472  9591 56932  5224 13195  9482  4472  5804  4826 56932 13155  6065
 56932 11120  6255 14675  1240 11667  4562  6226  5224  3353  2471 10621
 14479 10291 11527 11149  8946 11122 11211  4125  9782  4562  5224  3612
 56931 56945 56945 56945 56945 56945 56945 56945 56945 56945 56945 56945
 56945 56945]
12 [  730 11211 13290 11211 11117 28124  7709 15223 11211  6984 12672 11211
  1000  4562  8593 10621 11211 13290  1240 10261  7467  6151 56946 11211
  5224  9541  5191 14040  4004 21482  5226 23950   848  5226  9694 56931
 56945 56945 56945 56945 56945 56945 56945 56945 56945 56945 56945 56945
 56945 56945]
8 [15648 11211 13371  1969  4125 11120  7316  4472 11263  4562  5224   776
 56932 11211    65  4151 15271  6072 56932 56946  4562  5804 15370  4472
   424  5076 10621  4472   826  1132  6151  2890 14399  4562  8025 56931
 56945 56945 56945 56945 56945 56945 56945 56945 56945 56945 56945 56945
 56945 56945]
39 [ 5226  5804 24135 10067 11964  5692 56932  7856   311 11120 56940  4065
  7384 56940 10067  2631  7482  1925  3849  3077 11211  1543 11120  7877
  4472  5804  9531 11295 56932 13396  4085  5226  2370 10067 10386 10621
 13396 12764    77    32  4562  4151  3388  6653 56931 56945 56945 56945
 56945 56945]
