37 [ 5224 56940 21472 56940  4472 56946  5240 13171  9918 12543  1233  1240
  7494  5226 14662 11211 13554 12342 13371 56946   746 20646 11211 56932
  1233 15608  5224 10778 56932 56946  5804  7197  3073  4256  4472  5804
 11211 26928  2934  6862 10590 12735 11120 10767  5432 10067  6319 10621
  6802 11120]
3 [ 5224 15250  5247 12135  4472 11120  9245  8086 10067 27155  1633  5224
  3612 43726 56932  9000    85  2853 13396  5224 33974  6621 56946 56946
  5226 11120  8290 12135 56932 13396 11122 11211  7780  8192 15156  4562
  2890  9541  4472  5157 56931 56945 56945 56945 56945 56945 56945 56945
 56945 56945]
31 [11120  7833  3727  5240  8493  4986  1570 10621 56946 11211 13938 13822
  2494 11197 10621 13822 56946  3307  1925 13588  4472   425  2507  4472
  9518  3027 56946  5226  5224 11211  4868  7147  4472  5506 56932 12764
  6950  5226 13579 56932 11120  4687 10789 56931 56945 56945 56945 56945
 56945 56945]
33 [ 5226  6523  4472 11120 10509 56946  1240  1630  9198  8871 11211 15526
 11211  5804 10579  3605  5226 13910  4472 11293  6151  9687 13822  3136
 10621  1379  8871  4472 14182  5224  1079 13946  2861  1326  4472 10344
 10291  8593 13554  5226  1723 13371  5226  5224 13823  4472  5754 56931
 56945 56945]
