11 [ 5224  7346  4472 11694 11856  6367 10267  7381  9939  6862  1292 10201
 14584 10291  6714  2131  9876  4472  5908 56931 56945 56945 56945 56945
 56945 56945 56945 56945 56945 56945 56945 56945 56945 56945 56945 56945
 56945 56945 56945 56945 56945 56945 56945 56945 56945 56945 56945 56945
 56945 56945]
29 [ 8212 11211  5224  7425  4472  8468  5240 13314  2861 56940 14099 11117
 14170  8244  5226  5224  4842  9923 10621  7613  8493  8110 15161 10621
 11117  1697  6226  2890 12002  8606  5226  1713  4472  7396 12241 56940
 56931 56945 56945 56945 56945 56945 56945 56945 56945 56945 56945 56945
 56945 56945]
9 [56940  5224  1403 10621  5224  2797  2517 11293  5226 15154  2890 10732
  4472  8165  1317  5226  5224 11211  1240 12730  5226 14662  4151 13910
 10067 14679 15227 56940 56932    11  5224  7580  4472 11120  2894 56931
 56945 56945 56945 56945 56945 56945 56945 56945 56945 56945 56945 56945
 56945 56945]
49 [ 8642  4562  2890 12097  1925 11211  1240 11117  8662  6744  4151  9721
 10621   151  4562  8493  6686  4472  9316 13314 10291 29066 11120 14602
 56932  2890   515  4472 18496 11211  1240 56946 13396 13974 56932  8493
 10868  4562 14606 10291  6520 11120 56946 56932  2890 56946 10291 56946
 11120 20899]
21 [11120   635  4969  8554   915   217 56932  3786 56932 11120  5265  4472
 15241  5226 11120 13300  4472 56940 56946 56940   848  1150  6226 12433
 56934  2531 56935  4472  5804  4679  4472  2732 56932  5226  8493  4722
  5226 11120 11211 11120  5043  6810 56946 56932 15077  5226  3627 56932
  3730  1231]
30 [ 5226  2702 56932  1240  4319 11211  5534 11120  4127 12764  7706 11434
   675  5617 13396 11646  6118 56932  5224  7581  5676 13176  6151  6191
  6151  4151  8155 11211  8185  5492  7764 10877   848  1610  5226  1231
 10423 13371 11575  3233  4472  2890   837  4472  8728 56932  6205 13371
  6151  4151]
7 [ 5224  2792  4472 56946 11220  1793  6151 56946 11120  3778  4472  7099
  5226 15276  4472 11120  7465 56946 56932  7956  6226 56946 10621 56946
 56932 56940 11211  7780  5492  5226  5804  4393  5137  2890  3172  4472
  5243  4472  5804 12960  5226  5804 11211 13611 56946 56940 56932 13396
 11122 11211]
41 [17531 56932 11211 14441  5226  5224 10107 10067 11964  5087  6151  8493
  8955 10067 13723 15512  7956   424 14339 56932 11499 11211  8850   661
  5240 56940 14613 34888 14260  3645  6151  6961 11120  7441  4472 56942
  7127 56932 11211 12764   865 13997 22790 10621   979 56932 13371 12764
 11122   865]
16 [ 8365 12764  6645 14928 56946  6151  1231  1431 10621 56932 15023  3825
  5224 56946  1925  5795 56946  2890  8303 56932  7430 10705 13396  1901
  5226 11120 14059 56931 56945 56945 56945 56945 56945 56945 56945 56945
 56945 56945 56945 56945 56945 56945 56945 56945 56945 56945 56945 56945
 56945 56945]
5 [11673  3778 10067   753 11211  8606 12672  5207  4868  6151 13251 11211
 12171 11122   865 56932  9000 11211  5207 56946  4161  5224 11255 56946
  4472 11120 32827 56931 56945 56945 56945 56945 56945 56945 56945 56945
 56945 56945 56945 56945 56945 56945 56945 56945 56945 56945 56945 56945
 56945 56945]
9 [ 5224  2792  7466  6299 11211  1240  5917  6151  9687 10680   465 10291
  3544 11211 11418  8493 15583  4472 15541 10611 11120 11635 56932 11211
  5226 11120  5411  7494 56942  5137 56932 10621  5224  6407 15548 56931
 56945 56945 56945 56945 56945 56945 56945 56945 56945 56945 56945 56945
 56945 56945]
30 [10634 11122  7494 15277 13344  6151 17488  4472  1761 10067 13913 56932
  9000  5240  4472  6762 11211  1808  5856  8493 10177  8791 10291  9537
  6151  5804 11211 12764 15394 12384 56946  1685 15404  4472 11120 14443
  4472 56946 10621 34516 56931 56945 56945 56945 56945 56945 56945 56945
 56945 56945]
9 [ 2522  1015  5226  8876 15168 11211  1723  3546  6151 56946 11120 14602
  4472   692 15244 11211  5224  2610  4472 11120  2894 56932  2890 56946
 10067 11763  4472 56942 13344  6151  2890 56946 56932 10621  1379  8871
 11211  4049 56934 56946 56935 56932 10442 56934 56946 56935 10621  5754
 56934 56946]
