9 [ 1925  3479  5224 15120 56932  5804  8373 12535  1240  2542  4562 13822
  3491 11211 10762  1925 15120 10621  5495  4562  5804  1482 56931 56945
 56945 56945 56945 56945 56945 56945 56945 56945 56945 56945 56945 56945
 56945 56945 56945 56945 56945 56945 56945 56945 56945 56945 56945 56945
 56945 56945]
20 [ 8361  4758 13529  9222  8151 56946  6151 19722  5226  5804 24135 10067
  1950  8630  5226  8493  4472 13822  7048  1240 23700  1180 13578 10621
  6571   731 56932  4562 13822 11360  4472 56940 56946 56940 56932 10291
  5307  6151  2890  8033 56931 56945 56945 56945 56945 56945 56945 56945
 56945 56945]
