11 [ 7868  9535 56932  4151 10633  1925   315  4472  4151  5581 14241 16385
  5804 56942 11804 10621  5226  2890  2689 10621  5609  1240   746  8806
 10555  4472  4803 13396 56942 11804 56931 56945 56945 56945 56945 56945
 56945 56945 56945 56945 56945 56945 56945 56945 56945 56945 56945 56945
 56945 56945]
5 [ 5804   953  7215   746 14069 33817 13083  8871  9876  5226 11120 11528
 11211  5226 11120 13812 10621  5452  5226  6036  6151  6381 13371 17539
 56932 21258   848  4337 42074 56932  1465   217  5319  2861  5804  3153
  1317 56946  6151  8593 56943 56945 56945 56945 56945 56945 56945 56945
 56945 56945]
