8 [ 5804  6523  4472  8281 56932 11211 12764   746 38502  4472  5187  5999
  6151  9827   424 56946 56932 11968   217  4472 12925  5226 11120 15407
 10067  7581 10621  4472 56940 22148 56940  5226 11120 12352 56931 56945
 56945 56945 56945 56945 56945 56945 56945 56945 56945 56945 56945 56945
 56945 56945]
46 [ 1233  5224  6260  8949    85  5224  8876  9230  3842 56946 13386 14576
 11120  3778  4472 11211  5804  2133  7711 10621  8984 56946 56940 10807
  7956  2890 14555   667 10291  8859 10621  3162 56940 56932 12948    85
  5224  9230  4472  8281 56932  4690 56946 56932  5224 11211 14828  1925
  2631  4472]
