28 [13555  5240 11120 14053  4472  5804  3049  5226 11120 14779 10468 11211
 56932 56946  5804  8561 13396 11950  4472 11120 12921 56932  5804  9446
   865  5804  3861 11211 32449 13171  8440  4472  5804 15148 56931 56945
 56945 56945 56945 56945 56945 56945 56945 56945 56945 56945 56945 56945
 56945 56945]
9 [ 2905 56932  6489 56932 13673 10621  2383  5377 13396 14001  5224  7478
  8661 56931 56945 56945 56945 56945 56945 56945 56945 56945 56945 56945
 56945 56945 56945 56945 56945 56945 56945 56945 56945 56945 56945 56945
 56945 56945 56945 56945 56945 56945 56945 56945 56945 56945 56945 56945
 56945 56945]
1 [ 9000  9490 12672 11211 11117 56946 12543 13171  2861 11120 12935  5706
  7898 16320  4472  4151  7203 20482 56931 56945 56945 56945 56945 56945
 56945 56945 56945 56945 56945 56945 56945 56945 56945 56945 56945 56945
 56945 56945 56945 56945 56945 56945 56945 56945 56945 56945 56945 56945
 56945 56945]
12 [ 5224 14012  4264 56946 10621  5224  2944  3913 10537 56932  4938 12948
  9538  5226 13732  1231 11093  1855 56932 14139  8050 56932 11211  1240
   262  5224  4522 56932  8420 11211   425 12935 11211   746  1602 10621
 13342  1925 13151  5240 56940  8493  3841 56940 56931 56945 56945 56945
 56945 56945]
4 [ 3844  1240  7402  6151  5527 22792 15789  1925 11203 10067  1926  5226
 15422  9821 56931 56945 56945 56945 56945 56945 56945 56945 56945 56945
 56945 56945 56945 56945 56945 56945 56945 56945 56945 56945 56945 56945
 56945 56945 56945 56945 56945 56945 56945 56945 56945 56945 56945 56945
 56945 56945]
7 [ 6151  7171  4472  8558  8964 12764    52 13764 15676  5224 42001  4472
 13822 13364 10621 13938 13371 13300 11120 54808  8284  4472 13822 10555
 56931 56945 56945 56945 56945 56945 56945 56945 56945 56945 56945 56945
 56945 56945 56945 56945 56945 56945 56945 56945 56945 56945 56945 56945
 56945 56945]
4 [ 5804 15292 56932 11211 11292  6197 14777  9289  9773 56934  4885 10067
  3612 56935 56932  1828 13396 56946  6151  5804  7015 56932 11211 14811
 14931 10778  5471  4562 12888 56946 56932 13370 56931 56945 56945 56945
 56945 56945 56945 56945 56945 56945 56945 56945 56945 56945 56945 56945
 56945 56945]
18 [10621 12764  1240  7709 14857 11211  4563  3380 11120  1147  4472  5804
  7345  4472 13732 56932  5534  6950  9490 56942  8155 56943 56945 56945
 56945 56945 56945 56945 56945 56945 56945 56945 56945 56945 56945 56945
 56945 56945 56945 56945 56945 56945 56945 56945 56945 56945 56945 56945
 56945 56945]
38 [56940  4550 56932 13171 11211 56946 10621 56946 56932 11304  7494 11211
 11148    13  2052 10291  9496  6151 11358 11120  8069 10067 56942 56940
 15201 14105 13386  1015 11211 56940  2044 11211  1000 11149   464   953
   753 11211 12735 10621 12819  4562 11120 12673  5013 10621 10703 11211
 10291  5224]
13 [ 6376  8493 56946 56932  1231 13895 47209 10621 13649 15081 34776 11211
 11117 56946 12135  4472 11120  5272 56931 56945 56945 56945 56945 56945
 56945 56945 56945 56945 56945 56945 56945 56945 56945 56945 56945 56945
 56945 56945 56945 56945 56945 56945 56945 56945 56945 56945 56945 56945
 56945 56945]
19 [ 1925 10454   753 11211 27470  6151 15659 10621   753 11211 19550 16802
 12407  8448  4472 14099 56932 56946 10621 56946  5224  3719  4472 21006
  5226 12342  4161 11211  2017 11120   792 11211 11117 56946 56931 56945
 56945 56945 56945 56945 56945 56945 56945 56945 56945 56945 56945 56945
 56945 56945]
36 [11120  3933 11895  4472 11120 10742 56932 11211  3946  5224  5234  6340
   936  3617  6672 56932  1240  8462 10067  6319  8373  3861  4693  4472
  5804 13283 15083  4472 11211 11120  8108 10471  3406  1231  2371  4472
 14667  8509  8834  3861  4151  4290 10291  8986  5224 10119  4472 11463
  4472  2322]
42 [13371  4569 56932  5224  9582 56946  6485 11211 12764  1240 23853  1925
 12931 10067  5095  4472  7276 10621  1096 56932  1633  4151 15581  4472
  1231 12754  9541 56932 11211   753 10722  3765 11211 12764 10145 56932
 13371 13396  7932 56932 14855  4472  1009 11122 11211  1064 12889 11117
 14941 56946]
40 [56940  5224 13732  9840    52  4629  5224  8590 56931  4472  9591 56932
  6226  5224  1926  7780  8823 11211 13901  4472 11120  8200 10930  5280
  3869 14931  1170  4562 13822   778 56931  5224 13732 12764  7027 56932
 13371   746  8857 56932 12676 56942  1362 10291 14254  2890 14555  9541
 56931  4562]
42 [11120 14556  4472    26 10621  5039  8916 10067 14358 56932 13211 11195
 56932  5165   217  1925   653 10621  6151  5804  1046 15404 11211 56940
  2162  1302  5226  4151  3336 10125  5226 11120  6255  2568 10621 11211
 56946  5226  4151 10531 11211  1396  2029  3432 56940 56931 56945 56945
 56945 56945]
41 [11120 14556  4472    26 10621  5039  8916 10067 14358 56932 13211 11195
 56932  5165  1925   653 10621  6151  5804  1046 15404 11211 56940  2162
  1302  5226  4151  3336 10125  5226 11120  6255  2568 10621 11211 56946
  5226  4151 10531 11211  1396  2029  3432 56940 56932  6205 13371 10291
 12486 11120]
13 [ 5224  1689  4472 56946 56932  5234  8876  9230  4472 56942  5137 56932
 11211 18369 13396  7207  1004  5226  1231  2928 11120 11982  4472  5712
 56932    85  8493  6475 10291  5804 15646  4472 11211 11120 12031  3682
  4472  2139 56946  3361  4887 56931 56945 56945 56945 56945 56945 56945
 56945 56945]
2 [ 9827  5848 12436  6205  1231 56940  3527 56940  1633 11120  6098 10468
 10621 13703 10634  1925  5085  4562  5224  1926  8759 56932  3828 13822
 13864   746 14391  8493   791  4472  9609 56932  4693  4472 11537  5418
  4004  5224 13348  6151  4294 56932 13386 11117 11875 10621  3064  1925
  4152 56931]
3 [ 5224 19648  6913  5256  5224 15482  3268  7485 56931 56945 56945 56945
 56945 56945 56945 56945 56945 56945 56945 56945 56945 56945 56945 56945
 56945 56945 56945 56945 56945 56945 56945 56945 56945 56945 56945 56945
 56945 56945 56945 56945 56945 56945 56945 56945 56945 56945 56945 56945
 56945 56945]
32 [11120  6805 10212 11211   650  4151 10193 12947  8509  5224   653  4472
  9091   690 11785   217 56932  1362  4693  4472 11122  1076 56932 11120
  9234  4472  2922  1925  5234  6340 56932  1925  3452  2890  5935 10611
 13822  9135 56931 56945 56945 56945 56945 56945 56945 56945 56945 56945
 56945 56945]
16 [56940 12024 14792  8993  7780  8192    52  8449 12024  3111 56940 56932
 56946  5224 56946 10291 11148 56932  6151  1721 56932  9394 15664  4293
 56932 13371  1231 10117  4472 10069 15600  5224  2693 56931 56945 56945
 56945 56945 56945 56945 56945 56945 56945 56945 56945 56945 56945 56945
 56945 56945]
15 [13396  8593  1240  9028 11211 38996  6151 29257 15821 10291 11120  5603
  4401 56932  1925 15336  4562 20609  7956 11120 12613  2106 56932  5224
  8033  4472  4151   216 19586 10291 31948  5804  3073  7396  5226  6793
  4472 15133   202 56931 56945 56945 56945 56945 56945 56945 56945 56945
 56945 56945]
21 [ 5224   653  4472  7797  2048 13396  1231 13171  4415 12925 12031 10621
  3682  5217 11120 10365 56932  5226 56942 56932 15023  5115 56932  5226
 14842 56932  5224 14954  7956 11120  7891  3285 56931 56945 56945 56945
 56945 56945 56945 56945 56945 56945 56945 56945 56945 56945 56945 56945
 56945 56945]
46 [ 6927  4472    52  5788 13396  7449  2890 17406  6151  2740 10291  5390
  5804  4679  4055  4472  2732 10621 11120  7316  4472  6001  6151  1352
  6151 17051  5224  7249  1673  5432 11211 11066  5226  1231 22515 33319
 12297 11120  5265  4472  9214 12297  1018  1240  5796 10291 37228  5226
   425  1578]
3 [  865 12195  4472 17251 56946  7883 56932 14260  1231  1274 12764 15394
  4473 10291 13171 56931 56945 56945 56945 56945 56945 56945 56945 56945
 56945 56945 56945 56945 56945 56945 56945 56945 56945 56945 56945 56945
 56945 56945 56945 56945 56945 56945 56945 56945 56945 56945 56945 56945
 56945 56945]
3 [  865 12195  4472 28667  1362 10621  1362  5226  1231 15422 56931 56945
 56945 56945 56945 56945 56945 56945 56945 56945 56945 56945 56945 56945
 56945 56945 56945 56945 56945 56945 56945 56945 56945 56945 56945 56945
 56945 56945 56945 56945 56945 56945 56945 56945 56945 56945 56945 56945
 56945 56945]
6 [ 5224  2792  5147  1231  9707  6151 10663 56932  5226   618  4562  4151
  3388  6653 56932  2131   243  4472 15038 11211 56946   853 56932 11668
 10621  6178  6151   713   253  4472  7340 25268 56931 56945 56945 56945
 56945 56945 56945 56945 56945 56945 56945 56945 56945 56945 56945 56945
 56945 56945]
32 [56940 14099 14542 34315 23117 56932 10621  5217  5224  7966  8993  5207
  4563 14396  4472 56946 56940 56932  7087 26347 56932 11211 36051 13396
 11211  6151 13742  1362  1240  4106 11120  4953 23895  5804 50879 56931
 56945 56945 56945 56945 56945 56945 56945 56945 56945 56945 56945 56945
 56945 56945]
16 [ 4125  5226 15422 11590 56932  2085 56932  4562 10653  4472  6087 10621
  8616 56932 15023    52  6260  3421  3861  8757 14931  5527 11372  8395
 56931 56945 56945 56945 56945 56945 56945 56945 56945 56945 56945 56945
 56945 56945 56945 56945 56945 56945 56945 56945 56945 56945 56945 56945
 56945 56945]
1 [ 6151  1009  1748 56932 14442  9237 14408  5400 56931 56945 56945 56945
 56945 56945 56945 56945 56945 56945 56945 56945 56945 56945 56945 56945
 56945 56945 56945 56945 56945 56945 56945 56945 56945 56945 56945 56945
 56945 56945 56945 56945 56945 56945 56945 56945 56945 56945 56945 56945
 56945 56945]
1 [12297  8606  3297  5240 11165 56937 56945 56945 56945 56945 56945 56945
 56945 56945 56945 56945 56945 56945 56945 56945 56945 56945 56945 56945
 56945 56945 56945 56945 56945 56945 56945 56945 56945 56945 56945 56945
 56945 56945 56945 56945 56945 56945 56945 56945 56945 56945 56945 56945
 56945 56945]
32 [ 5534   865 45629 13396  4151  4931  1240  3240 56946 10621 56946 11211
  5317  6151   245  5804 15691  7750  4472  4151  1325 11211  1257 11120
  1713 16073 14750 15168  6151 56946 11211  8540  9825  4186 36642 56931
 56945 56945 56945 56945 56945 56945 56945 56945 56945 56945 56945 56945
 56945 56945]
26 [ 1925    20 11211  5226  5804  9140 56932  5226   425 13450 56932 11120
  7038 56934  6151 56935 18012 13371 14022  4472  4151 22731 56946 56932
 11122 11211 15604  3245  5224 12284 56932  4693 16141 10291  5224 12562
 56946 56932  4472  8716  4472 56942  1925 17691 11120 14119 10621 56932
  4562  8596]
28 [ 5226   424  4492 30707 56946 11211 11122 11211   217  4235  6471 12764
  5240 10954 11120 56946  4472  2826  4472 18637 13961   848   563 11817
 56932 13478  5804  4705   805  5226 10267 12371  2890  4492 12407 28675
 56932   494 22608   848   159 56931 56945 56945 56945 56945 56945 56945
 56945 56945]
23 [11120  1748  5240 11211 13290  5762 12889 12764  1240  7709 23910 11211
  5534  1200  5224  4981 13478 19456 11673  3852 13137 11211 12171  8156
  1532 11372 42108 56934  4195  5804 28362 56935  9000 11211 13478 56932
  8355  5804 28362 56932 11292  6151  9687  4562 11120  4188  1502 56931
 56945 56945]
36 [ 5804  8346 27556 10067 26031 10621  5804 16595  1633  1168 56932 43673
 12937 13822 14862  5226 11120 35228   627  4472 52047  1231  8435  8374
 56932  4161 11211 13822 11210  7829  6151 51498 14931    52 15328  6151
 56946  5226  3260  5224 48175  1432 11211 56946  5224 23921  5179 13974
 56931 56945]
