12 [  428  3585 11211  4151  6734  7788  4472 11646 11899 10067 11925  8540
  5307  1925  8351 10621 47364 13371  1233 13892  4931 34760 56931 56945
 56945 56945 56945 56945 56945 56945 56945 56945 56945 56945 56945 56945
 56945 56945 56945 56945 56945 56945 56945 56945 56945 56945 56945 56945
 56945 56945]
19 [12015 45690 11149 15394 40864  1233 13822  7864 56932 15794 13822  6295
 56932  9297 11122 12675  4562  8025  5534 10481  6151  8085 56931 56945
 56945 56945 56945 56945 56945 56945 56945 56945 56945 56945 56945 56945
 56945 56945 56945 56945 56945 56945 56945 56945 56945 56945 56945 56945
 56945 56945]
