11 [ 5224 11239  8964 11211  3403  6151  5775  5226 13732 14260 11117  4473
 56940 12090 56940 56931 56945 56945 56945 56945 56945 56945 56945 56945
 56945 56945 56945 56945 56945 56945 56945 56945 56945 56945 56945 56945
 56945 56945 56945 56945 56945 56945 56945 56945 56945 56945 56945 56945
 56945 56945]
43 [ 5804  3618  1305  5654 11211 11120 13553  6197 12764  8159  5226 11120
  3111  4472 13822 12157 10621 11211 12764 56946 11120 21302  4472 13171
  4215 10621 19452 56932 11664  7911 11211  5226  5804  4393 56942  5137
 56932 11669  7944  4472  8165 12764   746 12249  5286 56931 56945 56945
 56945 56945]
