7 [ 1240 46153  5224  8614 10067  7538 10291  5224 11627  4472  5804  3034
 13274 56931 56945 56945 56945 56945 56945 56945 56945 56945 56945 56945
 56945 56945 56945 56945 56945 56945 56945 56945 56945 56945 56945 56945
 56945 56945 56945 56945 56945 56945 56945 56945 56945 56945 56945 56945
 56945 56945]
10 [ 1240 46153  5224  8614 10067  7538 10291  5224 11627  4472  5804  3034
 13274 56931 56945 56945 56945 56945 56945 56945 56945 56945 56945 56945
 56945 56945 56945 56945 56945 56945 56945 56945 56945 56945 56945 56945
 56945 56945 56945 56945 56945 56945 56945 56945 56945 56945 56945 56945
 56945 56945]
12 [   19  6098 17873  5240 11120 10067 13488 10067  8967  4472  8483 10291
  5224 11627  5432 56932 21400 38486 56932 13386 56946 12948  5226  3868
 11211  1352  9840   494  8244  5226  5157 10067 15505 56931 56945 56945
 56945 56945 56945 56945 56945 56945 56945 56945 56945 56945 56945 56945
 56945 56945]
12 [ 7418 10470 13981   217  5226 13649  2185  7956 56940 14578 12341  5226
  5224 26862 15227  4472 45366 56940 56932 18776 13396 56946 56934 11556
 10291  5224 11426  4472 11120  5404 56935 10621 15201 11211  4151 10067
  5778  9069  4472  9480  8984 56932 13396 14115 10621 12764 13396  1839
 56932 13280]
25 [ 7418 10470 13981   217  5226 13649  2185  7956 56940 14578 12341  5226
  5224 26862 15227  4472 45366 56940 56932 18776 13396 56946 56934 11556
 10291  5224 11426  4472 11120  5404 56935 10621 15201 11211  4151 10067
  5778  9069  4472  9480  8984 56932 13396 14115 10621 12764 13396  1839
 56932 13280]
28 [ 7418 10470 13981   217  5226 13649  2185  7956 56940 14578 12341  5226
  5224 26862 15227  4472 45366 56940 56932 18776 13396 56946 56934 11556
 10291  5224 11426  4472 11120  5404 56935 10621 15201 11211  4151 10067
  5778  9069  4472  9480  8984 56932 13396 14115 10621 12764 13396  1839
 56932 13280]
2 [15229  5226  5224 15175  4151 56942 15229  4472  7661  4472  2090 56934
  4932 13935 56935  4472 11120  5918 56932  8415  5226  5224 15175   322
 56932 10621  4151 56942  4472  5804 56946 12200 56942  6950  5226  5224
 11988 14179 56946 10621 56942  9570  5226   420  2140  2899  5226 11120
 56946 56932]
47 [15229  5226  5224 15175  4151 56942 15229  4472  7661  4472  2090 56934
  4932 13935 56935  4472 11120  5918 56932  8415  5226  5224 15175   322
 56932 10621  4151 56942  4472  5804 56946 12200 56942  6950  5226  5224
 11988 14179 56946 10621 56942  9570  5226   420  2140  2899  5226 11120
 56946 56932]
35 [  975 12764  3502  1231  1566 56932  6197 11211  7780  3609 12764  4289
  7809 56932  9000 56946  5226 16857  4562  5224 13640 56932  8509  2890
 12413  4472 11120  6614 11211  6870  4562 11120 36886 16955  4472 11120
 15197 10291 11120  7891  4472  5804  1304  3462 56931 56945 56945 56945
 56945 56945]
3 [ 1925 38178  6151 11120  9584 56932  8373  1362 15083  4472 15254 10067
 10855 10067 16907 56932 11120 14119  5226  5224 22085  1039  8946  4472
 56942 15980 56932  4562 16078   596 56931 56945 56945 56945 56945 56945
 56945 56945 56945 56945 56945 56945 56945 56945 56945 56945 56945 56945
 56945 56945]
11 [56940  1233  2850 56932 10608 56940 56932   730  5226  5224  8614 11120
 56946  4472 11120  7070  2529 56931 56945 56945 56945 56945 56945 56945
 56945 56945 56945 56945 56945 56945 56945 56945 56945 56945 56945 56945
 56945 56945 56945 56945 56945 56945 56945 56945 56945 56945 56945 56945
 56945 56945]
7 [ 5224 13488  6059 56946 12948  5224  7600  5224   948 13371 11435  5226
 11120  6275  5432 18212 18823  4472  1397  4562  8493 26182  7956  5224
  6251  4472 11120 14088 56931 56945 56945 56945 56945 56945 56945 56945
 56945 56945 56945 56945 56945 56945 56945 56945 56945 56945 56945 56945
 56945 56945]
12 [11120 11464  6695  4472  2119  4472  4957 12297 12297  4562 14759  6151
 11120  6543 56946 10621  4559  2890 56946 12297 12297 10621  5224  6952
  4472 11120 10366 10067  5053 56946 56946 12297 12297 56946  4472 11120
  4351 10621 10674 56946 56946 12297 12297 56946  2890  6412  3047 12672
  5538 13396]
17 [11120 11464  6695  4472  2119  4472  4957 12297 12297  4562 14759  6151
 11120  6543 56946 10621  4559  2890 56946 12297 12297 10621  5224  6952
  4472 11120 10366 10067  5053 56946 56946 12297 12297 56946  4472 11120
  4351 10621 10674 56946 56946 12297 12297 56946  2890  6412  3047 12672
  5538 13396]
35 [11120 11464  6695  4472  2119  4472  4957 12297 12297  4562 14759  6151
 11120  6543 56946 10621  4559  2890 56946 12297 12297 10621  5224  6952
  4472 11120 10366 10067  5053 56946 56946 12297 12297 56946  4472 11120
  4351 10621 10674 56946 56946 12297 12297 56946  2890  6412  3047 12672
  5538 13396]
26 [11120  5844 10421 48191  8943 56934 15191 56935  5165   217  6151 12379
  5452 10621 12795 11211  1240 56946  1156  4693  1925 12301  5432  4472
  7361  4472  4151  5581 56946 10621 31834  4472  9701 11669  7944  4472
  8865 56931 56945 56945 56945 56945 56945 56945 56945 56945 56945 56945
 56945 56945]
3 [10621  6108 13371 12024 15225   746  8192  4731  4472 11022 56932  8630
 11211 16972 12015  1677 13171 12297 12297 56931 56945 56945 56945 56945
 56945 56945 56945 56945 56945 56945 56945 56945 56945 56945 56945 56945
 56945 56945 56945 56945 56945 56945 56945 56945 56945 56945 56945 56945
 56945 56945]
19 [12297 12297 56936 10621 11149   753  4472  5804   453 56946 10067  4842
  8984 56932 13371 11740  4472  2770 10621 11120 10045  4472 15590 22553
 56937 12297 12297 56931 56945 56945 56945 56945 56945 56945 56945 56945
 56945 56945 56945 56945 56945 56945 56945 56945 56945 56945 56945 56945
 56945 56945]
22 [15023  1231 14723  1800  4562  1166  2865  3543 56932  7628 10180 11428
  5226  5224 15412  4472  3475  4562  1231  8288 13518 56932  5224    45
 11810 56932  6659 12948  5226 11120  8691 14460 10067  3358  4472 15412
  8984 56931 56945 56945 56945 56945 56945 56945 56945 56945 56945 56945
 56945 56945]
18 [11120  7790  4562  1164  4472 13456 56932  5224 13398 10635  4472  5804
  2611 10621 11120 12964  1323  4472  5224 11554  4472  5804  5359 56946
 13974  4472  2890 56946 11211  2002  1231  8467  4678  5226  9209  3224
  8860 10621 11211  4059  2890 14555 13959  4562  7508 10291 56942  8155
 56931 56945]
21 [11120  7790  4562  1164  4472 13456 56932  5224 13398 10635  4472  5804
  2611 10621 11120 12964  1323  4472  5224 11554  4472  5804  5359 56946
 13974  4472  2890 56946 11211  2002  1231  8467  4678  5226  9209  3224
  8860 10621 11211  4059  2890 14555 13959  4562  7508 10291 56942  8155
 56931 56945]
17 [11120  4687 25440 10333  5226  3421 31486 11211 14811  5331  5224  7057
  4472 11120 33651  9823  4472 11120  5956 56931 56945 56945 56945 56945
 56945 56945 56945 56945 56945 56945 56945 56945 56945 56945 56945 56945
 56945 56945 56945 56945 56945 56945 56945 56945 56945 56945 56945 56945
 56945 56945]
20 [ 5804 14048 56932  8271  4562  8493 13133  4562  5224  2519 10067  5982
  2944 56932  1240   107   217 56932  6151  4151 14560  4472 11120 14675
 56932  5226  2890 10803  1925 14854 13373  5226  5224  4252  4472 11120
  5978  4472 13732 56931 56945 56945 56945 56945 56945 56945 56945 56945
 56945 56945]
29 [ 5224  5076  7411 56932 11211  8964  6416  5224 15038  4472 11646 11725
 56932 13371  5224  4685   848 11120  5683  3174 56932  2148  5804 13349
  4472  5804  3204 56946 10621  4151 56946 13396  9245  4613 56932 13450
 11211  6894 12572 13371  8493 10266  2861 56940  1240   373   537 11120
 13450  1925]
7 [56940 10291 11120 10067 56946 14548 11454 11120 28772 12764  6950 13371
  4177 10954 13371 14408 10291  4289 15977 10291  6361  7956 13961 13906
 56940 56932  8964 56946 56931 56945 56945 56945 56945 56945 56945 56945
 56945 56945 56945 56945 56945 56945 56945 56945 56945 56945 56945 56945
 56945 56945]
30 [ 1352 56932  5224  4188  4285 10621 15639  5972  4472 10766 56932  9353
   217 56932  3786 56932 11211 13776 10899  5224  2445  4472 11016  4472
  9835  3301 13396 11120 11556  4472  5804 10700  9362  4472 10766 56934
 56946 56935 10291 13853  8493  4188   657  5226  4151  4558 13901 10067
  6604 56931]
0 [ 5224  4752  4472 11120  2591   915  7381  9397  5226 11120  8290 12135
 15083  4472    77  5241  1925 12413  6197  4562  2890  6997 56946  6151
  1231 15276 56931 56945 56945 56945 56945 56945 56945 56945 56945 56945
 56945 56945 56945 56945 56945 56945 56945 56945 56945 56945 56945 56945
 56945 56945]
36 [11120 12673  8230  4472  9222 10621   505 10621  4151  8265  4472  1723
 10621 10442  5226 11120 13439 10343 11211  9308 13083 11439  4472  7500
 13280   420  3861 56932  4810  6151 10206 56946  6151 15379 12948  5226
  5224  6319  2861 56940  6021  2529 11211  5224 11660  1240   418  5465
  5226  8493]
5 [20116 12764 11120 56946  5226  5224  1926 56932  9000 28044 11211  6151
  1231 32260 56932 13916  3727 56932 56940 12171 11117  8734  8493 15019
 56940 56932  1233  4518 36517 11120  5793 15949  6151 11211 56940   425
  8368  7027 56946 56940 56946 56931 56945 56945 56945 56945 56945 56945
 56945 56945]
9 [10621 10958 13529 48297 56932 56946 56932 56946  5226 11120 14251  6151
 12666 13371  1782  4472 11120 56940  3595 56946 56940  1633  3572  2861
 56940  5804 26226 56932  5804 36123 56932  5804 25860 11211  5226 56942
 23667 56946  4472  9996  4472  6221 11120  7626 35562 11211  8946 10493
 11148  8493]
19 [45520  2861  9541  4472  6764  4472 11120  7261  4472 11120 13172 45722
  4472  5138 56932  2840  5226  5224 12908  5224 56720  4472  6880 56932
  1633   683 56942  9163 56931 56945 56945 56945 56945 56945 56945 56945
 56945 56945 56945 56945 56945 56945 56945 56945 56945 56945 56945 56945
 56945 56945]
11 [16944 56932  5234 13488 10067  8967  4472 11791  4472  2535  4472 11120
   726   101  4472 14497 15404 56932  3655  1793 11211 13327  5676 56946
  4550 13822 10804 10291 56685 11120  8207 56932  6197 11211 11120  8110
  8993  1240  3533  4562  5224 33462  5226  5224 10778 56931 56945 56945
 56945 56945]
4 [ 5224 14300  7814 56940  5224  6269 56940  5489 15228 11120  5329 13171
  3058  4472  1231  2928  7416  1925  2570 13396  4670 12059  5226 56942
   616  6151  1231  1703  6669 11581 14735  5226  5224  7330  4472  5804
  8263  5402 13144  4472  5804   916 56946 56931 56945 56945 56945 56945
 56945 56945]
25 [ 5224 56940  2047  4472 11120  6471 13396 11120  9584 56940    85  6659
  4472 13030 14989  1925  5078  4472 11120  4916  4472  8493 56940  4722
 13396 11120  9584 56940 11211  6667 15168  5224 11255 56942  4472   995
 56931 56945 56945 56945 56945 56945 56945 56945 56945 56945 56945 56945
 56945 56945]
13 [ 9992  1240  3623  5545  6151 11211  5226 11120  6805  4472 13272   881
  4472 11120  1391  1240 56946  6151  1490  6319 13396 11120 13450  5226
 11211  1240 12680 56932 14260 56940 11122 11211   753 11211  8606 12297
  6299 12297  5240  9678  5224 11426 10621 11120 12283 56940 56931 56945
 56945 56945]
17 [ 5226 11120  7611 14397 56932  3018  6151  2837 35292 13371 56946  2861
 16073 56932 56946 10621 56946  5804 13997 56933 56946 13365 12994 11120
  8945 56933 28124 11120  9852  4693  4472 11211 13290 24976 11120  8955
 56931 56945 56945 56945 56945 56945 56945 56945 56945 56945 56945 56945
 56945 56945]
23 [ 5226 11120  7611 14397 56932  3018  6151  2837 35292 13371 56946  2861
 16073 56932 56946 10621 56946  5804 13997 56933 56946 13365 12994 11120
  8945 56933 28124 11120  9852  4693  4472 11211 13290 24976 11120  8955
 56931 56945 56945 56945 56945 56945 56945 56945 56945 56945 56945 56945
 56945 56945]
27 [ 5226 11120  7611 14397 56932  3018  6151  2837 35292 13371 56946  2861
 16073 56932 56946 10621 56946  5804 13997 56933 56946 13365 12994 11120
  8945 56933 28124 11120  9852  4693  4472 11211 13290 24976 11120  8955
 56931 56945 56945 56945 56945 56945 56945 56945 56945 56945 56945 56945
 56945 56945]
34 [ 5226 11120  7611 14397 56932  3018  6151  2837 35292 13371 56946  2861
 16073 56932 56946 10621 56946  5804 13997 56933 56946 13365 12994 11120
  8945 56933 28124 11120  9852  4693  4472 11211 13290 24976 11120  8955
 56931 56945 56945 56945 56945 56945 56945 56945 56945 56945 56945 56945
 56945 56945]
17 [56940   753 11211  1176 13396 15243 26055 13371  5224  4472 56941 12015
 11122 15590  6151 13703  4472  4151  4756 56941   848 56941 12015  2662
  6151  8606 23082 56941 56932 14260  4562  5804  1421  1240  7709  8606
 13365 56932  9000 12764  2529 23082 56940 56931 56945 56945 56945 56945
 56945 56945]
21 [56946  7780 14264 11397 56942  6149  4472   213 10067 15097 56946 56932
  8493 14364  9898 11211  1240 19636  8415  5226  5224  5609 12728 56932
 10621 11646 56942  6149  4472  6438 52345 56932 11211  1240  7704 13371
 14028  2370  5224 21005 11211  1240 32282  5217  5224 15097 56946 56931
 56945 56945]
18 [ 5226  2890  5875  3268  4472 11120 56946  5224 56942  4472  5385  5226
  5224 19411 10067 12074 16004  4472 11120  9584 56932 11211 12764 25073
 13371  7079  4472  2890  7777 56932  1240  5132  8448  4472  5045  8851
 18244 10621  1240 56946 14777 20054 56932  1096  5224 13615 56931 56945
 56945 56945]
9 [11120  9168 10448 10291 11211  5224 10242  9823  4472 11120  1391 56932
 45228 56327 56932 56946  5226  9379  3861  5224  8741  4472 56942 56940
  6270 16536 56940 10291 11120 56946  5240  5224 13185 10067  8965  5224
 12479 12355 10611  5804  6681  5224  2689  6260  5226  4151  1539  4472
 56946 10621]
35 [11120  9168 10448 10291 11211  5224 10242  9823  4472 11120  1391 56932
 45228 56327 56932 56946  5226  9379  3861  5224  8741  4472 56942 56940
  6270 16536 56940 10291 11120 56946  5240  5224 13185 10067  8965  5224
 12479 12355 10611  5804  6681  5224  2689  6260  5226  4151  1539  4472
 56946 10621]
25 [ 6151  5804 56942  5137 15893 16709 25041 56932  5224  8876 56940 11629
  4472  9214 56940  4472 11120  7645 10621  5224  8876  8491 13221  2231
  4472 11120  4152 10067  2274 14749 56931 56945 56945 56945 56945 56945
 56945 56945 56945 56945 56945 56945 56945 56945 56945 56945 56945 56945
 56945 56945]
38 [12889  5226  9762 12828  5224  3161  4472  2322 56946 56932  5804  5286
 12543 12764   865 10414 56932  3655   217  5224 12365  4472 11120 14248
 56932  4690 22406 56946 56946 56932  6197 11211  5224  3746  3104  4472
 20263  4472 11120 15582  5082   424 13152  4472 30559 10621  1240  7494
 11211  8495]
13 [ 3018 14694  4472 12937  4151  2723 12764 11458 56934  4734 56932  6571
 56932  5224  7415  5930 56932  9810  6118 56932 14114 27093 56932  5715
  1384 56932  9586  7411 56935 56932  9000 11349  1240  7780 56946 10025
  8867 56931 56945 56945 56945 56945 56945 56945 56945 56945 56945 56945
 56945 56945]
3 [14039  1231 21069  7707  8910 10291  2135 11120 15107  4472  4938 12764
  1340 12771 11372 48229  4472 11120 11211 15224  1618 56931 56945 56945
 56945 56945 56945 56945 56945 56945 56945 56945 56945 56945 56945 56945
 56945 56945 56945 56945 56945 56945 56945 56945 56945 56945 56945 56945
 56945 56945]
24 [ 1424  7053  1240  8944  8186  6151 11120  1922  4472 11120  8163 13149
 56932 12889 15285 11211 11120  3962 10621  9805 56934  4472  4151 12336
 11120 56946 56935 15353  6151  5804  7025  4472  2654 10621   730 11211
 56940  1240  3645  6151  4087  5226 11673  5404 56940 56931 56945 56945
 56945 56945]
13 [ 5224 13576 15512   780 56946  1630 11211 56940 11120  7300  4472 15072
  5226 11120  1724  7780  8192  5667 10291  1443 56946  6128 56940 10621
  1630 11211  5224   653 10067 14124  5240 56940 33563 56940 56931 56945
 56945 56945 56945 56945 56945 56945 56945 56945 56945 56945 56945 56945
 56945 56945]
5 [ 5224  8086 10067  2342  4472 11122 12743 56942  4472 13732 56932   797
  4220 56932  7780    37  8493  2440  5226 11120 11211  9095 11120  7563
 11697 56932 11211  4105 56940 11120 10506 10668  4472 11120 15167  4472
  2514 11211 11120  8108   202  4472 13276  1645  4472  5187 11926 10621
 14931 11813]
48 [56940 12764  1469 11721 11813  5542 10291 11211  8945   635 56934  1808
 56935 56946 11120 13300 56932 11372 11211 12403  6151  6226  5224  5972
 56931  5224  2689  6260  6197  5457 12937  4151  2961  6862 56932   494
 56932 12764  8789  6406  8689 10291 11211 11120 14294 12764  2061 13396
 11120 56942]
15 [ 5224 13064 13155 56946  4868 56942 11970 15171   425  7415  6372  4472
 54179 11211  5240 11120 23283  4472 10409 56931 56945 56945 56945 56945
 56945 56945 56945 56945 56945 56945 56945 56945 56945 56945 56945 56945
 56945 56945 56945 56945 56945 56945 56945 56945 56945 56945 56945 56945
 56945 56945]
23 [18117 56946 56932 13396  1231 12135 56932  3245 10728  9379  3861  5224
 12619  4472 11122 11211 13261  1231  1800  5226  5224 13518 56932  5224
 23339 10067 21268 56932  6151 15254  4472 11120 11566 10067  4794  9810
 17999 56931 56945 56945 56945 56945 56945 56945 56945 56945 56945 56945
 56945 56945]
38 [ 5224  4569  4472  2892  6151 11120 12695 10067   653 56932 15195 56946
 56932  1240  7780  5788  1691  4472 12033 56946 10621  6128  5254  5226
  5804 56942  5137  5226 11211  7780  8192  2141  4472  1361 10621  4472
 12695  4472 11120  9849 56932  9000  1231  8909 10471  5240  8493  2543
  6197 11211]
8 [24442  4472 11211  1231 12213 10471 56932 56940 11120 11921  1135 56940
 56932  1240 23853  6151  1231 14665 56932  7404 10067  5071 10621 11120
  1019 10621  9198 11995  6151  4151  6423 10621  6151  5804  4510 56946
 56932  5226  5804 11211 12135  4562 11120  7676  4472 13822 10219  4472
 17472 56932]
45 [ 5224  2792  4472 11120  5844  4472 10700  8892  4472   968 56934  1369
 56935  9528 11211  5224  6949  7780  1896 56940  5226 56942 11804 11120
 13107   424  2689 10621  5804  4900 14811  5226  8425 56940 56932  5226
  8493   989 13031 11211 10627   217  5224   413 56940  5224  3733 56940
  4472  2921]
22 [ 6151  4151 12877 56932  1240  4563 14445  4562 13649 56942  1882 10722
  4472  4151  8155 11211   930 12522 11120 15886  4472  7384  5224 19441
 13935 56932 13396 11122 11211 10611  5488   420 14862 30324  6950  2890
 14643  4472  4507  4472 13801 56931 56945 56945 56945 56945 56945 56945
 56945 56945]
15 [ 5224 10242  4472  7581 56946 11211 11120  1274  5226 11120  2894  4472
  9394 10700 10067   424  6913 10291  1723  8493 10177 56940  7253 56940
  4472 10147 56940  4173 56940 56932 15083  4472 11211 13396 56940 14324
  7606  5226  5224  6260 10621  8165  5226  5137  4979 56940 56932   418
  7581 56940]
2 [ 9220  4472 11120 15243  1346 11211 11120 15422 22643 13396 11120  2198
  4472 11120  2894  5226 11120  8001  8458  4472  4822  9330  7956 12328
 20375 56940  7952  5226  2370 10067  3432  4472 11120  5430  3537 56940
 56931 56945 56945 56945 56945 56945 56945 56945 56945 56945 56945 56945
 56945 56945]
10 [ 5226  2890 13615 56932 11120  5844 10291 11120 12283 10621  5224 11627
  3676 56934  2512 56935  5147 11211 56940 11120 22952 10861  4472  4151
 23841  5240 11211  5804 15099 15008 17441  8540  6001  6151  6752 15989
 10621  6151 12979  8493  1605  4472 15225 10611  4151  8589  9796 10621
  4151  3713]
7 [ 5331 11120  6570  4472 13649 56946 56932 14085 16661  4472   425 14073
 10621 11211  6950 17725  5226  1789 12407 20890 56932  2890 13723  4472
 13984  7780 17078    13 13266 56931 56945 56945 56945 56945 56945 56945
 56945 56945 56945 56945 56945 56945 56945 56945 56945 56945 56945 56945
 56945 56945]
3 [11120  9709 10611 11120 15959  4472  1447  5831 10621 56946  4472 30060
 56932  5226 11120 13307  4472 12578 56946 56932 14435  6928  8895 10621
 11120  4932 27058  4472 56946 56932   105  5804  6312  4472 11120 10409
 56931 56945 56945 56945 56945 56945 56945 56945 56945 56945 56945 56945
 56945 56945]
29 [ 5804    24 14343 11211  1233 11120  7384 41177 13396  3255  8493 14564
 10185 56932 11120  7838  4472 13815   229 12543 13171  1688 56932 10621
  5804  2133  3903  4439  1925  8373 11211 12764 56946 11673  7316 56931
 56945 56945 56945 56945 56945 56945 56945 56945 56945 56945 56945 56945
 56945 56945]
49 [ 5224  2792 10246 56932 13029 13420 56932 10651  1231   445 13396 11120
 14720  5224  6260 13348 20490  1925  9322 10067  6319  5226  2890  2625
  5942 10621 26284  5226  7821    50 56932  6862 14691  4472 11211  8209
 56932 13396 11122 11211  4770  4472   445 56932 13822 15344  5226 56946
  4472  8851]
13 [ 8171 13952 13542  7930 12948 11211  1231  4154  5162  6151   782 11120
    29  5804 56946 56932  5226  4466 56932  3828  4962  5224  2710 13790
 56932 10291  2529 11297  1925 11988  1095  4472   797 56931 56945 56945
 56945 56945 56945 56945 56945 56945 56945 56945 56945 56945 56945 56945
 56945 56945]
20 [ 2240 56932 12015  7780  4643  4472  8493  3196 22502 11211  5224  7238
 11211 14817  5224 28302 18217  4472 56940 26071 11120  3363 56940 56932
 15145 11906  5226  8445 14915 35698 19714 10291 11120 17292 10621 11120
  3363 56931 56945 56945 56945 56945 56945 56945 56945 56945 56945 56945
 56945 56945]
26 [ 4758 13529  9222 53601 12948  4562  3667  4758 15072  5226 11211  5224
   653  5692 56940   582 11216 13822   405 56940 10291 12208 11211  3572
 12764 43331  5224  8965  5224 12479 56932  7868  1288  6118  7873 56931
 56945 56945 56945 56945 56945 56945 56945 56945 56945 56945 56945 56945
 56945 56945]
28 [ 4758 13529  9222 53601 12948  4562  3667  4758 15072  5226 11211  5224
   653  5692 56940   582 11216 13822   405 56940 10291 12208 11211  3572
 12764 43331  5224  8965  5224 12479 56932  7868  1288  6118  7873 56931
 56945 56945 56945 56945 56945 56945 56945 56945 56945 56945 56945 56945
 56945 56945]
18 [13336  9768 11120  5660  5427  4472  5804 11344 10067 56946 56932 12745
  5226 56942  8509 11120   545  4472  5804  7381  3861 56932  8630 11211
 13897 11204 10291 12350 11211 11100  1240 11117 10068  8493 14988  4472
 14026 10291  1231  2496 56931 56945 56945 56945 56945 56945 56945 56945
 56945 56945]
19 [13336  9768 11120  5660  5427  4472  5804 11344 10067 56946 56932 12745
  5226 56942  8509 11120   545  4472  5804  7381  3861 56932  8630 11211
 13897 11204 10291 12350 11211 11100  1240 11117 10068  8493 14988  4472
 14026 10291  1231  2496 56931 56945 56945 56945 56945 56945 56945 56945
 56945 56945]
12 [ 2890  3400 10705  6151  2890  7839  5534 12319  5226 11120  4932  4472
 11120  7239  8630 13486  7609  4562  1231 10210  9675 56931 56945 56945
 56945 56945 56945 56945 56945 56945 56945 56945 56945 56945 56945 56945
 56945 56945 56945 56945 56945 56945 56945 56945 56945 56945 56945 56945
 56945 56945]
9 [ 5224 10673  4463  5224  3786  5226 11120 13476  4472 11120   963 56932
  5226 10451 56932  4716 12948 10899  1453 15083  4472    52  5538  6151
 13649 56942  6149  4472  9063  6969 10621  6438 56932 11122 11211  6913
  2890 56946 10067  4065    69 10621  2890 13909 12407 14974  4472  4151
 13720  4562]
6 [56940  8428   425  8458 13371  2890  2052  8139  5226 11120  5844  4472
  2890  5497 15038  1925  2792  4472 14113 56932  2930 14055 10621  6151
  5804   663 56940 56932 15201 14740 56931 56945 56945 56945 56945 56945
 56945 56945 56945 56945 56945 56945 56945 56945 56945 56945 56945 56945
 56945 56945]
20 [ 5226  8857 12687 56932  5224  3835  8320 23718 56932  3245  6151  6662
  4472 13811 56932 11211 12764  1240  4563 13837  4004 56946   848 14931
  6849 10067  8086  5226  5224 10119  1107  8984 56932  3874  5666  7909
 13396 11120  3077 56931 56945 56945 56945 56945 56945 56945 56945 56945
 56945 56945]
1 [ 1925  9283 56942 56932 13396 11122 13554 56932 11117 56946  1925  8871
  9394  9939  5226 10341 56932  9000 56932  5226  1490 13440 56932  1240
  6760  4472  2890 28721  5226 10107 10855  4472 11120  5918 11211  6118
 11197  5092 11211   229 12407  5267  4472   535 56932 12889   375  4562
  5224 13803]
17 [ 5240 11120 15135 10621 10036  6475  4472  2890   893 11211 13822 15068
  9221  5217 11120  4277  4472  5224 15193  4472  4060 10621  1231  7220
  8556  4270 56946 56932  4814  4472  8493 13726  5226  7581  4472 13408
  3854 14931  8125  1633 11120  1906  4472  1231 11554 56931 56945 56945
 56945 56945]
15 [ 5224  7811 12213  2861  5224 10067  5078  4472 56946  4472 14545 56946
 56932 56940  6950  4151 17607 11526 56946 56940 11211  5224 56946 15884
 56946  1240  8057 15379  3245  5226  1231  2175 56931 56945 56945 56945
 56945 56945 56945 56945 56945 56945 56945 56945 56945 56945 56945 56945
 56945 56945]
31 [ 5224  1202 56946  4472  8689  5172  5224  6260  2689 11120  6855  4472
 56942  8155 56932  8493  6297 11211 56932  7868  1231 14555 13488 56932
 14853  1089 56932 56940  3686  9292  8493  5611  4638  4472 56942 10910
 56940 56931 56945 56945 56945 56945 56945 56945 56945 56945 56945 56945
 56945 56945]
10 [ 5224  4942  9017 11211  1240   418  4204  5224 15900  4472 11120 14381
 56932  5226 32270 56932 10291 10105  5224  8876 15175 10621  1040 11211
  3686    77  9591  2890 15846  4562  5804  3370 13171  9590 56931 56945
 56945 56945 56945 56945 56945 56945 56945 56945 56945 56945 56945 56945
 56945 56945]
3 [11120  9212  4472 11120  9893 14102  4472  9701  5699   424 13610 56931
 56945 56945 56945 56945 56945 56945 56945 56945 56945 56945 56945 56945
 56945 56945 56945 56945 56945 56945 56945 56945 56945 56945 56945 56945
 56945 56945 56945 56945 56945 56945 56945 56945 56945 56945 56945 56945
 56945 56945]
5 [11120 11556  5226 14299  4472  5804 13272 10067  3187 56934 56946 56935
 56932 11120 11093 11211  2332  5804 15157 56932  7780 11682  6151 10282
  1882 10291  7882  6151 11120  9849 11211  9022  5224 16813  4472 11120
  3077  4472 14028  4472 10374 10621 11211  1240 56946  4151 12453 56931
 56945 56945]
21 [ 5224  2595 10067  5328 56932 39404 56946 56932  1040 11211 56932  1233
 15206 10621  5227 12764 15690  2254 11211  1340 56940  1863 12033 56940
 10621  7508 10291 56940 15336 10621  5307  6151 15488 11211  9444 56946
  1633  3572 56940 56932  1240 11095  2890 14555 13959  5226  5224 11211
  4151 14862]
14 [11120 15822 12731  5226 47443 10621 14202  6151 11120 16824  4472  4151
 16168  4472 11120  7150  4472  1447 13662 38237 56932 11211  5226  5804
  5137 56942 19525  5226  5804  6537 56931 56945 56945 56945 56945 56945
 56945 56945 56945 56945 56945 56945 56945 56945 56945 56945 56945 56945
 56945 56945]
36 [ 2890  5078  4472  8593    85 11120 14138 11211 56946  6151   285  4151
 14218  1796  1633  5224  8598 56932  4693  4472  1231   989  4562  5224
 11183 56932  3828 32687  3702  4562 11120  6780  4472 56940 12764  6151
 11120  5769  2358 56940 56932 10621 56946  4009  2370  5224 14555   653
 56931 56945]
25 [56946 11949  3772 11120  2280 14260  4151 10624  4472 14122  8589 12707
 12764 10762 12948  6151  8493  1404  3927  5226  5224 15175  4472  3665
  4472 11120  1976  4472 14679  4472  7874 56931 56945 56945 56945 56945
 56945 56945 56945 56945 56945 56945 56945 56945 56945 56945 56945 56945
 56945 56945]
12 [11120  4687  1670 12979 56942 10601  4472  7658 15447 10621  8724 56942
  5056   619  4472  9566  2966 56931 56945 56945 56945 56945 56945 56945
 56945 56945 56945 56945 56945 56945 56945 56945 56945 56945 56945 56945
 56945 56945 56945 56945 56945 56945 56945 56945 56945 56945 56945 56945
 56945 56945]
44 [ 2890  5322 10067  1651 10067  4323 56932  4337 56946 56932 10376 11211
  8834 13021 13171 11211 56798  5226 17852   746  8192  2701  6151 14021
  5226 15243 10621  1240 15394  7780  3009  6151  2890  9763  7903 56932
  9000  4779 12676  6151 11211 11120  8108 10291 11120  2496  4472 11120
 12460 12683]
47 [ 2890  5322 10067  1651 10067  4323 56932  4337 56946 56932 10376 11211
  8834 13021 13171 11211 56798  5226 17852   746  8192  2701  6151 14021
  5226 15243 10621  1240 15394  7780  3009  6151  2890  9763  7903 56932
  9000  4779 12676  6151 11211 11120  8108 10291 11120  2496  4472 11120
 12460 12683]
8 [11349  5240  3608 10067 15175 27501  9541  4472 11120 14227  9500 56934
 13209 56935 11211 11117  7780  9591 13043  1098 56932 10611  8025  2890
   339  4472 11120  3652  4472 11120  5918  4472  3222 56932 11211 14817
  2632   153  2370  5804  3618  6011 11211 12764 30168  1231  5551  5226
  2732 56931]
14 [ 8493 13745  5127 56932  8047  6151  4151 14971 10611 12569 10191 56932
 10272  1925  5609 11211  5224 14399  5240  3712 10621 11211  5224  5078
  3091  4472 11120   990  9840 11434  1296 56932 13348 56932 13396 11120
  1296 56931 56945 56945 56945 56945 56945 56945 56945 56945 56945 56945
 56945 56945]
27 [ 4151 11376 10067 12122 10621 10067  5692  4473  6678 56946   217  4562
 13822  7083 10621  8643 11120 11140  4472 11120  7261 10067  8876  5972
  4472  2675  4472 11120  8129 56931 56945 56945 56945 56945 56945 56945
 56945 56945 56945 56945 56945 56945 56945 56945 56945 56945 56945 56945
 56945 56945]
4 [ 7868 11120  3933  4472  4151  4822  9330 10291 12366 56934 56946 56935
 56932  5226  5224  4245 10067 15852 11514  8493   944    26  4472  1046
  4472  5804  6101  4472  2496 11874 10621 32905 11211 14340  5226  5224
  7581 56931 56945 56945 56945 56945 56945 56945 56945 56945 56945 56945
 56945 56945]
4 [ 2890 15645  4449 10291  5224  1702 13396 11120  3050  9243 10170 56932
 10153 56943 14775 56932 11972   217 56932  4038 11211  5841 12973  5226
  8290 15422  4472 13622  4472  1381  4562  5224 56942 13396 14108 56932
  1658 10067  7535 15291 11437 56932 10067  9541 13946  8016 56934 13209
 56935 56932]
11 [13396  6226   428 11117 15515  5224  5798  9599  4472  4487  4472 11120
  9584  4472 56942  2861 14260   915  2529  8493 13480 56932 12889  3260
  5226  1231  4584  1240 11122 15301 56931 56945 56945 56945 56945 56945
 56945 56945 56945 56945 56945 56945 56945 56945 56945 56945 56945 56945
 56945 56945]
34 [15394 56946 11211  5224 56946  6197   373  1379  7811 56932  1189  4147
  4472 11120 14614 56946  4472 11120 56946 56932 35591 56946 13396  5224
 10620  4472 14802 10621   207  4562  1231 13676 56946 56934  5804 24092
 25974 56932 13396  1233   577 12764  1240  7780 28117 56935 10621 56946
  4372  4562]
30 [12764  4413  2529 28759  6151 11120 13877 11938 11211 56946  5237  6151
  8596 38785  4151 33920 56946  4472 11120 11093   207 56932  4562 13822
 10219 56932 13371   746  2729  4472 16212 17478 36495 10067 56946 56932
  5217 29951  4161  3721 56946 56932 10621 13371  1240  5787  5226  5224
 56946  4562]
