2 [ 5224  1611  5187 12135  4472  8493 14988  4472  6731  1714 11211 13043
  1252  6644  7246   425  1578 56931 56945 56945 56945 56945 56945 56945
 56945 56945 56945 56945 56945 56945 56945 56945 56945 56945 56945 56945
 56945 56945 56945 56945 56945 56945 56945 56945 56945 56945 56945 56945
 56945 56945]
3 [11120  9745  7861  8703 12135  4472  4151  7396  7453  4472 56946  3420
 56934 56946 56935 56932  8493 14082 11840  4998  5226   995 10067  2689
  6260 13396  5822  5226  1839 10468 56931 56945 56945 56945 56945 56945
 56945 56945 56945 56945 56945 56945 56945 56945 56945 56945 56945 56945
 56945 56945]
34 [ 8630 56946  5224  8450  7956  5224  5328 56932 13554  9222 13371  4188
 10045 12297 12297  1231 11783  4569  6151 14124 12297 12297 12013 11211
 56932 56946 13386 56946  5226  4151  5839  4290  4934 56932 56946  4472
  5804 10276  1711 10291 10702  5226 11648 56931 56945 56945 56945 56945
 56945 56945]
