8 [ 4161  5224  4522  6260 56932  4085  1925 14967  8946  4085  6151  1000
  2890 10772  7974  4562  5224  2333  4472 11122  7916 56931 56945 56945
 56945 56945 56945 56945 56945 56945 56945 56945 56945 56945 56945 56945
 56945 56945 56945 56945 56945 56945 56945 56945 56945 56945 56945 56945
 56945 56945]
9 [23068  1925  9814  4472 14928 13910 54703 10291  9761 14067 56946  3245
  4472 14928 13910  8165 10291 11211 15145 13171 24325 10621 13171  7973
  5226 11122 11211   582  2529  1231  4451 56931 56945 56945 56945 56945
 56945 56945 56945 56945 56945 56945 56945 56945 56945 56945 56945 56945
 56945 56945]
