18 [  425 14804  4472  9786  7780  9511  6151 56940 12486  3624  5804 10472
  8007  5226 11120 11244  4472  4151  7809  4472  1062 56940 56932  7868
  5224  2880 56931 56945 56945 56945 56945 56945 56945 56945 56945 56945
 56945 56945 56945 56945 56945 56945 56945 56945 56945 56945 56945 56945
 56945 56945]
14 [10621 56946 56932 16478 10621 10618 56932 10611 10025 56932  1240 14377
  4472 11120 14329 56932  4472  4151 56946 10621 10067 56946 10621 42047
 56946  5226  5224  9541 11211 14817  6151 11120  1691  1925 13242 13171
  5863 12297  7780 14384 13171  4472 56942   340 12297 11211  7780  6260
 13396 11120]
35 [ 5224 14399  3245  6913 11211  5804  3911 42341  2890  7661  4472 14792
  4472 56942 17235  8100 56934 56942  5895 56935 10621  2890 56946  3196
  4472 56942 17235  8100 56934   683 56942  5895 56935 13396 10267  5039
  4472 56946 56931 56945 56945 56945 56945 56945 56945 56945 56945 56945
 56945 56945]
6 [ 6118  4472  2480  3245   192 11120  8467  4472 56940  6737 56940 56932
 12889   484  1231  2985 13396  5224  9591  4472 11211 11120 13870   418
 11682  6151 15336  8493 11311 11211  5804 12534  8363  5226 13330 56931
 56945 56945 56945 56945 56945 56945 56945 56945 56945 56945 56945 56945
 56945 56945]
17 [ 6118  8165 12990 14235 11211  5264  1240 56946  1633  2828  4472 11120
   611 11211  8783  5226  4151  1539  5224  1782 11262 56932 44851 14900
 56932  6151 13386 13897 12898 10067  5072 56932  5226 12135 13396  9292
 13822 13364 15023 11120  5660  5427 10067  6496 56931 56945 56945 56945
 56945 56945]
19 [11120  7210  4472   261 14201 12948 56932  4472 13478  3183 56932  5224
  2471  4332  4472 11120 10767 10621 11120  8281 10067  5076 56932  8236
 56946 56932  7930 11211 11120  6240 10067 14479  2273 19233  1925  9541
 10067  3786  2861 56940  5224  1437  4472 15590 10044 12764  4498 10067
 11575  4472]
6 [11120  7261  1240  3533 13371  2890 12224  4472 12191 56931 56945 56945
 56945 56945 56945 56945 56945 56945 56945 56945 56945 56945 56945 56945
 56945 56945 56945 56945 56945 56945 56945 56945 56945 56945 56945 56945
 56945 56945 56945 56945 56945 56945 56945 56945 56945 56945 56945 56945
 56945 56945]
27 [11120  1650  4472 11120  8069  4472 10196 11120 12921  6255  9524  2890
  9472  4472   621 10611 12049 12535 11211   981  4472  2047 11120  6544
  4472  8493  9158 10241  5226   425   314 12149  4549 56931 56945 56945
 56945 56945 56945 56945 56945 56945 56945 56945 56945 56945 56945 56945
 56945 56945]
25 [13371 13441  8993 56932  5226  5224  3719 12429 10621  5534  2030 11122
  4595  1231  3612 56932  5224 13242 10341 16655  6151 56946 10621  8532
 11120  4622 10067 12168 14045 56932  4562 13478  5804 16904 11211 18243
  5224  5138 10621  5224 12691  4472  2890  7238 11211  6197  7780  9591
  7645  5226]
15 [ 5224  6783  3667  9909 12321 56932 14454 10067 10982  4274 56932  1240
  1512   217  5226  2283  4472  1231  1431 10067 11255  3786 56932  5224
  6145 13732 56932  1925 11267 12764  5665  5226  4474 13371 56940  5224
  7811  3612 10621 11120  7811 12101 56940  4472  4151  7428 11211 10007
  5226 11120]
24 [ 8493 56946  7384   687 56932 11211  8034  6151  9827  4472 56946 10291
 12764 22115  1231 10767  4472 56940 56946 56940 56932  2332   217  4151
  9910  4472  4392 13371  8493 56940 56946 56940 56932 56940 56946 56940
 10621 12764  8493 12184 12031  4472 10531 56931 56945 56945 56945 56945
 56945 56945]
2 [ 5804 56946 10760 10067  3612  6542  5207   746  3517  5224  7677  7485
  4472 56946 56932  9261 10621  2932 10611 11120  6806 13553 13396  1231
  1958 10620  9198  4354 56931 56945 56945 56945 56945 56945 56945 56945
 56945 56945 56945 56945 56945 56945 56945 56945 56945 56945 56945 56945
 56945 56945]
21 [ 4151 14862  4472  2496  7187 11211 56946  6151 13822 23117  8493  4472
  4151 10384 13171 17762 11211  1240 10875  5331  4151  1493  4472  2890
  5076  4472  5138 56931 56945 56945 56945 56945 56945 56945 56945 56945
 56945 56945 56945 56945 56945 56945 56945 56945 56945 56945 56945 56945
 56945 56945]
17 [12764  5240  3058 40160  1925 12754 14781 10076 56932 11211  1096  2529
  6750  4472    52  6260  8493 15079 10067 12980 12104  5226  5804  4393
  5137 56932  4562  1231 56946  7220 56931 56945 56945 56945 56945 56945
 56945 56945 56945 56945 56945 56945 56945 56945 56945 56945 56945 56945
 56945 56945]
21 [ 4562   424 11575 56932 11211  6151  1231  1004  5240  5224  7811 12355
  4161  4550 13396  5224  3612 56946 56946  5226  8493 13300  4472 11120
   102 56932  8609  7780  5451  4161 11120 12165 15422  5226 11120 11753
   197 10067 11284 10621  1240  7780  6329  5226  5095 10611  5804 32474
 56932 27182]
25 [ 6205 13396  7932 56932 15556  1004  5804 56946 13901  1776  4562  5804
 15400 56946 10621 11120  3671 12133  5226    68 15400 12764 12650 14375
  4151   739  4472  5804 56946 56931 56945 56945 56945 56945 56945 56945
 56945 56945 56945 56945 56945 56945 56945 56945 56945 56945 56945 56945
 56945 56945]
9 [56940  5240 12246  2738  3336  6151 11120  7440 10067 10620  4472  8373
   848   420  3861  4472  4842 56940 56932 15201 14418 56932 13386 11499
 11211   753 11211 12676  6151 11211  1240  4635  4151  1746  7956  5804
  1610  5226 11120 11259 10366  1217 56934 56942 56935 10621 11120 14277
 10067  4842]
3 [56940  9000  4151 13229 10067 14124 12764  4151 11901 14694  5226   424
  6319 56932 10621  4151 13229 12764  1240  8540   929 56940 56931 56945
 56945 56945 56945 56945 56945 56945 56945 56945 56945 56945 56945 56945
 56945 56945 56945 56945 56945 56945 56945 56945 56945 56945 56945 56945
 56945 56945]
7 [15083  4472 13728 14373 10621  8493  7415 14329 12031 10067  6319 56932
  2530  4562 11120  5844 10067  6171 56932 11120 56946  1240 39009 13396
 11120  5157 10067  6171 10621  5224 13185  4472 11120   226 56931 56945
 56945 56945 56945 56945 56945 56945 56945 56945 56945 56945 56945 56945
 56945 56945]
27 [ 5224 13576 15512   780 56946  1630 11211 56940 11120  7300  4472 15072
  5226 11120  1724  7780  8192  5667 10291  1443 56946  6128 56940 10621
  1630 11211  5224   653 10067 14124  5240 56940 33563 56940 56931 56945
 56945 56945 56945 56945 56945 56945 56945 56945 56945 56945 56945 56945
 56945 56945]
7 [ 1793 11120  5887  9490 30930  5226  5224  5995 14378  5137  4472  1795
 10291 11120  8548 24242 56946 56932  8276  4472 56940 56946 56940 56932
 11211   373  4867 56932 10621 10291  5804  7568  8231  5226 13048  2861
  3667  4233 56946 10222 56932  3667   780 56946 56932 13529  9640 56946
 56932  3667]
1 [ 4151  2789  4118  4286  4472  5804 56942 11804  4472  5895  5226 56942
  6151  5804 56942 11804  5226  5224  7871  2689 56932 11122 11211  6913
  8493 15568 10067 56942 13396 14108 56931 56945 56945 56945 56945 56945
 56945 56945 56945 56945 56945 56945 56945 56945 56945 56945 56945 56945
 56945 56945]
5 [11120 14556  4472    26 10621  5039  8916 10067 14358 56932 13211 11195
 56932  5165   217  1925   653 10621  6151  5804  1046 15404 11211 56940
  2162  1302  5226  4151  3336 10125  5226 11120  6255  2568 10621 11211
 56946  5226  4151 10531 11211  1396  2029  3432 56940 56931 56945 56945
 56945 56945]
5 [11120 14556  4472    26 10621  5039  8916 10067 14358 56932 13211 11195
 56932  5165  1925   653 10621  6151  5804  1046 15404 11211 56940  2162
  1302  5226  4151  3336 10125  5226 11120  6255  2568 10621 11211 56946
  5226  4151 10531 11211  1396  2029  3432 56940 56932  6205 13371 10291
 12486 11120]
6 [ 5224  5189 56932  8552  6151  8373   372 10067  4280  3384  5831 56946
 20892 56932  1240  8057  4562   420 13349  5226  1231  6855  6151  8277
 56934 56946 56935 10621 36624  5224  9518  2729  4472 11120 11753  1925
 27155 56932 11211  6376  5544  2185 14931  5115 56931 56945 56945 56945
 56945 56945]
18 [ 9220  4472 11120 15243  1346 11211 11120 15422 22643 13396 11120  2198
  4472 11120  2894  5226 11120  8001  8458  4472  4822  9330  7956 12328
 20375 56940  7952  5226  2370 10067  3432  4472 11120  5430  3537 56940
 56931 56945 56945 56945 56945 56945 56945 56945 56945 56945 56945 56945
 56945 56945]
24 [56940 12889  1969  5850  2890  9198  4472  1510 12297  6299 12297 11122
 56946 10621  9373 18884 10291  8740   424   273  4472 12921  6151 11120
  9707 10067   870 56940 56931 56945 56945 56945 56945 56945 56945 56945
 56945 56945 56945 56945 56945 56945 56945 56945 56945 56945 56945 56945
 56945 56945]
7 [ 5804  6242  1487  1633  5804 11233 11120 13870 10067  8876  9211  5226
   681 10067  6319 56932  5224  4472  1001 56932 11211  6524 13441  5609
  5627  4472  5804 13171  4472  7381 11804  4472  2322 11211 10072  6151
 14055  6151 11120   925 10067  7581  5226 56942 56931 56945 56945 56945
 56945 56945]
1 [ 4151  7375  4472 53241  5226 11775   848 10412 12015  5593   217 56946
 12297 12297   848 15145 56946 10621 14855 11211 12015 56946 12297 12297
 56932  4550  6197  4562  5224 14849  4472 11981  4472 12342 15768  5804
 19067  5226  6260 56931 56945 56945 56945 56945 56945 56945 56945 56945
 56945 56945]
1 [11120 31601  4472  9537  8445  4472  4241 15354 17750 13396 11120 12267
  4472 56946 56946  5224 39781  4472  7898  1416  5534  5224  2792 15394
  3064 56940 56946 56940 10621 11979  1925 11964  4472 56940 15743  4472
 12536 56940  8509  8493  4472 13822 14596  7672  1633 11120  1976 56931
 56945 56945]
4 [ 7868 56946 56932 11120 14753  4472 56946  6524 56946   503  2735 10067
 24742 13396  5224 11211  1240 56946  5804  8834 11804  4472  7872 56934
 56942 11804  4472  5895 56935 50054  6151  4004  5226  9694 10611 56942
 10621 56942 56932  9000 11562 13637  2983 17002 56932 11211  1925  6495
  6950  7709]
19 [  749  3245  4562  1564  4151   621  3797  2370  5224  1428  2792  9923
 39425 56946 56932 15058  6151  8493 18018  1870 44951  4472  9068  6151
  4151 14546 11448  4472   690 11211  7920  1240 56946  6151  7608  4472
 11120 13760  4472  8493 27617  4472 11120  5234  3094 13396  5224 13723
  9923 38284]
7 [ 5804 22040 10067 13468  1288 11211 11120 16085 10067 56946  3387  6151
 56942 13931 56932  4562  8493  5611  4472 56942 13396 20272 56932 56942
  4472  8025  7518  4472 18271  5137 56932  1452 11120 13171  4476 11120
 14508 19179 10922 56932 11211  7494  2890  2689 10621 16490  5226  5224
  5799  6542]
1 [ 5224   653  4472  7797  2048 13396  1231 13171  4415 12925 12031 10621
  3682  5217 11120 10365 56932  5226 56942 56932 15023  5115 56932  5226
 14842 56932  5224 14954  7956 11120  7891  3285 56931 56945 56945 56945
 56945 56945 56945 56945 56945 56945 56945 56945 56945 56945 56945 56945
 56945 56945]
28 [ 5224  9211  5692  4472  9786  6005  6151 42373  4472 22803 56940 13371
  1523  4472 13894 56940 11211  5224 14687  1240 28897  6151 11120    26
  5226  5804  3587  4472  4670  4472 11120  2894 56931 56945 56945 56945
 56945 56945 56945 56945 56945 56945 56945 56945 56945 56945 56945 56945
 56945 56945]
11 [ 5822 10621 13822 13801  1340  5224 56942 13396 14108  4472  4151  8849
 27434  4472 11120 47676 56932  9000  4779 24075  4472  1231 12135 14260
  4151  2171 10060 12764  5593 11211  8493  9745 56946  5224 13588  4472
   812  5226 13171  4472  8493 14073 56932 10621 11120  3448   635  6197
  7494  5224]
9 [ 5804  2208 34478   217 11120  4727 13845  6151 11120 14088  4472  9557
 56946 11211 11095 13822 15271  1925 14802  6151 15254  4472  1296  5226
  5224 15175  4472  9527 13814 10696 56931 56945 56945 56945 56945 56945
 56945 56945 56945 56945 56945 56945 56945 56945 56945 56945 56945 56945
 56945 56945]
5 [ 5224  6949  4472 11120 56942 13844 10067  7900 13987 11122  2834 56942
 19595 56931 56945 56945 56945 56945 56945 56945 56945 56945 56945 56945
 56945 56945 56945 56945 56945 56945 56945 56945 56945 56945 56945 56945
 56945 56945 56945 56945 56945 56945 56945 56945 56945 56945 56945 56945
 56945 56945]
12 [13396  4550 56932 11122 11211  7780 15328  1925   468  5206  8761  5804
  2283  4472 56946 56931 56945 56945 56945 56945 56945 56945 56945 56945
 56945 56945 56945 56945 56945 56945 56945 56945 56945 56945 56945 56945
 56945 56945 56945 56945 56945 56945 56945 56945 56945 56945 56945 56945
 56945 56945]
16 [11120 12695   635 56932 11211 12948  6950 14204 11211  8606 13344  6151
  4151  2062  4472  8493 31788  4472  9135  4472  2890 14573 10067  5879
  3733  4472 11602 11211 15130 12732  8274 56932  1240   262  3245  4562
  8493 10507 13396  4151 19704  6047 10621  2131 12732 10291  6824  4151
  3464 56940]
17 [10621 14914 13371  1240  7780  5756  5217  2892 12297 12297 11211 13974
  4472  3361 11970  1873  5804   266 10067  7581 14931 56946  1231  1381
  6151  8493  1126  5683 10291  5804 56946 12297 12297  1240 56946  5226
  2890 14555 38230 56946  5226 10025 13349  4472  1723 56931 56945 56945
 56945 56945]
24 [11349  5240  3608 10067 15175 27501  9541  4472 11120 14227  9500 56934
 13209 56935 11211 11117  7780  9591 13043  1098 56932 10611  8025  2890
   339  4472 11120  3652  4472 11120  5918  4472  3222 56932 11211 14817
  2632   153  2370  5804  3618  6011 11211 12764 30168  1231  5551  5226
  2732 56931]
24 [ 4151 14368 56932  8373  4472  4151 13171  2983  4472  1352 56932  1240
 15515  1404  5226  5224 12908 11142 10291  5224 12189  7261  4472  8493
 10509  4255  4472   283 10621 13916 11211  9347  5226  9249  4472  9152
 10621  1446  3673  8509  6221 11120 12921 56931 56945 56945 56945 56945
 56945 56945]
22 [11713 12407  2199  4472 11325  6261 10621 56932  5226  5224 16271  4472
 11120 15720  5226 11120 11211 13893 56932  7782  1462  4151  8851 10067
 12361  7513 56931 56945 56945 56945 56945 56945 56945 56945 56945 56945
 56945 56945 56945 56945 56945 56945 56945 56945 56945 56945 56945 56945
 56945 56945]
1 [ 5804 15202  4472 11120  7444  4472 12474   865 16347 16367  6151  5804
 11211 38139  4693  4472 56946 11122  4472 56946 11799  2244 56931 56945
 56945 56945 56945 56945 56945 56945 56945 56945 56945 56945 56945 56945
 56945 56945 56945 56945 56945 56945 56945 56945 56945 56945 56945 56945
 56945 56945]
11 [ 5224  5244 12015  4653 56946 10621 15317 56932 56946  9068  5901  1343
  4472  5804  3692 11211  1240  1013 12571  1925  2821  6363  4472  1638
  6151  8503  4472 13822  7864  2861 56940 56936 11267  7780  4472  2529
 56932 11267  7780  4472  2529 56932  6086 14271 56937 56940 56931 56945
 56945 56945]
24 [15394 56946 11211  5224 56946  6197   373  1379  7811 56932  1189  4147
  4472 11120 14614 56946  4472 11120 56946 56932 35591 56946 13396  5224
 10620  4472 14802 10621   207  4562  1231 13676 56946 56934  5804 24092
 25974 56932 13396  1233   577 12764  1240  7780 28117 56935 10621 56946
  4372  4562]
17 [ 5240 13171 11751  9761  5226 14299 13802 14793  5224 11629 14931 11066
 11211 11830  4472 13853  8493  8364  4472  5804  9094 12889 15145  4562
 11066 56931 56945 56945 56945 56945 56945 56945 56945 56945 56945 56945
 56945 56945 56945 56945 56945 56945 56945 56945 56945 56945 56945 56945
 56945 56945]
5 [ 1231 11435  7780  8192  5224  3612  4472  7394 10810 10621  8752 11211
 15550  5224 14203  3667 11467 56946 56931 56945 56945 56945 56945 56945
 56945 56945 56945 56945 56945 56945 56945 56945 56945 56945 56945 56945
 56945 56945 56945 56945 56945 56945 56945 56945 56945 56945 56945 56945
 56945 56945]
20 [ 5224 16122  5953  6151 16799 11120  6471  4562 11120 14433 10621  4151
  2452 56932 56946  5226 12135  4472 11120 17311  5012  4472 11120  6685
 56933  9000  4161  5804 15721  4752 10621 15723 12764  1240 18798  1862
  5226  5224   175  4472  6471 13371 12297 11055 10067  2597 12297 10621
  7976  7945]
16 [13396    19 12135 56932  9379  6523 14473 11211 11120  6675  4472  5272
  1925 13913  4472  5804 10798  4472  7394  4472  6387 56932  5410 10621
 10621  4249  5226 11471 56932  4026  8493   281 10291 11293  6151  9687
 13822 14436 56931 56945 56945 56945 56945 56945 56945 56945 56945 56945
 56945 56945]
11 [ 2339 10067   653  5692 14891 13248  6151 11120  6544  4472  8493 13721
  4472  8070  4472  4022  4472  1079 13946  5226  5224  6319  5692 56931
 56945 56945 56945 56945 56945 56945 56945 56945 56945 56945 56945 56945
 56945 56945 56945 56945 56945 56945 56945 56945 56945 56945 56945 56945
 56945 56945]
36 [ 5314 56946 11211 12297  5224  8907  4472 11673   445  4472  8070  5240
  9064 56932 10621  5224 16058 11211  5293 56932 56946 56933 12764  1240
 14190  6151 11122 11211  7780  9228  1452 11120 26775  9823  4472  4151
 12831  4472  3572 12297 56931 56945 56945 56945 56945 56945 56945 56945
 56945 56945]
8 [ 9000  5224 13247    85 10753 56932 10621 11120  2262 10067  2672    65
  8493   281  5226 11120 11079 10067 31278 56931 56945 56945 56945 56945
 56945 56945 56945 56945 56945 56945 56945 56945 56945 56945 56945 56945
 56945 56945 56945 56945 56945 56945 56945 56945 56945 56945 56945 56945
 56945 56945]
19 [ 5800  6101 23353  6151 11120 48792 21575 56932  5804 14543 56946 11120
  5532 10067 28211  4562 15058  6151  4151 29223  4472  5804 10095 10621
  5804 54616 56931 56945 56945 56945 56945 56945 56945 56945 56945 56945
 56945 56945 56945 56945 56945 56945 56945 56945 56945 56945 56945 56945
 56945 56945]
