8 [ 4472  9198  5815 11211  4151  8165  5708  2745  9511  6151  9678  5224
 10511 12297 12297 13171 13276  5226  5804  2974 12297 12297 10621  6151
  2158  5804  5657  4472  7425 12297 12297  8870  1728  4472  7243 13402
 10621   414 13171 13084 12297 12297 56931 56945 56945 56945 56945 56945
 56945 56945]
15 [ 5224 11010 10067  3053  4472 11120  6488 10067  4584 10067  2792  1909
  7380  6619  7780 15076  6950  6151  9537 11211 11041 10570 13396 12764
 12802   848  4518 11211  9388 12764  1240  9633  4472  3260  4472 11122
 11211  2048  5226  5224  1926 56931 56945 56945 56945 56945 56945 56945
 56945 56945]
