20 [ 8509 13822 56942  1362 56932  5224 56946 13145 13933  1200  5224  2689
 56942  6151  5804 15611 10700 10067  1926 56932  2721 13396 14564 14557
 10621  2740 56931 56945 56945 56945 56945 56945 56945 56945 56945 56945
 56945 56945 56945 56945 56945 56945 56945 56945 56945 56945 56945 56945
 56945 56945]
36 [ 7868 56946 56932 56940  1240    58  4472 11211  2464 56946  4472 14847
  1925 13105 11085 11211 11606 10290 11120  9849 10621 11211   546  5217
  5224  7560  4472 11120  6275 12957  4472 13732 56934 56946 56935 56932
  6534 13396  5224  3538 11085 10067 25634 56932 11211   373  5226 14614
  4472  9805]
46 [ 4562 11120  5474  4472 11360  6361  8428 11211   424  2689 11120  7037
 11120  1396  5979 56942 13763  3947 56932 56942  1332 56932 56942  5696
 10621  5224  7992 56932  5226  8870   661 56932  8100 56932  8487 56932
 13582 56932   663 56932  4161  5307  6151  5804 56942 11211 14605  5226
 15497 56931]
