19 [  428  3585 11211  4151  6734  7788  4472 11646 11899 10067 11925  8540
  5307  1925  8351 10621 47364 13371  1233 13892  4931 34760 56931 56945
 56945 56945 56945 56945 56945 56945 56945 56945 56945 56945 56945 56945
 56945 56945 56945 56945 56945 56945 56945 56945 56945 56945 56945 56945
 56945 56945]
47 [56940  1240  5924  4472 11122 11211 10501  4562  8330 10621 32762  4472
  4151 14821 14729 56932  1882 11211 13371  1340   692  7329  2256  5199
 15488 10291 56946 10621 55144 56946 56940 56932 15201 10950 56932 13386
 11499 11211  5804  1169  4472  4151  6857 10621 13879 14729 56940   865
  5804 14821]
