28 [   19  6098 17873  5240 11120 10067 13488 10067  8967  4472  8483 10291
  5224 11627  5432 56932 21400 38486 56932 13386 56946 12948  5226  3868
 11211  1352  9840   494  8244  5226  5157 10067 15505 56931 56945 56945
 56945 56945 56945 56945 56945 56945 56945 56945 56945 56945 56945 56945
 56945 56945]
9 [ 8409  3156  5226 11211 11120  8139  4472 11120   358   373  5226 11400
  5226 13439 56932 10621  1233  1240  4473   425  3874 10621  4151 56946
 11144  1925 56946 10621  1925  9111 56932 56940  1469  4977 56940 56932
  1117  5224 14479 56931 56945 56945 56945 56945 56945 56945 56945 56945
 56945 56945]
30 [42385 56946 14039  4472  2529  5224 17371 19418  5534 56932  6151 13011
  4472 13330 56932  5224  9120 56946  8037 11211  5240    27 13396 12135
  4472  7132 10067  6340 56932 11211  7952  5226  5224 10292  9394  5137
 10621 11211 14717 56942  5699  2102  1925  7977 13396  9916 25873 56931
 56945 56945]
