12 [56946 12764  6006   217  8509 11120 12689 10621  7913  5224 11950  6151
 56946  6151  5804  9996  4472  2107 11273 56932  7898  4472  5804  4705
  4563  6229 13822 15564  2735 10067 17477 10067  6519 13396 17941  5226
  1156  6151 11120 14299  4472  5804 13272 15808 56931 56945 56945 56945
 56945 56945]
24 [13280  8373 11970 56932  5224 12361 15288  8352  2691 29228  8212  5226
  3222 11211 13662   809   297 11120  7253 10643  4472  7384 10291 14184
   273  6151 56942  5137 10067 13215  5226  5224 10778 56931 56945 56945
 56945 56945 56945 56945 56945 56945 56945 56945 56945 56945 56945 56945
 56945 56945]
4 [ 8493   437  2940  6151 56946  4472 14555  6151 56946 56142 56931 56945
 56945 56945 56945 56945 56945 56945 56945 56945 56945 56945 56945 56945
 56945 56945 56945 56945 56945 56945 56945 56945 56945 56945 56945 56945
 56945 56945 56945 56945 56945 56945 56945 56945 56945 56945 56945 56945
 56945 56945]
45 [ 5224  5078    85  9591  5224   972  5226 16796  8105 56932 14792 10067
  7581  4472  9249 13977  2553 18348 56932  3828 13073 11120 47676 56932
 13396  5224  2792  4472 56946 56932 15043   576 56932 13386  1040 11211
  5822 10621 13822 13801 21534 11673 11851 10291 14184   273  6151 11120
  4212 10611]
10 [ 5534  5224 15063 16048 13396  5224 54665 11211  6151 13290  5107  7494
 15630 14802 10621 12684 56932 11120 13450  5240 11227 56933  9000  1233
  5224 56946  6950 16945 11120  2656  5217  8493  1914 10054 56932 27645
 56932 52789  5226  5224  4667  4472 11122 23531 56931 56945 56945 56945
 56945 56945]
