10 [11120  6805 15161  5147   217 56932  8788 56932 11211  7780  3924 11120
 12742  4472  2890 15316  4472  5997 13396  5224  7082 56946  8943 12139
 56934 14931 56935 56932  8468  6641 56934  5236 56935 10621 12613  6615
 14030 56934 56946 56935   805  5224  7057  4561  4472 12424 14729  2844
  4472 12381]
7 [ 5804   404 11845 10621  7991  1149  4472  5115  5224  8485 11554 56931
 56945 56945 56945 56945 56945 56945 56945 56945 56945 56945 56945 56945
 56945 56945 56945 56945 56945 56945 56945 56945 56945 56945 56945 56945
 56945 56945 56945 56945 56945 56945 56945 56945 56945 56945 56945 56945
 56945 56945]
6 [ 5224 12170  8642  6151 11293  6151  9687  5488 11176  8509 11120  8290
 15093  4472  5198 56931 56945 56945 56945 56945 56945 56945 56945 56945
 56945 56945 56945 56945 56945 56945 56945 56945 56945 56945 56945 56945
 56945 56945 56945 56945 56945 56945 56945 56945 56945 56945 56945 56945
 56945 56945]
26 [ 6118  4472  2480  3245   192 11120  8467  4472 56940  6737 56940 56932
 12889   484  1231  2985 13396  5224  9591  4472 11211 11120 13870   418
 11682  6151 15336  8493 11311 11211  5804 12534  8363  5226 13330 56931
 56945 56945 56945 56945 56945 56945 56945 56945 56945 56945 56945 56945
 56945 56945]
37 [ 5224  3786 56932  6890  2023  1240 11667  4562  5224  2792  8016 56932
 14561  9502 56932 10291  1443 11211  5224   653  5349 56940  4472   826
 56940  4151  1625 12618  6151  5804 10758 56932 14260 14931  3694 12764
  2495  7303  5224 12761  1925  8595 56931 56945 56945 56945 56945 56945
 56945 56945]
34 [ 5224  7450 56946 56932  5224 13723  4472 15370 11211  6172 10291 11148
 13396  5583  2890  3172 10471  5226  5224 13579 56932  7494  1076 12095
  2890 14555  1602  6151 11120 12815  4472 13579 10291 11211 56946 11120
 14564 13524  3046  4472  9390  2034 56931 56945 56945 56945 56945 56945
 56945 56945]
32 [11120  5844 10421 48191  8943 56934 15191 56935  5165   217  6151 12379
  5452 10621 12795 11211  1240 56946  1156  4693  1925 12301  5432  4472
  7361  4472  4151  5581 56946 10621 31834  4472  9701 11669  7944  4472
  8865 56931 56945 56945 56945 56945 56945 56945 56945 56945 56945 56945
 56945 56945]
6 [13525  5165  1925 10386 15445 11211  2670 11120 11791  7956  5224  6058
 10621  5147 11211  5226  9888 11120 13778  9260  2890 21862 16511  4472
  4151 11622  4472  5804  8014  4472  6058 56931 56945 56945 56945 56945
 56945 56945 56945 56945 56945 56945 56945 56945 56945 56945 56945 56945
 56945 56945]
15 [  907  6151  9379 13767 56932 11120  9158  1606  4472 14030  2844 12764
  7780  3517  4472 13882 14352 13908 56932 13371 15285  5226  1231 13676
 13004  7956  5908 11038 11120  6805  3682 10291 11631  3426 10621  5224
   521 56934 56946 56935 56931 56945 56945 56945 56945 56945 56945 56945
 56945 56945]
17 [ 1352 56932  5224  4188  4285 10621 15639  5972  4472 10766 56932  9353
   217 56932  3786 56932 11211 13776 10899  5224  2445  4472 11016  4472
  9835  3301 13396 11120 11556  4472  5804 10700  9362  4472 10766 56934
 56946 56935 10291 13853  8493  4188   657  5226  4151  4558 13901 10067
  6604 56931]
18 [ 5224 13723 10208 15512 56946  1925   653 56932 11120 11259 12921  5226
  5224 10107 10067 14084 56932 11211  1037  7096 17698  4562  4151  8589
 11211 14340  5226  5224 10386  2355 56932  4562  4151 14218  4472 15544
 10621  4562  5804 12534  4693  4472  6607 11120   990  4472  8468  6862
 13593 56931]
14 [ 1233  5224 13365 56932 11211  6226 11122 56946 56932 12764 11117  6984
 11211  8606  5115  1231 56946 44527 11697 56932 56946  5487 56946 56931
 56945 56945 56945 56945 56945 56945 56945 56945 56945 56945 56945 56945
 56945 56945 56945 56945 56945 56945 56945 56945 56945 56945 56945 56945
 56945 56945]
28 [ 5224 13488  9823 10067  1956 11979  9379  7795 13371 56940 11120 15107
  4472  2890 11215  9698 56931  5240 11120 13300  4472 11211  5224  9809
  6095  5240 13977 10621 14191 11120  8134 10067 14802 56940 56931 56945
 56945 56945 56945 56945 56945 56945 56945 56945 56945 56945 56945 56945
 56945 56945]
8 [56940 10291  5224  8590 56942   838  7806  6151  1000  4151  3455  7849
  5226 15018 56931  9000  5224 13348  7709  2529  5224 11950  4472 13171
  6292 56931  4151  5008   865  1379 14928 56940 56932  3655  2559 56931
 56945 56945 56945 56945 56945 56945 56945 56945 56945 56945 56945 56945
 56945 56945]
0 [14039  1231 21069  7707  8910 10291  2135 11120 15107  4472  4938 12764
  1340 12771 11372 48229  4472 11120 11211 15224  1618 56931 56945 56945
 56945 56945 56945 56945 56945 56945 56945 56945 56945 56945 56945 56945
 56945 56945 56945 56945 56945 56945 56945 56945 56945 56945 56945 56945
 56945 56945]
2 [10111  6151 11174 11120   358  5226 11120  9745  8509   683  9794  5137
   848 56932  5226 10025 15657 56932  6151  1353  5224  3299 13396  8223
 56932  9000  5226 11813 13440  7494  5224 12691  4472  8493  9556 17480
  4472  2890  2445  4472  2677 11211 56946  4151 11211  5226  1231 11950
  7709  6330]
31 [ 4161 11120 11374 56932  5804  1169  3882  8540  3956  2890  5715  4472
 56942   916  5709 56934   683 56942  5669 56932  8448  4472 56942  5699
 56935  4472  5804  2704  5226  5804 11211  1775 13822  5422   848 10734
 13822 12474 56931 56945 56945 56945 56945 56945 56945 56945 56945 56945
 56945 56945]
35 [ 4161 11120 11374 56932  5804  1169  3882  8540  3956  2890  5715  4472
 56942   916  5709 56934   683 56942  5669 56932  8448  4472 56942  5699
 56935  4472  5804  2704  5226  5804 11211  1775 13822  5422   848 10734
 13822 12474 56931 56945 56945 56945 56945 56945 56945 56945 56945 56945
 56945 56945]
12 [56940  4550 56932 13171 11211 56946 10621 56946 56932 11304  7494 11211
 11148    13  2052 10291  9496  6151 11358 11120  8069 10067 56942 56940
 15201 14105 13386  1015 11211 56940  2044 11211  1000 11149   464   953
   753 11211 12735 10621 12819  4562 11120 12673  5013 10621 10703 11211
 10291  5224]
18 [12049 10050  3416 11211 11120  6390    85 56940 12407 19682 56940 56932
 10621  1402  7427  7520 11148  6151 10912  8493 11851  4472  1242  1925
  8826 11211 11120  6614    85 56940 10124 10291 15232 56940 56931 56945
 56945 56945 56945 56945 56945 56945 56945 56945 56945 56945 56945 56945
 56945 56945]
15 [ 5224  4569  4472  2892  6151 11120 12695 10067   653 56932 15195 56946
 56932  1240  7780  5788  1691  4472 12033 56946 10621  6128  5254  5226
  5804 56942  5137  5226 11211  7780  8192  2141  4472  1361 10621  4472
 12695  4472 11120  9849 56932  9000  1231  8909 10471  5240  8493  2543
  6197 11211]
6 [ 5224  9328  8642  6347 13171 10621 22806  2890  6480  3233 13802   775
  1231  3304  5226  5224  6480  8658  5226 13554 11211  5224  3612 15169
  8642 34194  5224  6480  5226 13662 56932 12407 19298  8509 11120 11093
 12135 56931 56945 56945 56945 56945 56945 56945 56945 56945 56945 56945
 56945 56945]
15 [ 3245  5224  1782  4472  5804  5634  5483 56934 48111 56935 56932 12760
 15105  5501 56932 56946  4151 56940 56946 56940 12792  4472  5804  3618
 10067 12100  5254 56931 56945 56945 56945 56945 56945 56945 56945 56945
 56945 56945 56945 56945 56945 56945 56945 56945 56945 56945 56945 56945
 56945 56945]
7 [ 1793 56932 29767  5165  6151  9019 11211 39759 11120 12040  4472  8493
  6805 10212  4472 11791 56940 10291 10851   405  8165 56940 10621 15005
  1925   653  4472 11211 10475 56940 56946 56940  6151 11120 14294  4472
  4004 56932  1233 56940 11562 56946 56940  5226 12676  6151  2135  5224
 13004  4472]
27 [ 5224 14479 10067 12741  7780 13091 11120 11124  4472  2462  3539 56932
 13386  7780 14384  8373   340 56932 10621  1240  7780  7467  6151  8826
 11211  1240  7780  5788 11120  6240 56931 56945 56945 56945 56945 56945
 56945 56945 56945 56945 56945 56945 56945 56945 56945 56945 56945 56945
 56945 56945]
16 [ 5224   653 22062  1694 11120 11311  4472 11120  1391 13371  8493 56940
  7002 56946 56940 10621  7955  2890   994  4065 10067 11744 56931 56945
 56945 56945 56945 56945 56945 56945 56945 56945 56945 56945 56945 56945
 56945 56945 56945 56945 56945 56945 56945 56945 56945 56945 56945 56945
 56945 56945]
16 [56940  2199  4472  2349  6151 11075  6894  4472 13822 13272  4472 12702
 56932  4365 12301  4472  8826 13822  7025  4472  3825  8493 13408  5226
 11120  2125  4472 10880 56940 56932 15285 56931 56945 56945 56945 56945
 56945 56945 56945 56945 56945 56945 56945 56945 56945 56945 56945 56945
 56945 56945]
39 [ 4973 37911 56932  2792  4472 11120 10260 13524 21922 13149 56932 11499
 11211  5224 13513    85   880 13396 56940  9394   465 56940 10621 10272
 11211  7780 14043  1925  9230 10246  4472 12336  9121 56932  4758 13662
  9992 56932 11211  1191 14122 12831 56931 56945 56945 56945 56945 56945
 56945 56945]
29 [56946  7780 14043   217  5226  3213 56946  6151  5804  7114  4472 11120
  1976  4472  5804  7345 56932 56946 56946 56932 10621  4472  4151  9269
 56932 56946 56946 56932 11211 56946  2890 14555  3161  4472  5804  2322
 56931 56945 56945 56945 56945 56945 56945 56945 56945 56945 56945 56945
 56945 56945]
1 [12650  8147  5804 14543  5534  5924 56931 56945 56945 56945 56945 56945
 56945 56945 56945 56945 56945 56945 56945 56945 56945 56945 56945 56945
 56945 56945 56945 56945 56945 56945 56945 56945 56945 56945 56945 56945
 56945 56945 56945 56945 56945 56945 56945 56945 56945 56945 56945 56945
 56945 56945]
7 [ 5224 16090  4472  5804 16118  9490  4472 25441  5224  9283 16311  4472
   995 10067  2689 56942 56932 13280  4550 56942  5137 56931 56945 56945
 56945 56945 56945 56945 56945 56945 56945 56945 56945 56945 56945 56945
 56945 56945 56945 56945 56945 56945 56945 56945 56945 56945 56945 56945
 56945 56945]
34 [ 5224   870 10067  5683 13579 56932 13662 10067  5928 56932 11117 14039
   375  4472 11120  1562 11211  1240 12765  1296  3786  1925  9102 27155
  6151 13686  6894 10621 14524 15105 56932  6151  5804 11211  4473 12413
  5226 13072 10067  9541  4472 16932 10067 11255  8788 56931 56945 56945
 56945 56945]
4 [56940  2434 12764  7709 26585 11120  1961 19008  4472  4151  8155 56940
 56932  1015 56946  8509  2890 15120  7956 14233  9883  5226  5224  4440
 56932 10621 56946  6151 11211  6197  1240   746 14843  9905 56946 56931
 56945 56945 56945 56945 56945 56945 56945 56945 56945 56945 56945 56945
 56945 56945]
4 [ 5224  2445  9193 11562 16908  5589  4571 56932   907  6151  5804 13171
  4472   420  5137  4472 18660 10621  5226 11122 11211  3645  4472  2689
  6197  1240   746 56946 56942 15461 56932  2890 56942 13396 14108 13171
  5226  4262 56946 56931 56945 56945 56945 56945 56945 56945 56945 56945
 56945 56945]
2 [56936 13933 56946   424  3644 56937 12297 12297 56931 56945 56945 56945
 56945 56945 56945 56945 56945 56945 56945 56945 56945 56945 56945 56945
 56945 56945 56945 56945 56945 56945 56945 56945 56945 56945 56945 56945
 56945 56945 56945 56945 56945 56945 56945 56945 56945 56945 56945 56945
 56945 56945]
3 [ 9000  6950  2214  1898 11120  5229  4472  2892  5534  5224  5688 14098
  4472  6141  5804  1954  4472  5804  8011 10621  1240 56841 14931  6403
  6151 11120 14299  4472  8493  3174 21682 56931 56945 56945 56945 56945
 56945 56945 56945 56945 56945 56945 56945 56945 56945 56945 56945 56945
 56945 56945]
13 [ 9000  6950  2214  1898 11120  5229  4472  2892  5534  5224  5688 14098
  4472  6141  5804  1954  4472  5804  8011 10621  1240 56841 14931  6403
  6151 11120 14299  4472  8493  3174 21682 56931 56945 56945 56945 56945
 56945 56945 56945 56945 56945 56945 56945 56945 56945 56945 56945 56945
 56945 56945]
30 [ 5224  2792    91 56932  6349 15520 56932  7780  3924  5224 15038  4472
  1231  3879  9243 56932 10556  2828 56932 13386  1240  3623 15009  6151
  9493  6151  5804 14304  4459 11211 56946  4151 10633  9842  1925  8699
 56932  9877 13396  4151 12831  4472  6393 56931 56945 56945 56945 56945
 56945 56945]
17 [ 5804 13171  1899 56932  8415  7394  4472 10611 56942 10621 56942  5137
 56932  7898   494  4016 56932 56946   598  4472 13806 56932 20284 10621
  7258 56946 56932 11211  5280 11451 10291 13822 13840 10621 10291 14335
  6157 56931 56945 56945 56945 56945 56945 56945 56945 56945 56945 56945
 56945 56945]
19 [ 5226  1231 10785 56932  5224 56946  9823  4472  2654  6485  5226   425
   989  6151  5224 13640 11211  1231 10101  3349 14412   853    59  7956
  5804  6361  4472  4276 13371  9852  6151  4151   621 11211 14629  5804
  6829  5217 11120  7070  4472  8945  2370 11120 14611  1912 56931 56945
 56945 56945]
30 [ 5331  4151 26835 56946 13396  4151 11899  4472 11211 11120 37805 10067
 50687 12764  7494 15652 10611  8373 12379  9220 56932 10621  4472 11211
 11120 13450 11697  5240 33563 56932 15257 10219 10621 12764  1146  6151
  5804 56946 56932  5992   311  5224 12684  4472 56940  2188  2890 14399
  4922 56940]
5 [14931 11744 56932  6950  1240 10072  3765  4472  5628  4200 56932  7868
  6118  4472  5804  2402 56946 56932 11211  1240   746  9591  5003  4472
 11120 11791 56931 56945 56945 56945 56945 56945 56945 56945 56945 56945
 56945 56945 56945 56945 56945 56945 56945 56945 56945 56945 56945 56945
 56945 56945]
46 [ 9528 11211 11127  5226 11120  7508 10067  6319  5692 10291 33119 56946
  4151 10219 56932 10621  1240  6183  1233  8493  3174 32462 56932 29456
 13396 11120  9927 10621 11120 15380  2106 56932 11211   373 13941  5224
 10522  4472 11120 14227 11091 56932 12764  3645  6151 10778 11620  1231
  3474 14687]
11 [ 1793  4472  5487 11898  6151  5804 25100 10842 56932  1254  8560 12305
  1231 25241  4562 14821 10555 10291 10530  5224 17693 56932 14184  4152
  6151 11120  7308 30007 10621  3341  4151 11001 20686 56931 56945 56945
 56945 56945 56945 56945 56945 56945 56945 56945 56945 56945 56945 56945
 56945 56945]
11 [ 5224 14749 16594 56946 56932  8993 14915 56946 56932 12764  4091   705
  1231 39781 10621 15023  2678  2370  5224 12796 15884 56946  3502  1231
 53391 56932  9000  2370  1231 11765  8374 56931 56945 56945 56945 56945
 56945 56945 56945 56945 56945 56945 56945 56945 56945 56945 56945 56945
 56945 56945]
38 [42385 56946 14039  4472  2529  5224 17371 19418  5534 56932  6151 13011
  4472 13330 56932  5224  9120 56946  8037 11211  5240    27 13396 12135
  4472  7132 10067  6340 56932 11211  7952  5226  5224 10292  9394  5137
 10621 11211 14717 56942  5699  2102  1925  7977 13396  9916 25873 56931
 56945 56945]
9 [ 5224  1381 14577 56932  5951  1925 10067 14358 56932 51658 11120 11334
  4472  3077  4472  5804  5634 10291 11211  5226  6221  1723  1240 56946
  5804   464 11059 10621 54216  4472 15993  9136 56931 56945 56945 56945
 56945 56945 56945 56945 56945 56945 56945 56945 56945 56945 56945 56945
 56945 56945]
23 [11120 11556  5226 14299  4472  5804 13272 10067  3187 56934 56946 56935
 56932 11120 11093 11211  2332  5804 15157 56932  7780 11682  6151 10282
  1882 10291  7882  6151 11120  9849 11211  9022  5224 16813  4472 11120
  3077  4472 14028  4472 10374 10621 11211  1240 56946  4151 12453 56931
 56945 56945]
31 [11120 11556  5226 14299  4472  5804 13272 10067  3187 56934 56946 56935
 56932 11120 11093 11211  2332  5804 15157 56932  7780 11682  6151 10282
  1882 10291  7882  6151 11120  9849 11211  9022  5224 16813  4472 11120
  3077  4472 14028  4472 10374 10621 11211  1240 56946  4151 12453 56931
 56945 56945]
12 [ 4151  9188 56946 56932 11211 23256  5224 56946 10067  4842  5047 56932
 56946  5804  4900  4472  4151 56946 38385  5226  5804  5093  4472  5804
 12884 56931 56945 56945 56945 56945 56945 56945 56945 56945 56945 56945
 56945 56945 56945 56945 56945 56945 56945 56945 56945 56945 56945 56945
 56945 56945]
8 [ 5804 13801  4472 11673 11556   746 11682  6151  2259  3104 13595  7956
  8493  1958  4022  4472  5973  3682 13396  4151   739  2291 15023  1127
  5224 11478  4472 14535 56931 56945 56945 56945 56945 56945 56945 56945
 56945 56945 56945 56945 56945 56945 56945 56945 56945 56945 56945 56945
 56945 56945]
13 [11604  1009 11211 56932 13371 12013 56932  5224  3104  4472 10050  2669
  4472  4189  2890 15316  4472  3077  4472  7891 10067  1951 12683 10291
 11211  5804  3692  9658  9232  6151 13822  7864  4562  1490  4136 56932
   494   957 56932 12889 12543    60 10722  5414 56932 11149 10166 56931
 56945 56945]
14 [ 5804 13171 18331 56946  2890 56946  6151 11120 14630 56932  6151 11120
  9579 11211 56946  2890 56946   848 56946 56931 56945 56945 56945 56945
 56945 56945 56945 56945 56945 56945 56945 56945 56945 56945 56945 56945
 56945 56945 56945 56945 56945 56945 56945 56945 56945 56945 56945 56945
 56945 56945]
47 [ 5224 56946  7198 10703 56932  9000 17589  1148 14802 56933  5224  5738
 56932 53746 10621 56946 13371 14914 13396  5804 22334 11211 11236  4472
  1231 56946 56946 56932  6950  1240 18541  6151  1168 12675 10621 12764
 37879    13 12479 11211  5224  4472  1231 12759  8284 56932 11372 14102
    19 13277]
2 [56946  6151 10375  5804  1063  4509 10621  4151 56946  4472 13439 56931
 56945 56945 56945 56945 56945 56945 56945 56945 56945 56945 56945 56945
 56945 56945 56945 56945 56945 56945 56945 56945 56945 56945 56945 56945
 56945 56945 56945 56945 56945 56945 56945 56945 56945 56945 56945 56945
 56945 56945]
38 [ 6151  2890  2444  4144    44    13 56932 10621    13 13171 56932 56946
  5226   932  5804  4533  4472 11120 12759  7626 56932  5226  8493  2928
 14931   273 56933  5226  8493  2507  4472   545  4472  4151  6144  5226
 11120 11211 11597  8865 10267  1004 13171 10621 13171 13627 56931 56945
 56945 56945]
13 [ 4550 56932 56942  5137 15083 56932 24442  4472  2529 12297 56946 12297
 10621  7333  4562 15556 15883  5224  6542 10067 23307 10621  5224  8984
 14931 56946 56943 56945 56945 56945 56945 56945 56945 56945 56945 56945
 56945 56945 56945 56945 56945 56945 56945 56945 56945 56945 56945 56945
 56945 56945]
16 [10621 56932  1793 56932  1240  7780 32702  6151 13822 56946  5226  5224
 19782  2861 12297 12764 12455  5224 21612 56932 12764 15034  5224  5340
 56932  5240 37397 10621  8964 11122 12675 11211  5804  5596  5483  9000
 56946 56931 56945 56945 56945 56945 56945 56945 56945 56945 56945 56945
 56945 56945]
14 [18552 14378  5137  4472 15459 34278 10621  1240  6376 11120  7069  4472
 11211  9490  2779  3455 10291  4151 11211 17152 11211 12764  4125  5321
 13396 13822  5052 56931 56945 56945 56945 56945 56945 56945 56945 56945
 56945 56945 56945 56945 56945 56945 56945 56945 56945 56945 56945 56945
 56945 56945]
10 [ 5224 11131  7780  9002 12002 11211  8361 11581  5088  6151 11755  1883
  5226  9888  4562  8493  8581 10621  8682  4476 56932  6151 11120 11211
  5207  7780  8192 15526  6647 56931 56945 56945 56945 56945 56945 56945
 56945 56945 56945 56945 56945 56945 56945 56945 56945 56945 56945 56945
 56945 56945]
