35 [  788  4472  5804  4908  7329  4472 11120 56946  8321 38922  7956  1233
 11120  4670 10478  6667   739  5631  5226  9161 10621  5224 13804 11096
 56932 11211  4472  7397  6151  8373  5137 11526 11872  1233  1240 20311
  6151 11120  9893  7253 56931 56945 56945 56945 56945 56945 56945 56945
 56945 56945]
42 [ 4562 11120 13269  4472 42718 10067  7057  4472 11120 47676 56932   884
 15175 18348 10621  5804  7568  3911 32541 35683 11120 15459  4472 11120
  9745 13396  2890 14568  4472 56942  3861 56932  1925  9687  4472  5804
  4705  5224  8224  6667 11211  2529 12190  6151  5804   453 13801 33944
 56931 56945]
