19 [13135  6151 14016 56940  5240 11122  7811 11211 11117  7709  2426  6151
 14134 56940 56932  7868  6338 56932 13386  5226  6873  7809  7780 13091
 11211  5224  1431  7494  5574 56940 11996 56940  9000 11211  1231  3612
  3245  7494  5318    61 56932 56940 12889  5226    19 13704 56940 56931
 56945 56945]
8 [56940  5224  1403 10621  5224  2797  2517 11293  5226 15154  2890 10732
  4472  8165  1317  5226  5224 11211  1240 12730  5226 14662  4151 13910
 10067 14679 15227 56940 56932    11  5224  7580  4472 11120  2894 56931
 56945 56945 56945 56945 56945 56945 56945 56945 56945 56945 56945 56945
 56945 56945]
6 [ 5217 11211 11120  2142 12739 14184  6151 13588 11120 15426 56932  5804
  9140   746  8192 56932  4562 13822  9105  4472  1728 56932   911   848
 11937 56932  5804  9251  6902  2427 56931 56945 56945 56945 56945 56945
 56945 56945 56945 56945 56945 56945 56945 56945 56945 56945 56945 56945
 56945 56945]
