13 [14315  5226 11120  9868  4472  1231  7415 13439 56932  1240  7997  6151
 11358 48803  7363 51726 15794 13502  4151 12850 18416  5226   587 11211
  4473  1231  7132 12297 12297  4246 13396 11120  4836 10067 11239 56932
 56946 56946 12297 12297 56932  8493 29743  4006  4472  2260 56946 56931
 56945 56945]
13 [ 5224  7450 56946 56932  5224 13723  4472 15370 11211  6172 10291 11148
 13396  5583  2890  3172 10471  5226  5224 13579 56932  7494  1076 12095
  2890 14555  1602  6151 11120 12815  4472 13579 10291 11211 56946 11120
 14564 13524  3046  4472  9390  2034 56931 56945 56945 56945 56945 56945
 56945 56945]
35 [ 5224  4332  3268  4472  5804  2402 56946  5226 14123 56932 10827 10867
  8615 56932  6351 12948 11211 56940    85  2890  2642 12764 14566  6151
 11120  4816 12683 56940  5534  5224  9544 13396 11120 14675 11430  8122
  5224 15175  4472 15538  8509 14378  1362  5226  9028  4472 11211 10481
 13822 56946]
49 [12764  1240  8777  8834 10013  4472  6480 10621 56946 56946 56932  5224
  7220  4472 11120  3061  4472 11120 12921 56932 15285  7956  5224 12433
  4472  6480 11122 11211  1240 56946  5226 13822 13864  5534  1132  6151
  3969 11211 11120 14299  1940 56932   980 56946 56932  8946 12134  2861
  1231 29212]
7 [ 8630 11211 10291  5804 29899 16079 10621 16113 11120  6670  5240  2890
 29585 11211 11910  6151  6086 56931 56945 56945 56945 56945 56945 56945
 56945 56945 56945 56945 56945 56945 56945 56945 56945 56945 56945 56945
 56945 56945 56945 56945 56945 56945 56945 56945 56945 56945 56945 56945
 56945 56945]
21 [ 6151 15099 10067  6260 14724 56932 11120  8108 56946 56932 11211  5226
  1884  7494  3073 11350 56932  8882  6151 14777  8589 47273  8493 11518
  4472   683 56942 11804  4472  5699 13396 11120 12673 14251  2861  4563
  3301  5224 11955  1925 16688  4472  4151 11388 56931 56945 56945 56945
 56945 56945]
4 [14201  8902 12948 13396 56946  5224 14339  4472 11120 25159  4472  4151
  2677  1791 10621   981  5224 18373  5226  6990  5804  8021  7893  5226
   424  4667  5226  5606  8493  1126  4472 13478  5804  6717 13171 14956
 56931 56945 56945 56945 56945 56945 56945 56945 56945 56945 56945 56945
 56945 56945]
12 [ 9000  8596  8946  4472  1225 56946 10621  6950  1240 12421 56932  4562
 31995 11443 56932  4472  3740  4472 11120 14675  6151  5544  5226  1601
  4472 11120  1296 56931 56945 56945 56945 56945 56945 56945 56945 56945
 56945 56945 56945 56945 56945 56945 56945 56945 56945 56945 56945 56945
 56945 56945]
