2 [11674 12675 15201  4472 11136 10429  5224 56942  4472  8289  6260 56932
 10621   420  3861 15083 56932  5224 56942 56932 11122 56946 13371   870
 10067  8876  3612 56931 56945 56945 56945 56945 56945 56945 56945 56945
 56945 56945 56945 56945 56945 56945 56945 56945 56945 56945 56945 56945
 56945 56945]
0 [ 2488 11122 11211  2488 56931 56945 56945 56945 56945 56945 56945 56945
 56945 56945 56945 56945 56945 56945 56945 56945 56945 56945 56945 56945
 56945 56945 56945 56945 56945 56945 56945 56945 56945 56945 56945 56945
 56945 56945 56945 56945 56945 56945 56945 56945 56945 56945 56945 56945
 56945 56945]
20 [ 6940  5579 10621  9810  3993 56932 11203 56946 10621  5265  4472 15241
 56932  8170 56932  5226  5289  4472 12077 56932 13655  8503  4472  5804
  8445 13171  9320 10067 10103 56932  1925 11293  6151  9687  5226  5224
 13959  8493 12185  4472  1231  9809 56931 56945 56945 56945 56945 56945
 56945 56945]
1 [ 7780  1602  4562 11904 12937  4151  1761 56932  4195 56946 56931 56945
 56945 56945 56945 56945 56945 56945 56945 56945 56945 56945 56945 56945
 56945 56945 56945 56945 56945 56945 56945 56945 56945 56945 56945 56945
 56945 56945 56945 56945 56945 56945 56945 56945 56945 56945 56945 56945
 56945 56945]
25 [ 5224 56940 21472 56940  4472 56946  5240 13171  9918 12543  1233  1240
  7494  5226 14662 11211 13554 12342 13371 56946   746 20646 11211 56932
  1233 15608  5224 10778 56932 56946  5804  7197  3073  4256  4472  5804
 11211 26928  2934  6862 10590 12735 11120 10767  5432 10067  6319 10621
  6802 11120]
15 [ 5224  9591  4472 11211 13822  8373  4711 56946  5226  6036  4472 11120
  3475  3268 11122  3717  6205 11120  5655  2861 56940 12015 13126  5224
 14807  4472  3475 56932 13371 56946 10621 13724 56932  9000 12764 10291
  5487 56946  5226 12342  6221 11120  7626 56940 56931 56945 56945 56945
 56945 56945]
10 [ 4161  4550  5804  5341   746 12355 56942   372 10621   746 48504  6950
 56942 56931 56945 56945 56945 56945 56945 56945 56945 56945 56945 56945
 56945 56945 56945 56945 56945 56945 56945 56945 56945 56945 56945 56945
 56945 56945 56945 56945 56945 56945 56945 56945 56945 56945 56945 56945
 56945 56945]
21 [11120  9745 12764 10272  5224 14906  4472 11120 14397  5226  9042 19164
 56932  9000  5224   413 56940  4676  7741  4784 56940 32736 56940  8373
  6118 56946  4562 11120 13450 56940 11211 14235 11211 11120 13107  1240
  8209  6151 13011  4472 12921  5226 11673  9212 56931 56945 56945 56945
 56945 56945]
6 [ 5224  6822 56932 11674  1168 56932 10272  5226  5224  4252  1231  8987
  3345 56931 56945 56945 56945 56945 56945 56945 56945 56945 56945 56945
 56945 56945 56945 56945 56945 56945 56945 56945 56945 56945 56945 56945
 56945 56945 56945 56945 56945 56945 56945 56945 56945 56945 56945 56945
 56945 56945]
46 [56940 12764  1469 11721 11813  5542 10291 11211  8945   635 56934  1808
 56935 56946 11120 13300 56932 11372 11211 12403  6151  6226  5224  5972
 56931  5224  2689  6260  6197  5457 12937  4151  2961  6862 56932   494
 56932 12764  8789  6406  8689 10291 11211 11120 14294 12764  2061 13396
 11120 56942]
26 [ 5331 11120  6570  4472 13649 56946 56932 14085 16661  4472   425 14073
 10621 11211  6950 17725  5226  1789 12407 20890 56932  2890 13723  4472
 13984  7780 17078    13 13266 56931 56945 56945 56945 56945 56945 56945
 56945 56945 56945 56945 56945 56945 56945 56945 56945 56945 56945 56945
 56945 56945]
16 [ 5226 11669  4492 56932  8361  7412  4472 15086 14641 11211  5226 11646
 16145   424  2299 11122  3315  5224  9527 10621 11120 10419  4472  4151
  9145  8367 11211 56946  9905 10621 18195 56931 56945 56945 56945 56945
 56945 56945 56945 56945 56945 56945 56945 56945 56945 56945 56945 56945
 56945 56945]
8 [56940  7780  9228  1368  8150 56946 11211 15394 56946  5224 14181 10067
 14519 56932  9000  5240 56946 13386   582 14326  5224 14687 56932 12764
 14099 56940 56932  3655  8493  3273  4472 15689  8762 56931 56945 56945
 56945 56945 56945 56945 56945 56945 56945 56945 56945 56945 56945 56945
 56945 56945]
17 [15023  5224 12687 56932  5224  9230  1024  4472 13424  9121 56932 45865
 12004 56932 10376 11211 12764  6916 56940   784  7525 33761 11211  5207
  4106  1009 11211  5240  1958  5307  6151  2890 14399  5226  8871  4472
 56942  3861 56940 56931 56945 56945 56945 56945 56945 56945 56945 56945
 56945 56945]
8 [ 5804  8330  4472  3703  3982 11211 12764   746 15231  3260  5226 15583
  4562 11191 10621   470 11211  8993   746  3860  4151   621 10621  4304
  4472  5668 56932 13396 11122 11211 11242  6151 13661 11211 56946 56931
 56945 56945 56945 56945 56945 56945 56945 56945 56945 56945 56945 56945
 56945 56945]
4 [56940  1233  5224  9925 13280 11122 11211  1659 11211  3645  6151  8606
 56932 15360 12994  1925 11255  2792  4472 12379  5452 56940 56932  1243
   505  5226 11120  7442 56940 11140  4472  6976 56940 15023  5224  7261
  4472  8493  1300   445 56931 56945 56945 56945 56945 56945 56945 56945
 56945 56945]
8 [ 5804 56940 11344 56940  4900  4472  6739 12764 14871 12297  6151  1231
  5995 12297  6272  6117 10291  2300  5804  7568 12075  9871 11372 56932
  5226 14022 56932  6289 13171  3780  4472  4097 13146 12215  5224 14198
  4472   227 10067 13588 56931 56945 56945 56945 56945 56945 56945 56945
 56945 56945]
10 [ 5224  6949  4472 11120 56942 13844 10067  7900 13987 11122  2834 56942
 19595 56931 56945 56945 56945 56945 56945 56945 56945 56945 56945 56945
 56945 56945 56945 56945 56945 56945 56945 56945 56945 56945 56945 56945
 56945 56945 56945 56945 56945 56945 56945 56945 56945 56945 56945 56945
 56945 56945]
5 [ 6151 15254  4472  4550 56932 11645 56946 25422 56931 56945 56945 56945
 56945 56945 56945 56945 56945 56945 56945 56945 56945 56945 56945 56945
 56945 56945 56945 56945 56945 56945 56945 56945 56945 56945 56945 56945
 56945 56945 56945 56945 56945 56945 56945 56945 56945 56945 56945 56945
 56945 56945]
6 [  217 56932 56942  5137 15083 56932 13684   579 56946 56932  8493  9745
  8104  4562  8493 15446 11211 13046  5804 56942 11804  4472  5699 10621
  2890 14384 12691  5432  2861   373  7871  5226 56942 10700 56931 56945
 56945 56945 56945 56945 56945 56945 56945 56945 56945 56945 56945 56945
 56945 56945]
27 [ 5224 30057  5240  8493 50195  5226 11120 21362  4472 11120  5272 10621
  1925 56946 11117 10501  3245 11122 11211  6151 11120   520 56946  2861
 11211  1233 11117 56946 11120 50195 12764  1240  6469  5226  8493 27590
 56932 10954 11211  1240  4770 10291  6221 11120  7626 13371  8493 56946
 56946 10621]
2 [ 5534  9625 15201 10291 11120  7645  2091 15944  2735  4472  2865 11117
 40187 10067  5138 56932 12764  1240  4125 50529  5529  6151  2890 11640
  4562   893 11211  1240 56946 10067  2052 10067 11554 10291  3142  2890
 15168  7785 56932 10954  6151   577 12407  4643  6151 12342 12675 56931
 56945 56945]
9 [13487  1240 56946 12937  4151 15564 56932 10621  4091  8606 14931 49607
 11122 11211 11120 14251 11117  3655 13371 11122 13171 34595  2861  1987
  8493 27627 14931 10768 13396 12645 10067 11155  4472  7362  3709 56932
 11122 56946 13396  1901 56932 10621  5226  5224 14408 11211 12342  5016
  5226  1231]
0 [56946  5224 18785 56946 56946 13371 11120 22183 56946 10067 15790 56931
 56945 56945 56945 56945 56945 56945 56945 56945 56945 56945 56945 56945
 56945 56945 56945 56945 56945 56945 56945 56945 56945 56945 56945 56945
 56945 56945 56945 56945 56945 56945 56945 56945 56945 56945 56945 56945
 56945 56945]
12 [56946  9558  2370  5224  9084 55148 56932 56946  4161  5224 56946  5534
 56946  4562  5804  4976 19272 11120  5272 56946  4472  4151 18990 13171
 12946 56931 56945 56945 56945 56945 56945 56945 56945 56945 56945 56945
 56945 56945 56945 56945 56945 56945 56945 56945 56945 56945 56945 56945
 56945 56945]
10 [10636  6570  5207  5924  9000 12764 11120 56946 14260 12650 56946 56946
 56931 56945 56945 56945 56945 56945 56945 56945 56945 56945 56945 56945
 56945 56945 56945 56945 56945 56945 56945 56945 56945 56945 56945 56945
 56945 56945 56945 56945 56945 56945 56945 56945 56945 56945 56945 56945
 56945 56945]
11 [ 5224 13171  3269  4472  5314 56932 11120  3852 56932  6950 11122  7727
  5226  5804  7568 56931 56945 56945 56945 56945 56945 56945 56945 56945
 56945 56945 56945 56945 56945 56945 56945 56945 56945 56945 56945 56945
 56945 56945 56945 56945 56945 56945 56945 56945 56945 56945 56945 56945
 56945 56945]
