26 [ 5224  5234  6340 13382 11211  5226  5804  4393  7381  9939  1240 56946
  5226 12424  4649 56932  9000  1040 11211  6197 11122  7780  2779 10621
 11211 11117 56946  1000 11211  1231 16581  5226  5224 11034 12764  7780
  5492 14041  5400 56932 13371 11122  7780  3858  5224  9591  4472 11211
  4151 10201]
25 [ 8630 56946  5224  8450  7956  5224  5328 56932 13554  9222 13371  4188
 10045 12297 12297  1231 11783  4569  6151 14124 12297 12297 12013 11211
 56932 56946 13386 56946  5226  4151  5839  4290  4934 56932 56946  4472
  5804 10276  1711 10291 10702  5226 11648 56931 56945 56945 56945 56945
 56945 56945]
