1 [ 4472  9198  5815 11211  4151  8165  5708  2745  9511  6151  9678  5224
 10511 12297 12297 13171 13276  5226  5804  2974 12297 12297 10621  6151
  2158  5804  5657  4472  7425 12297 12297  8870  1728  4472  7243 13402
 10621   414 13171 13084 12297 12297 56931 56945 56945 56945 56945 56945
 56945 56945]
6 [32596  1925   468  5206  5240 32596 12672 13171 11211  1925  4584 56931
 56945 56945 56945 56945 56945 56945 56945 56945 56945 56945 56945 56945
 56945 56945 56945 56945 56945 56945 56945 56945 56945 56945 56945 56945
 56945 56945 56945 56945 56945 56945 56945 56945 56945 56945 56945 56945
 56945 56945]
7 [ 4472  8493 13480  3610 10621 11349  4472  1168 12673 56932  6151 11120
 11211 12764 56946  4151 10219 11211  9658 51377  5226  1231  7147 56932
  3047   418 11211  1009 11211  7494 13171  8008 11211  2890  4569  6151
 13576 13396  5224 14358  5226  2555 56931 56945 56945 56945 56945 56945
 56945 56945]
4 [56940  5226 11674 14394  1379  5226  4561 56940 56932  1346 12810 56946
 56932   198 15328  4472  3222 10291  5002  5226  5224 10103  2433 10291
 56940 11669  4624  4047 11211    85  1032 56940 56931 56945 56945 56945
 56945 56945 56945 56945 56945 56945 56945 56945 56945 56945 56945 56945
 56945 56945]
15 [ 5224  8570  5240  2890 56946 10291  8025  1233 12473  5226 14662 11211
  1240   373  9784  9198   848  3260 10291 11211    68  8597  9444  9388
 15554 56931 56945 56945 56945 56945 56945 56945 56945 56945 56945 56945
 56945 56945 56945 56945 56945 56945 56945 56945 56945 56945 56945 56945
 56945 56945]
9 [56940   373  6997 11211 56946  7494 11211 45854  6151  1168 12675 10291
 14234 11120 13450 56932  9000  3245   582 12002 11211 10097 11120 13734
  4472  1879  5226  4151 14928 56940 56932  8212 10041 56931 56945 56945
 56945 56945 56945 56945 56945 56945 56945 56945 56945 56945 56945 56945
 56945 56945]
28 [ 5224 14357  4472  3293 11979 11122  9021  4562  4151  2762  1925 20233
  5226 10644  6319  4472 56940  2890  9591 45038 10291  5224 10042  4472
  1723 10621 56932  7956  6226 56932 10067   653  5769 56940 56931 56945
 56945 56945 56945 56945 56945 56945 56945 56945 56945 56945 56945 56945
 56945 56945]
5 [56940 12889  1969  5850  2890  9198  4472  1510 12297  6299 12297 11122
 56946 10621  9373 18884 10291  8740   424   273  4472 12921  6151 11120
  9707 10067   870 56940 56931 56945 56945 56945 56945 56945 56945 56945
 56945 56945 56945 56945 56945 56945 56945 56945 56945 56945 56945 56945
 56945 56945]
30 [11120 11140 56946  1240 11220  6151  4151 14633 10621  2622  5226  8493
  2038 12964  4472 11397 56942 12517 11211 56946  5224  4291  6151  1446
  3673 56932  5226  2890  3716  4472  9198 13171  4472 56942 10440 56931
 56945 56945 56945 56945 56945 56945 56945 56945 56945 56945 56945 56945
 56945 56945]
3 [ 5217  5280 56932  9198   848  3260  1340 11211  1000  1996 22502  1661
 10621  1996 25215 12033  4562  5804  4472  5513  1384   848 14524 56946
 56932 13371 12764 15145  5224  4339  4561  4562 11120  7182 10621 11673
 12360  5226  5224 10620 14802  4472 11211 56946  6574 10621 11211 10267
 11950  2986]
4 [13396 11674 56932  1233  9198  7703  1009  4472 11120 14088 14238  4472
  2591 56946 56932  7703  3969  1379  4472  1231  9630  1661 56932  6956
 10621  7945 56931 56945 56945 56945 56945 56945 56945 56945 56945 56945
 56945 56945 56945 56945 56945 56945 56945 56945 56945 56945 56945 56945
 56945 56945]
17 [13396 11674 56932  1233  9198  7703  1009  4472 11120 14088 14238  4472
  2591 56946 56932  7703  3969  1379  4472  1231  9630  1661 56932  6956
 10621  7945 56931 56945 56945 56945 56945 56945 56945 56945 56945 56945
 56945 56945 56945 56945 56945 56945 56945 56945 56945 56945 56945 56945
 56945 56945]
32 [ 5224 56946  7198 10703 56932  9000 17589  1148 14802 56933  5224  5738
 56932 53746 10621 56946 13371 14914 13396  5804 22334 11211 11236  4472
  1231 56946 56946 56932  6950  1240 18541  6151  1168 12675 10621 12764
 37879    13 12479 11211  5224  4472  1231 12759  8284 56932 11372 14102
    19 13277]
30 [ 8493 35433 56932  2890  7360  5683 56932  8493   176  4472 33699 56932
  8493 19166 55806 56932  2890 56946 56946 56932  2890 36363   848  8493
 10506 19223  4472 15743  1340 12407  9198 11211  1000 10611  1168  5226
 11122 11211  1240  1626  6151  1231 30862  4472 14028 13344  6151  4151
 37709 32161]
34 [ 8493 35433 56932  2890  7360  5683 56932  8493   176  4472 33699 56932
  8493 19166 55806 56932  2890 56946 56946 56932  2890 36363   848  8493
 10506 19223  4472 15743  1340 12407  9198 11211  1000 10611  1168  5226
 11122 11211  1240  1626  6151  1231 30862  4472 14028 13344  6151  4151
 37709 32161]
26 [ 8596 11122  9490  4492  4746  4472  1231  5879  4562  5224  1405  4472
 29059  4472 12672 11211 12764  8946  7247 56932 10621  9490  5492  5224
 43844  4472  1168 12673  1925  4201 11211 12764 17667  5224  8870 20034
 13396  9068  5000  6151  5804 10229  3861 56932 10621   151 13396  9394
  5137  4562]
3 [ 5280 56772  2890  9198 13171 36940  2861 12297 12297 56938 39348  6151
 11120 56946 56939 56945 56945 56945 56945 56945 56945 56945 56945 56945
 56945 56945 56945 56945 56945 56945 56945 56945 56945 56945 56945 56945
 56945 56945 56945 56945 56945 56945 56945 56945 56945 56945 56945 56945
 56945 56945]
9 [ 5804  8346 27556 10067 26031 10621  5804 16595  1633  1168 56932 43673
 12937 13822 14862  5226 11120 35228   627  4472 52047  1231  8435  8374
 56932  4161 11211 13822 11210  7829  6151 51498 14931    52 15328  6151
 56946  5226  3260  5224 48175  1432 11211 56946  5224 23921  5179 13974
 56931 56945]
