15 [ 5224 11964 15164 15464 12424  8960 10291  6824  6151  5804 15544  2370
  5804 12822 11211  1340   424  7944  4472 14030 14260 56932 13371 14641
  5224  1456  6695  4758  9810 56946 56932 56940  1257   217 11950  5224
  8876 13645  4472  4052 56940 10621 11211   753 11211 56940  6007  9000
  4562  9197]
28 [23068  1925  9814  4472 14928 13910 54703 10291  9761 14067 56946  3245
  4472 14928 13910  8165 10291 11211 15145 13171 24325 10621 13171  7973
  5226 11122 11211   582  2529  1231  4451 56931 56945 56945 56945 56945
 56945 56945 56945 56945 56945 56945 56945 56945 56945 56945 56945 56945
 56945 56945]
14 [ 7780 11238  2131 12336  4472 11120  7444  4472 10314 10621  4562  5224
 14687 11211 10848  5804 20749 56932  4161  1296 12764  6021  4201  1233
 12937  4151 12732 23220 31145  5226 11120  5404  4362 10291 14496  6151
  2037 10611  5804  8834 14117  5226 11120 11668  4472 13269 56931 56945
 56945 56945]
21 [10291 11120  1500 56932 11120  2280  4413  6416 13371 12684 13853 13554
 56940  4151 10219  4472  1961 10621  5708 56940 11211  4595 11120 14623
 56932 56940  6205 13371 11120  7037  6151 10215 56932  3828   231  1231
  7132 56940 56931 56945 56945 56945 56945 56945 56945 56945 56945 56945
 56945 56945]
7 [ 5153  4405  5226  2135 11120  6098 11211  7494  5224  2792  4472 11120
 15284   635  7956 11120 14390  4472   424  3835  5047 56931 56945 56945
 56945 56945 56945 56945 56945 56945 56945 56945 56945 56945 56945 56945
 56945 56945 56945 56945 56945 56945 56945 56945 56945 56945 56945 56945
 56945 56945]
47 [13396 13676 56932  5224 13576  6695  1240  8944  6151 11120  7092  4472
  8493 14988  4472  4391  4472 11120  3077 56946 56932 56940 11122 11211
 12764  1240  7709  8606 10380 56940 56932 10621  6299 11211  5226 11122
 11211  1240  1626  6151  5804 13767   848 13857  4472 15446 11211  1340
  5488 14729]
