6 [ 6927 11211  5224  3597 13811  1240  8210  4472 11401  4472 56946 56932
  1233  5240 11211 12764 11122  7780  9591  6197 56931 56945 56945 56945
 56945 56945 56945 56945 56945 56945 56945 56945 56945 56945 56945 56945
 56945 56945 56945 56945 56945 56945 56945 56945 56945 56945 56945 56945
 56945 56945]
10 [ 4151 20466  4562  4151 11211  1240 20202  6151  4151 14025  2752 12135
  4472  4151  3243  1990 48441  4472 11120   712 56931 56945 56945 56945
 56945 56945 56945 56945 56945 56945 56945 56945 56945 56945 56945 56945
 56945 56945 56945 56945 56945 56945 56945 56945 56945 56945 56945 56945
 56945 56945]
2 [ 5224 15250  5247 12135  4472 11120  9245  8086 10067 27155  1633  5224
  3612 43726 56932  9000    85  2853 13396  5224 33974  6621 56946 56946
  5226 11120  8290 12135 56932 13396 11122 11211  7780  8192 15156  4562
  2890  9541  4472  5157 56931 56945 56945 56945 56945 56945 56945 56945
 56945 56945]
30 [11120  7833  3727  5240  8493  4986  1570 10621 56946 11211 13938 13822
  2494 11197 10621 13822 56946  3307  1925 13588  4472   425  2507  4472
  9518  3027 56946  5226  5224 11211  4868  7147  4472  5506 56932 12764
  6950  5226 13579 56932 11120  4687 10789 56931 56945 56945 56945 56945
 56945 56945]
12 [12297  5224 45321 34395 56932  4125 56946 10621 56946 56932 13371  1233
   375  4472 13305 56931 56945 56945 56945 56945 56945 56945 56945 56945
 56945 56945 56945 56945 56945 56945 56945 56945 56945 56945 56945 56945
 56945 56945 56945 56945 56945 56945 56945 56945 56945 56945 56945 56945
 56945 56945]
