15 [56940  7780  9228  1368  8150 56946 11211 15394 56946  5224 14181 10067
 14519 56932  9000  5240 56946 13386   582 14326  5224 14687 56932 12764
 14099 56940 56932  3655  8493  3273  4472 15689  8762 56931 56945 56945
 56945 56945 56945 56945 56945 56945 56945 56945 56945 56945 56945 56945
 56945 56945]
8 [ 7393  6151 56946  1925  3070 56932 11122 11100  5240 12764  6708 11211
 56946 13822 31455 56932 56946  5226 11904 56931 56945 56945 56945 56945
 56945 56945 56945 56945 56945 56945 56945 56945 56945 56945 56945 56945
 56945 56945 56945 56945 56945 56945 56945 56945 56945 56945 56945 56945
 56945 56945]
