1 [56946 12567  1199   950  6151  6282 12297 13386 12305  1231  2928 12031
  5226 13035 10606 56946 56932 12889  7780  5254  1379 13822  8180 12297
 11211 12342  5240 56940 11120 13675 13480 56940  4472 13386  1064  3255
 56940   319  4472  7182 56940 56931 56945 56945 56945 56945 56945 56945
 56945 56945]
15 [ 2890  3400 10705  6151  2890  7839  5534 12319  5226 11120  4932  4472
 11120  7239  8630 13486  7609  4562  1231 10210  9675 56931 56945 56945
 56945 56945 56945 56945 56945 56945 56945 56945 56945 56945 56945 56945
 56945 56945 56945 56945 56945 56945 56945 56945 56945 56945 56945 56945
 56945 56945]
5 [10621  5280 56932  6997 56932 56946 19589  4472  2416 13396 11120 22047
 24929  5534  5224  6171 13495 13822 15271 56931 56945 56945 56945 56945
 56945 56945 56945 56945 56945 56945 56945 56945 56945 56945 56945 56945
 56945 56945 56945 56945 56945 56945 56945 56945 56945 56945 56945 56945
 56945 56945]
0 [56946  9558  2370  5224  9084 55148 56932 56946  4161  5224 56946  5534
 56946  4562  5804  4976 19272 11120  5272 56946  4472  4151 18990 13171
 12946 56931 56945 56945 56945 56945 56945 56945 56945 56945 56945 56945
 56945 56945 56945 56945 56945 56945 56945 56945 56945 56945 56945 56945
 56945 56945]
