20 [ 6151  3951 10867  4472 11120  2591 56932 11211  6197  1240 16174  8503
  4472  5804 17705 56932  1396  6151  1601  4472 56946  4472 11120  2859
 14260 12764  7780 13848 11211 13698 56934   848 13386 15145 56935 38774
 11122 11211 11828  1231 13556 56931 56945 56945 56945 56945 56945 56945
 56945 56945]
4 [ 5224  1782 10067  5328 56946  6151  5804 17705  4472 11211 12764 11526
 17286 56940  2275 56940  5400 56931 56945 56945 56945 56945 56945 56945
 56945 56945 56945 56945 56945 56945 56945 56945 56945 56945 56945 56945
 56945 56945 56945 56945 56945 56945 56945 56945 56945 56945 56945 56945
 56945 56945]
