1 [56940  9373  6226  5224 13811 15688  5226  8493  8305 56932 11211  5240
 11122 11211  8057 12342 11169 12135  4472  1231  7626 56932 14261 10621
 56946  6151  2890  3411 27854 56932 11211  9840  2529 56946 11047  5534
  8946 14505 56940 56931 56945 56945 56945 56945 56945 56945 56945 56945
 56945 56945]
10 [12015 13126 15223 11211 56946 56932 12889  6151  2814 12764 15145  5179
 15600 10954 14750 24949 56931 56945 56945 56945 56945 56945 56945 56945
 56945 56945 56945 56945 56945 56945 56945 56945 56945 56945 56945 56945
 56945 56945 56945 56945 56945 56945 56945 56945 56945 56945 56945 56945
 56945 56945]
26 [56940 11120  8955  5240  2861 56936 11149 18975 15009  6151 13278 10291
  5307  6151  2529 13171  6695 56937 56931 10621  6196 12764 56946  3260
 14260 12764  5850 13396 11149 13278 56931 56936  2865  9929  6151  4151
 22008 56937 56940 56932  1240  3484 56931 56945 56945 56945 56945 56945
 56945 56945]
48 [ 5224 10242  4472  7581 56946 11211 11120  1274  5226 11120  2894  4472
  9394 10700 10067   424  6913 10291  1723  8493 10177 56940  7253 56940
  4472 10147 56940  4173 56940 56932 15083  4472 11211 13396 56940 14324
  7606  5226  5224  6260 10621  8165  5226  5137  4979 56940 56932   418
  7581 56940]
0 [ 4868 13171  4472  8373  9939 56946  5226 11673 15422  7755  1880 56931
 56945 56945 56945 56945 56945 56945 56945 56945 56945 56945 56945 56945
 56945 56945 56945 56945 56945 56945 56945 56945 56945 56945 56945 56945
 56945 56945 56945 56945 56945 56945 56945 56945 56945 56945 56945 56945
 56945 56945]
27 [ 5611 10295 56932 11211  5151 13817  7060 13371  8362 56932 56946 56932
  2906  3089 56932 14601 56942 56932 14601  5076  8723 56942 56932   579
 10621  6471 56932  7494  5226 15316  3245  1920  2890 14601 10435 12520
  5226  5138 56932  1793  4472    13 13843  6151  5804 13379 10067 14847
 56931 56945]
4 [ 1233   428  1240 14662  5240 14260  7494  6711 56932  9000  5240  9918
 11211  1233  1240 38079 12764  1240 12826 56931 56945 56945 56945 56945
 56945 56945 56945 56945 56945 56945 56945 56945 56945 56945 56945 56945
 56945 56945 56945 56945 56945 56945 56945 56945 56945 56945 56945 56945
 56945 56945]
7 [10291 11120  1500 56932 11120  2280  4413  6416 13371 12684 13853 13554
 56940  4151 10219  4472  1961 10621  5708 56940 11211  4595 11120 14623
 56932 56940  6205 13371 11120  7037  6151 10215 56932  3828   231  1231
  7132 56940 56931 56945 56945 56945 56945 56945 56945 56945 56945 56945
 56945 56945]
6 [11120  7253  5226 11120 11093 12135 10454 26292  4472  2890  3928 15175
  4472 56946 56932 11211 30477 56946 56946 10621 16659  5224 11629   375
 56934 56946 56935 56931 56945 56945 56945 56945 56945 56945 56945 56945
 56945 56945 56945 56945 56945 56945 56945 56945 56945 56945 56945 56945
 56945 56945]
22 [ 5224 11555  2824 56932 11211  1240 17350  5226 11120 13439  1202  8105
  4472 56946 56932 10621  5804   453  5508  1240 56946 10621 11207  9881
  5226  5224 15817 12152   763 56931 56945 56945 56945 56945 56945 56945
 56945 56945 56945 56945 56945 56945 56945 56945 56945 56945 56945 56945
 56945 56945]
1 [ 4550 13261 11120 56946  4969  3993 13386 11707  4151 11488  4472 11120
  1019 10621  1240  6472  5226 11120 56946  4472 13529 18588 11623 56931
 56945 56945 56945 56945 56945 56945 56945 56945 56945 56945 56945 56945
 56945 56945 56945 56945 56945 56945 56945 56945 56945 56945 56945 56945
 56945 56945]
