26 [ 4973 37911 56932  2792  4472 11120 10260 13524 21922 13149 56932 11499
 11211  5224 13513    85   880 13396 56940  9394   465 56940 10621 10272
 11211  7780 14043  1925  9230 10246  4472 12336  9121 56932  4758 13662
  9992 56932 11211  1191 14122 12831 56931 56945 56945 56945 56945 56945
 56945 56945]
6 [56946 56946 15201 12948 11211  7780 14043  1925  9230  4472  2496 11211
 56946 56931 56945 56945 56945 56945 56945 56945 56945 56945 56945 56945
 56945 56945 56945 56945 56945 56945 56945 56945 56945 56945 56945 56945
 56945 56945 56945 56945 56945 56945 56945 56945 56945 56945 56945 56945
 56945 56945]
