44 [ 5226  2890 12036  7956  4151  9643 11211  3315  5226 11120 13476 56932
  5224  8699 10246 15201 11211 11120  5818  1043 10291 11211  5804 10624
  4472  5804 13043 10700  1240  4268  2240 10621 10291 11211  1240 56946
  2890  2445  4561  4472  8493 10947 56932 11211  7494 13371 12684  2230
 11120  1126]
24 [ 5224 13437  4472 56946 14691  4472 11211 13171 10067 56942 13396 14108
 10067 10511  2598  6151  4025 12764 22585  6862 38664 56932 11122 11211
  6913 56932  7868 13822 12314 56932  2890 18777  4638  4472  5609 52140
  4472  5699 56932 10621 11020 11211  1723 12764 56946 13171 11120  5430
 12725 56932]
6 [ 5226 11120  4932  4472  3290  1240 12993   683 11151 12764 31758  4472
 14352 13455 56932  9000  5804 14058 56932 11211 56932  1925  6495 56932
 56946  5224   587 10067 51803 56932 12764 56946 11120  3778  4472 22000
  5224 24179  4472 11120 13300 56931 56945 56945 56945 56945 56945 56945
 56945 56945]
38 [56946 56932  4884 14623  5151 10766  5226 19650  5226  5804 12379  4472
  1446  3673 10621  8463 56932 15648 11211 56932 13396  5804 13961 15064
  4472  8787  5226  5804 10700 14404 56932  1352  5240  8503  4472  5804
  6786 11211  7494  6604  2448 10291  2529    79 10611 14724 10621 13330
 56931 56945]
28 [ 5224  2792  4472 56946 11220  1793  6151 56946 11120  3778  4472  7099
  5226 15276  4472 11120  7465 56946 56932  7956  6226 56946 10621 56946
 56932 56940 11211  7780  5492  5226  5804  4393  5137  2890  3172  4472
  5243  4472  5804 12960  5226  5804 11211 13611 56946 56940 56932 13396
 11122 11211]
41 [56940  4365  4449   683  4393  3204 13171 11211 14382 12889  5804  5286
 12764  2745  8192  5804  8500 56940 56932  1040 56932 10621  6299 11211
 56940  5224  3612  7780 14069  8445 12738  9320 56932  9000 12764  7780
 56946  2890 11575 11211  5207 12098 13171 15225 56940 56931 56945 56945
 56945 56945]
6 [ 4049 56946 56942  5581 56946 11211   766  1231  1651  4161  5224  2689
 56942 56932  5226  5408  4562  5224 12301 10291  9770  5224 14860 56932
 11120 13107 10621 11120 14327  4472    68  7162 56932  1240 14691   217
 56932 13348 56931 56945 56945 56945 56945 56945 56945 56945 56945 56945
 56945 56945]
30 [13371 12024 15348 11120  4356 12764  1240 12932  4562 56946 56932  5534
 11117  6122 11149 11117   474  5013 13371  5121  4472  2208 12015 15201
  2861 12672  5267 10621 11211 12015  4526  1379 13132 56931 56945 56945
 56945 56945 56945 56945 56945 56945 56945 56945 56945 56945 56945 56945
 56945 56945]
16 [ 5224  4667  2092  4472  5488 21263  1240 12441  4472 22519  5226  9844
  4151  6857 11622 11211  2752  5224  5960 56931 56945 56945 56945 56945
 56945 56945 56945 56945 56945 56945 56945 56945 56945 56945 56945 56945
 56945 56945 56945 56945 56945 56945 56945 56945 56945 56945 56945 56945
 56945 56945]
24 [13280  9198 13171  4472  8493 10947 56932 13873 11120  9645  4472  9065
  4472 56946 56932  1240  5866 13396 11093  1004  2890   210 10813 11211
  7201  8493  7038  2358  7451  6151 11120  4472  5804  9140 56931 56945
 56945 56945 56945 56945 56945 56945 56945 56945 56945 56945 56945 56945
 56945 56945]
