24 [ 5804 14304 13901  7329 56932 11120  2894 10621 10442   746  3858  8493
 10372  1633 11120  6488 12031  7871  5226 11120 14193  2467 11211  6950
  1452 13435  2986  9673 56931 56945 56945 56945 56945 56945 56945 56945
 56945 56945 56945 56945 56945 56945 56945 56945 56945 56945 56945 56945
 56945 56945]
16 [12764  5240  1958 11211  1240  7706  7530  6205  6151  2890  3187 11211
  7780 56946 10621 18115  1452  8993 15192  1925  7238 56931 56945 56945
 56945 56945 56945 56945 56945 56945 56945 56945 56945 56945 56945 56945
 56945 56945 56945 56945 56945 56945 56945 56945 56945 56945 56945 56945
 56945 56945]
