40 [ 5224 13676 13857 10067 11955 10067 13365 13396 12135 10067  7843 12297
  5224  7206  5226 11122 11211  3645  4472  2689 12297  1240 10532  5224
  6260 56942  4472  8289 56932  5534  5804 32357  4472  4703  5724  9292
  4151 18267  4472 13822 15461  1088  4472 56946  5226  2890  9003  4472
  1601 56931]
41 [13396    19 12135 56932  5224 10242 18531 10067 13723 10208 15512  5226
  5224  1950 10621  4569 13396 14791 56932  3908  9502 56946 56932 15625
  3245  1925  2595 10067   653 11211 56940  4959  1231  3111  4472  8606
 15244 13822  8732 13396 13822  7809  4472  1062 56940 56931 56945 56945
 56945 56945]
