15 [ 4472  7037  6151 13439 56932 13280   683  9939 56932   425 22800  5226
 14497  8165  7780 56946 11120  8471  4472  1231 12011  4562 11120 12643
  4472  3432 56931 56945 56945 56945 56945 56945 56945 56945 56945 56945
 56945 56945 56945 56945 56945 56945 56945 56945 56945 56945 56945 56945
 56945 56945]
14 [ 4758 14105 56932 14357  4472  3054 10621  9809  4472 11120 13524  4472
  9192 56932 10024 11120 11798  4472 11120  8069  4472 11304  6151  5804
 56946 10067 56942 56932  3610   217 13396  5224  4556  5226 14975 56934
  9694 56935 56932  4562  8493  2928  4472  7538 56940  5226 11120 11211
 12764  4365]
