25 [ 5804  8373 12534 33944  3244   217  1231 21601  4562 11120  4194  4472
 11120  9745  1729  4472  8865  2805  3814  6151  9823 32724 56932  9000
  1240   484  4808  6151 15336  2890  2445  4472  1437  4562 11120  3448
  9243 56931 56945 56945 56945 56945 56945 56945 56945 56945 56945 56945
 56945 56945]
35 [11120 13902  4472 11120  3806  5240  2890  6997  7932  4472 13933  5804
 12379  1340  8493  2507  4472 11752  5432 56932  5226 13554 11211 10291
 56946  8493 13450 11211  7709  8795  6151 10025 12379 56932  1240  1013
  2701  6151 56946  1633  5804 14304  7329 13901 11211 56946  8493 15459
 11211  5226]
7 [ 5226  1231  6855 56932  5224  9823 56946  7952  6116 13396  5224  9823
 47055  4472 26575 56932  6516 10067  7581  4188  4472  4151 14862 10937
 14037 56932 13386 11117  3623 56932 10611 11646  3765 56932 12135 10067
  2320  4305 16540 13396  5804 10916  6151 11120 15411 56931 56945 56945
 56945 56945]
