17 [56940   425 13287  5240  2890 10803  1925 15412  4472  8626 10621  5224
 16994  1240  3014 14524  5226 11155  4472 14524 11183 56940 56931 56945
 56945 56945 56945 56945 56945 56945 56945 56945 56945 56945 56945 56945
 56945 56945 56945 56945 56945 56945 56945 56945 56945 56945 56945 56945
 56945 56945]
1 [ 5226  6098 10067 14358 56932  5240 11120  6462 56946 13386  7494  5224
 56940 31079 56940 10621 56946  6151  1231 40975  5224 56940  5340 23441
 56940 56931 56945 56945 56945 56945 56945 56945 56945 56945 56945 56945
 56945 56945 56945 56945 56945 56945 56945 56945 56945 56945 56945 56945
 56945 56945]
4 [  424 10119 56932  6151  5995  4472 14694  1046 10067  4842 56932  5240
 12407 41533 10621 12764  4105 11211  1240 56946  4151  8849 11211  1240
 15637  5226  4151 16777 10156 56932   848 56946 56932 11211   865  8081
  6382 12764   691    40  5331  4151  2960  2171 11211  5224  3352 56932
  5224 56946]
