23 [ 5224  8876  9230 10102 56946  2139 56932 15071   217 56932  8788 56932
  5226  1231  5003 56932  7780  7040  2890 10379  4884 12843  5611  5240
  4472 56942  5137  4472 12843 10621  7780  8449  5226  5224  2880  4472
  5712  6151 56946 56946 56932   997 12033 11211  5676   676 11120  9396
 10151  3682]
41 [ 5224 13440 13171 13091  8946  5224  4291  4472  5734 12611 56932 11211
 15083  4472  8373  5137 20874  6151 11093 10241 56932   848  5224  4472
  6099 56946 11211 56932 12889  7952  5611  1578  5224  2689  6260  5226
  5224  9102 27155 56932 14442  7462  4472  7898 10013 10621  1240 16256
  1925  2270]
