17 [ 6151 56946 12764 11117  7780  9591 11066 26600 20749 56932  6197 11211
  5804  1170 14051  1240   746 14212  4472 12350 56931 56945 56945 56945
 56945 56945 56945 56945 56945 56945 56945 56945 56945 56945 56945 56945
 56945 56945 56945 56945 56945 56945 56945 56945 56945 56945 56945 56945
 56945 56945]
25 [11120    19 10177 56932 13171  3682 56932  5240 11211 10267 10146 37611
  4472  2890  8436 11211 18915  4151 14162 10621 11211  2890  4816   322
  1240 56946  4472 56946 10267 12921 56931 56945 56945 56945 56945 56945
 56945 56945 56945 56945 56945 56945 56945 56945 56945 56945 56945 56945
 56945 56945]
3 [11120  8481  7780  4726 10067  9393 10511  4472  8198  5226  5804 10700
 10047 56932 13396 11120 14564  8110  5942  4472  5804  9362 56931 56945
 56945 56945 56945 56945 56945 56945 56945 56945 56945 56945 56945 56945
 56945 56945 56945 56945 56945 56945 56945 56945 56945 56945 56945 56945
 56945 56945]
16 [10420 56932   753 11211  6839 56932  3655  2200 12666 56932 11211  4151
  1919 14729  4495  1240  4960 10067 13185 56932 10621 11211  5449  6356
  5226 14914 11124   683 56942 11804  4472  5699 11352 56931 56945 56945
 56945 56945 56945 56945 56945 56945 56945 56945 56945 56945 56945 56945
 56945 56945]
