13 [11120  7037  6151 11120 13287  5432  4472 11120  5066 16752  4692 56946
 56932 15305 13371 11120 56940 44510 11273 56940 56932 15083  4472  9394
  5137  5226  5224 41603 13396  1170 10906 56932  7780 56946  5224 11420
  4472  4110  8311  4472 35780 22433 56932  6226  2890  3082  5226  2740
 56931 56945]
18 [11120  8637  1925  1950 13396  5224 14358 13396 11120 14248  4472  4151
  2314 56932 13529 38709 10745 56932 15305  5226  4151  5416 13371 56940
 56946 56940 56932  1240  7780   205  1231 12754 15482 10471 56932 11211
  8596 12673 15796  5224 56940 56946 56940 10621 11211  7858  5226  2890
  8298 14293]
