9 [ 9000 56932  9268 56932   217 13396   217  4151  8386  1396  5226  8965
 10621  5226  5804  4185  9939 56946  6151  2890 11010  4472   739 56946
 56931 56945 56945 56945 56945 56945 56945 56945 56945 56945 56945 56945
 56945 56945 56945 56945 56945 56945 56945 56945 56945 56945 56945 56945
 56945 56945]
19 [ 5224 23805  4472 19879 56946 56932  6621 56946 56932 15648  6151 14196
 11211 56940  5226 56942  5804  2704  3882  4585  5226  4756  1128 56932
 10621 15023 11120 12925  5226  3222  5804 29063 18883 13441  5224 56942
 13396 14108  4472  5804 10003 11211  9490  5226 11120 14016 56932 10621
  5224  6319]
19 [ 2890 10772 56932  5226  7638 56932  3058  4472 24408 10621  4472 17810
 56932  9000 13466  4472 17123 12297 12297 10475  5226  5224  4107  4161
  5224   972 12297 12297 14260 10780  1925  6480 56932 22591  5226  4151
 12950 10621 56932  7956  6226 56932 14260 56932  5591  5224  4750 10621
 11120  3376]
9 [ 5224  3353  1604 11211 15550  5224 13064  7000 56946  4716  5226  8163
  4562 13822 10053  4938  7936 11211  1231  3612 56932  8503  4472  5804
 13171  8936 10067 11284  4472 10043   501 56932 14442  4091 11141  6151
  2890   797 18966 56932 56946 13396 11120  5243  4472  8373  4472 13822
  3243  5574]
38 [ 3120 11211 56940 19973  2044 11211  9292 11120 13107 56940 12030 56932
  9000 11211 11120  5844 11211 13684 56946 56940 11120 15107  4472  5804
 39755 56940  5402 56932  5804  4705 56932   730 56932  5217 13280  9394
  9939 56940  1396  5226  9734 56940 56931 56945 56945 56945 56945 56945
 56945 56945]
1 [56940  1469  5226  2890  3719  4911 56940 56932 10376  5224 14299  1218
 56931 56945 56945 56945 56945 56945 56945 56945 56945 56945 56945 56945
 56945 56945 56945 56945 56945 56945 56945 56945 56945 56945 56945 56945
 56945 56945 56945 56945 56945 56945 56945 56945 56945 56945 56945 56945
 56945 56945]
4 [56940 10644  9823  5676  5487  5226   658  4693 10067 56942  4472   995
 56932  4472 11122  5545 11122 56946 13396 11120 14251   848 13396 11120
 11921 56940 56932 15201  5224 13615 56931 56945 56945 56945 56945 56945
 56945 56945 56945 56945 56945 56945 56945 56945 56945 56945 56945 56945
 56945 56945]
30 [15058  6151 11120  5157 10067  5071 56932  1925 11211 56946  4562  5224
  1786 56940 46639 56940 56932 15072 23593 56940 12764  8147 15271 56940
 56932 14260  5224  1437 10067  3172   373  5226 56940  6330 13371  2699
 12135  4472  5804  2060  4472  5804  7568 56940 56931 56945 56945 56945
 56945 56945]
21 [ 5224  4685  4472  9450 56932  8552  6151  2890 12168  5226 12759  3252
  4472 56946  5226  5224  1030 56942 56932  7578  6151  5487  5226  4932
 15161 56932  5226  5224  7615 56014  4472 11120 11753 56932 15023 11141
 13396 56946  6151  2890  9328 11211 10360  1231 17187  7838  4472 11120
  8200 56946]
13 [ 5224  8288  2449 10291  5224  7581  4537  2376  5240 11211  4151  1325
 11526  5487  5226  2890  7581  4472    84 56946 56931 56945 56945 56945
 56945 56945 56945 56945 56945 56945 56945 56945 56945 56945 56945 56945
 56945 56945 56945 56945 56945 56945 56945 56945 56945 56945 56945 56945
 56945 56945]
8 [ 3667  9810 10076 14634 56932  5224 14944 56932   373  5226 11304 56932
  5226  8493  4992  4472  3293 56931 56945 56945 56945 56945 56945 56945
 56945 56945 56945 56945 56945 56945 56945 56945 56945 56945 56945 56945
 56945 56945 56945 56945 56945 56945 56945 56945 56945 56945 56945 56945
 56945 56945]
15 [ 5226  6523  4472 11120 10509 56946  1240  1630  9198  8871 11211 15526
 11211  5804 10579  3605  5226 13910  4472 11293  6151  9687 13822  3136
 10621  1379  8871  4472 14182  5224  1079 13946  2861  1326  4472 10344
 10291  8593 13554  5226  1723 13371  5226  5224 13823  4472  5754 56931
 56945 56945]
