12 [ 2091   455 11117  1043 56932 12764  2451 56932 10291 11400 15225  4562
 14764  6151  5804  4679  4055 56932  7868 15201  5224 12754  9287 56932
 11211 15083  6950  7780 15328  6151 14244 56942  5056 56931 56945 56945
 56945 56945 56945 56945 56945 56945 56945 56945 56945 56945 56945 56945
 56945 56945]
5 [ 5224 13343  4472 11120  6686  4472  1446  3673 56934 56946 56935  4695
 12948  4562  8493 15568 10067 56946 10621  4716  5226 56942 13349 56931
 56945 56945 56945 56945 56945 56945 56945 56945 56945 56945 56945 56945
 56945 56945 56945 56945 56945 56945 56945 56945 56945 56945 56945 56945
 56945 56945]
5 [56940  5224 56946 14423 13396 12898  4472 56946 56932 11066  4472  2714
 10621  4472  3336  4472  2496 56931  9379 15543  1240  8662    52 33575
 56940 56932  7087 56946 56931 56945 56945 56945 56945 56945 56945 56945
 56945 56945 56945 56945 56945 56945 56945 56945 56945 56945 56945 56945
 56945 56945]
20 [ 5226 11120 14493 56932  4758 14289 56932 10242  9823  4472  2480  4472
 11120 14248 10621  3608 10067  7346  4472  9745  4472  2805  3814 56932
 15285  1231  2932  1633 11120  7316  4472 11211 11120  4194 52057  8493
  4687 37985 56931 56945 56945 56945 56945 56945 56945 56945 56945 56945
 56945 56945]
6 [ 8946 11120  8148 27677 10067 16446  4472  2794 10291  1231  4154 56932
  1428 13280  2890  9579  4472  9939 56931 56945 56945 56945 56945 56945
 56945 56945 56945 56945 56945 56945 56945 56945 56945 56945 56945 56945
 56945 56945 56945 56945 56945 56945 56945 56945 56945 56945 56945 56945
 56945 56945]
33 [ 4151  1347  4472 12004 56932  6151 13386  1404   217 56932  8590 56932
 11120  2858 15227 56932 14219  4562 11120  7300  9379  3861  5226  2525
  4472  8493  2198  4472   366  4472  4151  4822  9330 10291 11830  4562
  4151  6505  4472   424  6319  7956  4151 13010  4472 10731    68  7162
  5226  5224]
32 [ 5224 11757 13469  3924  4562  5224  3280 11211  1231  7132 10621   160
  4188 30194  4472 14407  4472 10281 56932 18413  6151  1231  8909  9102
 56932   977 11120 14035  4472  5804  4679  4055  4472  2732 56932  3828
  8824  2478 11120  5265  4472  9214 24929  5226 56946  9000  5226   195
 11117   746]
14 [ 5224  9874  5240 12555  4415  5804  6192  4472 12921 56932  5534  6950
   373  4472 13588  8493  7207 12135  4472  5804 13712 14049  1925  3015
 56931 56945 56945 56945 56945 56945 56945 56945 56945 56945 56945 56945
 56945 56945 56945 56945 56945 56945 56945 56945 56945 56945 56945 56945
 56945 56945]
11 [ 5224  8876  9230  5427 56932 10502  5264 56932  1132   217  9544  6151
 16149 56932  3828  1240 56946  4562  5224  2792  9243 56932 10556  2828
 56932  6614 11211  4125  1071 10291   425 14675  5226 11067 56932  8290
  7802 10067  1094 10067  8699  9243 56931 56945 56945 56945 56945 56945
 56945 56945]
32 [ 5224  2625  4472  5264 56932 14341  4472 13897 56932  6306  6151  4151
 56942  4000 15227 56934 56942 11613 56935 56932  5226 11120  6256  8657
  4472 56946 20879 56932 12997  1925  5481  5432  4472 16149 56931 56945
 56945 56945 56945 56945 56945 56945 56945 56945 56945 56945 56945 56945
 56945 56945]
10 [ 5804  3272  2095  7248 11211 11563  5226  5804  4679 56946  4472  2732
 56932  1426  5224  6260 13330 56932   746  8192  7231   217  5226  2890
 10103  2433 13396 11120 13540  9192  8311 10621  9883  5226  2890 14139
  4472 11120  5346  5871  4472  1447  3667  4472  2695 56931 56945 56945
 56945 56945]
40 [ 5804  3272  2095  7248 11211 11563  5226  5804  4679 56946  4472  2732
 56932  1426  5224  6260 13330 56932   746  8192  7231   217  5226  2890
 10103  2433 13396 11120 13540  9192  8311 10621  9883  5226  2890 14139
  4472 11120  5346  5871  4472  1447  3667  4472  2695 56931 56945 56945
 56945 56945]
40 [ 1231  4154 11117  6236 11211  4603  2890 24795 56934  4472 12752 11122
  4472 56946 56935 56932 10621 12543  8946  2890  7985  5534 18958  6151
  1231 22086 15340 13662 15340 10291  4085  6151 13732 56932 56940  6151
  8493  4623 10753  1925  5689 10067 27559  4472 56946 56940 56932 10621
 11022  1231]
11 [56940  3315  6090  4472 21493  4472 10977 10067  3612  3733  8310  4472
  2740  8509  5804  4679  4472 13732 56932 11122 11211 12764  7494  3260
 11211  1000  4562 11120  8069 56940 56932   668  5224  3430 56931 56945
 56945 56945 56945 56945 56945 56945 56945 56945 56945 56945 56945 56945
 56945 56945]
12 [ 5804 13628 56934 12767 56935  6348 11120 12209 13974  4472 11120  1500
  4472  2190 56931 56945 56945 56945 56945 56945 56945 56945 56945 56945
 56945 56945 56945 56945 56945 56945 56945 56945 56945 56945 56945 56945
 56945 56945 56945 56945 56945 56945 56945 56945 56945 56945 56945 56945
 56945 56945]
45 [ 5224 56940 21472 56940  4472 56946  5240 13171  9918 12543  1233  1240
  7494  5226 14662 11211 13554 12342 13371 56946   746 20646 11211 56932
  1233 15608  5224 10778 56932 56946  5804  7197  3073  4256  4472  5804
 11211 26928  2934  6862 10590 12735 11120 10767  5432 10067  6319 10621
  6802 11120]
3 [11120 11464  6695  4472  2119  4472  4957 12297 12297  4562 14759  6151
 11120  6543 56946 10621  4559  2890 56946 12297 12297 10621  5224  6952
  4472 11120 10366 10067  5053 56946 56946 12297 12297 56946  4472 11120
  4351 10621 10674 56946 56946 12297 12297 56946  2890  6412  3047 12672
  5538 13396]
28 [56946 56932  6151 13386  5804  5133  2754  2890 10620 56940 56946 56940
 56932  9169  5226 11211   373 56940 11898  6151  1490  1019 56940  4562
 11120  7384  4562  5224   273  4472 56940  8555  8493 11851 11211 56946
  1925  6319 56940 56931 56945 56945 56945 56945 56945 56945 56945 56945
 56945 56945]
3 [11120 10056 14773  6151  2740 10621  1240  4338   217  6151 11870  5226
 11120 15569  4472 11120 13172 10067  1926 56932 11211  1645   420 15229
 56931 56945 56945 56945 56945 56945 56945 56945 56945 56945 56945 56945
 56945 56945 56945 56945 56945 56945 56945 56945 56945 56945 56945 56945
 56945 56945]
7 [ 5224  4332  3268  4472  5804  2402 56946  5226 14123 56932 10827 10867
  8615 56932  6351 12948 11211 56940    85  2890  2642 12764 14566  6151
 11120  4816 12683 56940  5534  5224  9544 13396 11120 14675 11430  8122
  5224 15175  4472 15538  8509 14378  1362  5226  9028  4472 11211 10481
 13822 56946]
14 [ 5224  9307  4177  4472 12340 11449   425 14675  5226  2555  5224   270
  5226  8689  4472   381  3654 56934  3861 14131  4759  3144 56932 12578
  8183  9859 56939 56935 56932  4246  5226  5047 56932 11120  7253 14088
  4472  5441 12290 11211 13851  5904 15377 56931 56945 56945 56945 56945
 56945 56945]
25 [ 5804  7374 12291  1461 10621  1448  4567 14423  5804 14821 15262 10067
  5551 11211   664 13396 56946  5804  7547  4472 13998 13344  6151  5804
 15022  4472  3229 56931 56945 56945 56945 56945 56945 56945 56945 56945
 56945 56945 56945 56945 56945 56945 56945 56945 56945 56945 56945 56945
 56945 56945]
15 [ 9545  7780  2729  5226 14390   425  4687 10291  1916  4472  1756 15023
 14375   798 10067  4152  4472  5804 56942 11804  4472  5669  5217  1231
 13786  5226 56942 56931 56945 56945 56945 56945 56945 56945 56945 56945
 56945 56945 56945 56945 56945 56945 56945 56945 56945 56945 56945 56945
 56945 56945]
20 [ 5804  5574 10067 12741  7846   217 11211 14575 13135  1925 13732  5226
 11120  7261  4472 11120 13172 10067 11183  5226 15168  4472  5226  4151
  9001 56932 15023   673 12948 12049 11360  6644 10291   425 13046 56931
 56945 56945 56945 56945 56945 56945 56945 56945 56945 56945 56945 56945
 56945 56945]
15 [ 5432  5226 56942  4649 10621 12835  4562  5224  2151  4472  8373  5134
 56932  8493 13172 10067 11183 56932  2890 11284  4472  2551 56932  8373
 16288 51274 10621  5544  5134  1791 56932  7780  4472  2529  2890  2792
 14915  1090 13371 11122    85  5226  1231  7802  4472   821 56931 56945
 56945 56945]
37 [ 5804 14048 56932  8271  4562  8493 13133  4562  5224  2519 10067  5982
  2944 56932  1240   107   217 56932  6151  4151 14560  4472 11120 14675
 56932  5226  2890 10803  1925 14854 13373  5226  5224  4252  4472 11120
  5978  4472 13732 56931 56945 56945 56945 56945 56945 56945 56945 56945
 56945 56945]
4 [11120 16790    59 16294 10067  7581  7494 44929 11120 20619  3091 10067
 11575  4472  4151  4290  4256  5226  7224  8630 12764   418  2890 10500
  7247  7956  5224  3161  8673 56931 56945 56945 56945 56945 56945 56945
 56945 56945 56945 56945 56945 56945 56945 56945 56945 56945 56945 56945
 56945 56945]
21 [45520  2861  9541  4472  6764  4472 11120  7261  4472 11120 13172 45722
  4472  5138 56932  2840  5226  5224 12908  5224 56720  4472  6880 56932
  1633   683 56942  9163 56931 56945 56945 56945 56945 56945 56945 56945
 56945 56945 56945 56945 56945 56945 56945 56945 56945 56945 56945 56945
 56945 56945]
7 [56946    85  1782  4472 11120  1752  2194  4472 11120 56946  2893  9823
 10067 13893 56934  1489 56935  5226  5804  5137 56942 56931 56945 56945
 56945 56945 56945 56945 56945 56945 56945 56945 56945 56945 56945 56945
 56945 56945 56945 56945 56945 56945 56945 56945 56945 56945 56945 56945
 56945 56945]
16 [ 5314 12669  5804 14821  4510 11211  1240 56946  6151 15254 10067  4522
  5226  5224 12908  3733  4472  2740  2861   536 12297  9103 56932  6151
 15120  5224   834  8503 56931 56945 56945 56945 56945 56945 56945 56945
 56945 56945 56945 56945 56945 56945 56945 56945 56945 56945 56945 56945
 56945 56945]
3 [ 5224 56940 16446  4472 56946 56940 10577   775  5224 13192  4472 11120
  5311 10291 11205  8493 23047  2928  4472 13030  8791 10621 16563 56932
 10621  5224  1909  4472 56946 56946  5224  2641  5226   425 13300  5226
  5804  4393  5137 56931 56945 56945 56945 56945 56945 56945 56945 56945
 56945 56945]
29 [ 9000  8373  4472  5804   420 14058 13847  4472 11872 11120  5329  7936
  6151  5489 56932 56942   357 10067  1673 55412 56932 12835  7956  5224
 36490 10067 14139 44238 16844  4472  4151  4961 56934 16465 56935 56931
 56945 56945 56945 56945 56945 56945 56945 56945 56945 56945 56945 56945
 56945 56945]
28 [11120  3806  5972   582  9514  2890  4322 10291 11211  5804 13767  4472
 11120 13902 10621  5224 14679  9658  5307  6151 13478  5804 10700 56932
  1040   217  5224  1034  4472 14679  4472 11120 12613 15161 56934  2894
 56935 56932  4181 11062 56931 56945 56945 56945 56945 56945 56945 56945
 56945 56945]
30 [11120  3806  5972   582  9514  2890  4322 10291 11211  5804 13767  4472
 11120 13902 10621  5224 14679  9658  5307  6151 13478  5804 10700 56932
  1040   217  5224  1034  4472 14679  4472 11120 12613 15161 56934  2894
 56935 56932  4181 11062 56931 56945 56945 56945 56945 56945 56945 56945
 56945 56945]
22 [ 5224  3612  4472 12613   635  5065   217 11120 11093  3376 10067  6171
  4472 10043   501  1925  4894  1925  3353  4472 56946 56932  4472  9164
 56932 13396 56946 56932  5226 11120  4722 14924 10067  5138  3733 56931
 56945 56945 56945 56945 56945 56945 56945 56945 56945 56945 56945 56945
 56945 56945]
6 [ 5224 27629  4472 14621 18429 13396 14662  4472 14524 27091 56932  6151
  5804 56942 10013 56931 56945 56945 56945 56945 56945 56945 56945 56945
 56945 56945 56945 56945 56945 56945 56945 56945 56945 56945 56945 56945
 56945 56945 56945 56945 56945 56945 56945 56945 56945 56945 56945 56945
 56945 56945]
9 [56940   753 11211  1176 13396 15243 26055 13371  5224  4472 56941 12015
 11122 15590  6151 13703  4472  4151  4756 56941   848 56941 12015  2662
  6151  8606 23082 56941 56932 14260  4562  5804  1421  1240  7709  8606
 13365 56932  9000 12764  2529 23082 56940 56931 56945 56945 56945 56945
 56945 56945]
6 [ 5224  3835  4848 56932 15752  6151  6192 10067  1702   394 56932 10651
  5226 56942  5804 12073 10291 10778  8244  5226  5224 10119  1107 14012
 10621  5224  6260  1787  5172  8493  3057 11815 56932 11211  1240  8057
  4550  7638  4562 11120  6569  4472 11120  7442 56940  8281 10309 56940
 10067  3835]
7 [ 5224   870  4472 11120 10056  4472  5138  4472 12366 56932  5224 56946
  4233  3415 56932  9028 13458 10291  5804  4185  3204  4753 10291  5224
  5972 10067 56942 56932  5804 10472 11211  1240  3826  5224  6260   972
  1633   672  5226  5352  5810 56931 56945 56945 56945 56945 56945 56945
 56945 56945]
17 [ 5224  1782 10067  8539  1240  3623  3245  1811 13396 11120  2020  5226
  5224  7346  2631 10067  9541  4472  2591 17261 14781 10621  5355 15722
 56931 56945 56945 56945 56945 56945 56945 56945 56945 56945 56945 56945
 56945 56945 56945 56945 56945 56945 56945 56945 56945 56945 56945 56945
 56945 56945]
30 [11120   635  4969  8554   915   217 56932  3786 56932 11120  5265  4472
 15241  5226 11120 13300  4472 56940 56946 56940   848  1150  6226 12433
 56934  2531 56935  4472  5804  4679  4472  2732 56932  5226  8493  4722
  5226 11120 11211 11120  5043  6810 56946 56932 15077  5226  3627 56932
  3730  1231]
25 [ 6205 56932 11120  8129 10923  1933 13396 11120 10767 41184  4472  5804
  5574 10621 51188 11120 36731 36212 10291  1607  5224 12168 56932  9000
  1925  7261 10067  9541 12764  8068  5804 22046  4472  1306 11211  1776
  5226  2911  2848 56931 56945 56945 56945 56945 56945 56945 56945 56945
 56945 56945]
44 [56940  4562  3907 56932  1793 56932 11285 11963 11211  4151  7764  2291
 13396  5804  9251  4472  8216  7821 12297 13083  2814  7394  4472 56942
  6151 56942  5137 12297   865  4472  8493 10960   124 56932 11664  1231
 12754  5879  5240  5224  7249 10169  6512  5226 13440  4472 11814 56940
 56932  1096]
21 [56940 56946  1379  6151  4151   713 10621 13261  4472  4543  2910 10291
  5804  6381 56940 56932   730  5224 13488  4472  1414  4472 56946 56932
  5067 23839 56932  1362  4693  4472 11211  1240 12452  5224 14969 10621
  5804  6062 56946  6151 33288 56931 56945 56945 56945 56945 56945 56945
 56945 56945]
48 [ 5224  2792  4472 11120  5844  4472 10700  8892  4472   968 56934  1369
 56935  9528 11211  5224  6949  7780  1896 56940  5226 56942 11804 11120
 13107   424  2689 10621  5804  4900 14811  5226  8425 56940 56932  5226
  8493   989 13031 11211 10627   217  5224   413 56940  5224  3733 56940
  4472  2921]
6 [ 5224 13883 56940  5224 24172 56940  4472 14381 56932 21537 56940 49718
  3733 56940 10621   668 11211  6151 14849 10067 11575  5224 13057  5831
 38850  1240 14576 56932 15023 16889 11211 56940 11120 31360  4091    52
  8192 13171  5500 56932  4472 12764  2529 13396 11120  5229 10067 13057
 38850 10621]
28 [ 6205 11664 56932 11120 11066  4472  9094 56932  4472 10320 11211 15394
 43963  5226 13455 56932 56946  5224  5858  4472  5804  8335  4472  5606
  2890 29791 10067 20014  4472  1447 12442  6151  7608  4472  3464  4472
   227 56931 56945 56945 56945 56945 56945 56945 56945 56945 56945 56945
 56945 56945]
31 [ 6205 11664 56932 11120 11066  4472  9094 56932  4472 10320 11211 15394
 43963  5226 13455 56932 56946  5224  5858  4472  5804  8335  4472  5606
  2890 29791 10067 20014  4472  1447 12442  6151  7608  4472  3464  4472
   227 56931 56945 56945 56945 56945 56945 56945 56945 56945 56945 56945
 56945 56945]
35 [ 5224  8876  9230 10102 56946  2139 56932 15071   217 56932  8788 56932
  5226  1231  5003 56932  7780  7040  2890 10379  4884 12843  5611  5240
  4472 56942  5137  4472 12843 10621  7780  8449  5226  5224  2880  4472
  5712  6151 56946 56946 56932   997 12033 11211  5676   676 11120  9396
 10151  3682]
22 [ 9220  4472 11120 15243  1346 11211 11120 15422 22643 13396 11120  2198
  4472 11120  2894  5226 11120  8001  8458  4472  4822  9330  7956 12328
 20375 56940  7952  5226  2370 10067  3432  4472 11120  5430  3537 56940
 56931 56945 56945 56945 56945 56945 56945 56945 56945 56945 56945 56945
 56945 56945]
26 [56940  2199  4472  2349  6151 11075  6894  4472 13822 13272  4472 12702
 56932  4365 12301  4472  8826 13822  7025  4472  3825  8493 13408  5226
 11120  2125  4472 10880 56940 56932 15285 56931 56945 56945 56945 56945
 56945 56945 56945 56945 56945 56945 56945 56945 56945 56945 56945 56945
 56945 56945]
13 [56946  7780 14043   217  5226  3213 56946  6151  5804  7114  4472 11120
  1976  4472  5804  7345 56932 56946 56946 56932 10621  4472  4151  9269
 56932 56946 56946 56932 11211 56946  2890 14555  3161  4472  5804  2322
 56931 56945 56945 56945 56945 56945 56945 56945 56945 56945 56945 56945
 56945 56945]
8 [ 5224  8533 11966   256 14360 56932 10067   776  4472  1723 56932    85
  4204 13371  5224 12232  7811  8491  4472 17377 56932  4562 56942 13349
 56931 56945 56945 56945 56945 56945 56945 56945 56945 56945 56945 56945
 56945 56945 56945 56945 56945 56945 56945 56945 56945 56945 56945 56945
 56945 56945]
36 [11211 11120 12925  9038  4472  4487  7494 13822  5052  5226  5804  3365
 10067  7423 11100 10067   653  5769 10621  5234 10242  9823 10067 14358
 56932  5224  8174  3908 56946 56932  4716 56946  6997  8509  5224  1950
  4472 11120 14877 56932  5224 14555  9541 14843 13396  7982 10621 13822
 10053  3622]
42 [15058  6151 11120  7316  4472 11211 12071 15145  2342 13396  5224 12956
  4472 11120   418 56932 12277    85  6454  2861 56940 12024  8024 12764
  6485  6151 11669 12956 56932 13396 11122 11211 12764  7709  2529  6444
 13396 12342 11372  7709   134  5226   227  4472  4656 56940 56931 56945
 56945 56945]
21 [  425  4687 56932 26049 13396  5224  5373 10067   653  4472 56940  1090
 56940 56932    85 13339 13396  5224  8086 10067  2342  4472 15218  9283
 56942  4472  5806 56931 56945 56945 56945 56945 56945 56945 56945 56945
 56945 56945 56945 56945 56945 56945 56945 56945 56945 56945 56945 56945
 56945 56945]
17 [ 5224  8876  3430  8628 13396 11120  2198 10067 15175 16782  5217  1231
 15323  1925  6319 56932  5226   227  4472    24 13901  4472  4151  4290
 56932  3585 11211 11673 56940 23715 56940 15803  4472 11120 56940 12088
  9742 56940  4472  5804  9135 10067 12638 10621 10067 56940 12869  4472
  1231 10056]
18 [ 5224  7346    59  9747 11120  7316  4472 12095  1880  4472   134  1925
 13488 10067  5055 56934 11602 13346  4472 12379  5452 56935 56932  5963
 56946 56932 10621  6151  2890  5887 10067  2880  4472  5319 56932 11364
 56946 56932  7868  8455  4151  2960  6118 56931 56945 56945 56945 56945
 56945 56945]
24 [ 5804 42897 14423 17522  6151  9687  5224  8590  5226 11120  5346  4472
 56946 56946 56932  5226  5224 15934  4472 14233 56932 13396 11120 11602
  4472  4822  9330 56931 56945 56945 56945 56945 56945 56945 56945 56945
 56945 56945 56945 56945 56945 56945 56945 56945 56945 56945 56945 56945
 56945 56945]
28 [11120  9654  4472 11120  5001  3703  7780  9312 11120 14768  5748  6151
  9687 13396  5224   413 13661 56932 11211  5226  1231 13844  4472 12948
 10627  2890  2047  5226 15276 10067  6336  9586 11191 56932 12475 13371
  8099  4993  4472  3572 56932  5226  5224 11211  4665 13371  5860 56942
  6361  4472]
11 [ 5804  8330  4472  3703  3982 11211 12764   746 15231  3260  5226 15583
  4562 11191 10621   470 11211  8993   746  3860  4151   621 10621  4304
  4472  5668 56932 13396 11122 11211 11242  6151 13661 11211 56946 56931
 56945 56945 56945 56945 56945 56945 56945 56945 56945 56945 56945 56945
 56945 56945]
5 [11120 14804  1240 10651  6151  3559  4472  8949  7956  3421   433 11211
 15468 14059  6151  7198  4472 11120  3698 56932 10621  7956 10025  3421
  4562 10225  2246 13396 13961  3296 56931 56945 56945 56945 56945 56945
 56945 56945 56945 56945 56945 56945 56945 56945 56945 56945 56945 56945
 56945 56945]
30 [56940  1233  5224  9925 13280 11122 11211  1659 11211  3645  6151  8606
 56932 15360 12994  1925 11255  2792  4472 12379  5452 56940 56932  1243
   505  5226 11120  7442 56940 11140  4472  6976 56940 15023  5224  7261
  4472  8493  1300   445 56931 56945 56945 56945 56945 56945 56945 56945
 56945 56945]
29 [12889  5217 56942  3222  7780 12190  6151  1723  6151 56942  7496 56932
  5224   653  8984  8159 11211  2890  6753  2041  4472  1427 14811  8605
  5226  5352 17467  6151 11120  9028  4472 11211 11120 12596 15394 56946
  7665 56931 56945 56945 56945 56945 56945 56945 56945 56945 56945 56945
 56945 56945]
11 [ 3667 14114  8568 56932  5217  5224 14451 16950  4472 11120 14571  4472
  1447  3951 56932 14576 11120   681 10067 14399  2861 56940 13938   273
  6151  8493  4472  4151  1088 14971 11211 56946  6151 15986 10621 40058
 56940 13371  5240 56940 11120 16029  4472 11120  6146 56940 56931 56945
 56945 56945]
37 [ 5224   413 56946 56946 10627  5224  6260 56942  4472 14842 13649  7809
 10067  5887  5226  4151 11211 27603  2861 56940 21660  5061 11120  3374
  4472  5804 53587 56932 11211  1240  9567  5226  5224 11034 56932  4562
  5224   273  4472 56946 10621 10189 11120 11791  4562  5224 31747  4472
  5804  5684]
28 [ 5224 10242  4472  4491 11458 10067  4942 56932  3667 14524  9775  4788
 56932 15005 12948  4472 11211  1231  9541 56940 56946 56940 11120 12183
 13396 12135 10067   653 10067  8033  4472  7581 10291 11120  7891  4472
 11120  5319 56931 56945 56945 56945 56945 56945 56945 56945 56945 56945
 56945 56945]
30 [ 5224 10242  4472  4491 11458 10067  4942 56932  3667 14524  9775  4788
 56932 15005 12948  4472 11211  1231  9541 56940 56946 56940 11120 12183
 13396 12135 10067   653 10067  8033  4472  7581 10291 11120  7891  4472
 11120  5319 56931 56945 56945 56945 56945 56945 56945 56945 56945 56945
 56945 56945]
32 [ 5224 10242  4472  4491 11458 10067  4942 56932  3667 14524  9775  4788
 56932 15005 12948  4472 11211  1231  9541 56940 56946 56940 11120 12183
 13396 12135 10067   653 10067  8033  4472  7581 10291 11120  7891  4472
 11120  5319 56931 56945 56945 56945 56945 56945 56945 56945 56945 56945
 56945 56945]
5 [11120  9011 14571 11562  5226 10778 10067  5576 56932  9000  5224  3612
  7682  5061  1231 14390 14939  6551 10621 56932 15023  2678    82  1633
  5224  9080 13012 56934 56946 56935 56932   373  6151 14777 13349 10067
  9102 56932 11120 12673  5532 11211 13008 10067 38963  6151 27155 10621
  4685  4472]
23 [  420 14058 10067  8778    59 56932 11211  7494 15133  7956  5804 15657
 12854  4472  9146 56932  5714  2890 10500  6165  4472  2890 12956  4472
 11317 11211  8900 11120 13332  4472 11211  1997 12764  5240  8813  3087
 10067  7581  4472  5930 56931 56945 56945 56945 56945 56945 56945 56945
 56945 56945]
5 [11120 12695  4472 11120  6805  4472 14299 11211 14039  7785 56946 56931
 56945 56945 56945 56945 56945 56945 56945 56945 56945 56945 56945 56945
 56945 56945 56945 56945 56945 56945 56945 56945 56945 56945 56945 56945
 56945 56945 56945 56945 56945 56945 56945 56945 56945 56945 56945 56945
 56945 56945]
3 [ 5224  9211  5692  4472  9786  6005  6151 42373  4472 22803 56940 13371
  1523  4472 13894 56940 11211  5224 14687  1240 28897  6151 11120    26
  5226  5804  3587  4472  4670  4472 11120  2894 56931 56945 56945 56945
 56945 56945 56945 56945 56945 56945 56945 56945 56945 56945 56945 56945
 56945 56945]
12 [56940  1469  5235  4562 11120  2457 10067   653  4472  1723  1925  2445
  4472 14113  4562 56942 11804  4472  5895 56940 56932 15201   217  2067
 14740 56932  2595 10067  9211  4472  7581 56931 56945 56945 56945 56945
 56945 56945 56945 56945 56945 56945 56945 56945 56945 56945 56945 56945
 56945 56945]
8 [ 5224  7843  8729 11120  6614  4472  1231  3104  4472   653 10291 12486
  5224  7944  4472  7425  3091  5226 11120  4932  2693 10067 56946  1925
 56946 56931 56945 56945 56945 56945 56945 56945 56945 56945 56945 56945
 56945 56945 56945 56945 56945 56945 56945 56945 56945 56945 56945 56945
 56945 56945]
19 [56946 56932 11211  4161  4550  8946  5224 13488  9823 10067  5342  4217
 56932 14204 11211   134  1633 11120  6805  4472 11791 10212  4472 56946
 56932  3828  3971 11211  3910  5648  8493 16530 15583  7416 10621  8148
  4562  5224  9482  4472 11120  3465  4472  1163 56932 11581 19631 56931
 56945 56945]
22 [56946 56932 11211  4161  4550  8946  5224 13488  9823 10067  5342  4217
 56932 14204 11211   134  1633 11120  6805  4472 11791 10212  4472 56946
 56932  3828  3971 11211  3910  5648  8493 16530 15583  7416 10621  8148
  4562  5224  9482  4472 11120  3465  4472  1163 56932 11581 19631 56931
 56945 56945]
42 [56946 56932 11211  4161  4550  8946  5224 13488  9823 10067  5342  4217
 56932 14204 11211   134  1633 11120  6805  4472 11791 10212  4472 56946
 56932  3828  3971 11211  3910  5648  8493 16530 15583  7416 10621  8148
  4562  5224  9482  4472 11120  3465  4472  1163 56932 11581 19631 56931
 56945 56945]
9 [15879  4472 11120 11066  4472 16634 56932 10621 13371 14022  4472 11965
 24079 56932  6950  5224 56942 13396 14108 10067 12646  1240  1630 41691
 56932  8630 11211  5224  7992   373 26520   848 10899 56946 10621 14931
 13010  4472  7897 56931 56945 56945 56945 56945 56945 56945 56945 56945
 56945 56945]
45 [15023 16889 11211  5224   273  4472 11120 56940   545  2720 56940 10611
  2434 10621  5224  9638  9288 10067   424 12764 56940 16738  5226  5224
  2218  3676 13767 12046 10291  5804 10700  5226 11627 56940 56932 10545
 11211  5224 15063 56940  7780  8192  6818 13396  8493  2507  4472 45099
 10611  5224]
13 [13182  5240  5224  7249  9925  4472 11120  4524 11992 11211  9929  4472
  9360  4472 14746 10291  5522  5226 13913 56932  5226  7415 12135 13396
  4151  4968  4472  4151  2983  3006 56931 56945 56945 56945 56945 56945
 56945 56945 56945 56945 56945 56945 56945 56945 56945 56945 56945 56945
 56945 56945]
15 [11120 12878 56946 56946  4472  2555 56934 56946 56935 10621  4984   746
 14043  1925  7966  4472 11120  5918 56934  5688 56935 11211 12830  4472
 13171   692  1925  3660 56946  7587  2106 56932  2890  3900  7577 10067
 11211  3245  2752 12135 10624 11197 56932 14218  7054 10621 15404 56931
 56945 56945]
4 [ 7868  7795 10067  2880 10067  9322  1240   746 17078 56942  7392 11448
  6788 13396  4151  8089   216  4472 13336 56932  6205 13371  5226 13822
 25761  5226  5224 11034 56931 56945 56945 56945 56945 56945 56945 56945
 56945 56945 56945 56945 56945 56945 56945 56945 56945 56945 56945 56945
 56945 56945]
3 [ 5224  1202 56946  4472  8689  5172  5224  6260  2689 11120  6855  4472
 56942  8155 56932  8493  6297 11211 56932  7868  1231 14555 13488 56932
 14853  1089 56932 56940  3686  9292  8493  5611  4638  4472 56942 10910
 56940 56931 56945 56945 56945 56945 56945 56945 56945 56945 56945 56945
 56945 56945]
13 [ 3245 56946  6151  5804 12357 30441  6151  8493 10621    19  1056 10067
 16312  4472 56946 56932  5918 11211  5821  8493  4472  4151  9615 13171
 38837 56932   907  6151 11211   919  4472 13822  1730  6197  8171  5226
  5804 56946  6566  4472  8354 10291  5224 13913 56931 56945 56945 56945
 56945 56945]
16 [ 5804  5379  3982 11211 56932  8509  9379  5137 56932 56940   746  4449
 13961  8849  4562  5224 12684  4472 11211 11120  9849  4210 15107 11120
 14088 56940 56931 56945 56945 56945 56945 56945 56945 56945 56945 56945
 56945 56945 56945 56945 56945 56945 56945 56945 56945 56945 56945 56945
 56945 56945]
37 [11120 11556  5226 14299  4472  5804 13272 10067  3187 56934 56946 56935
 56932 11120 11093 11211  2332  5804 15157 56932  7780 11682  6151 10282
  1882 10291  7882  6151 11120  9849 11211  9022  5224 16813  4472 11120
  3077  4472 14028  4472 10374 10621 11211  1240 56946  4151 12453 56931
 56945 56945]
39 [11120 11556  5226 14299  4472  5804 13272 10067  3187 56934 56946 56935
 56932 11120 11093 11211  2332  5804 15157 56932  7780 11682  6151 10282
  1882 10291  7882  6151 11120  9849 11211  9022  5224 16813  4472 11120
  3077  4472 14028  4472 10374 10621 11211  1240 56946  4151 12453 56931
 56945 56945]
37 [ 5224 10242  9823  4472 11120  4002 56932  5831  5355  8833 56932 15625
  3245 11120 13408  4472 11120  3077  4472  2907 11295  4472 11120  9849
 56932  2152 11211  6043 10621  7472 11120  8467  5942  5226  8689 56932
 13371 14022  4472  5804 10314 15436 13396  5224  2220 10067  3235  9923
 56931 56945]
43 [56946 56946   217 56932  8509 13649  2185  7956 11120 13450 11091  4472
  2668 56932 11211  6151 14914 12284  1240  2542  5224  7977  6260  5226
  8573 56934 12379  5452 56935  5224  2792  2631  4472  2464 56932 14716
 56946 56932 10621  5224 14357  4472  9535  4472 11120  9849 56932  9557
 56844 56931]
36 [11120 13171  4415  5240 44477  9202  8208 56932  4472 56942  5137 10621
  4472  7313   583 56932 11211    85 25403  4472 13822 10685  5226  5224
  8435 56932  1618 10621  1216 56932  7868 15648 11120 13724 10067 15175
  4472 45127 56931 56945 56945 56945 56945 56945 56945 56945 56945 56945
 56945 56945]
3 [56940 11120 12283 10291 15951 10067  7770  6950   582 56946  6151  9168
  4472 11211  1231  3542 12764 31708  5226  4756 10916 56940 56932  1015
 15795 56932 12133 10067  7415  9541  3733 56931 56945 56945 56945 56945
 56945 56945 56945 56945 56945 56945 56945 56945 56945 56945 56945 56945
 56945 56945]
15 [ 5224  7966  3245  7494  1076 28965  4151 46462  4472 13003 10621 56946
 56932  4562  5224   273  4472  6802  3780  6151   424 13105  5942 56931
 56945 56945 56945 56945 56945 56945 56945 56945 56945 56945 56945 56945
 56945 56945 56945 56945 56945 56945 56945 56945 56945 56945 56945 56945
 56945 56945]
28 [12889  5224   864  1373  6111 56932  3245  5466  6151 54399 10646  5804
 17678 56932 56940 12672 11211 15394  2986 13171 12562  6151  5804 10585
 10067  7770  6151 11120  4000  4472 10731 17678  4472  5804 56946 11211
 11597 56940 56932 14504 10215 56931 56945 56945 56945 56945 56945 56945
 56945 56945]
13 [10621 15649  8493  4472  4151  6157 11211  1383  4562  1976  2861 11120
  2897  4472  1911 56931 56945 56945 56945 56945 56945 56945 56945 56945
 56945 56945 56945 56945 56945 56945 56945 56945 56945 56945 56945 56945
 56945 56945 56945 56945 56945 56945 56945 56945 56945 56945 56945 56945
 56945 56945]
5 [ 4151 18658  9996 10067  7581  4472 16465  1240 56946  5224  8590 56932
  9000 12764 13261  7906  4161  4151 14311 10067  8788  5534  5224  7423
  9792 56946  5804 56942  5454 10971 10291 13357 11120  1147  4472  5804
 10624  4472  1231  9541 56931 56945 56945 56945 56945 56945 56945 56945
 56945 56945]
2 [13396  1231 12135  5224 14358 56932  3623  1231  4073  6151  2863  6151
 15276  4472   425 11334  4472  3077 56932 13396  6495 11211 56940  1469
 14261  4472  8493  9798 56940 56932  3828  4151  4240 56940  6728 13371
 11120  2556 56940 56931 56945 56945 56945 56945 56945 56945 56945 56945
 56945 56945]
12 [ 5224  6519 15907 14524 18066 56932  5234  6516  4472 11120 11602 56946
  4472 20120 56932 15201 11211 56940 47496 11211  1469  1452  3693 13371
  9893  4472 12328 56940 10621  2332 56940  5224 29399 11211 56946 10267
  1004 11211  1240  3484  5224 15623  4472  4151 10531 56940 56931 56945
 56945 56945]
3 [ 5224 14139  9517  4472 13732  7951 12948  1231  8614 12176  9422 56932
  8493 11311  6119 10291  5231  5224  2689 56942  4562 12672 13171 11211
  8493 10506  7505  4472 10150 56931 56945 56945 56945 56945 56945 56945
 56945 56945 56945 56945 56945 56945 56945 56945 56945 56945 56945 56945
 56945 56945]
46 [12476 56946 56932 13488  9823  4472 11120 11840 56932 15604 11211  9140
 10621   194 56940  5240  8493 16244  9745  3492  4549 11211  5226  5804
  4393  5137  7780  4380  2861 13290  4472 11120 14623  1801  5226  5804
 13098 15370 56932  7780  1679  6361  3922 10291  5224  3104  4472 13870
 10621   373]
26 [14680 56932  6888  4472  5187  8758  6151 11122  2041  4472  6221 11120
   445 13396  5224  2792 14561  9502 56932  1240  1630 56940  3680 56940
  4472  4175  4472  3840 10621  6523  4472  8281 10291   759  5226  7676
 13344  6151  5841 56931 56945 56945 56945 56945 56945 56945 56945 56945
 56945 56945]
34 [ 5224 11829 10067 12956 11761 56932  4758 11581  6532 10224 56932  7780
  8192 13221  8015 10067  3158  4472 11120  1752  4549  4472  2186  4472
  4052 56932 11211 12027  6151  4151 56942 11725  4472 12474  4472  8689
 56931 56945 56945 56945 56945 56945 56945 56945 56945 56945 56945 56945
 56945 56945]
11 [13396 11674 56932  1233  9198  7703  1009  4472 11120 14088 14238  4472
  2591 56946 56932  7703  3969  1379  4472  1231  9630  1661 56932  6956
 10621  7945 56931 56945 56945 56945 56945 56945 56945 56945 56945 56945
 56945 56945 56945 56945 56945 56945 56945 56945 56945 56945 56945 56945
 56945 56945]
12 [11514  2890 13723 11211 56946   683 13014 13763  4472  8493  8368  5226
  4534  4472  4163 56932  7450 56940 14573 56940 13396  7898 12495 11211
  5207 18988  8993  7012  5226  5804 13349  4472 12687  6165  6151 11120
 13269  4472  4151   420 14821  4494 56931 56945 56945 56945 56945 56945
 56945 56945]
3 [ 5224  9699 56946  6151  5831   553  5226  1231  5187  4472   378  8493
  4722  4472  8973    97 10621 11949  3775  1231  2415 56931 56945 56945
 56945 56945 56945 56945 56945 56945 56945 56945 56945 56945 56945 56945
 56945 56945 56945 56945 56945 56945 56945 56945 56945 56945 56945 56945
 56945 56945]
49 [ 5534  4151  4931 56946 11211  5713 11120 27835  9226  2890 11023 13016
 56932 13371  2890 41128 23171   848  4151  3391  4472   424  3461 56932
   424  5240 34799  5226 15350 11741 11211  9908  6151 11120  5595  4472
  2890 23213 13396  5224 18254 19984 12297 12297  2890 18026 12381 14217
  6151  6256]
18 [14931 11744 56932  5240 11122 11211  4770  7454  5226  5224  6173 56946
  4472 11122  9021  5226 11120  2713  4472 56946 10621 56932 12543  2030
 56932  5534  5224  1871  2277  6151 56946  5226  4756  4472 13822  4509
 56932  5226  5224 11943 56946  4472 11120  8290 12135 56931 56945 56945
 56945 56945]
6 [ 5804 17198 12109 11211 56946  7397 14363 56946 56946 11714  5226 11120
 13733 10621 14363 56946  1234 34823  6151 11120 56946 56943 56945 56945
 56945 56945 56945 56945 56945 56945 56945 56945 56945 56945 56945 56945
 56945 56945 56945 56945 56945 56945 56945 56945 56945 56945 56945 56945
 56945 56945]
14 [ 5804 17198 12109 11211 56946  7397 14363 56946 56946 11714  5226 11120
 13733 10621 14363 56946  1234 34823  6151 11120 56946 56943 56945 56945
 56945 56945 56945 56945 56945 56945 56945 56945 56945 56945 56945 56945
 56945 56945 56945 56945 56945 56945 56945 56945 56945 56945 56945 56945
 56945 56945]
34 [14496  6151 11120  9231 56932 56946  5226  8493 16198 16092  6151 11120
  9028 10067  3343 10067   864 56932 56946 13396  8493  5918 10540  8819
 56932 14931    13 12684 11211  1720  5804  5286 10067  9472  4472 11273
  6862 18785 56932 18785 10621 13064 56932 13064 10621 11273 56932  8984
  6862 18785]
