3 [ 5226 11120 11643   752  4979  5224  9230  4472  6471 56932  7268  8981
 56932  5224 10242  4472  7581  4472  6471 56932  5831  5355 16501 56932
 10621  5224  7423  4472 11120  7444  4472 12474 10067  7407 56932  5513
 56946 56932 11211 44925   425 32066 11211  4146 15640  5137  4472  3789
  4472 56946]
8 [ 5804 11360 56946 10621 19162 56946  3245  1240  9567  4979  5226  8325
 56932 12889  5226   425 11093  4722 13822  5843 12764  1240 12813  6151
  7538 10621 30235  3361 12128  1925  6812 56931 56945 56945 56945 56945
 56945 56945 56945 56945 56945 56945 56945 56945 56945 56945 56945 56945
 56945 56945]
