10 [13396 12135  4472  5804 10916 56932  5804 12969  4472 56946  2381  7956
 11120 12077  5224 15623  4472  5804   508 10621  3286  6667 15168  1231
  8324 56931 56945 56945 56945 56945 56945 56945 56945 56945 56945 56945
 56945 56945 56945 56945 56945 56945 56945 56945 56945 56945 56945 56945
 56945 56945]
14 [20385 56946 56932 11211   425  1578  7780  8823 14694  3204  5217  5224
 22961 56932  8902  2890  2350  1925  4685  4472  9450 10621  6151 10958
  9502  4562  2890 12168 11211  1043  1925  3612  5692 10291  5606  8493
   455 56946  7956  5224  5576 56934 56946 56935 56931 56945 56945 56945
 56945 56945]
