23 [11120  5474  4472 12101  5226  5804  4393  8373  5137  5226  9379  3421
  2704  7780  8192  4472  7023  4472 56942 13712 56932  9000 14811  2831
  2890  9198  8871  4472 56942  1169 56931 56945 56945 56945 56945 56945
 56945 56945 56945 56945 56945 56945 56945 56945 56945 56945 56945 56945
 56945 56945]
0 [ 8946 11120  8148 27677 10067 16446  4472  2794 10291  1231  4154 56932
  1428 13280  2890  9579  4472  9939 56931 56945 56945 56945 56945 56945
 56945 56945 56945 56945 56945 56945 56945 56945 56945 56945 56945 56945
 56945 56945 56945 56945 56945 56945 56945 56945 56945 56945 56945 56945
 56945 56945]
8 [ 5226  1156  6151 10442 56932 11120 13107 12210  8666  5224 56946 56932
  8630 11211  5226  4049  1240  5821  2890 12362 10067 56946  5226 11669
 12675 11762 56931 56945 56945 56945 56945 56945 56945 56945 56945 56945
 56945 56945 56945 56945 56945 56945 56945 56945 56945 56945 56945 56945
 56945 56945]
0 [ 5240  2890  3172 33679 56931 56945 56945 56945 56945 56945 56945 56945
 56945 56945 56945 56945 56945 56945 56945 56945 56945 56945 56945 56945
 56945 56945 56945 56945 56945 56945 56945 56945 56945 56945 56945 56945
 56945 56945 56945 56945 56945 56945 56945 56945 56945 56945 56945 56945
 56945 56945]
3 [12889 12764 12937 15188  5224 12675 14198  4472 13838  4472 15459 56932
  5224  9587 11211   582  2529  6151 15254  4472  4550  5224  7249 56946
 10291 56946 56931 56945 56945 56945 56945 56945 56945 56945 56945 56945
 56945 56945 56945 56945 56945 56945 56945 56945 56945 56945 56945 56945
 56945 56945]
0 [14423  4151   514 56946 56931 56945 56945 56945 56945 56945 56945 56945
 56945 56945 56945 56945 56945 56945 56945 56945 56945 56945 56945 56945
 56945 56945 56945 56945 56945 56945 56945 56945 56945 56945 56945 56945
 56945 56945 56945 56945 56945 56945 56945 56945 56945 56945 56945 56945
 56945 56945]
14 [56940   425 13287  5240  2890 10803  1925 15412  4472  8626 10621  5224
 16994  1240  3014 14524  5226 11155  4472 14524 11183 56940 56931 56945
 56945 56945 56945 56945 56945 56945 56945 56945 56945 56945 56945 56945
 56945 56945 56945 56945 56945 56945 56945 56945 56945 56945 56945 56945
 56945 56945]
14 [ 4151  8070 12297 12297 13396 14779  1780   848  1925  4120 56946 12297
 12297 11526  6416 13371  5715 56942   243 56931 56945 56945 56945 56945
 56945 56945 56945 56945 56945 56945 56945 56945 56945 56945 56945 56945
 56945 56945 56945 56945 56945 56945 56945 56945 56945 56945 56945 56945
 56945 56945]
14 [ 7868  9222 56932 11120  5158  7709 56940 13018 10621  9997 56940 11211
  1723  7706  6416 56940 13171 23723 56932 18128 10621  8390 56940 56932
 11122 11211 56932 10291  5224  2792 56932 56940  5240  8493  7415  7316
 10291  1723 56940 56931 56945 56945 56945 56945 56945 56945 56945 56945
 56945 56945]
19 [56940 10291  5224  8590 56942   838  7806  6151  1000  4151  3455  7849
  5226 15018 56931  9000  5224 13348  7709  2529  5224 11950  4472 13171
  6292 56931  4151  5008   865  1379 14928 56940 56932  3655  2559 56931
 56945 56945 56945 56945 56945 56945 56945 56945 56945 56945 56945 56945
 56945 56945]
0 [   65 56942  5137 10621  2890  2041 10621   614  6260  5226  1231  6319
  4562  5224  1447  9390  4472 18296 10621  5226  1884  4562  5224 10619
 56931 56945 56945 56945 56945 56945 56945 56945 56945 56945 56945 56945
 56945 56945 56945 56945 56945 56945 56945 56945 56945 56945 56945 56945
 56945 56945]
1 [ 9000  5240 56932  7956  6226 56932  2890  6173 56946 56932  5226  5224
 11211  5224  4152 10067  3407 13171  4518 14180  9198 56931 56945 56945
 56945 56945 56945 56945 56945 56945 56945 56945 56945 56945 56945 56945
 56945 56945 56945 56945 56945 56945 56945 56945 56945 56945 56945 56945
 56945 56945]
12 [ 5224  1782 10067  5328 56946  6151  5804 17705  4472 11211 12764 11526
 17286 56940  2275 56940  5400 56931 56945 56945 56945 56945 56945 56945
 56945 56945 56945 56945 56945 56945 56945 56945 56945 56945 56945 56945
 56945 56945 56945 56945 56945 56945 56945 56945 56945 56945 56945 56945
 56945 56945]
36 [13396    19 12135 56932 11120 13675  4722  4472  8200  9840 56946  1925
  3786 10621  7898  3204  1925  4522 56932 10291 11211  6205  5224  7580
   848 10624  3947  5226 11120  7261  4472 11120  8200  4472  8263 10315
  6416 13171 11554 10291 11358 11120  7261 15161 56931 56945 56945 56945
 56945 56945]
42 [ 5224  9243  6690  1717  9840 14496  6151 11120  1562  4472  3740  5574
 56932  6197 11211  5226  9379  8445   865  8089  5226 11120 12101 10621
 10291  5224 12687  2370  5804 13358  8503  4472  8025  1240  7494 11211
  5014   375 56932 10291 11122  7082  7494 13171  3615  3667 13532 56931
 56945 56945]
44 [56940    19  4472  4151   304 11211 56946  7494 11211  1000  4562  5224
  5972 10067 56942  2861  1233  4518  9373 12407  4518  5226 11122 14203
 56932  5226 11122 14479 10621  5226 11122 56946 56932  9632 11211 10291
 13487  8317  6260  8373  5137 10621  6197 12764 33914  5224 12675 56940
 56932  4329]
5 [10827 53241  8993 12015  7780  4643  2890 14505 13977 56932 10621  4151
 13961  6801  4472  1231 14088 56932  4151  4472  2890 11435 11211 56932
  5040 13396  5804 12715 56932  7780 14069 11120 12090  4472 12764  5115
  4151 11401  4472 30655 10621  4472 56946 56932 11372 11120  7508  4472
 11789 56932]
0 [  865  8373  5318 16209  5226   425  7645  4472 18352 56931 56945 56945
 56945 56945 56945 56945 56945 56945 56945 56945 56945 56945 56945 56945
 56945 56945 56945 56945 56945 56945 56945 56945 56945 56945 56945 56945
 56945 56945 56945 56945 56945 56945 56945 56945 56945 56945 56945 56945
 56945 56945]
38 [ 3667 14114  8568 56932  5217  5224 14451 16950  4472 11120 14571  4472
  1447  3951 56932 14576 11120   681 10067 14399  2861 56940 13938   273
  6151  8493  4472  4151  1088 14971 11211 56946  6151 15986 10621 40058
 56940 13371  5240 56940 11120 16029  4472 11120  6146 56940 56931 56945
 56945 56945]
48 [ 7397 56932  5226  5224  7900  4472 12877 10067  7966 56932  8361  7412
  2118 13371  5804  9532  4472  5804 14378  3204 11211  2834 11120 16431
 45319  5226 11963 11211   425 15145 11120  7253  5918  4472 11120  1723
 19588 11211 12764  7494   724 12434  4562 13579 56932 10621 11211  6631
 15145 11120]
48 [ 5822 10621 13822 13801  1340  5224 56942 13396 14108  4472  4151  8849
 27434  4472 11120 47676 56932  9000  4779 24075  4472  1231 12135 14260
  4151  2171 10060 12764  5593 11211  8493  9745 56946  5224 13588  4472
   812  5226 13171  4472  8493 14073 56932 10621 11120  3448   635  6197
  7494  5224]
4 [ 5224 15682  4472  3780 13006  5224 56946 10621  5224  6117  4472  4072
 11122  8057  5226  2890 56946 56931 56945 56945 56945 56945 56945 56945
 56945 56945 56945 56945 56945 56945 56945 56945 56945 56945 56945 56945
 56945 56945 56945 56945 56945 56945 56945 56945 56945 56945 56945 56945
 56945 56945]
19 [ 5224  2595 10067  5328 56932 39404 56946 56932  1040 11211 56932  1233
 15206 10621  5227 12764 15690  2254 11211  1340 56940  1863 12033 56940
 10621  7508 10291 56940 15336 10621  5307  6151 15488 11211  9444 56946
  1633  3572 56940 56932  1240 11095  2890 14555 13959  5226  5224 11211
  4151 14862]
45 [13974  4472  5804 12552 56946 56932 13526  5804 14513  4472   425  4212
  5226  4151  4558 10067 56946 56932  2729 11211  5226 56942  5224  6117
 46768  4472   424  4814 13006  5224 56942 13396 14108 15058  1925  2689
  2824 56932  5226 13554 11211  5224  6117 40384  1240 19715  5224 56942
 13396 14108]
1 [15676 14204  8493  1476 13171  8973 11211 11120    19 56932 10621 11674
  5240  9388  3058  5534  1240 13885  4562  2890 11555 14915 56946 13371
  5240 11120 15107 56931 56945 56945 56945 56945 56945 56945 56945 56945
 56945 56945 56945 56945 56945 56945 56945 56945 56945 56945 56945 56945
 56945 56945]
24 [15676 14204  8493  1476 13171  8973 11211 11120    19 56932 10621 11674
  5240  9388  3058  5534  1240 13885  4562  2890 11555 14915 56946 13371
  5240 11120 15107 56931 56945 56945 56945 56945 56945 56945 56945 56945
 56945 56945 56945 56945 56945 56945 56945 56945 56945 56945 56945 56945
 56945 56945]
19 [56940  1240  5924  4472 11122 11211 10501  4562  8330 10621 32762  4472
  4151 14821 14729 56932  1882 11211 13371  1340   692  7329  2256  5199
 15488 10291 56946 10621 55144 56946 56940 56932 15201 10950 56932 13386
 11499 11211  5804  1169  4472  4151  6857 10621 13879 14729 56940   865
  5804 14821]
13 [ 5224 11829 10067 12956 11761 56932  4758 11581  6532 10224 56932  7780
  8192 13221  8015 10067  3158  4472 11120  1752  4549  4472  2186  4472
  4052 56932 11211 12027  6151  4151 56942 11725  4472 12474  4472  8689
 56931 56945 56945 56945 56945 56945 56945 56945 56945 56945 56945 56945
 56945 56945]
11 [13396  7932  2861  5224 11255 11281  4472 11120  7833  8576  3686 14356
 56946  1002 56932 10621  5400  4472  5804 50179 16044 10067  3597 15894
 21442  9840 14356 19101  4562  8874 56931 56945 56945 56945 56945 56945
 56945 56945 56945 56945 56945 56945 56945 56945 56945 56945 56945 56945
 56945 56945]
4 [ 3245 11120  8281  7709  6416  1231 14293  5226 11120  3745  4472  5804
 10374 56931 56945 56945 56945 56945 56945 56945 56945 56945 56945 56945
 56945 56945 56945 56945 56945 56945 56945 56945 56945 56945 56945 56945
 56945 56945 56945 56945 56945 56945 56945 56945 56945 56945 56945 56945
 56945 56945]
0 [ 6955  5804 14117 56934  6151 56935  5224  3432  4472  4573   194  4472
  3889   848 56946  6151  5804 11211  1240 10469  6151 12297 10008 12297
 56931 56945 56945 56945 56945 56945 56945 56945 56945 56945 56945 56945
 56945 56945 56945 56945 56945 56945 56945 56945 56945 56945 56945 56945
 56945 56945]
4 [ 5804 14619  6205  1902  3782 56932  1793  4472  5834  8472  5226 14035
  4472    84 11523 56934 12297 10008 12297 56935 56932  8493  4933  4243
  8241 11211  7880  2890  7415  4667  4472  5351  4472   453  4521  4562
  5834 10401 10621  8472 56931 56945 56945 56945 56945 56945 56945 56945
 56945 56945]
0 [ 8946 11120 12238  1004  5226 11120  7645  4472 14113  5226 11211  2890
 13723  6123 10578  1638 13822  8865 10291  5506  5226  5844 12031  6862
 19964  5226 11120  7626 12683 56931 56945 56945 56945 56945 56945 56945
 56945 56945 56945 56945 56945 56945 56945 56945 56945 56945 56945 56945
 56945 56945]
