16 [ 5224  8876  9230  5427 56932 10502  5264 56932  1132   217  9544  6151
 16149 56932  3828  1240 56946  4562  5224  2792  9243 56932 10556  2828
 56932  6614 11211  4125  1071 10291   425 14675  5226 11067 56932  8290
  7802 10067  1094 10067  8699  9243 56931 56945 56945 56945 56945 56945
 56945 56945]
10 [11120 14675 10067  8788 56932   683 56942 11770 13035  1240  8734  4562
  5224  7057  4472  5804  5230  4472  4151 14633  7023 10067 15175  4472
  8808 10291  2637  5224 14578  4472  4151  6505  6151 11120  8458  4472
 11120  8473 56931 56945 56945 56945 56945 56945 56945 56945 56945 56945
 56945 56945]
29 [56940 11120  1147  4472  5804 18619  4562 13331 14482  2529  1189  3540
  5226  5224  4492  4472 11211  8818   848  9277  1240 56946 56932 56931
   428  5240  6418  6151 11211  1776  4562  4151 17428 10621 56932 13396
 13554  1240 19456  4472 12402 56931 56932  8593 26156  6151 15223 11211
 56932  5226]
