15 [ 5804 15292 56932 11211 11292  6197 14777  9289  9773 56934  4885 10067
  3612 56935 56932  1828 13396 56946  6151  5804  7015 56932 11211 14811
 14931 10778  5471  4562 12888 56946 56932 13370 56931 56945 56945 56945
 56945 56945 56945 56945 56945 56945 56945 56945 56945 56945 56945 56945
 56945 56945]
9 [ 5224  2792  4472  7178 56932 18245 56946 56932  7780 10659 10291  4151
 56942 11613  4472   217  1925 14555   653  4472 11611 14428  5224  8788
 13396  4151   420  1088 14862  8165 12605 56932 10621  1240  9028 11211
 56900  5224  3849  4472  4290 55370 10291  5224 56942  4472   995 56931
 56945 56945]
