10 [ 5804  7394  4472   217  6950  6728 10291 11400 13365 10621  2529  5710
 56931 56945 56945 56945 56945 56945 56945 56945 56945 56945 56945 56945
 56945 56945 56945 56945 56945 56945 56945 56945 56945 56945 56945 56945
 56945 56945 56945 56945 56945 56945 56945 56945 56945 56945 56945 56945
 56945 56945]
6 [56936 11562 15409  5224 11955  4472  2529 14915  5901 56937 12297 12297
 56931 56945 56945 56945 56945 56945 56945 56945 56945 56945 56945 56945
 56945 56945 56945 56945 56945 56945 56945 56945 56945 56945 56945 56945
 56945 56945 56945 56945 56945 56945 56945 56945 56945 56945 56945 56945
 56945 56945]
4 [ 5224  7238 56932 11211  5088  8753 10621  5165 11981  4562  1231 10163
 56932   607  4392  6151 56942  4472  5804  7691  4472  8493 15012 11973
 56931 56945 56945 56945 56945 56945 56945 56945 56945 56945 56945 56945
 56945 56945 56945 56945 56945 56945 56945 56945 56945 56945 56945 56945
 56945 56945]
6 [15145 13371   386 56932 11122 11211   373  6997  5240 11211 11120  3745
  6913 10291  5804 10374  5224  3474  5609 10291  7188 10067 12506 56931
 56945 56945 56945 56945 56945 56945 56945 56945 56945 56945 56945 56945
 56945 56945 56945 56945 56945 56945 56945 56945 56945 56945 56945 56945
 56945 56945]
4 [ 5224 16446 12764 10577  2529 27825 56932 10954 17654 56933  5224 56946
   848  8835  5240    19  3269  3933 11211  4962 11120  3745  5226  2983
  4273  4472 10374 11211 56932 13396   919 14251 56932  5246  2426 54010
 56931 56945 56945 56945 56945 56945 56945 56945 56945 56945 56945 56945
 56945 56945]
6 [ 1231 12353 10767 56932   907  6151 18400 13441 56946  4472  8448 56932
  1240  6469  5226   264 17654  4472  2199 56931 56945 56945 56945 56945
 56945 56945 56945 56945 56945 56945 56945 56945 56945 56945 56945 56945
 56945 56945 56945 56945 56945 56945 56945 56945 56945 56945 56945 56945
 56945 56945]
