35 [ 5224  3835  4848 56932 15752  6151  6192 10067  1702   394 56932 10651
  5226 56942  5804 12073 10291 10778  8244  5226  5224 10119  1107 14012
 10621  5224  6260  1787  5172  8493  3057 11815 56932 11211  1240  8057
  4550  7638  4562 11120  6569  4472 11120  7442 56940  8281 10309 56940
 10067  3835]
14 [ 1240  3648 11211 11120  7833  3727 56932 13371  6221 11120 12767 56946
 11211  5207  7494  7765 56932  2696 11120 10789 13371  8493  9033 56932
 13371 11120  6855 10067 13115 56932 13371  5973  4472   919  5941 12315
 56932 13371  5670  4472  3718 56932 13371 10509  4472   319 56931 56945
 56945 56945]
