17 [ 5226 15805  1240  5050  5224 14600  4472 12336 38839  4472 15232  4562
 14113 10621   658 12297 11211  4563  7660 13822  4173 20924  5226 11120
 10947  4472  5804 16452 56931 56945 56945 56945 56945 56945 56945 56945
 56945 56945 56945 56945 56945 56945 56945 56945 56945 56945 56945 56945
 56945 56945]
10 [11120   661 13050  6151 56942 56932 13478  5804 11211 11122  4563   880
 10621 11211 12764  4585  4700 13396 10025  9138   848  9824 56931 56945
 56945 56945 56945 56945 56945 56945 56945 56945 56945 56945 56945 56945
 56945 56945 56945 56945 56945 56945 56945 56945 56945 56945 56945 56945
 56945 56945]
5 [ 5224  3612 11211 13171  4739  7780 18982 10067 37140  9518 11943  4150
  5240  5224  5683 13579 56931 56945 56945 56945 56945 56945 56945 56945
 56945 56945 56945 56945 56945 56945 56945 56945 56945 56945 56945 56945
 56945 56945 56945 56945 56945 56945 56945 56945 56945 56945 56945 56945
 56945 56945]
14 [11120 33218 24513 13885  5226  5224 56946  4472 11120  8199 56932  4687
 11211 12764  7780  5538  5224  5104  9329  4472 14072 13396 11120 14779
 23899 56932  7868 11120  1853 56932 11211  5224  6260 56942  4472   995
  3717 11120 13870 10621 13185  4472 11120 10595 56946 56932  5226   523
  4472 11120]
17 [ 5804 15478 13320  8493 14988  4472  8960 10291  9292 11120 14028  4472
  5804 13042 10621 11211  4550  4779 10034  4562  5804 10050  4472  5712
  4472 11120 12613 15161 56934  2894 56935 56931 56945 56945 56945 56945
 56945 56945 56945 56945 56945 56945 56945 56945 56945 56945 56945 56945
 56945 56945]
15 [15072 45166  6151  5804  5634  6151 11211 30999  8493  7635  4472  6613
 56932 11211 56946   582 11293 16785 11120  1650  4472  2890  4569 10635
 56931 56945 56945 56945 56945 56945 56945 56945 56945 56945 56945 56945
 56945 56945 56945 56945 56945 56945 56945 56945 56945 56945 56945 56945
 56945 56945]
41 [ 5804  6523 11511  4331   217 56932  8788 56932 13649  7809 10067  5302
 11730  9243  9522 56946 56932  5226  4151 11211 11979 13371  2890 56940
 14687 11386 56940 11120  7361 10067 56946  7513  6151  5352 10246 56932
  4670 11211 56932   730 56932  7175 14843  2890 56940 14606 11279 56940
  5226 11120]
31 [12672 11211 56940  4473  1368 13171  1970 56940 10621 11211  1240  7333
  4562    13   982 56940 12407  3196 56940 13396  6416 11120 13734  4472
 15390  6151  2732  4562    13   870 11211  7780  6947  5226 12342  5226
  5804  4393  5137  2861  6099 56946 56931 56945 56945 56945 56945 56945
 56945 56945]
23 [ 5804  8373 15261  1240   746 13771  6151 56946  1925 56942 13396 14108
  4472  5804  8424 56946 56932 11211 56932  5226  2890  1242 56932  8540
  4888  1925  6519  9666 56931 56945 56945 56945 56945 56945 56945 56945
 56945 56945 56945 56945 56945 56945 56945 56945 56945 56945 56945 56945
 56945 56945]
22 [10621  5226  2890  8778  7956 11120 12695  4472 11120  2894 10454  6151
  1009 11211 13537 56932 11211  5226  4151 14862 10937  2844 10608 13637
  6644 10621  5483 56931 56945 56945 56945 56945 56945 56945 56945 56945
 56945 56945 56945 56945 56945 56945 56945 56945 56945 56945 56945 56945
 56945 56945]
44 [ 5224  8876  9230 10102 56946  2139 56932 15071   217 56932  8788 56932
  5226  1231  5003 56932  7780  7040  2890 10379  4884 12843  5611  5240
  4472 56942  5137  4472 12843 10621  7780  8449  5226  5224  2880  4472
  5712  6151 56946 56946 56932   997 12033 11211  5676   676 11120  9396
 10151  3682]
10 [56940  1723  5172  4472 11120  2894  8493  8987  1870 11211  7780 11162
 11148  2890  7093 41135 56931   229 12407 10408 23910 11673 12673 13734
  6151 10025 10700 11211 13396 14324  7606  1240   746  8823 46069 16485
  4472  5487 13974 10067 16034  4472 11120  2551  1506 56940 56932  3120
 56931 56945]
20 [ 5224 14479 10067 12741  7780 13091 11120 11124  4472  2462  3539 56932
 13386  7780 14384  8373   340 56932 10621  1240  7780  7467  6151  8826
 11211  1240  7780  5788 11120  6240 56931 56945 56945 56945 56945 56945
 56945 56945 56945 56945 56945 56945 56945 56945 56945 56945 56945 56945
 56945 56945]
40 [11120 13445  4472  1925 56946 56932  7442  3245   545  4472 11120 10365
 11272 56932  7780  8109  4151   698 10067 15063  2782  2861 10067  5071
  5226 11120 12077  4472  1539  1240  7780  6260  6151  7584 11039 11211
  5226  2890  2689  1240   746 12940  4151  4232  4472 56942  2709 10621
 56942 56946]
3 [56940  1233  1240 10261 32582  6151 11120  8150  4472 11211 12764 56946
 10370  2179 56932 12764 10261  3848  9068 17811 56940 56932  1096  3333
 56932  5226  6425  6151  3667  9810 16819 56932  5224 35387  1428  5224
 11950 56942  1925 15222  2890  6411 11211  9490  5663  5226 11120  6962
  4472 56946]
33 [56946  6667 19391  5226  2627  4472  7261  1925 12835 10067  9541 10611
  5224  8984  4345  1725 10621  5224 12796 56946 35396 56932  9283  7381
 10067  1926 56932 10621  5224   821 11211 13171  3153  7780  5788   424
  2689 56934 56942 56935 56931 56945 56945 56945 56945 56945 56945 56945
 56945 56945]
23 [13658  7296  4562 11120 15098 15252  4472 11120 11840  7511 56946  2890
  8512  4472   420 11970 11211  7829  5224 56942  4472 13330 10621 16105
  3479  5224 11255  3786 11950 56942 56931 56945 56945 56945 56945 56945
 56945 56945 56945 56945 56945 56945 56945 56945 56945 56945 56945 56945
 56945 56945]
19 [ 2890  7944 11211 12764  7494  1778  4472 22247 10067  5138 56932 13171
  4518 14190  2890 56946 56932  9000 11211  7780  8753  2890 22206 23003
 56931 56945 56945 56945 56945 56945 56945 56945 56945 56945 56945 56945
 56945 56945 56945 56945 56945 56945 56945 56945 56945 56945 56945 56945
 56945 56945]
6 [ 5804  1145  8373 12534 11211 12764   746 15231  5224  2445 13488   865
  5224  4472  5804   953 50153 56934 25977 56935 10621  5224  4472  4151
  3760 56931 56945 56945 56945 56945 56945 56945 56945 56945 56945 56945
 56945 56945 56945 56945 56945 56945 56945 56945 56945 56945 56945 56945
 56945 56945]
28 [ 5224  1202 56946  4472  8689  5172  5224  6260  2689 11120  6855  4472
 56942  8155 56932  8493  6297 11211 56932  7868  1231 14555 13488 56932
 14853  1089 56932 56940  3686  9292  8493  5611  4638  4472 56942 10910
 56940 56931 56945 56945 56945 56945 56945 56945 56945 56945 56945 56945
 56945 56945]
4 [ 5804   465 11211 11120   746  6091  5654 11211 11120  6670 56932 11211
  9490  8192 56946 56932  9490 14043 11211  5224 17908 28836 15600 12889
  6151  8596 11117 42359 11122  2030 56931 56945 56945 56945 56945 56945
 56945 56945 56945 56945 56945 56945 56945 56945 56945 56945 56945 56945
 56945 56945]
14 [ 8630  1240 55981  5224 12761  6151  5407 12734  4472  5804  5023   721
 11211 12764  9658  9997  1231  3832 56932 12764  3686    52 56946 10291
  6330  5224 12761  6151  5790  4472  4938  9658 56946  4472  5187  6750
 56931 56945 56945 56945 56945 56945 56945 56945 56945 56945 56945 56945
 56945 56945]
18 [ 5804 10585 47731  1396  4472 14399  5226 12486  5804   620  4472 17678
 56932 11211 13396    19 12135 12171   746 12249  1170  5226 11120 13107
 56946  4472 11120  4932 56932  9000 14343 11211 11673  5474   582  2529
 32694 10621 56946  4562 11554  4693  4472 11120  7361  7638  4472  5804
  4284 56931]
12 [56940  2831  5226 14662  5224 11950 11211  5240 10621  5224 11554 11211
  7780  9591 56932  1469 12407 12018 56940 56932 56946  1925  7261 10067
 11950 28395 12511 56932 13488  4472 56946 33312 56932 30209  4472 11120
  1404 56931 56945 56945 56945 56945 56945 56945 56945 56945 56945 56945
 56945 56945]
12 [ 2890 56946 14931 30057  5240 13371  2890  9230   848  2890  8491 11211
  7780  8857 18414  6151 11120 11982   848  1925 11629 56931 56945 56945
 56945 56945 56945 56945 56945 56945 56945 56945 56945 56945 56945 56945
 56945 56945 56945 56945 56945 56945 56945 56945 56945 56945 56945 56945
 56945 56945]
12 [ 6997 11211  5534  7412  6894 56934 11211  6151 11122 11211 14190 12764
  7780  3521 10067  6226  5224  7473  9068 11211 14204 56935 14747 56946
  6151  9222 56932 10621 11117 47234  4562 40453 10621  2554 10621 11122
 26442  4472  7001 10643 56934 14686  3245  5226  5224 10235  4492  4472
  6997  4759]
23 [ 5226  6226 13440 56932  5224  1883 16477  4472  6917  3958  9490 41676
 11122 11211  5224  1094  4472  1524 56932 10621  5224  7249 11211  4413
 34204  6151  2637  5224 12664  7261  4125  4465  4472  4945  1633 11120
 22425  4472 11120  7132 56931 56945 56945 56945 56945 56945 56945 56945
 56945 56945]
3 [ 5804  6381 11211   746  3127 13822  3553  4161 11120 56946 10621  5224
 24651   865  5804  1145 11211 15590  1925 15790 56931 56945 56945 56945
 56945 56945 56945 56945 56945 56945 56945 56945 56945 56945 56945 56945
 56945 56945 56945 56945 56945 56945 56945 56945 56945 56945 56945 56945
 56945 56945]
