42 [14190 11122 13171  9329 11211  5224  1782  4472 11120  3474 10643  4472
   653 56932 11211   373  1925 13344  4472  2890 13723  4472 56942  1416
 56946 10621  4562 11401  4472  9761 56932  5856 10785  5226 11120 12759
  1976 56932 11211  5240  3828  1240  1340 11211 11872  4151 11159 12230
 56931 56945]
34 [ 5224  9243  6690  1717  9840 14496  6151 11120  1562  4472  3740  5574
 56932  6197 11211  5226  9379  8445   865  8089  5226 11120 12101 10621
 10291  5224 12687  2370  5804 13358  8503  4472  8025  1240  7494 11211
  5014   375 56932 10291 11122  7082  7494 13171  3615  3667 13532 56931
 56945 56945]
2 [ 5804 17198 12109 11211 56946  7397 14363 56946 56946 11714  5226 11120
 13733 10621 14363 56946  1234 34823  6151 11120 56946 56943 56945 56945
 56945 56945 56945 56945 56945 56945 56945 56945 56945 56945 56945 56945
 56945 56945 56945 56945 56945 56945 56945 56945 56945 56945 56945 56945
 56945 56945]
