3 [ 8493 14564 56946 56946  1723  6151 15254  4472   217 10621   522  8415
  6151  8295 10621  5224 12728  4472 11120 14774 56932 12889 11120  5152
 10067 11554 21843  4472 12948  5226 11120  4188 12135 10067  6319  6645
  6151 14028 12683  3956 13478  5804 24122  4472 10942 56931 56945 56945
 56945 56945]
12 [ 5224 14573  4472  5814 10621  5804 10624  4472  4151  8929  4472  8285
 14722  4151 14373 10291  9514  2890 14399 11211  4106 11263  5224 14555
 12886  4472  5804 14650 56931 56945 56945 56945 56945 56945 56945 56945
 56945 56945 56945 56945 56945 56945 56945 56945 56945 56945 56945 56945
 56945 56945]
7 [ 4562  8493 10526 14299 56932  5804  3947 56946 13441  8993  4151 13430
 12392  4472  1231  1431 10621 56932  5534  1240 56946  1925  2972 56932
 30323  4095 13822  3361  4649  4472 12168 56931 56945 56945 56945 56945
 56945 56945 56945 56945 56945 56945 56945 56945 56945 56945 56945 56945
 56945 56945]
12 [12764  5240 14555 11211  2890 13723  4472  6415  2469  4562 14352  9630
  1037  8493 14693 11625  4472 12040 13845  6151 13478  5804 15244 56931
 56945 56945 56945 56945 56945 56945 56945 56945 56945 56945 56945 56945
 56945 56945 56945 56945 56945 56945 56945 56945 56945 56945 56945 56945
 56945 56945]
3 [ 4151  2131 19721   290  5224 56940  2641  5226  6226  5224 11078 56940
 11211  5224  6516 10067  7581  4188  2610 56932  9823  4472  1651  8953
 36299 56932  8902  6151  2135  6151 15099  4472 14724 56931 56945 56945
 56945 56945 56945 56945 56945 56945 56945 56945 56945 56945 56945 56945
 56945 56945]
26 [14931 11744 56932 23247  8159 11211 56940  5804   453 16747  4472  3432
 56932  8216 13371  5224 56946 56932  4151  3713 21267   848  4151  3713
 21426  5989 56946  5226  5224  1702 12482  5224 10107  3432  4472 11120
  6670 56932   907  6151 11211  1240 12015  2488 11211  5240  8493 24058
 56940 56931]
4 [11120 11199  7935 34740 56946  5226 10442  5804 56942 10879  4472 11120
 14564 13107 56931 56945 56945 56945 56945 56945 56945 56945 56945 56945
 56945 56945 56945 56945 56945 56945 56945 56945 56945 56945 56945 56945
 56945 56945 56945 56945 56945 56945 56945 56945 56945 56945 56945 56945
 56945 56945]
34 [12764  2451 56932 15201 11211 56940  4151 13910 10291  6744  5224 15623
  7482 12764  1240 11138  5226  9379  8445 56940 10621 56940  5226 14347
  7171 56940 12297  6351 12297 56940 11120  8728  2839   373 23530 11120
  7891  3285 10495 10291 32498  5224  7581  4472  4151 11816 10621 10291
 10530  5224]
7 [13396 11122  2254 56932  5224  3835  5769  7462 10681 13210 10621   407
 10291  5224  8590 10621  8788 56931 56945 56945 56945 56945 56945 56945
 56945 56945 56945 56945 56945 56945 56945 56945 56945 56945 56945 56945
 56945 56945 56945 56945 56945 56945 56945 56945 56945 56945 56945 56945
 56945 56945]
27 [11120 11495  7956 11120 14720 12348  5226  1725   509 56932 11211  5217
   995  6260  6082  5224  5234  8699 10621 10997  4472 11120  9584  8036
 10172 56932  7780 42491 11120  7626 12031  5226   424  6319  3810 56931
 56945 56945 56945 56945 56945 56945 56945 56945 56945 56945 56945 56945
 56945 56945]
4 [11120  1147  4472  5525 11634  5224  6260  4561 56931 56945 56945 56945
 56945 56945 56945 56945 56945 56945 56945 56945 56945 56945 56945 56945
 56945 56945 56945 56945 56945 56945 56945 56945 56945 56945 56945 56945
 56945 56945 56945 56945 56945 56945 56945 56945 56945 56945 56945 56945
 56945 56945]
4 [ 8521  4472 56946 56946 56946  5224  3716  4161 56946 30948 17519 56932
  8493 15940  4562 30526  4472 15900 10067 12728  9239 56932  9000  4562
  4151 11868  4472 16418 56931 56945 56945 56945 56945 56945 56945 56945
 56945 56945 56945 56945 56945 56945 56945 56945 56945 56945 56945 56945
 56945 56945]
11 [ 5226  5224  7144  4472 15425 56932  4472 56942  1990 56932  9413 12202
  4562  6928 15664  5804 12530  4472  7537 56931 56945 56945 56945 56945
 56945 56945 56945 56945 56945 56945 56945 56945 56945 56945 56945 56945
 56945 56945 56945 56945 56945 56945 56945 56945 56945 56945 56945 56945
 56945 56945]
14 [11120 31601  4472  9537  8445  4472  4241 15354 17750 13396 11120 12267
  4472 56946 56946  5224 39781  4472  7898  1416  5534  5224  2792 15394
  3064 56940 56946 56940 10621 11979  1925 11964  4472 56940 15743  4472
 12536 56940  8509  8493  4472 13822 14596  7672  1633 11120  1976 56931
 56945 56945]
6 [11120  4836 10067  6516 10067  2631 20391  6151  1721  4151  1088 14633
  4472 56946 10621  1240  1819 12555  5226 11120 12394 16024 56932  2890
 15387 15417  4562 14382  1559 18700 10621  4884 14397  5240  8493  4472
  4151 13171 14821  4472 11120 14248 56946 56931 56945 56945 56945 56945
 56945 56945]
8 [ 3828 10262   981 13337  4472  6143 56932  3761  8701    64 11211  9606
  6151 11955  4472  9214 56931 56945 56945 56945 56945 56945 56945 56945
 56945 56945 56945 56945 56945 56945 56945 56945 56945 56945 56945 56945
 56945 56945 56945 56945 56945 56945 56945 56945 56945 56945 56945 56945
 56945 56945]
8 [ 4151  4094 11211  2007 38825  5226  5224  7147 10007  9198  6151  9198
  1996 10767 56931 56945 56945 56945 56945 56945 56945 56945 56945 56945
 56945 56945 56945 56945 56945 56945 56945 56945 56945 56945 56945 56945
 56945 56945 56945 56945 56945 56945 56945 56945 56945 56945 56945 56945
 56945 56945]
3 [12889  5224   864  1373  6111 56932  3245  5466  6151 54399 10646  5804
 17678 56932 56940 12672 11211 15394  2986 13171 12562  6151  5804 10585
 10067  7770  6151 11120  4000  4472 10731 17678  4472  5804 56946 11211
 11597 56940 56932 14504 10215 56931 56945 56945 56945 56945 56945 56945
 56945 56945]
3 [ 9000  4562 32617 18718  5804 35991 10621 13396 11674 14855  4472 24499
  7709  2529  3245 11603 56931 56945 56945 56945 56945 56945 56945 56945
 56945 56945 56945 56945 56945 56945 56945 56945 56945 56945 56945 56945
 56945 56945 56945 56945 56945 56945 56945 56945 56945 56945 56945 56945
 56945 56945]
45 [ 5226  1231 13676 12297  7618 12297 56932 12024 15340 12297 10621 12342
  3159 11211 11122  5240 12297  4758 13529 44106 56932  1240 10463  5230
 14260 56932 15328   424  3719  4472 11120  7645 56932  1240  7016 56946
 11120 11213   545  2720 56932  5534  4151  8373  3342 37967  5224  1926
 56931 56945]
2 [ 3951 16293 56946  1231  2972 56931 56945 56945 56945 56945 56945 56945
 56945 56945 56945 56945 56945 56945 56945 56945 56945 56945 56945 56945
 56945 56945 56945 56945 56945 56945 56945 56945 56945 56945 56945 56945
 56945 56945 56945 56945 56945 56945 56945 56945 56945 56945 56945 56945
 56945 56945]
2 [14914 12691 11108  5804 15297 10611  3333 10621  1201 56932 14655 10621
   882 56943 56945 56945 56945 56945 56945 56945 56945 56945 56945 56945
 56945 56945 56945 56945 56945 56945 56945 56945 56945 56945 56945 56945
 56945 56945 56945 56945 56945 56945 56945 56945 56945 56945 56945 56945
 56945 56945]
