46 [ 8509 11120  6255  5818  4472  9410 56932  5804 11754  4472  7581   848
  4472   653  4472 11120  2894 56946  1925 11964 15164 10621  1925  3104
  6151 11211 56946 56932  5226  5224 14568 13171  9888  1958 56932  4151
  8373 14596  4694 56932  6205 13371 11120  9443  6151 11120 11798 32168
  4472  5804]
9 [ 5224  3353 10246  2746 13371  9519  1633  3222 11120  2684 10067 13242
  3667 12594 56932 13386  7334  5226  5224  5076 25365  4472 11120 10241
  4472  1681 10067  5138 15275 56932 10621  6151 56946 27260 56932 13386
 12212  5226  5224 10792  4472 11120  8290 10241   635 56931 56945 56945
 56945 56945]
3 [10420  5112 11120 15568  4472  4151  2789  6151 11631 10067  7770 56932
 11211  6955  2890 56942 13396 14108 56932  5226 13554 11211  4151 15629
  6151 11631 10067 13823 15633  2890 56942 56932  4562  2890  3269  8425
  4472  4151  2789  6151  1352 56932 11211 14955  2890 56942 13396 14108
 56931 56945]
25 [ 1335  1240   373 31174 13371  2890 13645  4472 13893 10291  5224 10386
  7013 10621 10291  5804  4185  5137  1240  9054  2890  3269  8716  4472
 11120  4194  4472  4284  7018  6151  7608  4472 11120 11199 56931 56945
 56945 56945 56945 56945 56945 56945 56945 56945 56945 56945 56945 56945
 56945 56945]
