26 [13095 56946 56932  3608 10067 56946 56932  1630 11211  5804   453  9135
 10067 12638 11526  6416  7460 10291 56940 13791  2826  6403 56940 56932
 10621 11526  2529  8155  4562 10365 10621  4322 56932 56946 10621 16135
  9636  8008 56932 12672 11211    85  2729  5226  3396  4562 11120  2824
  3046 56931]
5 [ 1231  4154 11117  6236 11211  4603  2890 24795 56934  4472 12752 11122
  4472 56946 56935 56932 10621 12543  8946  2890  7985  5534 18958  6151
  1231 22086 15340 13662 15340 10291  4085  6151 13732 56932 56940  6151
  8493  4623 10753  1925  5689 10067 27559  4472 56946 56940 56932 10621
 11022  1231]
18 [ 1231  4154 11117  6236 11211  4603  2890 24795 56934  4472 12752 11122
  4472 56946 56935 56932 10621 12543  8946  2890  7985  5534 18958  6151
  1231 22086 15340 13662 15340 10291  4085  6151 13732 56932 56940  6151
  8493  4623 10753  1925  5689 10067 27559  4472 56946 56940 56932 10621
 11022  1231]
33 [ 5432  5226 56942  4649 10621 12835  4562  5224  2151  4472  8373  5134
 56932  8493 13172 10067 11183 56932  2890 11284  4472  2551 56932  8373
 16288 51274 10621  5544  5134  1791 56932  7780  4472  2529  2890  2792
 14915  1090 13371 11122    85  5226  1231  7802  4472   821 56931 56945
 56945 56945]
26 [ 9000  5224 12425  5805  4472 10025   420  7320  5226 15316  2861  8373
  4562  6108  2131 56934  8503  4472  8025 56932 11885  4472 56946 10621
 18087 56932 13261  1231 11576   623 56935 10621  8493  8106 11578  5226
 23163 10621 56946 56931 56945 56945 56945 56945 56945 56945 56945 56945
 56945 56945]
16 [ 5263 15083 56932  1240  1441 11120 14402  1925  4667  5226  5793 13396
 11122 11211  7630 11211  8946  2890 56940  1533 56940 10067  9541 56931
 56945 56945 56945 56945 56945 56945 56945 56945 56945 56945 56945 56945
 56945 56945 56945 56945 56945 56945 56945 56945 56945 56945 56945 56945
 56945 56945]
25 [ 3951  7653 56946   425 14675  1231  8876  2871  4472   445  5226  5224
 15175  4472  8808  4472  8325  4472 11120  6549 56932  5918  4472 11120
 11211  5240 14944  5217 13280 56942  5137 56931 56945 56945 56945 56945
 56945 56945 56945 56945 56945 56945 56945 56945 56945 56945 56945 56945
 56945 56945]
25 [ 5224  7011 10067  9322 56932  4179 12528 56932  5147 12948 11211  1490
  8888  4472 15460 10621  4109  5153 56940   375  4472 11120  3077 56940
 10621   229  4128  4472 56940 12937  4151  4694  2772 56940 56931 56945
 56945 56945 56945 56945 56945 56945 56945 56945 56945 56945 56945 56945
 56945 56945]
22 [12511   730 11211  5224 15548 14012 13396   273 56940  7780  9002  8555
  6151 11120 13480 56932 11211  8159  4562  6221  2496 11211  5240  1231
  3012 56940 56931 56945 56945 56945 56945 56945 56945 56945 56945 56945
 56945 56945 56945 56945 56945 56945 56945 56945 56945 56945 56945 56945
 56945 56945]
41 [56946 15201  1925   413 56940 11497 56940 11211 11120 10957 12764   402
  5226  9379  8445  5226 13822 10804 56932  8630 11120  8945  8212  5224
  9591  4472 11211  5224  2197  5078 56932  9591 13280 11970 10621  4161
  4550 12764 12846 56932 14190  2529  8493 56940 56946  4403 56940 56931
 56945 56945]
12 [ 2892 12764  1240 56946  5226  8689  4562   416 56932 14260  3159 11211
   229  1231 12754  4761 17456 12033 56931 56945 56945 56945 56945 56945
 56945 56945 56945 56945 56945 56945 56945 56945 56945 56945 56945 56945
 56945 56945 56945 56945 56945 56945 56945 56945 56945 56945 56945 56945
 56945 56945]
27 [ 6151  5995  4472 14694 15646 56932 11120 14564 12031 10067   653 10291
  4562  5804  3153  4472 56942  5137 13280 15223  5226 11211  9379  3153
  2254 52430  4472  2529  5224  7811  9587  4472  4151 16626  4043  4472
 11120  5089 56932 10621 11211  5226  1231  6971 12669 21976 13396  5804
 24697  6151]
31 [ 5804 22040 10067 13468  1288 11211 11120 16085 10067 56946  3387  6151
 56942 13931 56932  4562  8493  5611  4472 56942 13396 20272 56932 56942
  4472  8025  7518  4472 18271  5137 56932  1452 11120 13171  4476 11120
 14508 19179 10922 56932 11211  7494  2890  2689 10621 16490  5226  5224
  5799  6542]
11 [ 5804 11699  4472  4472 11120  2591   736  2861 56940 10644  6319  5240
  5224  7217 16537 10621  2106  3828 10644 16048   373 39329  8148 10621
 53970 10621  4472  3828 12171 56932  5226 11813  3719 10621 13450 56932
  7780  9591  5224  8870  5858  4472 56946 56940 56931 56945 56945 56945
 56945 56945]
8 [11120  4687 56932 14931 11744 56932  7709 12764  6416  1437 13396  2529
 10540  5272 56931 56945 56945 56945 56945 56945 56945 56945 56945 56945
 56945 56945 56945 56945 56945 56945 56945 56945 56945 56945 56945 56945
 56945 56945 56945 56945 56945 56945 56945 56945 56945 56945 56945 56945
 56945 56945]
0 [ 5240 11120 15135 10621 10036  6475  4472  2890   893 11211 13822 15068
  9221  5217 11120  4277  4472  5224 15193  4472  4060 10621  1231  7220
  8556  4270 56946 56932  4814  4472  8493 13726  5226  7581  4472 13408
  3854 14931  8125  1633 11120  1906  4472  1231 11554 56931 56945 56945
 56945 56945]
5 [56940 14931  8998 11325 13430   865  4151  4472 11400 11120  5265  4472
  9214 10621  1659 11211  9388  5850 13010  4472 26954 56940 56932 56946
  5224 14881  5972  4472  7093  8965 56931 56945 56945 56945 56945 56945
 56945 56945 56945 56945 56945 56945 56945 56945 56945 56945 56945 56945
 56945 56945]
11 [11120  4836 10067  2792  9222  1694 56940 43560 56940 11211  1723 15145
  5224  6319  4562  5224 13343  4472 24285 13171  5331 10067  1926 10621
  4721  6151  5804 14331  4472  1231  9541  6151 56940  2188  8493  3174
  4472 10107  3432 10621 11120  9927  1893  4472  4151   713  5226  5224
  1926 10067]
1 [56940  5240  2890  6812 11211 12015 13126  1379 10621 10067 11211  5850
 12407  5199  6174 56932 11664  7397 56946 12024  8876 11284 56932  5224
  4472 11778 18242  8503  5226 56942 56940 56932 14641  5224 10249  4472
 37764 56932 11211  4159  4562  5224 37764 56946  5226 11120 11093 10621
  8290  4722]
9 [ 9000  5224  3411 11211  6942 56932 13352 56932 56940 14190  2890  9766
   821  4472  9488 56940 56932  6722 56931 56945 56945 56945 56945 56945
 56945 56945 56945 56945 56945 56945 56945 56945 56945 56945 56945 56945
 56945 56945 56945 56945 56945 56945 56945 56945 56945 56945 56945 56945
 56945 56945]
12 [11120 56946 11120  9490 56946  4161  5224  1601  4472 12764 56946 11211
   375 11120 12673 56932 10621 11120  9490  7039 56946 10621 44600 56932
 10621 19567 10067  1926 56931 56945 56945 56945 56945 56945 56945 56945
 56945 56945 56945 56945 56945 56945 56945 56945 56945 56945 56945 56945
 56945 56945]
