5 [ 5224  9541 12855  7876   217  1836    40 11120  8069  6151 11120 12695
  4472  5804 12379  5452  5226  4151  4290 10067  5544  4472  8853 11255
  6151  4345  9792 56932 11211    85  1740  4562  1063 10621  4527  5226
  1231 11093  4277  1633 11120 12689  4472  1231  9541 56931 56945 56945
 56945 56945]
23 [ 5224  7450 56946 56932  5224 13723  4472 15370 11211  6172 10291 11148
 13396  5583  2890  3172 10471  5226  5224 13579 56932  7494  1076 12095
  2890 14555  1602  6151 11120 12815  4472 13579 10291 11211 56946 11120
 14564 13524  3046  4472  9390  2034 56931 56945 56945 56945 56945 56945
 56945 56945]
9 [10621  6205  4151  3765 56932  5224  1385 14201 17182 11148 15038  6151
 11120 29062  4472  9222 56931 56945 56945 56945 56945 56945 56945 56945
 56945 56945 56945 56945 56945 56945 56945 56945 56945 56945 56945 56945
 56945 56945 56945 56945 56945 56945 56945 56945 56945 56945 56945 56945
 56945 56945]
35 [ 9827  5848 12436  6205  1231 56940  3527 56940  1633 11120  6098 10468
 10621 13703 10634  1925  5085  4562  5224  1926  8759 56932  3828 13822
 13864   746 14391  8493   791  4472  9609 56932  4693  4472 11537  5418
  4004  5224 13348  6151  4294 56932 13386 11117 11875 10621  3064  1925
  4152 56931]
18 [11120 12643  4472  9841 13334  8493  5500  8144  5432 15023 11120  4073
 10067  5234  2792  7466  3941  6151  8663  7795  1925 15548  7956  5224
 12218  4472  1231  3012 56931 56945 56945 56945 56945 56945 56945 56945
 56945 56945 56945 56945 56945 56945 56945 56945 56945 56945 56945 56945
 56945 56945]
17 [ 1670 19883  4472  1261  5224 12120  5769  4472 11120 14693 56942 56932
 11120  7253 11211  4161  4550 13074 13588  6151 11120  7079   669 56931
 56945 56945 56945 56945 56945 56945 56945 56945 56945 56945 56945 56945
 56945 56945 56945 56945 56945 56945 56945 56945 56945 56945 56945 56945
 56945 56945]
