3 [ 7620 13396  8493 11851 10747 10621 11745  6151 11120  8163 12506 56932
 10621   311 11120  3778  4472  7642 11120 10648  9875  2334  4472 11120
 12515 13216 10621  4151  8165  5708 10621 12947 56940 38358 56940 10621
  4472  4087  4562  5804 10314   802 56931 56945 56945 56945 56945 56945
 56945 56945]
40 [11120 14889  1240 13851   217  1925 12956 10291  1942  1925   653  8984
 11211 56940 56946  4562  3572 56932  5226 15168  4472 12095 10413 15090
  4472 14678 56940 56932 10621  7882  6151  4151  6505 15147 11211 56940
  3245 13082  6151  8493 11851  3118  1925 15063  5692  5226 15168  4472
 56946 56940]
28 [ 5804  4826 12013 11211  4161 13011 10067  7977  4472  8289 12764 15590
  6151 27842  2890 12232 56946 10621 11211  5224 56946  8533 14963  3119
  9840  2529 11120  7811 10643  6151  3142 11669  2729 11211 14098  7785
 56946 56931 56945 56945 56945 56945 56945 56945 56945 56945 56945 56945
 56945 56945]
3 [ 7595  7053 56946   153  6151 30872  2861 56940  9237  5224 13676 15168
  5226  4151  8136  4472   406 13396  1231 13205 10291 11620  2890 14687
 19828 13371  4151 11399  4472 14746 56932 11211  6197  8796  6151 56942
  3947 56940 56931 56945 56945 56945 56945 56945 56945 56945 56945 56945
 56945 56945]
