10 [11120 11464  6695  4472  2119  4472  4957 12297 12297  4562 14759  6151
 11120  6543 56946 10621  4559  2890 56946 12297 12297 10621  5224  6952
  4472 11120 10366 10067  5053 56946 56946 12297 12297 56946  4472 11120
  4351 10621 10674 56946 56946 12297 12297 56946  2890  6412  3047 12672
  5538 13396]
6 [ 5263 15083 56932  1240  1441 11120 14402  1925  4667  5226  5793 13396
 11122 11211  7630 11211  8946  2890 56940  1533 56940 10067  9541 56931
 56945 56945 56945 56945 56945 56945 56945 56945 56945 56945 56945 56945
 56945 56945 56945 56945 56945 56945 56945 56945 56945 56945 56945 56945
 56945 56945]
