6 [ 5804 10787  3618  4472 11280  1240 12211  6151 13132  2370  5804 14331
 10067 10386   201 56932  6151  5804 11211  4404  4472    52 10092  5804
 15505  4472  3433 56946 56931 56945 56945 56945 56945 56945 56945 56945
 56945 56945 56945 56945 56945 56945 56945 56945 56945 56945 56945 56945
 56945 56945]
3 [ 5217 11211  1240 12098  6151  2135 17441  4562  6273 50638 56932  2067
 55193  7780  8192  8503  4472  5804 14650 10067 14555  8285 11211 56932
  5226   919   661 56932  1240  7780 56946 13171  6151  5804  4472  4693
 56931 56945 56945 56945 56945 56945 56945 56945 56945 56945 56945 56945
 56945 56945]
