15 [ 5240  9918 11211 56932  6151 11120 12623   848  6151 11120  2038 56932
   425 13455 37077  6667 11211 22742  5226  8493 11851 12031 10621 11211
  5666  6950  6021 31910  5226  5224 38507  4472  8493  5500  1903  6151
 11120 13553 56946 56931 56945 56945 56945 56945 56945 56945 56945 56945
 56945 56945]
3 [56940 56936 13933  7780  9002  4746  6205  5226  8493 14623 14915 19008
 56937 56940 56931 56945 56945 56945 56945 56945 56945 56945 56945 56945
 56945 56945 56945 56945 56945 56945 56945 56945 56945 56945 56945 56945
 56945 56945 56945 56945 56945 56945 56945 56945 56945 56945 56945 56945
 56945 56945]
25 [13903 56932 12764  1240  6760  4472  8606  2890 27087  4472 11120   545
 56932  9000  5224  7249 12133 11211 15201 11211  1793  4472  5804   352
  1240    65 11211 11768  7430    85  4575  7799 56931 56945 56945 56945
 56945 56945 56945 56945 56945 56945 56945 56945 56945 56945 56945 56945
 56945 56945]
