15 [ 1233  1240     4  5804  9097  3318 10621  8801 56932  5224 13343  4472
  5804  4900   401  8666  2890 56942 13396 14108  5224  7977  6260 10621
  2890 56942 13396 14108  5226  3740  9939 56932  9445 56931 56945 56945
 56945 56945 56945 56945 56945 56945 56945 56945 56945 56945 56945 56945
 56945 56945]
22 [ 4472  2890 11554  6151   425 12135  5804 15202 11211  8733 11120  7444
  4472 12474 56934  1663 10291 14566 10067 13489  9313 56935 11292  8493
  2507  4472  8600  4562   420  6772  9565 10621  4104 56932 10267  8493
  4472  4151  4705  8210  5226 11120 11576 56931 56945 56945 56945 56945
 56945 56945]
