40 [13482  6151  4151  5581 10067 12980 10067 11455 56932 10025 56942 10440
  4472  5352  1024  5226 11120 14774  4472 56946 56932  3828  1240  9347
   420  9552 10611 14455  6133  6862 12990 56932  5226 56942 56932 56942
 56932 10621 56942 56932  4007  4562  5056 10621  5056   619  4472 15243
 56946 56931]
20 [ 5224 12533 11211   154  3245  5226 14016 56932   658 56932  3222 56932
  9050 56932 14113 56932  1352 10621  1723 56932 14662 10611  5804 13042
 11211 11122  6150  4562  5224 13723  3453 11746 56932 15027 13606  4922
 12807 13891  7365 56932 10621 14097 56943 11145  3892 56932 10611 10025
 56931 56945]
