7 [14190 13371  8485  3904 11211 11120  2894 15137  6151  6416  2890  1673
  6151 13478  5804 11211  7439 13371 14883 56932  9000 11211 12764  1240
  7176 11224 10291 56946  4472  5187 11531 56932 41670  6862 44495  5226
 13478  5804 10700 56931 56945 56945 56945 56945 56945 56945 56945 56945
 56945 56945]
5 [12889  5217 56942  3222  7780 12190  6151  1723  6151 56942  7496 56932
  5224   653  8984  8159 11211  2890  6753  2041  4472  1427 14811  8605
  5226  5352 17467  6151 11120  9028  4472 11211 11120 12596 15394 56946
  7665 56931 56945 56945 56945 56945 56945 56945 56945 56945 56945 56945
 56945 56945]
