11 [ 5226   424 13440 56932  5676 56946  5226  5224  7956  4472  1231 14753
  4472 11120  1062 10291 11211  1240 12730  5226 14662  5226  5224  3172
  4472 13408 56931 56945 56945 56945 56945 56945 56945 56945 56945 56945
 56945 56945 56945 56945 56945 56945 56945 56945 56945 56945 56945 56945
 56945 56945]
27 [ 7444 10336  7780  2729  5226 14390  2890  2445  4472 10732 10291  7642
  1231 13450  1106 10621  9636 56932 15023    52  6154  5226 56942  2890
 12362  5226 13822 13767 14909 10067 56942 13396 14108 56932  4161  5804
 56942 11804  4472  5699 56932 14691   217  1231 13488  9823 56932  5513
 13788 56931]
35 [11120  7833  3727 56932  9914  4472  4565 56946 10621 13219  4472  4151
  1228 56932  5466  1925 12297 56946 12297 56946 10621 56946  8204 11211
  7780  2729  5226 14390 11120 12767 11211  5207 56946  4562  1231  5933
  4472 56946 10621 56946 56932  4472 13388 10621  2295 56932  4472 10127
  3395  6151]
18 [ 5217 11211 11120  2142 12739 14184  6151 13588 11120 15426 56932  5804
  9140   746  8192 56932  4562 13822  9105  4472  1728 56932   911   848
 11937 56932  5804  9251  6902  2427 56931 56945 56945 56945 56945 56945
 56945 56945 56945 56945 56945 56945 56945 56945 56945 56945 56945 56945
 56945 56945]
