6 [ 7868 11661 10414 56932 12703  7023  4472 56942 11804  4472  5581 56946
  5226  2890  7249 14408  4472 56942  6149  4472 12980 56932  8493 12238
 12135  4472  4151 11211  1396 26043 13396  5224 11477 56932 11122 11211
  6469  6151  2525  5226  5224  8876  6319 13605 10067  1926 56931 56945
 56945 56945]
22 [ 6226 11122  5545  2861  6151  5804  4509 10067 56946 56932 13396  7932
  1925  5683 13579 56932  6197 15394 13126  3549 56932 10621  4161  3582
 56931 56945 56945 56945 56945 56945 56945 56945 56945 56945 56945 56945
 56945 56945 56945 56945 56945 56945 56945 56945 56945 56945 56945 56945
 56945 56945]
27 [11120  5474  4472 12101  5226  5804  4393  8373  5137  5226  9379  3421
  2704  7780  8192  4472  7023  4472 56942 13712 56932  9000 14811  2831
  2890  9198  8871  4472 56942  1169 56931 56945 56945 56945 56945 56945
 56945 56945 56945 56945 56945 56945 56945 56945 56945 56945 56945 56945
 56945 56945]
25 [ 4472 18899  6151  9687 56932 11120   990 39795  8493  3174  4562  8732
 22857  4472 56942 11804  4472  5895  8630 11211  5804 13767  7329  8407
 56946  1925  8871  2890  4052  4472 56942 11804  4472  5895 56931 56945
 56945 56945 56945 56945 56945 56945 56945 56945 56945 56945 56945 56945
 56945 56945]
20 [  211  5224  8033  4472  1447  4758 56932  8225 10621  3222  1240   751
  6151  5515 56932  5331 13910 11295  3878 56932  4161 56942 25422  7500
  4472 15277 10621  4284   194  6151 10476 56932   672 56932  1725   509
 56932  5224  4973 56932 12366 56932 12430 56932  1313 56932  4001 56932
 10709 56932]
7 [ 8493  3726   441  4472 56942 10440 56932  2199  4472  2529   985 13371
  5224  7485 10735  4472 12185 56932 56946  4151 14862  4472  5804  1088
  8401 56931 56945 56945 56945 56945 56945 56945 56945 56945 56945 56945
 56945 56945 56945 56945 56945 56945 56945 56945 56945 56945 56945 56945
 56945 56945]
14 [ 8509 56942 10440 56932  6151 13171  4472 56942 13396  4000 56932 13478
  4779 13460  6151  7538 10621  5280 56932  5226  5224 14139 56932 11527
  4151  1919 14862 10621  4151  4472  5804  7834 56931 56945 56945 56945
 56945 56945 56945 56945 56945 56945 56945 56945 56945 56945 56945 56945
 56945 56945]
23 [ 5224  8876  9230  4472 11120 14248  2775  4472 12272 56932 56946  6344
 56932  7780 13848  2890 11575 10471  6737 10291 14496  6151  1338  6151
  2122 14568  2890 14954  7956 11120 10365 56931 56945 56945 56945 56945
 56945 56945 56945 56945 56945 56945 56945 56945 56945 56945 56945 56945
 56945 56945]
46 [ 5224 11757 13469  3924  4562  5224  3280 11211  1231  7132 10621   160
  4188 30194  4472 14407  4472 10281 56932 18413  6151  1231  8909  9102
 56932   977 11120 14035  4472  5804  4679  4055  4472  2732 56932  3828
  8824  2478 11120  5265  4472  9214 24929  5226 56946  9000  5226   195
 11117   746]
5 [13396  1231  1056 14482 11981  4472  1004  5226  5534 13554  5224  9230
  4472 12336  9121 56932  4758 13662  9992 56932  9968 56940  2595 56940
 10067   653 56932 13371  5224  2792  4472 11120  6805  3356  3733 56934
  3346 56935 56932   848 56946 56932 10958 12838 56932 11211  5240 13386
  1933  7494]
7 [13396  1231  1056 14482 11981  4472  1004  5226  5534 13554  5224  9230
  4472 12336  9121 56932  4758 13662  9992 56932  9968 56940  2595 56940
 10067   653 56932 13371  5224  2792  4472 11120  6805  3356  3733 56934
  3346 56935 56932   848 56946 56932 10958 12838 56932 11211  5240 13386
  1933  7494]
1 [ 7023  4472 56942  3985 10621 10025  6928  1046  4472  2496  1317 10621
  1551  4779  7914 13396 11120  2496  4472  5804 14101 10621  1925 11554
  9046  5224  5104  4472  5804  7345 10291 11211  9658 26622  4472 13822
  1919 11750 56932 13371  4151  2983  6535  7923 18776 13396  1231 11950
  5972 56931]
7 [11120  7210  4472   261 14201 12948 56932  4472 13478  3183 56932  5224
  2471  4332  4472 11120 10767 10621 11120  8281 10067  5076 56932  8236
 56946 56932  7930 11211 11120  6240 10067 14479  2273 19233  1925  9541
 10067  3786  2861 56940  5224  1437  4472 15590 10044 12764  4498 10067
 11575  4472]
4 [ 5240  9918 11211 56932  6151 11120 12623   848  6151 11120  2038 56932
   425 13455 37077  6667 11211 22742  5226  8493 11851 12031 10621 11211
  5666  6950  6021 31910  5226  5224 38507  4472  8493  5500  1903  6151
 11120 13553 56946 56931 56945 56945 56945 56945 56945 56945 56945 56945
 56945 56945]
8 [ 5240  9918 11211 56932  6151 11120 12623   848  6151 11120  2038 56932
   425 13455 37077  6667 11211 22742  5226  8493 11851 12031 10621 11211
  5666  6950  6021 31910  5226  5224 38507  4472  8493  5500  1903  6151
 11120 13553 56946 56931 56945 56945 56945 56945 56945 56945 56945 56945
 56945 56945]
5 [ 9000 56932  9268 56932   217 13396   217  4151  8386  1396  5226  8965
 10621  5226  5804  4185  9939 56946  6151  2890 11010  4472   739 56946
 56931 56945 56945 56945 56945 56945 56945 56945 56945 56945 56945 56945
 56945 56945 56945 56945 56945 56945 56945 56945 56945 56945 56945 56945
 56945 56945]
3 [ 6205 11211 56932 13396  1233 14686 56932 56946  5226  5219 56931 56945
 56945 56945 56945 56945 56945 56945 56945 56945 56945 56945 56945 56945
 56945 56945 56945 56945 56945 56945 56945 56945 56945 56945 56945 56945
 56945 56945 56945 56945 56945 56945 56945 56945 56945 56945 56945 56945
 56945 56945]
37 [ 5224 14012  4264 56946 10621  5224  2944  3913 10537 56932  4938 12948
  9538  5226 13732  1231 11093  1855 56932 14139  8050 56932 11211  1240
   262  5224  4522 56932  8420 11211   425 12935 11211   746  1602 10621
 13342  1925 13151  5240 56940  8493  3841 56940 56931 56945 56945 56945
 56945 56945]
21 [ 5804  7374 12291  1461 10621  1448  4567 14423  5804 14821 15262 10067
  5551 11211   664 13396 56946  5804  7547  4472 13998 13344  6151  5804
 15022  4472  3229 56931 56945 56945 56945 56945 56945 56945 56945 56945
 56945 56945 56945 56945 56945 56945 56945 56945 56945 56945 56945 56945
 56945 56945]
7 [ 4151 14862  4472  2496  7187 11211 56946  6151 13822 23117  8493  4472
  4151 10384 13171 17762 11211  1240 10875  5331  4151  1493  4472  2890
  5076  4472  5138 56931 56945 56945 56945 56945 56945 56945 56945 56945
 56945 56945 56945 56945 56945 56945 56945 56945 56945 56945 56945 56945
 56945 56945]
1 [12889  6151 47797 56932 10922 14204 11211  6330  2890  6560  4472 56942
 11804  4472 17235  8100 56942 11804  4472  5699 56932 56942 11804  4472
  5669 12297 12297 10621  4161    85  9312 13396  6388 15023 11120  7441
  4472 56942 11804  4472  5699 11211 11120  7070 56946  9490 11014  6151
 56946 56931]
28 [12889  6151 47797 56932 10922 14204 11211  6330  2890  6560  4472 56942
 11804  4472 17235  8100 56942 11804  4472  5699 56932 56942 11804  4472
  5669 12297 12297 10621  4161    85  9312 13396  6388 15023 11120  7441
  4472 56942 11804  4472  5699 11211 11120  7070 56946  9490 11014  6151
 56946 56931]
23 [12889  1969 12764   753  7795 10414 56932  6151  7608  4472  5563 15504
  1240 56946 14513 10067 56942 10621 10067 56942 13396 14108 10621  4161
 10067 56942 13396 14108 56932 15201  6151 14196 11120 13724  4472 11120
 12688 56932 13529  4758 14419 56931 56945 56945 56945 56945 56945 56945
 56945 56945]
43 [ 4562   424 11575 56932 11211  6151  1231  1004  5240  5224  7811 12355
  4161  4550 13396  5224  3612 56946 56946  5226  8493 13300  4472 11120
   102 56932  8609  7780  5451  4161 11120 12165 15422  5226 11120 11753
   197 10067 11284 10621  1240  7780  6329  5226  5095 10611  5804 32474
 56932 27182]
25 [ 4472  2890  5689  1240  5924  4472  3806  4922 56932  4472 12761  6151
 11120 12523 56932  4472  8144  5432 56932  4472  6221  8493 14988  4472
 12164  4472 14555 47390 11211 48459  6151 15223  5226 11120 56946  4472
 11120 10134  3733 56931 56945 56945 56945 56945 56945 56945 56945 56945
 56945 56945]
25 [38526 13530 11984 56942 13349 10621 14560 16163 56932  5224   997 16899
  1706  5886  4562 56942   372 56932  8630 11211 25377 56946 20426 14560
  5681  2396  4472  5804 27613 10621 11581 23175  7623  1231  7811  8600
  4472 56942  1637 56931 56945 56945 56945 56945 56945 56945 56945 56945
 56945 56945]
42 [56940  6196 12858  9288 10621 12764  5850 11813 14687  5226 56946 56931
  9000 11120  8328  1240  7780    79  4336 56932 13396  2890   515  4472
 42784 56932 10621  7780  7075  5487  4562  6226  5224  1926 10291 12764
  5487  4562 13290 56931  7780  3521  4161  5224 10990 56932 10621  1240
 11120  3648]
36 [ 1233  6151 11120  8328 11117  9680  8993  7291  6151 14923  6909 56932
  5226 13478  5804  3204  4472 11120 12767 56932 12889  1240 56946  1925
 15175 56932  7780  4472    52  2890 13638 56932  2890 56946 10621 56932
  6151 10778  2529 56932  2890 11279 56931 56945 56945 56945 56945 56945
 56945 56945]
32 [ 4562   340  4472 11536 56946 56934 56946 56935 56933  7872 13985 56934
 56946 56935 10621  7412  6894 56934 56946 56935 56932  4472  7371 12743
 56932  5804 14765 10067  3612  5047 11117  4286 13396 12645  6151  5804
 11157  4472 13439 11211 13323  5224  9541  4562  8373  4472 13822  5574
 18350 56931]
33 [ 4562   340  4472 11536 56946 56934 56946 56935 56933  7872 13985 56934
 56946 56935 10621  7412  6894 56934 56946 56935 56932  4472  7371 12743
 56932  5804 14765 10067  3612  5047 11117  4286 13396 12645  6151  5804
 11157  4472 13439 11211 13323  5224  9541  4562  8373  4472 13822  5574
 18350 56931]
4 [56940 31867 14694   177  6151 11120  1004 56932  4562 11120 12673 12220
  4472 13681  9000 13092 18599 56940 56931 56945 56945 56945 56945 56945
 56945 56945 56945 56945 56945 56945 56945 56945 56945 56945 56945 56945
 56945 56945 56945 56945 56945 56945 56945 56945 56945 56945 56945 56945
 56945 56945]
47 [ 9631  7780  8192  8493  3680  4472   424  8370 15120 11211 56932  4472
 14399  4562 11120  1239 17219  4562 11211 11120 13870 12650  5620  9379
   177  5226 10442 56932  4868  7147  4472 56946  6151  8493  3174 11211
 46008 10267 11950 13171  4472 56942 11804  4472  7969  6252 56932  6950
  5226  5224]
1 [  217  5226 11950 56932 12764   753  5995 20197  4472 14914  4136 11211
 12764  2050  9394  7969  4472  5916 11690  3828  5224 13256 11122  6722
  6226 14931 11211 17490 19370  5856 11554  6151 56946  4562  8493 37077
  8786  6151  5804 14543 56931 56945 56945 56945 56945 56945 56945 56945
 56945 56945]
23 [ 4161 11120  4916  4472 11669  1950 56932  5224  6516 10067  2631  8174
  1630 11211   582  6911  8493  5404 12031 56940 11211 12764 56946 10291
  3260  5224  3172 56946 56940 10621 11211  1240  7471  6151  9495  5224
 13305  4472 12712  5224  9541  5226  9379  9939 56931 56945 56945 56945
 56945 56945]
46 [11120  1971 10067 56946  5835 56932 13396    13  5689 56932 11120 13622
  4472  1231  9541  4472  8678  6151  5804  1551 10621 11120 13174  5226
 15623  5769  4472 11120   445 10471  4472  1231 11668 12031 10291  4151
  4290  6151 11120  9832  4472 10110 10621  5082  6221   207  1925 15058
 56931 56945]
47 [11120  1971 10067 56946  5835 56932 13396    13  5689 56932 11120 13622
  4472  1231  9541  4472  8678  6151  5804  1551 10621 11120 13174  5226
 15623  5769  4472 11120   445 10471  4472  1231 11668 12031 10291  4151
  4290  6151 11120  9832  4472 10110 10621  5082  6221   207  1925 15058
 56931 56945]
42 [ 7868  9379  7795 56932 14317   217 13396 11120  3465  3091  8214  4472
  3039 56932 56946 56932  5224  5234  2792 10067  6319 56932 13743 42488
 56946 56946 56932 11211  1240  7201 13371  8704 56932 12889  1925 13344
  4472  4151 11520 27521 56932  7476  6151  2632 12729  5226  5224 11964
 56932 15023]
0 [ 4472  7037  6151 13439 56932 13280   683  9939 56932   425 22800  5226
 14497  8165  7780 56946 11120  8471  4472  1231 12011  4562 11120 12643
  4472  3432 56931 56945 56945 56945 56945 56945 56945 56945 56945 56945
 56945 56945 56945 56945 56945 56945 56945 56945 56945 56945 56945 56945
 56945 56945]
1 [ 4472  7037  6151 13439 56932 13280   683  9939 56932   425 22800  5226
 14497  8165  7780 56946 11120  8471  4472  1231 12011  4562 11120 12643
  4472  3432 56931 56945 56945 56945 56945 56945 56945 56945 56945 56945
 56945 56945 56945 56945 56945 56945 56945 56945 56945 56945 56945 56945
 56945 56945]
21 [ 4161 11120 11374 56932  5804  1169  3882  8540  3956  2890  5715  4472
 56942   916  5709 56934   683 56942  5669 56932  8448  4472 56942  5699
 56935  4472  5804  2704  5226  5804 11211  1775 13822  5422   848 10734
 13822 12474 56931 56945 56945 56945 56945 56945 56945 56945 56945 56945
 56945 56945]
11 [11120 56946  4472 11120  6686  4472  1324  1240  7780  2729  3245  1925
 11950  4472  1231 14564 15107 10621  1240 17416 13371 56940 56946  1324
 56940 56931 56945 56945 56945 56945 56945 56945 56945 56945 56945 56945
 56945 56945 56945 56945 56945 56945 56945 56945 56945 56945 56945 56945
 56945 56945]
5 [ 5804  4826 12013 11211  4161 13011 10067  7977  4472  8289 12764 15590
  6151 27842  2890 12232 56946 10621 11211  5224 56946  8533 14963  3119
  9840  2529 11120  7811 10643  6151  3142 11669  2729 11211 14098  7785
 56946 56931 56945 56945 56945 56945 56945 56945 56945 56945 56945 56945
 56945 56945]
17 [11120  5532 13006  4562 11120  4670 11211 17706  6151 11120 12394  4472
  8365 56934  1189 33595 56932 13396    19 12135 56935  1925  4189 11120
 17739  4472   713 56931 56945 56945 56945 56945 56945 56945 56945 56945
 56945 56945 56945 56945 56945 56945 56945 56945 56945 56945 56945 56945
 56945 56945]
9 [ 6197  5240  4000  4472 11211  5804  4293 56932 13478  5226  9823 10621
 14931   374 56932 10396  5226 11122 13171  3093  4472  1231  2529 11120
 11752 11211   805  1925 16137  6151  6226  2890  6319 11211  7780  2729
  5226 13822  4756 56932 10611 11646 17358 56932 11120 14299  4472  1231
 10977 10621]
13 [ 5534 12015 56946  1925  8598  9283 56942 56932  3650 11211 11122  4585
 56946  6151  6221 25012 10621 11211  1240  9952  5224 14578 56931 56945
 56945 56945 56945 56945 56945 56945 56945 56945 56945 56945 56945 56945
 56945 56945 56945 56945 56945 56945 56945 56945 56945 56945 56945 56945
 56945 56945]
4 [11120 14774 10347 47555  6151 11120 15948 13396  5224  4467 56946  4472
  2551 10621 14378  8155   746 27790 15350  4472 11211 12672  1450    44
 56931 56945 56945 56945 56945 56945 56945 56945 56945 56945 56945 56945
 56945 56945 56945 56945 56945 56945 56945 56945 56945 56945 56945 56945
 56945 56945]
48 [ 5224  9230  4472 13893 10621 13424 15404 56932  9810 13317 56932  3120
   217 11211  5224  1958  8033 10611  5224  4942  6862  8567   753 11211
  3116 13371 56940  8493  4687 12031 56932 11211 12764 12015 14190 10291
  4188   207 11372   430 10954 11211   373  5226  1231  7376  1903 10621
 13396 13554]
8 [15394 17005  3245 11211 11120  9868 34727 56946 10067  3472 56934  4472
  5272  6151 11120 10773 56935 56932 11122 11211 13334  4151  9056  8550
 56931 56945 56945 56945 56945 56945 56945 56945 56945 56945 56945 56945
 56945 56945 56945 56945 56945 56945 56945 56945 56945 56945 56945 56945
 56945 56945]
31 [ 5224  2792  4472 11120  5844  4472 10700  8892  4472   968 56934  1369
 56935  9528 11211  5224  6949  7780  1896 56940  5226 56942 11804 11120
 13107   424  2689 10621  5804  4900 14811  5226  8425 56940 56932  5226
  8493   989 13031 11211 10627   217  5224   413 56940  5224  3733 56940
  4472  2921]
9 [56940  5224 13732  9840    52  4629  5224  8590 56931  4472  9591 56932
  6226  5224  1926  7780  8823 11211 13901  4472 11120  8200 10930  5280
  3869 14931  1170  4562 13822   778 56931  5224 13732 12764  7027 56932
 13371   746  8857 56932 12676 56942  1362 10291 14254  2890 14555  9541
 56931  4562]
6 [ 1240  9028 11211  1240 30999 13171  4472 56942 12535  6151  4151  4290
 56932 11211  1240  2033  5224 12675 11950 11211  5224  1428  5234  8876
  9230 56946 56946 56946 56942  5137 56931 56945 56945 56945 56945 56945
 56945 56945 56945 56945 56945 56945 56945 56945 56945 56945 56945 56945
 56945 56945]
9 [11120  5683  3174  4472  5513 13170  5061 14931 11141  6151 12347 56931
 56945 56945 56945 56945 56945 56945 56945 56945 56945 56945 56945 56945
 56945 56945 56945 56945 56945 56945 56945 56945 56945 56945 56945 56945
 56945 56945 56945 56945 56945 56945 56945 56945 56945 56945 56945 56945
 56945 56945]
20 [10291  6380 11120 35255  4472 11120  3806  4472 56946 56932  5224  3835
  4472  4049 56946  5804  5657  4472  7425 11950  6151 11950  5226  5224
 56942 13396 14108  5226 14842  4472 56942 56932 10621  5010  1231  6240
  4562  5224  9583  4472 11211 11120 13156  4472 11120 56946  5240 12543
 25579 56931]
0 [ 1793 56932 29767  5165  6151  9019 11211 39759 11120 12040  4472  8493
  6805 10212  4472 11791 56940 10291 10851   405  8165 56940 10621 15005
  1925   653  4472 11211 10475 56940 56946 56940  6151 11120 14294  4472
  4004 56932  1233 56940 11562 56946 56940  5226 12676  6151  2135  5224
 13004  4472]
8 [56940 11122  7811 10067  9541  5240 11211 56932  1793  4472  5804   340
 56932  4365 12249 11120  5272  5534 10400  4562  5224  5482  5226  2370
 56940 56932  7780 15423 11940 56931 56945 56945 56945 56945 56945 56945
 56945 56945 56945 56945 56945 56945 56945 56945 56945 56945 56945 56945
 56945 56945]
22 [56940 11122  7811 10067  9541  5240 11211 56932  1793  4472  5804   340
 56932  4365 12249 11120  5272  5534 10400  4562  5224  5482  5226  2370
 56940 56932  7780 15423 11940 56931 56945 56945 56945 56945 56945 56945
 56945 56945 56945 56945 56945 56945 56945 56945 56945 56945 56945 56945
 56945 56945]
23 [56940 11122  7811 10067  9541  5240 11211 56932  1793  4472  5804   340
 56932  4365 12249 11120  5272  5534 10400  4562  5224  5482  5226  2370
 56940 56932  7780 15423 11940 56931 56945 56945 56945 56945 56945 56945
 56945 56945 56945 56945 56945 56945 56945 56945 56945 56945 56945 56945
 56945 56945]
0 [ 5226  6226 13440 56932  5804  3421   340 11211  1240 56946  5226  5804
 56942 10013  4472  6480 56932  5331  8493 14559 14950 56932 14423  2890
  5589  5798 10291  5804 13441 56942  6062 11211  1240 56946  6151  5255
  1925 12908 56931 56945 56945 56945 56945 56945 56945 56945 56945 56945
 56945 56945]
0 [ 5226 15107 56932 10267  7082  6870  1231 15422 56931 56945 56945 56945
 56945 56945 56945 56945 56945 56945 56945 56945 56945 56945 56945 56945
 56945 56945 56945 56945 56945 56945 56945 56945 56945 56945 56945 56945
 56945 56945 56945 56945 56945 56945 56945 56945 56945 56945 56945 56945
 56945 56945]
8 [ 9000  9827  2203  6151 11120  5012 10621 14828  4472 14555  1231  4109
  4472 14948  5226 12031 12506 13371 11122  8057  4294  8509  1231 12352
  4562 56946 30540 56932 10611 56942 10621 56942 56931 56945 56945 56945
 56945 56945 56945 56945 56945 56945 56945 56945 56945 56945 56945 56945
 56945 56945]
5 [ 5224  2792  4472 56946 11220  1793  6151 56946 11120  3778  4472  7099
  5226 15276  4472 11120  7465 56946 56932  7956  6226 56946 10621 56946
 56932 56940 11211  7780  5492  5226  5804  4393  5137  2890  3172  4472
  5243  4472  5804 12960  5226  5804 11211 13611 56946 56940 56932 13396
 11122 11211]
19 [ 5224  2792  4472 56946 11220  1793  6151 56946 11120  3778  4472  7099
  5226 15276  4472 11120  7465 56946 56932  7956  6226 56946 10621 56946
 56932 56940 11211  7780  5492  5226  5804  4393  5137  2890  3172  4472
  5243  4472  5804 12960  5226  5804 11211 13611 56946 56940 56932 13396
 11122 11211]
12 [ 5226 11120  4932  2693 56932  4151  9389 10067  5566 10621  4472  3432
  6151  2122 14568   865  4151  3243  5217  3559  4472  5804  5137 56942
 56931 56945 56945 56945 56945 56945 56945 56945 56945 56945 56945 56945
 56945 56945 56945 56945 56945 56945 56945 56945 56945 56945 56945 56945
 56945 56945]
18 [ 5224   653  9028 14040 11120  7626  5611  4472 11120  8163  5226  5804
   620 12200  5224 11255  2689 56932  5226 14693  4562  5804 10067  7992
  4472  2551 56932  2831  5226 14662 11211  4151  5008  4472  5657 10291
  5224 56942 56946 13396  5804  9315   365  6151  6884  9697  4472  5804
  5657  6151]
19 [ 5224   653  9028 14040 11120  7626  5611  4472 11120  8163  5226  5804
   620 12200  5224 11255  2689 56932  5226 14693  4562  5804 10067  7992
  4472  2551 56932  2831  5226 14662 11211  4151  5008  4472  5657 10291
  5224 56942 56946 13396  5804  9315   365  6151  6884  9697  4472  5804
  5657  6151]
47 [  928 56932 15648 56932 56940  7494  2890 14399 12407 15916  4562  5224
  2693 56933 11120  9893 10478 10621  5224  3835  5769  7364  1240 19220
   264  1925 41555  4562  5224  3835  5769 15164 56934  7843 56935 13371
 11122 11292  9784  4562  5224 56946  5217 13280 56942  5137 56932 13396
 11122 13554]
2 [12948 56932 14931  4085 13171  2199 56932  5224  6576  4472 11120  9160
  8448 10067  6212  5207  1346 11211 11120  3852 11926  5240 12672 12407
 11255 56931 56945 56945 56945 56945 56945 56945 56945 56945 56945 56945
 56945 56945 56945 56945 56945 56945 56945 56945 56945 56945 56945 56945
 56945 56945]
7 [56936  5217  3286  5804  9547  1240 18703  5226  2663  8973  6151  5804
 22413 10291 47668 11211 15394  2816 13396 10210 56937 56931 56945 56945
 56945 56945 56945 56945 56945 56945 56945 56945 56945 56945 56945 56945
 56945 56945 56945 56945 56945 56945 56945 56945 56945 56945 56945 56945
 56945 56945]
13 [56940 10644  9823  5676  5487  5226   658  4693 10067 56942  4472   995
 56932  4472 11122  5545 11122 56946 13396 11120 14251   848 13396 11120
 11921 56940 56932 15201  5224 13615 56931 56945 56945 56945 56945 56945
 56945 56945 56945 56945 56945 56945 56945 56945 56945 56945 56945 56945
 56945 56945]
13 [ 5224 56946  2280 11211 56932 15083 10067 13676 10639 56932 56940 11482
 56946  4472 14555  1231  7415 19630  2861  2890 13441  5999 11484  2106
 13396 11120  9584 56932 13344  1925 21601  4472  5804  4293  7956 13933
 56946 56940 56931 56945 56945 56945 56945 56945 56945 56945 56945 56945
 56945 56945]
6 [12511   730 11211  5224 15548 14012 13396   273 56940  7780  9002  8555
  6151 11120 13480 56932 11211  8159  4562  6221  2496 11211  5240  1231
  3012 56940 56931 56945 56945 56945 56945 56945 56945 56945 56945 56945
 56945 56945 56945 56945 56945 56945 56945 56945 56945 56945 56945 56945
 56945 56945]
41 [ 8630 56946  5224  8450  7956  5224  5328 56932 13554  9222 13371  4188
 10045 12297 12297  1231 11783  4569  6151 14124 12297 12297 12013 11211
 56932 56946 13386 56946  5226  4151  5839  4290  4934 56932 56946  4472
  5804 10276  1711 10291 10702  5226 11648 56931 56945 56945 56945 56945
 56945 56945]
5 [ 8493   437  2940  6151 56946  4472 14555  6151 56946 56142 56931 56945
 56945 56945 56945 56945 56945 56945 56945 56945 56945 56945 56945 56945
 56945 56945 56945 56945 56945 56945 56945 56945 56945 56945 56945 56945
 56945 56945 56945 56945 56945 56945 56945 56945 56945 56945 56945 56945
 56945 56945]
7 [56142  5676 10367  5226  5224 15175   666 13396 11122  8871  4161  5224
   273  4472 12921 56931 56945 56945 56945 56945 56945 56945 56945 56945
 56945 56945 56945 56945 56945 56945 56945 56945 56945 56945 56945 56945
 56945 56945 56945 56945 56945 56945 56945 56945 56945 56945 56945 56945
 56945 56945]
4 [ 9000  6196 12764 17392 13396  3260 10067  1926 56931 56945 56945 56945
 56945 56945 56945 56945 56945 56945 56945 56945 56945 56945 56945 56945
 56945 56945 56945 56945 56945 56945 56945 56945 56945 56945 56945 56945
 56945 56945 56945 56945 56945 56945 56945 56945 56945 56945 56945 56945
 56945 56945]
6 [ 9000  6196 12764 17392 13396  3260 10067  1926 56931 56945 56945 56945
 56945 56945 56945 56945 56945 56945 56945 56945 56945 56945 56945 56945
 56945 56945 56945 56945 56945 56945 56945 56945 56945 56945 56945 56945
 56945 56945 56945 56945 56945 56945 56945 56945 56945 56945 56945 56945
 56945 56945]
22 [ 5224 32571 56932  4562  4361  4472 15711 19718 56932  4689 10067 14624
 10067 21641  5224 56942  4472  8949 56932  4254  4562 56940  1925  8871
 14378  6841  4472 15389 56940 56932  7868  5224  5373 10067  2445  3733
  7956 12217 56932  3201  3993 56931 56945 56945 56945 56945 56945 56945
 56945 56945]
20 [11120 14675 10067  8788 56932   683 56942 11770 13035  1240  8734  4562
  5224  7057  4472  5804  5230  4472  4151 14633  7023 10067 15175  4472
  8808 10291  2637  5224 14578  4472  4151  6505  6151 11120  8458  4472
 11120  8473 56931 56945 56945 56945 56945 56945 56945 56945 56945 56945
 56945 56945]
48 [56940 11120  8879 12764  5240 12672  6205 13371  5224 44537 11211   373
 12752 56932 10954 11211  5240 12135 10067 13496  4472 11120  3806 56931
  1233 11120 14602  4472 11120 13553 12731  5226 13450  4472  8879 10621
  4472  8596 56942 11804  5226 10960  8879 14067 11211  5529  5488  8155
 12764  8540]
26 [ 1793 56932  5224 14555 12761   582  4041 10291  4587 11120  6079  4472
  5804  9362 10621  5804 14997  4472 11120  1628 56932 10621 11120  3806
 11211 53336  2396  4472 11669  1926 56932  6197 11211  5488 15461 14915
  9051  6950  6955  5224 56946 10067 13276  5972  4472 12217 56931 56945
 56945 56945]
49 [10621  5240 13487  5534 56932  5226 14923 10103  4791 56932  2890  9823
   848  2890  7343  9823   848  3446 56932  8993  5217  5224  8598  4472
  7222  4472 11120  4431 56932 11236  2175 56932 13903  1925 12051  3633
 10067  2274 10621 56932  5226 15422  4472   767 56932 12455 11120   108
  4472  2396]
41 [11120  3211  4472 12049  9906  3566  5137  5226  2529 56946 56932  9000
 12764   865  5804  1145 11211 14343 21824 11120 16412  4472 11211  5804
  6042  4472 11631 13512 13280 56942  5137 13396 17322 56932  6197 11211
  1240   746 13837  4102  4472  4161 56942  5137  4472 15945  5226   658
 56932 19643]
37 [ 4151  6505  2844  9048 11211  3572 56946 10621 30733 11555  1925  4669
 10621  6151 10025  8521  1427 13144 56932  6151 12328 10067 15038 10493
 10291 11211  5804  7496 20622 13396 11120  5319   635 56946  5226   424
  6319  6151  2707  4472 11120 11602 13346 56931 56945 56945 56945 56945
 56945 56945]
38 [ 4151  6505  2844  9048 11211  3572 56946 10621 30733 11555  1925  4669
 10621  6151 10025  8521  1427 13144 56932  6151 12328 10067 15038 10493
 10291 11211  5804  7496 20622 13396 11120  5319   635 56946  5226   424
  6319  6151  2707  4472 11120 11602 13346 56931 56945 56945 56945 56945
 56945 56945]
19 [ 5224  5234  2792 10067  9814 10621  4472  4108 56932 12942 11120  2371
  4472 11120 11602 56932  3456  2890  1863  6151 11765 15615 14483 56932
 11507 13396  4151 14862  4472  2496 10621  4562  5224 14969  4472  7538
  4472  5804  7083 10621  5804 11361  4368 13396  5804  4835 11211 11117
  9153  6151]
35 [ 4472 14399  4562 11673 15117 56932 11120  1120 56946  4472  2890 23289
  4472 14564  8368 56932 17774  4562  5224  4136  4472 56940 56946 56940
 10621 15111  4472  9514 56942 10440 56932    85 11122 11211 29247  6151
 29668  1925 56940 39584 56940 56931 56945 56945 56945 56945 56945 56945
 56945 56945]
36 [ 5224 27155 11984   425  8818  5224  8876  5551  4472  1231  7645  5226
  5224   468  5206  5226  5544 10201 56934 56946 56935 56932  2890  2689
 15083  4472 11211  5224  6145 13732 11117 56946 13396 56946 56932 56946
  6151 12347 13396 12238  1004 14314 10621  1240 22809  5226 11120  4932
  8973  4472]
22 [56940 12764  5240 13396 13351 56931  5240 14260  4562  5224 56946  2662
  6151 12735 12024 19488 56940 56932 15648  4562 11120 25691  4472  8993
  5224 56940 14505  6269 56940  4472 11120 10056  1217 56931 56945 56945
 56945 56945 56945 56945 56945 56945 56945 56945 56945 56945 56945 56945
 56945 56945]
5 [56940  5226 56942 56932  2340  6151  3225 10067  8876 22049 56932  5226
  4884 11111  1749 56940 56931 56945 56945 56945 56945 56945 56945 56945
 56945 56945 56945 56945 56945 56945 56945 56945 56945 56945 56945 56945
 56945 56945 56945 56945 56945 56945 56945 56945 56945 56945 56945 56945
 56945 56945]
7 [ 5804 10787  3618  4472 11280  1240 12211  6151 13132  2370  5804 14331
 10067 10386   201 56932  6151  5804 11211  4404  4472    52 10092  5804
 15505  4472  3433 56946 56931 56945 56945 56945 56945 56945 56945 56945
 56945 56945 56945 56945 56945 56945 56945 56945 56945 56945 56945 56945
 56945 56945]
7 [ 5224 13723 10208  6695 14204 11211 13798  1793  4562 17998  6151  4151
  8155 11211 56946  6151  5513 56946 56932  3951 11581  2462 13532 10621
 12909 10172 15341 56931 56945 56945 56945 56945 56945 56945 56945 56945
 56945 56945 56945 56945 56945 56945 56945 56945 56945 56945 56945 56945
 56945 56945]
10 [56940 11120 13476 11562  1452    20  4472  8273 10621  8581  6151 14849
  4472  6226 56940 56932  6792 56931 56945 56945 56945 56945 56945 56945
 56945 56945 56945 56945 56945 56945 56945 56945 56945 56945 56945 56945
 56945 56945 56945 56945 56945 56945 56945 56945 56945 56945 56945 56945
 56945 56945]
11 [56940 11120 13476 11562  1452    20  4472  8273 10621  8581  6151 14849
  4472  6226 56940 56932  6792 56931 56945 56945 56945 56945 56945 56945
 56945 56945 56945 56945 56945 56945 56945 56945 56945 56945 56945 56945
 56945 56945 56945 56945 56945 56945 56945 56945 56945 56945 56945 56945
 56945 56945]
4 [ 1925  9283 56942 56932 13396 11122 13554 56932 11117 56946  1925  8871
  9394  9939  5226 10341 56932  9000 56932  5226  1490 13440 56932  1240
  6760  4472  2890 28721  5226 10107 10855  4472 11120  5918 11211  6118
 11197  5092 11211   229 12407  5267  4472   535 56932 12889   375  4562
  5224 13803]
10 [ 1925  9283 56942 56932 13396 11122 13554 56932 11117 56946  1925  8871
  9394  9939  5226 10341 56932  9000 56932  5226  1490 13440 56932  1240
  6760  4472  2890 28721  5226 10107 10855  4472 11120  5918 11211  6118
 11197  5092 11211   229 12407  5267  4472   535 56932 12889   375  4562
  5224 13803]
9 [12430    85 27480  4472   488 18038 56932 11211 13512  5226  1959  6151
  3225  4472 14072  4472 13452 10291  4095  4151  3114  4472 16825  4472
  9316 56931 56945 56945 56945 56945 56945 56945 56945 56945 56945 56945
 56945 56945 56945 56945 56945 56945 56945 56945 56945 56945 56945 56945
 56945 56945]
13 [12430    85 27480  4472   488 18038 56932 11211 13512  5226  1959  6151
  3225  4472 14072  4472 13452 10291  4095  4151  3114  4472 16825  4472
  9316 56931 56945 56945 56945 56945 56945 56945 56945 56945 56945 56945
 56945 56945 56945 56945 56945 56945 56945 56945 56945 56945 56945 56945
 56945 56945]
1 [56940 14931  8998 11325 13430   865  4151  4472 11400 11120  5265  4472
  9214 10621  1659 11211  9388  5850 13010  4472 26954 56940 56932 56946
  5224 14881  5972  4472  7093  8965 56931 56945 56945 56945 56945 56945
 56945 56945 56945 56945 56945 56945 56945 56945 56945 56945 56945 56945
 56945 56945]
7 [11120  4836 10067  6516 10067  2631 20391  6151  1721  4151  1088 14633
  4472 56946 10621  1240  1819 12555  5226 11120 12394 16024 56932  2890
 15387 15417  4562 14382  1559 18700 10621  4884 14397  5240  8493  4472
  4151 13171 14821  4472 11120 14248 56946 56931 56945 56945 56945 56945
 56945 56945]
8 [11120  4836 10067  6516 10067  2631 20391  6151  1721  4151  1088 14633
  4472 56946 10621  1240  1819 12555  5226 11120 12394 16024 56932  2890
 15387 15417  4562 14382  1559 18700 10621  4884 14397  5240  8493  4472
  4151 13171 14821  4472 11120 14248 56946 56931 56945 56945 56945 56945
 56945 56945]
34 [56940 56946 56940 56932 13371  1240 11117  9142  5226 56946 56932  6197
 16738  1925  1883  9222  6151  1231  9925 13280   683  5137 10621   217
  9127 11211 56932  1925 20871  4472 11211 13211 12954 17069  4472 14555
  6151   425  5346 56932  8321  2529 12342 12675 13386 11120 56946  5217
 11120  9639]
27 [ 5224  3612  3676 10067  2792  1218 56932 14524 15043 14751 56932 10621
  8493  3933 10067  7538 11343  5432 56934  1403 56935  7829 12948  5226
 11517  8493  6614  8572 12682 10291 12208  2259 13251  6151 11120  4415
 12925  1106 11211  4807  6151 11120  3806 10067  6319  4566 56931 56945
 56945 56945]
36 [ 7868 15201   217 10867 56946 56932  5992 56940  6070  4151  6557  4472
 36170 10621 56126 13371 16058  4472 29148  5534 13171 56946  4125 13396
 11120 11371  4472 15157  5691  6151  1231 13480 56932 11211 26528 18436
  5226  3396  1231  8108  8008 10291 27741  5226  5224  3104  4472 10050
  4472  1723]
6 [11120 14564  3077  4472  7795  5240  5226 15107  8493  7891  4472 11120
  3077  4472 56942  4472  8248 10067 14278  4468  4472  5804  7795  4472
 12691  8148 56931 56945 56945 56945 56945 56945 56945 56945 56945 56945
 56945 56945 56945 56945 56945 56945 56945 56945 56945 56945 56945 56945
 56945 56945]
23 [ 5804 11360 56946 10621 19162 56946  3245  1240  9567  4979  5226  8325
 56932 12889  5226   425 11093  4722 13822  5843 12764  1240 12813  6151
  7538 10621 30235  3361 12128  1925  6812 56931 56945 56945 56945 56945
 56945 56945 56945 56945 56945 56945 56945 56945 56945 56945 56945 56945
 56945 56945]
28 [ 7868 15648  5224 13488  4472 15461 56932 18313 14978 56932 56940  5226
 11813  3719 11514  5309 10291  5804  9271 56932 14260  5224 10119  4472
 12515 10067 14819  1358  6151 11120  1502 56940 56931 56945 56945 56945
 56945 56945 56945 56945 56945 56945 56945 56945 56945 56945 56945 56945
 56945 56945]
28 [ 2522  1015  5226  8876 15168 11211  1723  3546  6151 56946 11120 14602
  4472   692 15244 11211  5224  2610  4472 11120  2894 56932  2890 56946
 10067 11763  4472 56942 13344  6151  2890 56946 56932 10621  1379  8871
 11211  4049 56934 56946 56935 56932 10442 56934 56946 56935 10621  5754
 56934 56946]
29 [ 2522  1015  5226  8876 15168 11211  1723  3546  6151 56946 11120 14602
  4472   692 15244 11211  5224  2610  4472 11120  2894 56932  2890 56946
 10067 11763  4472 56942 13344  6151  2890 56946 56932 10621  1379  8871
 11211  4049 56934 56946 56935 56932 10442 56934 56946 56935 10621  5754
 56934 56946]
13 [10621   151 11120  7891  2815  4472  4151  2677 56932  4562 11120 10241
 12764  6950  4472  4151  8373 14821  7396 56932 10954  4562 11120  5299
  4037  5226  2480 56931 56945 56945 56945 56945 56945 56945 56945 56945
 56945 56945 56945 56945 56945 56945 56945 56945 56945 56945 56945 56945
 56945 56945]
40 [56940 12015  7780 14985  5224  2104  4472  7626 11211  8777  5804  4755
 56932  5224  8254  4472 11426  1925 11211 13512 10621 11120 13636  4562
 11120 11211  1240 13731  5226  5224  5372 13396  5224 13132  4472  1000
  6151 11120  8150  8128  5226  9735 56940 56931 56945 56945 56945 56945
 56945 56945]
0 [13396  4550 56932 11122 11211  7780 15328  1925   468  5206  8761  5804
  2283  4472 56946 56931 56945 56945 56945 56945 56945 56945 56945 56945
 56945 56945 56945 56945 56945 56945 56945 56945 56945 56945 56945 56945
 56945 56945 56945 56945 56945 56945 56945 56945 56945 56945 56945 56945
 56945 56945]
5 [ 8794  1240 56946  4472 14793  6151 11554  5224 13365 22603 13396  5224
  1600 56931 56945 56945 56945 56945 56945 56945 56945 56945 56945 56945
 56945 56945 56945 56945 56945 56945 56945 56945 56945 56945 56945 56945
 56945 56945 56945 56945 56945 56945 56945 56945 56945 56945 56945 56945
 56945 56945]
39 [ 6151 15099 10067  6260 14724 56932 11120  8108 56946 56932 11211  5226
  1884  7494  3073 11350 56932  8882  6151 14777  8589 47273  8493 11518
  4472   683 56942 11804  4472  5699 13396 11120 12673 14251  2861  4563
  3301  5224 11955  1925 16688  4472  4151 11388 56931 56945 56945 56945
 56945 56945]
25 [ 5224  6371 56942  6019  2890 56946  5226  1231 13675  9234 56932 10621
  4695  5226 56946 13349 56932 11122 11211  6913  2890  9321  4472 56942
 13349 13344  6151  5804 56946  4472 15099  4472 11966 56931 56945 56945
 56945 56945 56945 56945 56945 56945 56945 56945 56945 56945 56945 56945
 56945 56945]
9 [ 4937  4472 11120  6264  4472 12756 11430 11211 13460  6151  7538 10291
  2188 11120 10794  4472  5804   420 10617 56932 11211  1340  1231 12347
  5226  5224 12754 15166  4472 11888 56931 56945 56945 56945 56945 56945
 56945 56945 56945 56945 56945 56945 56945 56945 56945 56945 56945 56945
 56945 56945]
10 [ 4151  4094 11211  2007 38825  5226  5224  7147 10007  9198  6151  9198
  1996 10767 56931 56945 56945 56945 56945 56945 56945 56945 56945 56945
 56945 56945 56945 56945 56945 56945 56945 56945 56945 56945 56945 56945
 56945 56945 56945 56945 56945 56945 56945 56945 56945 56945 56945 56945
 56945 56945]
16 [ 7868 49800 56932  5804  7345 12764 28504 11211  5804  3204  4293 12764
  9444 12195  4472 14001  4472 14399  5226 12672 56940 14915 10506 13371
  2478  5224 12761  6151 11120  7626 10621  6151 11120  4109 56940 56931
 56945 56945 56945 56945 56945 56945 56945 56945 56945 56945 56945 56945
 56945 56945]
14 [ 5804 10585 47731  1396  4472 14399  5226 12486  5804   620  4472 17678
 56932 11211 13396    19 12135 12171   746 12249  1170  5226 11120 13107
 56946  4472 11120  4932 56932  9000 14343 11211 11673  5474   582  2529
 32694 10621 56946  4562 11554  4693  4472 11120  7361  7638  4472  5804
  4284 56931]
49 [ 3245 12200 13098  4472    38 13371  5513  6894 17899 10621  5513 56946
 56932  1793  4472 11120 32260  4472  5668  5226  2027 11569 56932  3972
 56946 56933 18748  4472 11120 14653 13371   261 56946 10621 11384 56946
 56933  5224  5234  4472 11120 13439 10621  7939 11103  9502 53582 56933
  6205 13371]
17 [ 5226  7874 14340 13649 56942  4472  5488  6857 14729 56932  4151  4705
  5226  8853  6260  5358  8448  4472  2890 56942 13396 14108  4472  5804
 27769  4472  4151   243 12707 56932   683 56942 11804  4472  5895 56932
  7868 11120 56946 56931 56945 56945 56945 56945 56945 56945 56945 56945
 56945 56945]
0 [ 5226 11120 11938 56932  5804  8330 13512 56946 10621 11120  4687  1240
 56946 56931 56945 56945 56945 56945 56945 56945 56945 56945 56945 56945
 56945 56945 56945 56945 56945 56945 56945 56945 56945 56945 56945 56945
 56945 56945 56945 56945 56945 56945 56945 56945 56945 56945 56945 56945
 56945 56945]
10 [56940 56946  6151 35152  1233 12764  9490 56946  4151 11656  4472 13030
 11211 56946 11120  3277 56932  5224  3597 11349 12567 11211  4125 14347
  4472 12764 56946   497 56940 56932  9445  5224 12133 15275 56931 56945
 56945 56945 56945 56945 56945 56945 56945 56945 56945 56945 56945 56945
 56945 56945]
5 [ 2890 13723  4472 12770 14662  5226 15445 11211  5224 10242  4472  7581
  4472  6467 56932 11966  2128  4472 14393 56932  7780 15328  6151  3969
 11211 56940  1233  5226 11120  3174   635  5224 14358  7494  5224 56946
  4472  5804  2322 56932  3245 11117  4346  5224 56946  4472  5804 12770
 56940 56932]
8 [ 5224  5097 56932 13396 13676 56932  1240 10823  5226  2370  4472  1836
 14162  4472 13236   848  4472  3641  2848 14931  5224  1803  4472  5804
  3434 56932 10621 11211  5534  1240  3968 12472  2632  1240 56946  6151
  5804  6134  4562  6272  2965 56931 56945 56945 56945 56945 56945 56945
 56945 56945]
9 [ 5224  5097 56932 13396 13676 56932  1240 10823  5226  2370  4472  1836
 14162  4472 13236   848  4472  3641  2848 14931  5224  1803  4472  5804
  3434 56932 10621 11211  5534  1240  3968 12472  2632  1240 56946  6151
  5804  6134  4562  6272  2965 56931 56945 56945 56945 56945 56945 56945
 56945 56945]
27 [15648 11211 13371  1969  4125 11120  7316  4472 11263  4562  5224   776
 56932 11211    65  4151 15271  6072 56932 56946  4562  5804 15370  4472
   424  5076 10621  4472   826  1132  6151  2890 14399  4562  8025 56931
 56945 56945 56945 56945 56945 56945 56945 56945 56945 56945 56945 56945
 56945 56945]
9 [   19 13721  4472  2062 15803  4472  5804  1069 56932  7956  6226  5804
 10067 13267  4472 11120 16210 56932  5804  3034 17218  4472  4151  9566
  5324 56931 56945 56945 56945 56945 56945 56945 56945 56945 56945 56945
 56945 56945 56945 56945 56945 56945 56945 56945 56945 56945 56945 56945
 56945 56945]
10 [ 5804  8732 13396  3054 56932  4472 56942  6937 56932 11702  4562 14018
  5224  9874  5942  4472 56942  6937 56931 56945 56945 56945 56945 56945
 56945 56945 56945 56945 56945 56945 56945 56945 56945 56945 56945 56945
 56945 56945 56945 56945 56945 56945 56945 56945 56945 56945 56945 56945
 56945 56945]
49 [ 5226  5224  6173  5224 22798  1240  2031  5217 56946 13310  6151 11116
  8426 10621  5224  2610  7494  2890  4323  4472  2010 56934 12297 38528
 10621 35658 35446  4472  4151  9611 13371  6086 15394  8902  6151 10912
 56932  9000 13569  4472 12764 39968 11372  8606  5224 30738 56932 14260
  6197 12764]
10 [ 5224 30057  5240 12672 12407  1529 10621 12764  7709  9406  6151 11120
   128 56932 10621  5804 56946 12013  4472 11120 13715  4472  1231 10177
  2861  5224 30057  5240 10291  6221 11120  7626 56931 56945 56945 56945
 56945 56945 56945 56945 56945 56945 56945 56945 56945 56945 56945 56945
 56945 56945]
12 [ 5088 37129  2890  9198  5804  3758 14260 12543 12764  1240  9490 30666
 10067  6226 10067 13676  2972 56931 56945 56945 56945 56945 56945 56945
 56945 56945 56945 56945 56945 56945 56945 56945 56945 56945 56945 56945
 56945 56945 56945 56945 56945 56945 56945 56945 56945 56945 56945 56945
 56945 56945]
2 [ 2890 56946  4472 13554  5226 13554  5240 11165 10291  5224 10855 56931
 56945 56945 56945 56945 56945 56945 56945 56945 56945 56945 56945 56945
 56945 56945 56945 56945 56945 56945 56945 56945 56945 56945 56945 56945
 56945 56945 56945 56945 56945 56945 56945 56945 56945 56945 56945 56945
 56945 56945]
29 [ 2530 13396 11120  6675  4472  4151  2131   741  4472  8945 10621  9092
  1633  5224 10437  4472 11120  8467  1152 56932  9490  3609 11932  1231
  6879  5987 10621   354 56932  5226  5879 10621  9928 56932  1925  9003
  4472  5487 56931 56945 56945 56945 56945 56945 56945 56945 56945 56945
 56945 56945]
18 [12015  4470 14662  4472 11211 11120  4811 11752 56932 11122 11211  2816
  5224   911 10067  9857 56932  4615  4472 10160  7956 11325  9137  4562
 11120 56946  4472  8493  4472  4151  2562 11211 12455 13507  5534 12764
   373  6160   417   848 56946  5804  9242  4562  2890 11104  4472   367
 56931 56945]
0 [ 5217  5280 56932  9198   848  3260  1340 11211  1000  1996 22502  1661
 10621  1996 25215 12033  4562  5804  4472  5513  1384   848 14524 56946
 56932 13371 12764 15145  5224  4339  4561  4562 11120  7182 10621 11673
 12360  5226  5224 10620 14802  4472 11211 56946  6574 10621 11211 10267
 11950  2986]
7 [ 6997 11211  5534  7412  6894 56934 11211  6151 11122 11211 14190 12764
  7780  3521 10067  6226  5224  7473  9068 11211 14204 56935 14747 56946
  6151  9222 56932 10621 11117 47234  4562 40453 10621  2554 10621 11122
 26442  4472  7001 10643 56934 14686  3245  5226  5224 10235  4492  4472
  6997  4759]
14 [ 6997 11211  5534  7412  6894 56934 11211  6151 11122 11211 14190 12764
  7780  3521 10067  6226  5224  7473  9068 11211 14204 56935 14747 56946
  6151  9222 56932 10621 11117 47234  4562 40453 10621  2554 10621 11122
 26442  4472  7001 10643 56934 14686  3245  5226  5224 10235  4492  4472
  6997  4759]
6 [11120 10767  4472 11669  7238 56932  4472 56946  5226  5224 23534 56932
 56946  6151  2890  7379  4562  6221  1231  9928 56932 12015 11617  4472
 43844 56931 56945 56945 56945 56945 56945 56945 56945 56945 56945 56945
 56945 56945 56945 56945 56945 56945 56945 56945 56945 56945 56945 56945
 56945 56945]
19 [21258 12764  1240 56946 56932 16738  6151  2890 13723  4472 17370  4472
 11169 16581  9000  6578  7460 56932 10621  4472  1274  5224  3612  5371
  1925  8871 14915  4518 13371  5224  4472  5804  5710  2861 13512  4161
  5804 12297 17090 56942 12297 10067  6171  4472 11120 11528 10621  5226
  8025  1487]
4 [12764  1240  6689 56932 13396 56946 56932  4472  2890 23366  2355 13396
  5186   848 34675 13396  2101 56932 15337  5226   420  3545  4472 56946
 10621 56946 45382 56931 56945 56945 56945 56945 56945 56945 56945 56945
 56945 56945 56945 56945 56945 56945 56945 56945 56945 56945 56945 56945
 56945 56945]
5 [ 1233  8373  9674  1240 15628  6151 11120  1004  1633  2890 11023 13016
 56932 13822  1892  1240 13754 56931 56945 56945 56945 56945 56945 56945
 56945 56945 56945 56945 56945 56945 56945 56945 56945 56945 56945 56945
 56945 56945 56945 56945 56945 56945 56945 56945 56945 56945 56945 56945
 56945 56945]
45 [ 8493 35433 56932  2890  7360  5683 56932  8493   176  4472 33699 56932
  8493 19166 55806 56932  2890 56946 56946 56932  2890 36363   848  8493
 10506 19223  4472 15743  1340 12407  9198 11211  1000 10611  1168  5226
 11122 11211  1240  1626  6151  1231 30862  4472 14028 13344  6151  4151
 37709 32161]
7 [ 1925 12691  2069  4472  8216  8865  5466  5226  7415   661  6151   424
 12284  9580 56932 12249 11211 12703 10413   682 13310  4472  2972 11211
  2986 15526  9193 10621  7803 11120 14299 56932 11372  4855  4472  5187
 14474 56931 56945 56945 56945 56945 56945 56945 56945 56945 56945 56945
 56945 56945]
42 [13822 13618 10916 56946 11120 13107  4472 16161 56946  4472  8920  4472
 11120 10162 56932 56946 56932 37897 10621 10025  1046 11086 56932 11211
 56932 24280  5226  4151  9601  7747 29939 13927 12297 56942 10621 13927
 12297 56942 56932   209    52 56946 13396  1901  5224  5285  4472 11120
 12615 56931]
15 [ 5224 16122  5953  6151 16799 11120  6471  4562 11120 14433 10621  4151
  2452 56932 56946  5226 12135  4472 11120 17311  5012  4472 11120  6685
 56933  9000  4161  5804 15721  4752 10621 15723 12764  1240 18798  1862
  5226  5224   175  4472  6471 13371 12297 11055 10067  2597 12297 10621
  7976  7945]
16 [ 5224 16122  5953  6151 16799 11120  6471  4562 11120 14433 10621  4151
  2452 56932 56946  5226 12135  4472 11120 17311  5012  4472 11120  6685
 56933  9000  4161  5804 15721  4752 10621 15723 12764  1240 18798  1862
  5226  5224   175  4472  6471 13371 12297 11055 10067  2597 12297 10621
  7976  7945]
0 [ 4161  5224  3742  4472 12886 56932  8964 11211 11122 14733  5224  3015
 10621 11674 12764  7709  2529 12297 56932 56946 23764  6151 23764 56931
 56945 56945 56945 56945 56945 56945 56945 56945 56945 56945 56945 56945
 56945 56945 56945 56945 56945 56945 56945 56945 56945 56945 56945 56945
 56945 56945]
4 [10621  7780 21075  8725  7956  6226  1925  4161  4550 42964  7295  9177
 56932  5224  7249  2944  4562  2890   911 16483  5226  4151 19843  4472
 11120 12031  1729 56931 56945 56945 56945 56945 56945 56945 56945 56945
 56945 56945 56945 56945 56945 56945 56945 56945 56945 56945 56945 56945
 56945 56945]
0 [ 5226  6226 13440 56932  1240  1630   264 15526 11211 56932  7878 45451
  4472  3572 11120  8048 56932 11120 12596  2273  5226 13910  4472 56061
 13822  3136  2861 12297 11372  5207 13116 11372 12473  1031  4472 11211
  3572   418 12355 18848  2890  2776  4472 22167 13371  5804 56946  5226
  1787 10067]
0 [ 4472 12937   682 56932  1233  5804  8162  4472  2606  1240 19466 56932
  1231  7037  6497  5226   420  5137 56931 56945 56945 56945 56945 56945
 56945 56945 56945 56945 56945 56945 56945 56945 56945 56945 56945 56945
 56945 56945 56945 56945 56945 56945 56945 56945 56945 56945 56945 56945
 56945 56945]
0 [ 4472  2254  1240 39049 11120  3288  5530 10621  2890  9080  4472   864
 11117 56946  5224 14075  4562  2890  6661 14981 56931 56945 56945 56945
 56945 56945 56945 56945 56945 56945 56945 56945 56945 56945 56945 56945
 56945 56945 56945 56945 56945 56945 56945 56945 56945 56945 56945 56945
 56945 56945]
12 [ 5224 11131  7780  9002 12002 11211  8361 11581  5088  6151 11755  1883
  5226  9888  4562  8493  8581 10621  8682  4476 56932  6151 11120 11211
  5207  7780  8192 15526  6647 56931 56945 56945 56945 56945 56945 56945
 56945 56945 56945 56945 56945 56945 56945 56945 56945 56945 56945 56945
 56945 56945]
27 [ 5226  9068  3719  1240  9490  4492 13256  4472 11120 15675  8494 10067
 28437 56932  9000  4550 56932  5534 11120 28240  4472  9068  3280  1240
  9490 54807  9198  6151  9198  5226  5224 13499 10067 11554 56932 13441
   420  5137  4472  7626    20 56932  1240  9490 14068  6197  6151 11211
  4151  3765]
