7 [ 5224 14399 56932  5983  4262 12764   746  8192 43757 56932  5240  5224
 11100 10611   208 10621  8493 11840  4472  8561 25044 10621 56932  7868
  5804 15646 56932  7709 16137  8493  1781  4472 56942 11804  4472  5895
 56931 56945 56945 56945 56945 56945 56945 56945 56945 56945 56945 56945
 56945 56945]
8 [12297 13396 11149  3671  4472 20039 31678  1240 11562 38840  5226  5224
  5138 56946 10067 14914 56946 56932   848 11122 11211 15145 56932 11211
  7494 11211  6744  5544  2814 11120 16400  4693  4472 56946 56932   443
  9096 56937 56945 56945 56945 56945 56945 56945 56945 56945 56945 56945
 56945 56945]
