14 [ 5804 10050  4472   965  4472 11120  2894 10590  9514  1296 56932 13348
 56932  2890 14399  7956 11120  1436  9400 11211 12859  5804 14304 13847
  4472 11120  8941  4472  5804 10925 10621 11120  9443  1925  7057  4472
  5804 14072  5226  5804  3460  3462 56931 56945 56945 56945 56945 56945
 56945 56945]
42 [11120  4002  5685 56932 56946 56932  3064   217 11120  8134  7956 11120
  6544  5226 11120 12815 12957  5685  4472 56942  7393  4472 13893 14931
  2300  6418  6151 11120 11066  4472  1618  4472 14088 10236 56932  4884
  2684  1925  4842 13260 12780  4151  5008  7956 11120 10615  4472 10292
 10291  5224]
