38 [ 9000  3260  4472   428  9073  4161 11211 56946 11211  6373 10355 12297
 12297  7453 56932 13849 56932 56946 12297 12297   865  6950 41684 56946
  4472 10630 11211  5224  7238  7180 10291 12936  5534  5224  9084  8946
  8503 10621 13074 10291 13478 56931 56945 56945 56945 56945 56945 56945
 56945 56945]
48 [56946  1749  5226 11120  5288 12689  4472 11120  6686 15268  4472  1163
 56934  9879 56935 56932 11211  1240  4868  6151  9687  5226 11120  5918
  4472  3222 56932  3828 11499 11211 56932  1925 10946 15017  4151 14729
 11959  5226  5224  4842  4472  8849 56932 56940  5240  8493  2415  5534
 12703 10130]
23 [11120  7790  4562  1164  4472 13456 56932  5224 13398 10635  4472  5804
  2611 10621 11120 12964  1323  4472  5224 11554  4472  5804  5359 56946
 13974  4472  2890 56946 11211  2002  1231  8467  4678  5226  9209  3224
  8860 10621 11211  4059  2890 14555 13959  4562  7508 10291 56942  8155
 56931 56945]
43 [56940  7350 15379  8493 11566 12297 12297  8964 12297 12297 11211  7016
   943  6226  5224  1926 56932  5226 11120 11211 10261  4750 56932 12611
 56932  9023 56932  6471 10621  8493  4858   207  4472   424  1926 56932
  5226  5224 11211 13371  8964 12024  7220 11066  9928 56940 56931 56945
 56945 56945]
1 [11120  2752 56946 56932   821  4472  5436 21827 56932 10621 56946 56932
  2890 13242 22942  5226 11120  3334 10067  1794 11211  7780  4147   424
  2689 10067 44834 56931 56945 56945 56945 56945 56945 56945 56945 56945
 56945 56945 56945 56945 56945 56945 56945 56945 56945 56945 56945 56945
 56945 56945]
13 [ 5226   424  4492    11 11211 56940 12764 14190 56940 11211  5224  2631
  5692 56946 10621  6491 11211  1925 18319  4472  2890 14339  4415 56940
  7709 11293   494  6151  6416 11211 14338  4472 12183  4694 18959  5534
  2890   653 17565 12764  4962  4562 13822 17358 56940 56931 56945 56945
 56945 56945]
12 [12297 12297 12764  7494 56932 11664 56932  4492 35152 13396 11149 11117
 29644 13554 11120   625 56931 56945 56945 56945 56945 56945 56945 56945
 56945 56945 56945 56945 56945 56945 56945 56945 56945 56945 56945 56945
 56945 56945 56945 56945 56945 56945 56945 56945 56945 56945 56945 56945
 56945 56945]
12 [13396  8593 56932  6151  3559 10067 11255  3297 56932  4151  5313 19395
 56946  6151 56942  6937  4472  5699 56932 56942  6937 13171 11211   424
  2689 56931 56945 56945 56945 56945 56945 56945 56945 56945 56945 56945
 56945 56945 56945 56945 56945 56945 56945 56945 56945 56945 56945 56945
 56945 56945]
27 [ 5226 14923  3719  3306 56932 15201 56932 12889  5226 11120  4932   865
 30669 11071 26962 10611  1163 15226 10621  9529 56932 56940  6151  4151
 11211  4365  4472 56946 56940 56931 56945 56945 56945 56945 56945 56945
 56945 56945 56945 56945 56945 56945 56945 56945 56945 56945 56945 56945
 56945 56945]
22 [ 8593 14067 11211  5804 56942 55771  4472  4212 10611  4151  8373 35638
 56934 11120  4472 13732 10621 11120  4472 11067 56935 56932 40098  6151
 13171  4472 56942  5699 56932  5240  1009 56932  5224 12675 56946 11211
  1233  1240 13280 11120 15210  5226  5699 56931 56945 56945 56945 56945
 56945 56945]
2 [ 9379 56946 56946   756  2890 13571 10611  4151 11817  1325 56932  4562
 11120  5532 56946 10236 56934 56946 56942 56935 56931 56945 56945 56945
 56945 56945 56945 56945 56945 56945 56945 56945 56945 56945 56945 56945
 56945 56945 56945 56945 56945 56945 56945 56945 56945 56945 56945 56945
 56945 56945]
8 [14352 10213  3389 10067 13893 13371  3077 16294 34224   494  5226  4151
 13728 25818  4472  7821 11211 56932 53426  2370 53426 56932 16761 15023
  5224   273  4472 12921 56931 56945 56945 56945 56945 56945 56945 56945
 56945 56945 56945 56945 56945 56945 56945 56945 56945 56945 56945 56945
 56945 56945]
