0 [56946  6151  4151 56942 10621  5611 10621  1894 14777  1362 56931 56945
 56945 56945 56945 56945 56945 56945 56945 56945 56945 56945 56945 56945
 56945 56945 56945 56945 56945 56945 56945 56945 56945 56945 56945 56945
 56945 56945 56945 56945 56945 56945 56945 56945 56945 56945 56945 56945
 56945 56945]
19 [56946 14641 11211 56940  5240 13406 11148 16718  6151  3572  1233 12764
   865 12195  4472  1000 11211 11120  8728  1870  1925  1387 56940 10621
  1603 11211 56940  1233  4801 11211  4562 15581   848  3136 15590  6151
 11293  1925  5328  6151  1231  7057 56932  1944  5224 11554 56932 11674
 12764  3645]
0 [  749  3245  4562  1564  4151   621  3797  2370  5224  1428  2792  9923
 39425 56946 56932 15058  6151  8493 18018  1870 44951  4472  9068  6151
  4151 14546 11448  4472   690 11211  7920  1240 56946  6151  7608  4472
 11120 13760  4472  8493 27617  4472 11120  5234  3094 13396  5224 13723
  9923 38284]
0 [ 3291  6151 13155  5217 56942 56931 56945 56945 56945 56945 56945 56945
 56945 56945 56945 56945 56945 56945 56945 56945 56945 56945 56945 56945
 56945 56945 56945 56945 56945 56945 56945 56945 56945 56945 56945 56945
 56945 56945 56945 56945 56945 56945 56945 56945 56945 56945 56945 56945
 56945 56945]
