8 [32596  1925   468  5206  5240 32596 12672 13171 11211  1925  4584 56931
 56945 56945 56945 56945 56945 56945 56945 56945 56945 56945 56945 56945
 56945 56945 56945 56945 56945 56945 56945 56945 56945 56945 56945 56945
 56945 56945 56945 56945 56945 56945 56945 56945 56945 56945 56945 56945
 56945 56945]
13 [10621  1865 56932 13933 12764 56932  1240 56946  2861 56940  1469 56932
 13171   848  8871 56932  2890 56946  6151 15276  4472  8025 10621  2890
 56946 10644 56940 56931 56945 56945 56945 56945 56945 56945 56945 56945
 56945 56945 56945 56945 56945 56945 56945 56945 56945 56945 56945 56945
 56945 56945]
0 [ 6205 11211  5224  9102  7780 22438   424 12687 13371  5224 13171  3269
 56931 56945 56945 56945 56945 56945 56945 56945 56945 56945 56945 56945
 56945 56945 56945 56945 56945 56945 56945 56945 56945 56945 56945 56945
 56945 56945 56945 56945 56945 56945 56945 56945 56945 56945 56945 56945
 56945 56945]
21 [ 5331 11669 23121 56946 11120 11668  4472 10665 18036 25800 22089 19542
 10621  5804 17612 10067 56946  8984 25006 32428 56932  6205 13371  4337
 43606 15217 10621 16186 20590 56931 56945 56945 56945 56945 56945 56945
 56945 56945 56945 56945 56945 56945 56945 56945 56945 56945 56945 56945
 56945 56945]
9 [56940 10291 11120 10067 56946 14548 11454 11120 28772 12764  6950 13371
  4177 10954 13371 14408 10291  4289 15977 10291  6361  7956 13961 13906
 56940 56932  8964 56946 56931 56945 56945 56945 56945 56945 56945 56945
 56945 56945 56945 56945 56945 56945 56945 56945 56945 56945 56945 56945
 56945 56945]
10 [56940 10291 11120 10067 56946 14548 11454 11120 28772 12764  6950 13371
  4177 10954 13371 14408 10291  4289 15977 10291  6361  7956 13961 13906
 56940 56932  8964 56946 56931 56945 56945 56945 56945 56945 56945 56945
 56945 56945 56945 56945 56945 56945 56945 56945 56945 56945 56945 56945
 56945 56945]
20 [ 5240  1225  2861 13371  5226 56946 12764 11117 10065 11372  7742 56932
 10291  8493  1004 11211 11117  3014  1808 56932 11664 56932 12738 56932
  7780 14069  8493  2416 56931 56945 56945 56945 56945 56945 56945 56945
 56945 56945 56945 56945 56945 56945 56945 56945 56945 56945 56945 56945
 56945 56945]
14 [11120  7300  4472  5611 10295  5226 11931 28089  6891  8415 13396  5822
 56932  1233  4518 11120  9421 14662 10611 13822  3911  4562 13593 56932
 11840  2358 11211  3245 14662  4562 10274  5226 11120  4932 56931 56945
 56945 56945 56945 56945 56945 56945 56945 56945 56945 56945 56945 56945
 56945 56945]
5 [11120 13916 12800  1240  8783 12764  2451  5224 56946 35396 11211  4868
 17635 56942  3204 12566 10621 11211  1296  1240  4338  4562  5224   567
 20298 17364 56934 56942 56935 56931 56945 56945 56945 56945 56945 56945
 56945 56945 56945 56945 56945 56945 56945 56945 56945 56945 56945 56945
 56945 56945]
6 [11120 13916 12800  1240  8783 12764  2451  5224 56946 35396 11211  4868
 17635 56942  3204 12566 10621 11211  1296  1240  4338  4562  5224   567
 20298 17364 56934 56942 56935 56931 56945 56945 56945 56945 56945 56945
 56945 56945 56945 56945 56945 56945 56945 56945 56945 56945 56945 56945
 56945 56945]
40 [ 4562 15058  6151 11120  4687  4472 13760   848   990  4472  4611  2551
  6862 15501 56932  5224  2792 11499 11211 56940 12764  5850 20509  1009
  3260  1925 15058 56932  6197 11211 10267  8503  5240 12407  7376  4472
  7099 13371 18557 56933 12764  2451 12015 11073  5224 15623  4472  5804
 56940 56851]
41 [ 4562 15058  6151 11120  4687  4472 13760   848   990  4472  4611  2551
  6862 15501 56932  5224  2792 11499 11211 56940 12764  5850 20509  1009
  3260  1925 15058 56932  6197 11211 10267  8503  5240 12407  7376  4472
  7099 13371 18557 56933 12764  2451 12015 11073  5224 15623  4472  5804
 56940 56851]
18 [11120 41753  9823 10067  2880  4472 13893  1240  7780 13381  5226  4492
  5545  6151  8850 10793 56932  1233  4518 12764  7780  9591 11932  5224
 12939  4472  2091 56932 11211  8783 11120  5807  4472 56946 16027 15505
   211 11120 23290  4472  2890  8512  4472  6927   848  2890  2445  4472
  2677 56931]
18 [ 5224  9328  8642  6347 13171 10621 22806  2890  6480  3233 13802   775
  1231  3304  5226  5224  6480  8658  5226 13554 11211  5224  3612 15169
  8642 34194  5224  6480  5226 13662 56932 12407 19298  8509 11120 11093
 12135 56931 56945 56945 56945 56945 56945 56945 56945 56945 56945 56945
 56945 56945]
19 [ 5224  9328  8642  6347 13171 10621 22806  2890  6480  3233 13802   775
  1231  3304  5226  5224  6480  8658  5226 13554 11211  5224  3612 15169
  8642 34194  5224  6480  5226 13662 56932 12407 19298  8509 11120 11093
 12135 56931 56945 56945 56945 56945 56945 56945 56945 56945 56945 56945
 56945 56945]
0 [14931 11744 56932 10291  6185  4472 11668  4472 11120  9734 56932 10386
  3828 13171  8467  4472  3432 11418 56932  6950   753 56942  7691 13032
  5226 11120  5091 56931 56945 56945 56945 56945 56945 56945 56945 56945
 56945 56945 56945 56945 56945 56945 56945 56945 56945 56945 56945 56945
 56945 56945]
1 [14931 11744 56932 10291  6185  4472 11668  4472 11120  9734 56932 10386
  3828 13171  8467  4472  3432 11418 56932  6950   753 56942  7691 13032
  5226 11120  5091 56931 56945 56945 56945 56945 56945 56945 56945 56945
 56945 56945 56945 56945 56945 56945 56945 56945 56945 56945 56945 56945
 56945 56945]
21 [ 5224 10351  3466 11748  6197   373 10899  4147  4472 11120 39293 11211
 11117  5099 14254  5226  5224 13662  5977 56932  5226 13554 11211  5224
 14299 53871 11127  5226 10778 56946  5224   972 10291  5224  9541  1633
  5224 10792  5226  5224 42372  4472  1447 11075 56931 56945 56945 56945
 56945 56945]
17 [56940    19  4472  4151   304 11211 56946  7494 11211  1000  4562  5224
  5972 10067 56942  2861  1233  4518  9373 12407  4518  5226 11122 14203
 56932  5226 11122 14479 10621  5226 11122 56946 56932  9632 11211 10291
 13487  8317  6260  8373  5137 10621  6197 12764 33914  5224 12675 56940
 56932  4329]
35 [ 5226  1231  6098 56932 56940   229 10493  5226   424  6319  2890  8033
  4472  1927   848  4472 15175  8328 56940 11211  1240 56946  5226  1414
 13371  5224  3432 11120  3287   848 11120 10423 10468 56932  1233  4518
 15649 11211 56940 13290  3645  6151  1000  6151  3908   731  5226 11120
  3252 10067]
11 [ 5224 15175 56932  7868  5224 14555 10242  9823 56932   582 42363 12764
 14315  5226  4151  8165 56932 10954  3245  5226  4151 56940 18987 56932
 56946 10621  5226  4151   682  4472  2529 10621  5487  5226 11120  7626
 12031 56940 56931 56945 56945 56945 56945 56945 56945 56945 56945 56945
 56945 56945]
12 [ 5224 15175 56932  7868  5224 14555 10242  9823 56932   582 42363 12764
 14315  5226  4151  8165 56932 10954  3245  5226  4151 56940 18987 56932
 56946 10621  5226  4151   682  4472  2529 10621  5487  5226 11120  7626
 12031 56940 56931 56945 56945 56945 56945 56945 56945 56945 56945 56945
 56945 56945]
18 [ 5224 15175 56932  7868  5224 14555 10242  9823 56932   582 42363 12764
 14315  5226  4151  8165 56932 10954  3245  5226  4151 56940 18987 56932
 56946 10621  5226  4151   682  4472  2529 10621  5487  5226 11120  7626
 12031 56940 56931 56945 56945 56945 56945 56945 56945 56945 56945 56945
 56945 56945]
0 [ 8630 56946  5224  8450  7956  5224  5328 56932 13554  9222 13371  4188
 10045 12297 12297  1231 11783  4569  6151 14124 12297 12297 12013 11211
 56932 56946 13386 56946  5226  4151  5839  4290  4934 56932 56946  4472
  5804 10276  1711 10291 10702  5226 11648 56931 56945 56945 56945 56945
 56945 56945]
0 [12764  2451 56932 56946  1240  8783  3052 10621  1240  7194  6151 14855
  5224  5003 56931 56945 56945 56945 56945 56945 56945 56945 56945 56945
 56945 56945 56945 56945 56945 56945 56945 56945 56945 56945 56945 56945
 56945 56945 56945 56945 56945 56945 56945 56945 56945 56945 56945 56945
 56945 56945]
1 [12764  2451 56932 56946  1240  8783  3052 10621  1240  7194  6151 14855
  5224  5003 56931 56945 56945 56945 56945 56945 56945 56945 56945 56945
 56945 56945 56945 56945 56945 56945 56945 56945 56945 56945 56945 56945
 56945 56945 56945 56945 56945 56945 56945 56945 56945 56945 56945 56945
 56945 56945]
0 [12764  2451 56932  8493 15100  4472  4676  7741  4784  3971 11211  1231
  1431 56932  5224  6519 13396 12181  4337  9666 56932  5240  5224  4569
 13171 56946  6151  4903  3733 56932 11664  1233  4151  4290  4472 12379
  5452  1240 11147  4550 56932 56946 13396 56946  6151 56946  1925  6477
  4569 12855]
0 [13396  1379 11211 12015 11122 56946 56931 56945 56945 56945 56945 56945
 56945 56945 56945 56945 56945 56945 56945 56945 56945 56945 56945 56945
 56945 56945 56945 56945 56945 56945 56945 56945 56945 56945 56945 56945
 56945 56945 56945 56945 56945 56945 56945 56945 56945 56945 56945 56945
 56945 56945]
1 [13396  1379 11211 12015 11122 56946 56931 56945 56945 56945 56945 56945
 56945 56945 56945 56945 56945 56945 56945 56945 56945 56945 56945 56945
 56945 56945 56945 56945 56945 56945 56945 56945 56945 56945 56945 56945
 56945 56945 56945 56945 56945 56945 56945 56945 56945 56945 56945 56945
 56945 56945]
18 [ 8981 56946 15083 11211 11120 10615  4472  1551  5226  4123 12096    85
 10067 56946  4161 14842 56932  1233  4518 14046  1925 56946  4161  5224
 56942  4472  5198 56931 56945 56945 56945 56945 56945 56945 56945 56945
 56945 56945 56945 56945 56945 56945 56945 56945 56945 56945 56945 56945
 56945 56945]
48 [11120  2595  4472 11120 11556  4472 15544 14431 56934 12204 56935 56932
  5602 13566 56932  3655  6151 14196 11211 56940  1178 13396 11120 13704
  4472  5804  4679  9757 11211 12676  2890  8716  4472  4900 13371    95
  5226  3627 56934 10442 56935 10621 13732 56934  1723 56935 56932 14931
 11744 56932]
39 [13974  4472  5804 12552 56946 56932 13526  5804 14513  4472   425  4212
  5226  4151  4558 10067 56946 56932  2729 11211  5226 56942  5224  6117
 46768  4472   424  4814 13006  5224 56942 13396 14108 15058  1925  2689
  2824 56932  5226 13554 11211  5224  6117 40384  1240 19715  5224 56942
 13396 14108]
0 [ 6205 11211 11372  1240  4695  5224 13755  6757 11372 11120  4656 13497
  5804  6724 56931 56945 56945 56945 56945 56945 56945 56945 56945 56945
 56945 56945 56945 56945 56945 56945 56945 56945 56945 56945 56945 56945
 56945 56945 56945 56945 56945 56945 56945 56945 56945 56945 56945 56945
 56945 56945]
23 [ 5224 14139  9517  4472 13732  7951 12948  1231  8614 12176  9422 56932
  8493 11311  6119 10291  5231  5224  2689 56942  4562 12672 13171 11211
  8493 10506  7505  4472 10150 56931 56945 56945 56945 56945 56945 56945
 56945 56945 56945 56945 56945 56945 56945 56945 56945 56945 56945 56945
 56945 56945]
0 [11664  1240 13347 56931 15938 56945 56945 56945 56945 56945 56945 56945
 56945 56945 56945 56945 56945 56945 56945 56945 56945 56945 56945 56945
 56945 56945 56945 56945 56945 56945 56945 56945 56945 56945 56945 56945
 56945 56945 56945 56945 56945 56945 56945 56945 56945 56945 56945 56945
 56945 56945]
0 [ 6205  5240 11211  4562 15640  5137  4518 34183 56932  2591 56946  5240
 13441  8493 34548 56932 23713  4562  5224 22670 56932 15640  5137 15083
 11211 12035 56946 56931 56945 56945 56945 56945 56945 56945 56945 56945
 56945 56945 56945 56945 56945 56945 56945 56945 56945 56945 56945 56945
 56945 56945]
23 [ 6205  5240 11211  4562 15640  5137  4518 34183 56932  2591 56946  5240
 13441  8493 34548 56932 23713  4562  5224 22670 56932 15640  5137 15083
 11211 12035 56946 56931 56945 56945 56945 56945 56945 56945 56945 56945
 56945 56945 56945 56945 56945 56945 56945 56945 56945 56945 56945 56945
 56945 56945]
0 [ 5226 13554 11211    12 56932  6196 12913 32899 11211 11673  2809 56946
  5137 10621  5137  5226 11120  5404 10067  7249  3612  4472  5138 11211
 13280 44153 13821  1925 56946 56931 56945 56945 56945 56945 56945 56945
 56945 56945 56945 56945 56945 56945 56945 56945 56945 56945 56945 56945
 56945 56945]
1 [ 5226 13554 11211    12 56932  6196 12913 32899 11211 11673  2809 56946
  5137 10621  5137  5226 11120  5404 10067  7249  3612  4472  5138 11211
 13280 44153 13821  1925 56946 56931 56945 56945 56945 56945 56945 56945
 56945 56945 56945 56945 56945 56945 56945 56945 56945 56945 56945 56945
 56945 56945]
1 [ 4472 12752 11211 23960 56946 56946 32364 17193 56931 56945 56945 56945
 56945 56945 56945 56945 56945 56945 56945 56945 56945 56945 56945 56945
 56945 56945 56945 56945 56945 56945 56945 56945 56945 56945 56945 56945
 56945 56945 56945 56945 56945 56945 56945 56945 56945 56945 56945 56945
 56945 56945]
3 [ 5224  3786 56932 14931 11744 56932  8057  2890  7307  3297  4472 11443
 10621  3260 13171 11211 11443 56931 56945 56945 56945 56945 56945 56945
 56945 56945 56945 56945 56945 56945 56945 56945 56945 56945 56945 56945
 56945 56945 56945 56945 56945 56945 56945 56945 56945 56945 56945 56945
 56945 56945]
4 [ 5224  3786 56932 14931 11744 56932  8057  2890  7307  3297  4472 11443
 10621  3260 13171 11211 11443 56931 56945 56945 56945 56945 56945 56945
 56945 56945 56945 56945 56945 56945 56945 56945 56945 56945 56945 56945
 56945 56945 56945 56945 56945 56945 56945 56945 56945 56945 56945 56945
 56945 56945]
22 [ 2308 56932   111  7780 14520  2890 13152 10291   877  6108 10401  4472
 56946 56932 11122 11211  6913  2890  9716  3443 56932  1233  4518  9379
  5657  4472  4573   865 10562  8344 56932 12764 14260  1240 56946 56932
 10954 14260  1240  2850  5224 12297 10008 12297  6151  9505  9441 56931
 56945 56945]
24 [11120 11864  5240 13171 56946 10621 10399 11211  5224  2275   848 11120
 24269 56933 11120  8067 11211 51479  4562 11122 17989  7780  4380 13171
 11211 11120 11211   987  1633 11122  1537 56931 56945 56945 56945 56945
 56945 56945 56945 56945 56945 56945 56945 56945 56945 56945 56945 56945
 56945 56945]
0 [14931 11744 56932  5240 11122 11211  4770  7454  5226  5224  6173 56946
  4472 11122  9021  5226 11120  2713  4472 56946 10621 56932 12543  2030
 56932  5534  5224  1871  2277  6151 56946  5226  4756  4472 13822  4509
 56932  5226  5224 11943 56946  4472 11120  8290 12135 56931 56945 56945
 56945 56945]
1 [14931 11744 56932  5240 11122 11211  4770  7454  5226  5224  6173 56946
  4472 11122  9021  5226 11120  2713  4472 56946 10621 56932 12543  2030
 56932  5534  5224  1871  2277  6151 56946  5226  4756  4472 13822  4509
 56932  5226  5224 11943 56946  4472 11120  8290 12135 56931 56945 56945
 56945 56945]
7 [  753  8150 11211  8159 11211  6205  7709 12764  6950 28667  4161  5224
 13913 10954  3421  5137 13171 56931 56945 56945 56945 56945 56945 56945
 56945 56945 56945 56945 56945 56945 56945 56945 56945 56945 56945 56945
 56945 56945 56945 56945 56945 56945 56945 56945 56945 56945 56945 56945
 56945 56945]
8 [  753  8150 11211  8159 11211  6205  7709 12764  6950 28667  4161  5224
 13913 10954  3421  5137 13171 56931 56945 56945 56945 56945 56945 56945
 56945 56945 56945 56945 56945 56945 56945 56945 56945 56945 56945 56945
 56945 56945 56945 56945 56945 56945 56945 56945 56945 56945 56945 56945
 56945 56945]
10 [ 5226  6226 13440 56932  1240  1630   264 15526 11211 56932  7878 45451
  4472  3572 11120  8048 56932 11120 12596  2273  5226 13910  4472 56061
 13822  3136  2861 12297 11372  5207 13116 11372 12473  1031  4472 11211
  3572   418 12355 18848  2890  2776  4472 22167 13371  5804 56946  5226
  1787 10067]
25 [11120  1748  5240 11211 13290  5762 12889 12764  1240  7709 23910 11211
  5534  1200  5224  4981 13478 19456 11673  3852 13137 11211 12171  8156
  1532 11372 42108 56934  4195  5804 28362 56935  9000 11211 13478 56932
  8355  5804 28362 56932 11292  6151  9687  4562 11120  4188  1502 56931
 56945 56945]
11 [11581 12764  9490  9228 10621  8596 14321 56946  8993  9198 56932  6205
  5240 11211  2614  5226  2890 56946 56931 56945 56945 56945 56945 56945
 56945 56945 56945 56945 56945 56945 56945 56945 56945 56945 56945 56945
 56945 56945 56945 56945 56945 56945 56945 56945 56945 56945 56945 56945
 56945 56945]
0 [14442 13334  2091  1296 56932 11120 11436 10126 56932 10621  3052  2370
  5224  3447 56932  1240  9467 10067  9225 10961  4472  1231 12754  3818
 56931 56945 56945 56945 56945 56945 56945 56945 56945 56945 56945 56945
 56945 56945 56945 56945 56945 56945 56945 56945 56945 56945 56945 56945
 56945 56945]
12 [ 8596  3686 29511 56932 14260  9490 13651  5226  5224  7966 56932 10621
 14931 11744 12171  9490  6229 56946  1633 13822 10664 56932 13732 56932
  5806 56932   119 56932   494 18672  8493  1004 56932  1925  1242 56932
  8493 12921 16635 56932  5534 11120 14851  1240  8057 37077 56931 56945
 56945 56945]
13 [ 8596  3686 29511 56932 14260  9490 13651  5226  5224  7966 56932 10621
 14931 11744 12171  9490  6229 56946  1633 13822 10664 56932 13732 56932
  5806 56932   119 56932   494 18672  8493  1004 56932  1925  1242 56932
  8493 12921 16635 56932  5534 11120 14851  1240  8057 37077 56931 56945
 56945 56945]
