7 [11120 56940   545 56940  4472 13864  7780 10695  6151 14694 13144 56932
  8630 11211 10025 11242 11211  5226  1004  4472 56946 56932 56946  5226
 13822  1414  4472   653  5226 13440  4472 11400 11120 12695 56931 56945
 56945 56945 56945 56945 56945 56945 56945 56945 56945 56945 56945 56945
 56945 56945]
20 [ 4716  6997 11211  5224 56942 13396 14108 10067  9925  4125  6151 15276
  4472 56946 10621  6950  5224 56942 13396 14108  6558  6151 13815  6151
 14198 13346 56932 10621 11211 11120  8373  9490  7934  5226  4151 11197
 12605 56931 56945 56945 56945 56945 56945 56945 56945 56945 56945 56945
 56945 56945]
11 [ 5224 11304 12764 22922  5217 11120 56946  4722 56932  5534  1240  8882
 13396 56946  1925 11452  4472 13579 56931 56945 56945 56945 56945 56945
 56945 56945 56945 56945 56945 56945 56945 56945 56945 56945 56945 56945
 56945 56945 56945 56945 56945 56945 56945 56945 56945 56945 56945 56945
 56945 56945]
21 [ 5226  8493   989 15023  4894  6151 11120  9238 50323 56946 10621 10291
 11830  4472  7325 13933  8596 10621  1231  4154  4563  2482  6151  1231
   870 56932  4575 23642 56932  6070 56942  2814 11120 15305 56946 56931
 56945 56945 56945 56945 56945 56945 56945 56945 56945 56945 56945 56945
 56945 56945]
3 [ 2890 12956  6695 12953  6151  7418 56932  5226  5609  4472  7415 12446
 56932  5226  5385 10067 56942 56931 56945 56945 56945 56945 56945 56945
 56945 56945 56945 56945 56945 56945 56945 56945 56945 56945 56945 56945
 56945 56945 56945 56945 56945 56945 56945 56945 56945 56945 56945 56945
 56945 56945]
