12 [56940  8908 43639 56932  8908  3947 10621  8908  3462 10621 10291 12082
  5240  1189 10621 12764 33207 13171 56940 56932  1015 56931 56945 56945
 56945 56945 56945 56945 56945 56945 56945 56945 56945 56945 56945 56945
 56945 56945 56945 56945 56945 56945 56945 56945 56945 56945 56945 56945
 56945 56945]
5 [12543  6205 56932 10267  1004   865 13171  5804  1046  4472  9917 11211
  4801 11211 11122  2030 10291 11120 13292 15161  6197  7780  6260 10621
 11211  1231 29934  7709  4087 56932 12889  4562  7898  8603  7681 56931
 56945 56945 56945 56945 56945 56945 56945 56945 56945 56945 56945 56945
 56945 56945]
18 [56940    19  4472  4151   304 11211 56946  7494 11211  1000  4562  5224
  5972 10067 56942  2861  1233  4518  9373 12407  4518  5226 11122 14203
 56932  5226 11122 14479 10621  5226 11122 56946 56932  9632 11211 10291
 13487  8317  6260  8373  5137 10621  6197 12764 33914  5224 12675 56940
 56932  4329]
10 [12215  1231 14693  3978 56932  1040 11211 56940 11120  9584   373 10267
  1004 13171  8448 56940 56931 56945 56945 56945 56945 56945 56945 56945
 56945 56945 56945 56945 56945 56945 56945 56945 56945 56945 56945 56945
 56945 56945 56945 56945 56945 56945 56945 56945 56945 56945 56945 56945
 56945 56945]
