10 [11120 14774 10347 47555  6151 11120 15948 13396  5224  4467 56946  4472
  2551 10621 14378  8155   746 27790 15350  4472 11211 12672  1450    44
 56931 56945 56945 56945 56945 56945 56945 56945 56945 56945 56945 56945
 56945 56945 56945 56945 56945 56945 56945 56945 56945 56945 56945 56945
 56945 56945]
7 [56940 12962 11211  5224  7926 56946 12297 14212  4472  7803 10621 20908
  4151  4290  5226  8225 12297 14444  6226 11122  1958 10291 11211 11669
  7346  4472 13384 56932  3967 13396 11120  3174 12683 56932 56946 13822
  6090 56940 56932  9127 36820 56932 10627   217  5224   413 56940  5224
  7805 56940]
