17 [ 5224 30057  5240 12672 12407  1529 10621 12764  7709  9406  6151 11120
   128 56932 10621  5804 56946 12013  4472 11120 13715  4472  1231 10177
  2861  5224 30057  5240 10291  6221 11120  7626 56931 56945 56945 56945
 56945 56945 56945 56945 56945 56945 56945 56945 56945 56945 56945 56945
 56945 56945]
13 [ 5217 11211 11122 56946  5226 11120  3288 10067  6109 45856 11120 13733
 10621 42879  4472  5970  4562  6295 56946 10621 56946 56932  6295  4472
 45704 56932 11664  5224 14315  2426  8448  4472  2890  7238  4413 56946
 11120 24223 56931 56945 56945 56945 56945 56945 56945 56945 56945 56945
 56945 56945]
