18 [ 5224  1782  6128 11499 11211   424  4020 13527  1240 15456  5226  2890
  3719  5226  5224 11211  6846 56940 56946  1925 14124 56940 10621 56940
 10069  1925  5328  4472  4151 10191 56940 56932 11122  7082 56932  6299
 56932 56940  5240  6779  1233  4151  3765  1240  8619 13371  1240   582
 56932  9000]
36 [56946 14641 11211 56940  5240 13406 11148 16718  6151  3572  1233 12764
   865 12195  4472  1000 11211 11120  8728  1870  1925  1387 56940 10621
  1603 11211 56940  1233  4801 11211  4562 15581   848  3136 15590  6151
 11293  1925  5328  6151  1231  7057 56932  1944  5224 11554 56932 11674
 12764  3645]
21 [ 5226  8373 12766 38297   425 14675  6151  4151  8373   741  4472  8945
  1729 56932 11120 56946 10621 11120 49516 56932   690  8902  6151 10912
 11211  4151 10193 11211 12342  4271    52  2299 12764  1240  8540  2791
  4562  5224 37992 10976 13396 56946 56931 56945 56945 56945 56945 56945
 56945 56945]
2 [11120  7384 11828  6151 13815 11211 48215 11120 12695 12391  6151 14593
 56946 56932 11211   668  2529  5224 12835  4472  4151  4290 10067  6260
 56942  4472  5385 13396  1147   197 56932 10621 12764  6950 10506 56932
 13371 41295 11120  6805 10471 56931 56945 56945 56945 56945 56945 56945
 56945 56945]
