4 [ 1424  3245  1040 11211  4125 56940 12407  1811 56940 15023  1231 56940
 56946 56940  6390  4562  1402  7427 56931 56945 56945 56945 56945 56945
 56945 56945 56945 56945 56945 56945 56945 56945 56945 56945 56945 56945
 56945 56945 56945 56945 56945 56945 56945 56945 56945 56945 56945 56945
 56945 56945]
5 [11120 11199  5043  4472  1335  4716  5224  4522 13396 11120 14675 10899
  5171 13396 56942 11804  4472 14592 11211   574  8244  5226  5224 12533
  4472   246 56932 11211  6677 11120 11093  4277 10468  4472 11120 11457
  7062  8319 56932 15023 56942  5137  4472 14035 56931 56945 56945 56945
 56945 56945]
7 [12297 12297 56936  5804 38436  4472   545  4585  4693  2890  9198  7811
 12852 56937 12297 12297 56931 56945 56945 56945 56945 56945 56945 56945
 56945 56945 56945 56945 56945 56945 56945 56945 56945 56945 56945 56945
 56945 56945 56945 56945 56945 56945 56945 56945 56945 56945 56945 56945
 56945 56945]
22 [ 7868 15201   217 10867 56946 56932  5992 56940  6070  4151  6557  4472
 36170 10621 56126 13371 16058  4472 29148  5534 13171 56946  4125 13396
 11120 11371  4472 15157  5691  6151  1231 13480 56932 11211 26528 18436
  5226  3396  1231  8108  8008 10291 27741  5226  5224  3104  4472 10050
  4472  1723]
14 [ 8373  4472  5488 21263 56932  1925  8871 56932   865 10067  7944  3910
 10621  1240  9567  2518  5226 11120 12135 11379 10621 12506 56932  8170
 56932 10067  5960 13171 13187 10621 11519 56932 15311  4562  5224  4136
  4472 44288 56931 56945 56945 56945 56945 56945 56945 56945 56945 56945
 56945 56945]
