19 [ 4472  8493 13480  3610 10621 11349  4472  1168 12673 56932  6151 11120
 11211 12764 56946  4151 10219 11211  9658 51377  5226  1231  7147 56932
  3047   418 11211  1009 11211  7494 13171  8008 11211  2890  4569  6151
 13576 13396  5224 14358  5226  2555 56931 56945 56945 56945 56945 56945
 56945 56945]
22 [11120  4670 16177  5226  9852  6151 11120  2725  4660 11211  5848   676
  5224  6909  2812 13155 56946 56932 13386 13280  8373 11970 10561  4562
  7381  6381  7030  5226  5224 11964 10621 38065  1925   653 10621  9394
  1416 56931 56945 56945 56945 56945 56945 56945 56945 56945 56945 56945
 56945 56945]
21 [ 5226  1231  6098 56932 56940   229 10493  5226   424  6319  2890  8033
  4472  1927   848  4472 15175  8328 56940 11211  1240 56946  5226  1414
 13371  5224  3432 11120  3287   848 11120 10423 10468 56932  1233  4518
 15649 11211 56940 13290  3645  6151  1000  6151  3908   731  5226 11120
  3252 10067]
27 [10611  5488 15090   736 56940 11120 15249  3268  8509  4151 56942  1362
 10067 11950  4472  5804 20917  4472 11516 10621 11120 12659  4472  5804
  7340  5318 11211  9661  5226  4151 13988 56940 56932  7868 11120 56946
 56931 56945 56945 56945 56945 56945 56945 56945 56945 56945 56945 56945
 56945 56945]
44 [ 4151 14030 10067  7581 56932 11120  2496  2106 10621  5804 14304 15244
  5226  5224  2689 56942 56946  5226 12937  4151  3388  6653  4195  5226
  2668 10621 11122  1613 13171  5226  7419 56932  7868  5804  7795  4472
  5869  6187  4472 11120  5908 10468 11211  1240   290  5226  5224 15316
  4472   266]
12 [10513 56932 12024  4136  5240 56943 56932  2216 12002 11149  8606 10291
 56946  5226  5224 43535 56932 11664 21905 11211 12015  1373 40854 11120
  8134 56931 56945 56945 56945 56945 56945 56945 56945 56945 56945 56945
 56945 56945 56945 56945 56945 56945 56945 56945 56945 56945 56945 56945
 56945 56945]
2 [12764 14548  2678  5226  5224  2642  4472  2892  4472 40606  5224 15120
  5226  5804 12535 56931 56945 56945 56945 56945 56945 56945 56945 56945
 56945 56945 56945 56945 56945 56945 56945 56945 56945 56945 56945 56945
 56945 56945 56945 56945 56945 56945 56945 56945 56945 56945 56945 56945
 56945 56945]
5 [ 8493  4472  4151 56946  4472 12936  5226 11120  7207  2076  3682  5972
 56932  4550  3974  5226 11120  8290 56932 56946 56931 56945 56945 56945
 56945 56945 56945 56945 56945 56945 56945 56945 56945 56945 56945 56945
 56945 56945 56945 56945 56945 56945 56945 56945 56945 56945 56945 56945
 56945 56945]
20 [ 5226  5224  1030 56942 56932  6894  9847  4472  5187  3314 56932  5217
  8373  5056 56932  2890 11629 11211  2132  9490 56946  5226  2890 25848
 56931 56945 56945 56945 56945 56945 56945 56945 56945 56945 56945 56945
 56945 56945 56945 56945 56945 56945 56945 56945 56945 56945 56945 56945
 56945 56945]
29 [ 5224 15316  4472 15670    85  6659 13396  5224 13723 15512  8314  6151
 11120 56940  3778  4472 11211  1240  5824  2890  4322  3676  5226 11120
  7243  4472  4151  4240 11211 56946  5226  5224  7425  9823  4472  5804
  7345 56940 56931 56945 56945 56945 56945 56945 56945 56945 56945 56945
 56945 56945]
23 [ 2890  5322 10067  1651 10067  4323 56932  4337 56946 56932 10376 11211
  8834 13021 13171 11211 56798  5226 17852   746  8192  2701  6151 14021
  5226 15243 10621  1240 15394  7780  3009  6151  2890  9763  7903 56932
  9000  4779 12676  6151 11211 11120  8108 10291 11120  2496  4472 11120
 12460 12683]
6 [ 5224  8987 13803 11211  1240   373 13218  5226  6226  5224  1926  5226
  5224  5351  4472  9379   453  4521 56932 14662  3245  5226 10644  6319
  4562  1414  4472 11791 10038  5226 12424  6467 10621  5226  5224 13368
 56931 56945 56945 56945 56945 56945 56945 56945 56945 56945 56945 56945
 56945 56945]
18 [ 4345  7494 56942  5137 10621  1240 56946 13371  2890 12297 10141  4472
 56946 12297 56932 11211  1240  7780  7980  5226 40449  5217 13280  3421
  5137 12297 13371  1490    13 15308  4472 10454   848  4472  3789 10067
  5765 12297 10621 56932 13396 11674 56932   668 11211  6197 12764  2645
  5224  5407]
