20 [ 5224   966 10067  2631  5769 56932 11664 56932  5240  5224 12675 11211
  5224 10067  9541  6695 56934 14358 56935  2861 56946  1925  5328  4161
 15335  5226  4151 11003 11120 11920 12031 10067  6319  5692 56931 56945
 56945 56945 56945 56945 56945 56945 56945 56945 56945 56945 56945 56945
 56945 56945]
10 [56940 13831  6151 12676 11211 56946  9379 16299  3861 56931 56946  6151
 11981  4472 12453  5240 12246 56931 14099 12764  4365  7075 11211   424
 15145  5224 13959  5226 11211  1240 40532 10636 15583  4562  8225 56940
 56932 15201 11120  4949 56931 56945 56945 56945 56945 56945 56945 56945
 56945 56945]
