47 [56946 56932  4884 14623  5151 10766  5226 19650  5226  5804 12379  4472
  1446  3673 10621  8463 56932 15648 11211 56932 13396  5804 13961 15064
  4472  8787  5226  5804 10700 14404 56932  1352  5240  8503  4472  5804
  6786 11211  7494  6604  2448 10291  2529    79 10611 14724 10621 13330
 56931 56945]
21 [ 9000  8596  8946  4472  1225 56946 10621  6950  1240 12421 56932  4562
 31995 11443 56932  4472  3740  4472 11120 14675  6151  5544  5226  1601
  4472 11120  1296 56931 56945 56945 56945 56945 56945 56945 56945 56945
 56945 56945 56945 56945 56945 56945 56945 56945 56945 56945 56945 56945
 56945 56945]
