22 [ 8493  4472  5488  9862 56932 13339  1925   870 10067  3612  4472  5138
 56946  4472 56946 56932 56946 56946 56932  1240 10424 11211    85  9592
  5217  2890 10210  4472 11120 15098 15227 10067  3835  6695 17775 56932
  4890 13488  7780  8192  6197  2482  4161  5224   273  4472  4151 14414
 56931 56945]
9 [ 8493  3726   441  4472 56942 10440 56932  2199  4472  2529   985 13371
  5224  7485 10735  4472 12185 56932 56946  4151 14862  4472  5804  1088
  8401 56931 56945 56945 56945 56945 56945 56945 56945 56945 56945 56945
 56945 56945 56945 56945 56945 56945 56945 56945 56945 56945 56945 56945
 56945 56945]
35 [ 5224  2824 12638 56932  4204  3245 13396 12838 56932  6172  5226 10107
  5224  6260  8590 15023 17251  8493 14950  4472   153 13396  1231 56940
 11066  4472  7460 56940 10621  6151 13822 14378  9135  1240 15394  7780
  7916 11120 13269 10067  6319 56932  8630   865 44977 41635 13396  1231
 10620 56931]
22 [13135  6151 14016 56940  5240 11122  7811 11211 11117  7709  2426  6151
 14134 56940 56932  7868  6338 56932 13386  5226  6873  7809  7780 13091
 11211  5224  1431  7494  5574 56940 11996 56940  9000 11211  1231  3612
  3245  7494  5318    61 56932 56940 12889  5226    19 13704 56940 56931
 56945 56945]
18 [ 4472  8493 13480  3610 10621 11349  4472  1168 12673 56932  6151 11120
 11211 12764 56946  4151 10219 11211  9658 51377  5226  1231  7147 56932
  3047   418 11211  1009 11211  7494 13171  8008 11211  2890  4569  6151
 13576 13396  5224 14358  5226  2555 56931 56945 56945 56945 56945 56945
 56945 56945]
19 [ 5804  9839   736  5224  4813  1681  4472   406  4472 56946 10621 11120
   657  5490 13396 56946 56932  4884  8069    85  6656 13396 11120 12613
  9500  6821 56934 56946 56935  4472  2934 56931 56945 56945 56945 56945
 56945 56945 56945 56945 56945 56945 56945 56945 56945 56945 56945 56945
 56945 56945]
15 [12889 12764 12937 15188  5224 12675 14198  4472 13838  4472 15459 56932
  5224  9587 11211   582  2529  6151 15254  4472  4550  5224  7249 56946
 10291 56946 56931 56945 56945 56945 56945 56945 56945 56945 56945 56945
 56945 56945 56945 56945 56945 56945 56945 56945 56945 56945 56945 56945
 56945 56945]
15 [10291 11211  5224  4885   375  7894 14204 11211 56946  6151 13649  9339
 28394  2861 12171  4413    52  2890  1566  4472 13171  4472 56942  5263
  8630 45396 10621 10267  3421  1362  2967  2890 12413  4472 14378 10013
 56933 10267 14777 56932  8503  4472  8834 56931 56945 56945 56945 56945
 56945 56945]
10 [ 5224 14906 10067  3297  4472   424  2689 56932 11211 56940  7780  8192
  2166 13396  4151 12541 11211 13478  3700 10067 13857  4472 11955 10067
 13773 10621 11120  6500 10067  2693 56932  5207  3645  6151 14040 56932
 12764  2451 56932  5226  2890 14347  4322  5226 11120 14662  4472  5286
 56940 56932]
40 [ 3421  4472  9379  7345  7312 13512  6151 13579  5224  6260 11950 56942
  4472 14724 10621  1231  6056  4472 13513    85 55266 56932 13396 11122
 11211  9538  2890  4666  1633  5224  2342  4472 11122 50687 16318  4472
 11120 14294  3733 11211    85 20934   217  6151 29834 56931 56945 56945
 56945 56945]
4 [11211  3799  1622 10621  7780  8192 13373 56932 19780  4472  1335 56932
 13925 37559 56932 55651 10621  4993  5226 12341 10621  8945 56932 12445
  5224  1464 10067 17930 11648 10621 35387 56932 10621 10507 13396  1920
  5226 13723 56931 56945 56945 56945 56945 56945 56945 56945 56945 56945
 56945 56945]
13 [ 5224  8570  5240  2890 56946 10291  8025  1233 12473  5226 14662 11211
  1240   373  9784  9198   848  3260 10291 11211    68  8597  9444  9388
 15554 56931 56945 56945 56945 56945 56945 56945 56945 56945 56945 56945
 56945 56945 56945 56945 56945 56945 56945 56945 56945 56945 56945 56945
 56945 56945]
19 [ 6299  5226  7809  6151 11120  1255   922 11211  5226  5224  6319  5692
 56932 56940  4562 11673 12031 12764  1240  7709  4530 56932 10621 12024
 21784  5240 12407 37419 56940 56931 56945 56945 56945 56945 56945 56945
 56945 56945 56945 56945 56945 56945 56945 56945 56945 56945 56945 56945
 56945 56945]
11 [56946  1346 11211  7780  3858 11211 56940  5226  5224  3934  1240  7709
 12979 10621 13176  1925 11627 56932  4562  8493  9453 14915 12400 13371
 11120  7167 56940 56932  9000    11 11211  1630 12407  3058 56940  7303
 56946  7397 56940 56931 56945 56945 56945 56945 56945 56945 56945 56945
 56945 56945]
31 [13554  5966 56946 13371  2890  7580  4472  5804  2140  3911  4472  6600
  8653  6725  2738  3336  2772 10291 13853 11120  4670 10067  9489 56932
  9000 13996  2772  9659  5654 11211  1240  7709 32016  5224  3172 56932
 12889 14190  9198  6477 48968   425  5039 10657 56931 56945 56945 56945
 56945 56945]
19 [ 5804  5508  4472 11120 12516  4562 11120  3050  4472  2139 10621  5224
 13212 10067  3074 56946  1240  9028 11211  9444 13920  1925  2792  4472
 11120  8847  1976 10067  3360 56932 56946 31671 56932 13396  5224  9230
  2595 10067   653 56946 52889 56932  6151 11093  4000  4472 11120  8818
 56931 56945]
28 [ 5226  2702 56932  1240  4319 11211  5534 11120  4127 12764  7706 11434
   675  5617 13396 11646  6118 56932  5224  7581  5676 13176  6151  6191
  6151  4151  8155 11211  8185  5492  7764 10877   848  1610  5226  1231
 10423 13371 11575  3233  4472  2890   837  4472  8728 56932  6205 13371
  6151  4151]
32 [56940  1723  5172  4472 11120  2894  8493  8987  1870 11211  7780 11162
 11148  2890  7093 41135 56931   229 12407 10408 23910 11673 12673 13734
  6151 10025 10700 11211 13396 14324  7606  1240   746  8823 46069 16485
  4472  5487 13974 10067 16034  4472 11120  2551  1506 56940 56932  3120
 56931 56945]
12 [   11 11211  5224   653 56940  3686  3245 14184  7121  6151 11122 11211
   373  1452  2890  3053  6151 14198  3733 13371   865  5804 13767  2898
 11211  1396  2831  5804 56946  4472 11120 15426   848  5430 11211   746
  8192  8246 10621 11211  1240 15394  1396  7391  4472 11120  1618  1925
   653 56940]
36 [   11 11211  5224   653 56940  3686  3245 14184  7121  6151 11122 11211
   373  1452  2890  3053  6151 14198  3733 13371   865  5804 13767  2898
 11211  1396  2831  5804 56946  4472 11120 15426   848  5430 11211   746
  8192  8246 10621 11211  1240 15394  1396  7391  4472 11120  1618  1925
   653 56940]
5 [12764  5240  1958 11211  1240  7706  7530  6205  6151  2890  3187 11211
  7780 56946 10621 18115  1452  8993 15192  1925  7238 56931 56945 56945
 56945 56945 56945 56945 56945 56945 56945 56945 56945 56945 56945 56945
 56945 56945 56945 56945 56945 56945 56945 56945 56945 56945 56945 56945
 56945 56945]
18 [10621  5534  8294 11211 12764  1659  5226  6086 12015 56946 12407   762
  1925 10067 16950 56932 14260  1240  9840   799  5226    13  6086 11211
 12764   375 56946 56932  9591  6151 10767 10621  3564 10067  7238 56931
 56945 56945 56945 56945 56945 56945 56945 56945 56945 56945 56945 56945
 56945 56945]
31 [  788  4472  5804  4908  7329  4472 11120 56946  8321 38922  7956  1233
 11120  4670 10478  6667   739  5631  5226  9161 10621  5224 13804 11096
 56932 11211  4472  7397  6151  8373  5137 11526 11872  1233  1240 20311
  6151 11120  9893  7253 56931 56945 56945 56945 56945 56945 56945 56945
 56945 56945]
30 [11120 13445  4472  1925 56946 56932  7442  3245   545  4472 11120 10365
 11272 56932  7780  8109  4151   698 10067 15063  2782  2861 10067  5071
  5226 11120 12077  4472  1539  1240  7780  6260  6151  7584 11039 11211
  5226  2890  2689  1240   746 12940  4151  4232  4472 56942  2709 10621
 56942 56946]
29 [10827 53241  8993 12015  7780  4643  2890 14505 13977 56932 10621  4151
 13961  6801  4472  1231 14088 56932  4151  4472  2890 11435 11211 56932
  5040 13396  5804 12715 56932  7780 14069 11120 12090  4472 12764  5115
  4151 11401  4472 30655 10621  4472 56946 56932 11372 11120  7508  4472
 11789 56932]
9 [ 5488 15461 18362  6151 35410 11669 14555 12761 11211   582 56946  5804
   464  1345  4472 11120 13902 56931 56945 56945 56945 56945 56945 56945
 56945 56945 56945 56945 56945 56945 56945 56945 56945 56945 56945 56945
 56945 56945 56945 56945 56945 56945 56945 56945 56945 56945 56945 56945
 56945 56945]
20 [56940 11673   229  8493 14008  8755 56940 56932   730  5224  9230 56932
 13386 15201  6151 11120  2858 11211 12764  1240  7709 11148 15652  6151
  5804 14650  7030  5226  4151 10531  8165  4693  4472 11211  9379 56946
  4151  8865 56931 56945 56945 56945 56945 56945 56945 56945 56945 56945
 56945 56945]
13 [15471 14840 11211 12764  8159 13256  6151 56946   505  4472  6226 11122
 11211  7780  6260  5226  7224 56932  9000 11211  5804 11545 56946  6151
  2865 56946 13396 11120  9032 12031 10621 13595  4472  5488  4256 56931
 56945 56945 56945 56945 56945 56945 56945 56945 56945 56945 56945 56945
 56945 56945]
16 [ 1233 56946 10621 27998  4563  3521 11120   455  5226 38854 56932  5224
 14079 19628 11211 11117  7780 12559 56932 13396  1009 12672 56932  6151
 11120 24028 10930  5240  5224    52  5788  5224  9518  2729  4472 11120
 12673 13030 56932  5226 15276  4472  3333 56946 56932  2865 10561 15023
  5224  1218]
18 [11120 11602 14970  5226 11120  2389  2890 12837 10621 12424  8865  7019
  4472  2452   906 11211   209    52  8192 12922 13396  5224  8099 56946
 10291 12173  6151 13822  3434 56931 56945 56945 56945 56945 56945 56945
 56945 56945 56945 56945 56945 56945 56945 56945 56945 56945 56945 56945
 56945 56945]
20 [ 8630  1240 55981  5224 12761  6151  5407 12734  4472  5804  5023   721
 11211 12764  9658  9997  1231  3832 56932 12764  3686    52 56946 10291
  6330  5224 12761  6151  5790  4472  4938  9658 56946  4472  5187  6750
 56931 56945 56945 56945 56945 56945 56945 56945 56945 56945 56945 56945
 56945 56945]
31 [ 8630  1240 55981  5224 12761  6151  5407 12734  4472  5804  5023   721
 11211 12764  9658  9997  1231  3832 56932 12764  3686    52 56946 10291
  6330  5224 12761  6151  5790  4472  4938  9658 56946  4472  5187  6750
 56931 56945 56945 56945 56945 56945 56945 56945 56945 56945 56945 56945
 56945 56945]
29 [ 2890  5322 10067  1651 10067  4323 56932  4337 56946 56932 10376 11211
  8834 13021 13171 11211 56798  5226 17852   746  8192  2701  6151 14021
  5226 15243 10621  1240 15394  7780  3009  6151  2890  9763  7903 56932
  9000  4779 12676  6151 11211 11120  8108 10291 11120  2496  4472 11120
 12460 12683]
20 [56940  1925 56946  9394  7290  5226  2890 12675  7174 56932  8902 15168
  6151 11211  2144  2890  1381 10300 11211  4091  2529 15920 13371  5224
 15038  1925  3849 56940 56932 15201  7856 56931 56945 56945 56945 56945
 56945 56945 56945 56945 56945 56945 56945 56945 56945 56945 56945 56945
 56945 56945]
26 [12476 56946 56932 13488  9823  4472 11120 11840 56932 15604 11211  9140
 10621   194 56940  5240  8493 16244  9745  3492  4549 11211  5226  5804
  4393  5137  7780  4380  2861 13290  4472 11120 14623  1801  5226  5804
 13098 15370 56932  7780  1679  6361  3922 10291  5224  3104  4472 13870
 10621   373]
22 [ 5226  5224 10103  4966  3245  2430  3662 56932  5224  4569  4263  6151
  7423 56932 13386 56932  7868  7898 15646  4293  4461 56932  9840  5506
  5226  5224  2792  4472 11120  5956 56940  4472  9591 56940  5226 13440
  4472 11211  5224  2189 12000  5226 11120  8290  7037 56932  6418  6151
 11120 13205]
29 [ 5217 11211  1240 12098  6151  2135 17441  4562  6273 50638 56932  2067
 55193  7780  8192  8503  4472  5804 14650 10067 14555  8285 11211 56932
  5226   919   661 56932  1240  7780 56946 13171  6151  5804  4472  4693
 56931 56945 56945 56945 56945 56945 56945 56945 56945 56945 56945 56945
 56945 56945]
25 [13498 56932  6151 11120  8819  4472 11120 14364  4472 24866 10621  4472
 11120 16276 10067  7425  9696 13396 11120  6471  5226 10644  1702 56932
  1240  9840  5307  4562 54264  6151 11120 14850  4472 11211  2087 11211
  4212 10611  1168  6151  4151  9209 13229  4472  6471  5240 12297 11120
 17082 10067]
