2 [ 4550  7780  8192 41887  2890  7238 15011 10621  3245 56946 56931 56945
 56945 56945 56945 56945 56945 56945 56945 56945 56945 56945 56945 56945
 56945 56945 56945 56945 56945 56945 56945 56945 56945 56945 56945 56945
 56945 56945 56945 56945 56945 56945 56945 56945 56945 56945 56945 56945
 56945 56945]
21 [11120 12545  2127 10753  4693  4472 30602 10621   420 11970 15083 11120
 13450 10067 10386 56932 11211  5848  1298 11149 13021   746  8192 19096
 26970 10621  2436   209 13516  5224  8749 56932 12764  7780  5663 12543
  8493 11851 56931 56945 56945 56945 56945 56945 56945 56945 56945 56945
 56945 56945]
15 [13396 12672 11211 12764 13859  7325 56932    65 11120  8822  4472 11211
 11120  7002  9490  8192 11065  2370  8596 13396  6917  3958 56932 10291
 12764 11174  1231  1343 56931 56945 56945 56945 56945 56945 56945 56945
 56945 56945 56945 56945 56945 56945 56945 56945 56945 56945 56945 56945
 56945 56945]
21 [ 8596 11122  9490  4492  4746  4472  1231  5879  4562  5224  1405  4472
 29059  4472 12672 11211 12764  8946  7247 56932 10621  9490  5492  5224
 43844  4472  1168 12673  1925  4201 11211 12764 17667  5224  8870 20034
 13396  9068  5000  6151  5804 10229  3861 56932 10621   151 13396  9394
  5137  4562]
