41 [11120 12673  8230  4472  9222 10621   505 10621  4151  8265  4472  1723
 10621 10442  5226 11120 13439 10343 11211  9308 13083 11439  4472  7500
 13280   420  3861 56932  4810  6151 10206 56946  6151 15379 12948  5226
  5224  6319  2861 56940  6021  2529 11211  5224 11660  1240   418  5465
  5226  8493]
13 [ 6927 11211  5224  3597 13811  1240  8210  4472 11401  4472 56946 56932
  1233  5240 11211 12764 11122  7780  9591  6197 56931 56945 56945 56945
 56945 56945 56945 56945 56945 56945 56945 56945 56945 56945 56945 56945
 56945 56945 56945 56945 56945 56945 56945 56945 56945 56945 56945 56945
 56945 56945]
1 [ 1240  3648 11211 11120  7833  3727 56932 13371  6221 11120 12767 56946
 11211  5207  7494  7765 56932  2696 11120 10789 13371  8493  9033 56932
 13371 11120  6855 10067 13115 56932 13371  5973  4472   919  5941 12315
 56932 13371  5670  4472  3718 56932 13371 10509  4472   319 56931 56945
 56945 56945]
