45 [10621   217 56940  1723  5240  2890 10563  4472  6425 56932  2890  6319
  4562  7415 10042  5226 26426 56940 56932 10621 56940  1793 56932  6197
  4365  2729  5804  3758  4562 11921  5226  7949 56932 11211  8946  2890
  1904  4161  4550  4562  9205  7300   635 56940 56932    11 56931 56945
 56945 56945]
27 [12764  2451 56932 15201 11211 56940  4151 13910 10291  6744  5224 15623
  7482 12764  1240 11138  5226  9379  8445 56940 10621 56940  5226 14347
  7171 56940 12297  6351 12297 56940 11120  8728  2839   373 23530 11120
  7891  3285 10495 10291 32498  5224  7581  4472  4151 11816 10621 10291
 10530  5224]
39 [ 5804  6523 11511  4331   217 56932  8788 56932 13649  7809 10067  5302
 11730  9243  9522 56946 56932  5226  4151 11211 11979 13371  2890 56940
 14687 11386 56940 11120  7361 10067 56946  7513  6151  5352 10246 56932
  4670 11211 56932   730 56932  7175 14843  2890 56940 14606 11279 56940
  5226 11120]
17 [12889  5226  9762 12828  5224  3161  4472  2322 56946 56932  5804  5286
 12543 12764   865 10414 56932  3655   217  5224 12365  4472 11120 14248
 56932  4690 22406 56946 56946 56932  6197 11211  5224  3746  3104  4472
 20263  4472 11120 15582  5082   424 13152  4472 30559 10621  1240  7494
 11211  8495]
25 [34775  5226  5224  1229 47528 12297 12297 11120  7415 15106 30496 56942
 11804  4472  5699  6151  5804 14931 12771  5224  6260  2689 12297 12297
 56932 56946  4562  2890  6400 11211 56946  9209 11601 10291  1712 11120
 13916  6151  5804 11211  6197 12764  1340  3260 56931 56945 56945 56945
 56945 56945]
4 [ 5224 13488  4472   445  3159   848   582 12002 11211  5240  9774  9678
 11120  1329  4472 13822  2109 56931 56945 56945 56945 56945 56945 56945
 56945 56945 56945 56945 56945 56945 56945 56945 56945 56945 56945 56945
 56945 56945 56945 56945 56945 56945 56945 56945 56945 56945 56945 56945
 56945 56945]
4 [10621  5224 11575 56932  1659 56932  7780  8192  4472  8493 14352  8300
  7416 13396 12135  4472 11120  2858 56931 56945 56945 56945 56945 56945
 56945 56945 56945 56945 56945 56945 56945 56945 56945 56945 56945 56945
 56945 56945 56945 56945 56945 56945 56945 56945 56945 56945 56945 56945
 56945 56945]
28 [  424  8673 56932 10067 11211 11418 11120 13706 10316  5226  8837 56932
  5582  2890  5497  9638  3828  1240 11833  2406  4151 56940 13656  7606
 56940 11211 11120   726   668 12764  8555  5226  5804  6261  4472 13866
 56931 56945 56945 56945 56945 56945 56945 56945 56945 56945 56945 56945
 56945 56945]
35 [ 5224 12361  5427 12610 13630 56932 15204 10067 14600  4472  2890  7581
 11262  8704 56932  1630 11211  5804  2709 56940  3731  5226  6623  8373
  9552 56932  8493 13396  1231 10365 56932 11211  6221 13480  9395 12826
 56932 10621    19 10291   170 13897  5226  4136  4472  2890 14000  2604
 56940 56931]
39 [56940 12962 11211  5224  7926 56946 12297 14212  4472  7803 10621 20908
  4151  4290  5226  8225 12297 14444  6226 11122  1958 10291 11211 11669
  7346  4472 13384 56932  3967 13396 11120  3174 12683 56932 56946 13822
  6090 56940 56932  9127 36820 56932 10627   217  5224   413 56940  5224
  7805 56940]
7 [ 5804  8011 56946 11120 11311 14260 56932  3416 56932   373 56946 13396
  7919 10067  4942 56932  9000 56946 11211  1231  8033  4562  5224 14358
 11117  6533  1942 10314  5226  5224 56946 10621 11120 15582 56931 56945
 56945 56945 56945 56945 56945 56945 56945 56945 56945 56945 56945 56945
 56945 56945]
1 [13689  5924 13396  7460 12759  2861 56940  6196 56946  5226 56942  8493
 12135 56946  4472 11325  5052 56932 12024  5918  8664 56932 56946 56940
 56931 56945 56945 56945 56945 56945 56945 56945 56945 56945 56945 56945
 56945 56945 56945 56945 56945 56945 56945 56945 56945 56945 56945 56945
 56945 56945]
10 [ 5226  5804 10700  4562  5804  3243  1930  4472 56946 56932 15648 56932
 11120  9535  5240 11120  4332  4472  2890 56946  4472 11120 11791 56932
  9000  5226  1723 12764  1200 11372  6151 11120 14602 56931 56945 56945
 56945 56945 56945 56945 56945 56945 56945 56945 56945 56945 56945 56945
 56945 56945]
4 [ 5226 10107 12619 56932  4271 56932  1240  1132  6151  2923 56940  1233
 12764  7175  8192  7811  5002  5226  2890  1136  3828  2144 14069  5224
 13305  4472  2890  6799 12944  4472 12517 56940 56931 56945 56945 56945
 56945 56945 56945 56945 56945 56945 56945 56945 56945 56945 56945 56945
 56945 56945]
6 [10420 56932   753 11211  6839 56932  3655  2200 12666 56932 11211  4151
  1919 14729  4495  1240  4960 10067 13185 56932 10621 11211  5449  6356
  5226 14914 11124   683 56942 11804  4472  5699 11352 56931 56945 56945
 56945 56945 56945 56945 56945 56945 56945 56945 56945 56945 56945 56945
 56945 56945]
4 [10025 56942 35609 56932 11499 56946 56932 16105  5307 10611  4151 56942
 10621  4151 14378  4472 11120  1296 56932 27785  4472  8373 12357  4472
  6811 56932  8373  7491  4472 10789 10621  8373 56946 56931 56945 56945
 56945 56945 56945 56945 56945 56945 56945 56945 56945 56945 56945 56945
 56945 56945]
9 [ 4264  1167 56932  5234 12365 12683  4472  2074 56932 39463  4562  2606
 13280 13649 11970 10621    85  1231  8272  5226  8493  9540  4472 23673
 11211  1487 56932 12297 11767 12297  8964  1167 12297 13396 12024 12898
 14260 12342  7334 12407  4518 56932  4562  1379 12691 56932    20 11211
  5226 12031]
