37 [20116 12764 11120 56946  5226  5224  1926 56932  9000 28044 11211  6151
  1231 32260 56932 13916  3727 56932 56940 12171 11117  8734  8493 15019
 56940 56932  1233  4518 36517 11120  5793 15949  6151 11211 56940   425
  8368  7027 56946 56940 56946 56931 56945 56945 56945 56945 56945 56945
 56945 56945]
11 [56940  5207 10293 14260  1240 11122 11828  5224  5879 56932 14260  8396
 11400  2322 10067   552 10291  6551 10621 10291 39850 13822 15562 56940
 56931 56945 56945 56945 56945 56945 56945 56945 56945 56945 56945 56945
 56945 56945 56945 56945 56945 56945 56945 56945 56945 56945 56945 56945
 56945 56945]
24 [ 4151 14862  3878  4472 11120 11602  8363 12948 13396 11120  8818  5224
 12189  6151 11120 15012 11973  4472 56946 56932  5226 17541 56932 10621
  9706   938 29788 10621 56946  6151  5804 56942  1312 10621  5804   420
 29131 11211 12543 26067 39703  5226  5224 12074 56931 56945 56945 56945
 56945 56945]
