21 [ 5804  6977  6862  7025  5440 11211  7067  5226  8493 56946 56932 56946
 10621 10382 13870 12297 12297 13371 12342 12675 11120 11979 12297 12297
 56946  1490   661 11211  7016  6188 56931 56945 56945 56945 56945 56945
 56945 56945 56945 56945 56945 56945 56945 56945 56945 56945 56945 56945
 56945 56945]
15 [ 8630 13554 56932  6151  9394  9424  4472 10440  1925  7770 56932  2317
  3828 13441 13290 13903  4550 56932  5831   553 11562  6944 12433  5226
 11120  7037  6151 56946 56931 56945 56945 56945 56945 56945 56945 56945
 56945 56945 56945 56945 56945 56945 56945 56945 56945 56945 56945 56945
 56945 56945]
