29 [ 1925  4877   151 12672  4472 32170  4562 22061 27423  5226  4151 11211
 56946 10291  5224  2523   510 10621 16293 10291  5224  1056  6232  6151
  1601   752  4472 14184  5226  2415  6151 13822 11360 56931 56945 56945
 56945 56945 56945 56945 56945 56945 56945 56945 56945 56945 56945 56945
 56945 56945]
5 [ 3844  1240  7402  6151  5527 22792 15789  1925 11203 10067  1926  5226
 15422  9821 56931 56945 56945 56945 56945 56945 56945 56945 56945 56945
 56945 56945 56945 56945 56945 56945 56945 56945 56945 56945 56945 56945
 56945 56945 56945 56945 56945 56945 56945 56945 56945 56945 56945 56945
 56945 56945]
