9 [ 8509 13822 56942  1362 56932  5224 56946 13145 13933  1200  5224  2689
 56942  6151  5804 15611 10700 10067  1926 56932  2721 13396 14564 14557
 10621  2740 56931 56945 56945 56945 56945 56945 56945 56945 56945 56945
 56945 56945 56945 56945 56945 56945 56945 56945 56945 56945 56945 56945
 56945 56945]
46 [ 5224  5076  7411 56932 11211  8964  6416  5224 15038  4472 11646 11725
 56932 13371  5224  4685   848 11120  5683  3174 56932  2148  5804 13349
  4472  5804  3204 56946 10621  4151 56946 13396  9245  4613 56932 13450
 11211  6894 12572 13371  8493 10266  2861 56940  1240   373   537 11120
 13450  1925]
10 [ 3689 13371  2890  5799 35974 56932  5217  5224 11211  1240 56946 11120
  1628  6151 11646 10743 13171  6857 56932  5226  8493  4932  6331 10611
  5224  4467 10621  5224  7407 56931 56945 56945 56945 56945 56945 56945
 56945 56945 56945 56945 56945 56945 56945 56945 56945 56945 56945 56945
 56945 56945]
