33 [11211  3799  1622 10621  7780  8192 13373 56932 19780  4472  1335 56932
 13925 37559 56932 55651 10621  4993  5226 12341 10621  8945 56932 12445
  5224  1464 10067 17930 11648 10621 35387 56932 10621 10507 13396  1920
  5226 13723 56931 56945 56945 56945 56945 56945 56945 56945 56945 56945
 56945 56945]
8 [10621  5226  4151  2786  4472  5908 56932 56946 10507 13396 56940 52886
 56932  9000  8993 22135  5804 56946 56940 56931 56945 56945 56945 56945
 56945 56945 56945 56945 56945 56945 56945 56945 56945 56945 56945 56945
 56945 56945 56945 56945 56945 56945 56945 56945 56945 56945 56945 56945
 56945 56945]
