1 [15083 13512  5804   649  4472 13424  9121 56932  4151  4822  9330 10621
 56932 13498 56932  4151 11582 56932 11211 12764   865  4151   514 11308
  1365 13587 13396  5140 56932 10954  4151 14218 12764  7873 56931 56945
 56945 56945 56945 56945 56945 56945 56945 56945 56945 56945 56945 56945
 56945 56945]
41 [11604  1009 11211 56932 13371 12013 56932  5224  3104  4472 10050  2669
  4472  4189  2890 15316  4472  3077  4472  7891 10067  1951 12683 10291
 11211  5804  3692  9658  9232  6151 13822  7864  4562  1490  4136 56932
   494   957 56932 12889 12543    60 10722  5414 56932 11149 10166 56931
 56945 56945]
11 [12764  5240  1748 11211 12764  1240 22029 14260 13822  1414  6892 29331
  2199 56931 56945 56945 56945 56945 56945 56945 56945 56945 56945 56945
 56945 56945 56945 56945 56945 56945 56945 56945 56945 56945 56945 56945
 56945 56945 56945 56945 56945 56945 56945 56945 56945 56945 56945 56945
 56945 56945]
