6 [11120  4816 12683  1346 12948 11211  5805  5226 15538  4472  2890 13723
  3237  4151 56942  1362  4562  8373  1046 56932  2890  5752 56932  8373
  1204  9758 10621  2890  3217 56931 56945 56945 56945 56945 56945 56945
 56945 56945 56945 56945 56945 56945 56945 56945 56945 56945 56945 56945
 56945 56945]
23 [56940  1240 56946  8630  4125 56946 56931 11120 11169  8889  5240 11211
  5224 14687 12764  5240 14915  4415 10621 11211  5226  9198 11554 10475
  4472  4291 56932   424  5240    13 56946  9000 56946  5226 11211 10321
  8832 56940 56931 56945 56945 56945 56945 56945 56945 56945 56945 56945
 56945 56945]
3 [56940 13815   373  8922  3741  4472  3496 56940 56932 11499  7669 56932
 13386 11499 11211  5226 11120  5411   753 14560 56946  6876  5226 13450
  4472  2710 13790   848  5331  7057  4472 10606 56931 56945 56945 56945
 56945 56945 56945 56945 56945 56945 56945 56945 56945 56945 56945 56945
 56945 56945]
