3 [ 6221 11120  7384 15685 11211  7871  1231 15316  4693  4472  1787 56932
 11122 11211  9083  1694 56940 15526 56940 56931 56945 56945 56945 56945
 56945 56945 56945 56945 56945 56945 56945 56945 56945 56945 56945 56945
 56945 56945 56945 56945 56945 56945 56945 56945 56945 56945 56945 56945
 56945 56945]
1 [ 3245  9054  1593  1231 56946  5226 15247 11945  8410  2413 13396 56942
 11804  5226 56942  5137 56931 56945 56945 56945 56945 56945 56945 56945
 56945 56945 56945 56945 56945 56945 56945 56945 56945 56945 56945 56945
 56945 56945 56945 56945 56945 56945 56945 56945 56945 56945 56945 56945
 56945 56945]
8 [ 5226   425 14693 56932  9909  9502  1240  7780  4028 11211 56940  1233
   428  5240 11122 11211  4325 13487  5534  2892  8946 17873  5226 13579
 56932 56936 11149  7494 11211  2426  4550  4562  2890 13959  8984 10899
  2138 56937 56940 56945 56945 56945 56945 56945 56945 56945 56945 56945
 56945 56945]
26 [11120  7210  4472   261 14201 12948 56932  4472 13478  3183 56932  5224
  2471  4332  4472 11120 10767 10621 11120  8281 10067  5076 56932  8236
 56946 56932  7930 11211 11120  6240 10067 14479  2273 19233  1925  9541
 10067  3786  2861 56940  5224  1437  4472 15590 10044 12764  4498 10067
 11575  4472]
3 [10025  3421     1  9706  4746 13396  1231 12754 11765  4472    19  5980
  4472  7518 15856 11211  1240 10532  8493  4000 15083 10067  8876 13378
  5226 11120 12673  4932 56931 56945 56945 56945 56945 56945 56945 56945
 56945 56945 56945 56945 56945 56945 56945 56945 56945 56945 56945 56945
 56945 56945]
3 [ 1231  4154 11117  6236 11211  4603  2890 24795 56934  4472 12752 11122
  4472 56946 56935 56932 10621 12543  8946  2890  7985  5534 18958  6151
  1231 22086 15340 13662 15340 10291  4085  6151 13732 56932 56940  6151
  8493  4623 10753  1925  5689 10067 27559  4472 56946 56940 56932 10621
 11022  1231]
40 [ 5224 56940 21472 56940  4472 56946  5240 13171  9918 12543  1233  1240
  7494  5226 14662 11211 13554 12342 13371 56946   746 20646 11211 56932
  1233 15608  5224 10778 56932 56946  5804  7197  3073  4256  4472  5804
 11211 26928  2934  6862 10590 12735 11120 10767  5432 10067  6319 10621
  6802 11120]
27 [ 6151  3951 10867  4472 11120  2591 56932 11211  6197  1240 16174  8503
  4472  5804 17705 56932  1396  6151  1601  4472 56946  4472 11120  2859
 14260 12764  7780 13848 11211 13698 56934   848 13386 15145 56935 38774
 11122 11211 11828  1231 13556 56931 56945 56945 56945 56945 56945 56945
 56945 56945]
34 [56946 12567  1199   950  6151  6282 12297 13386 12305  1231  2928 12031
  5226 13035 10606 56946 56932 12889  7780  5254  1379 13822  8180 12297
 11211 12342  5240 56940 11120 13675 13480 56940  4472 13386  1064  3255
 56940   319  4472  7182 56940 56931 56945 56945 56945 56945 56945 56945
 56945 56945]
7 [ 5804  5574 10067 12741  7846   217 11211 14575 13135  1925 13732  5226
 11120  7261  4472 11120 13172 10067 11183  5226 15168  4472  5226  4151
  9001 56932 15023   673 12948 12049 11360  6644 10291   425 13046 56931
 56945 56945 56945 56945 56945 56945 56945 56945 56945 56945 56945 56945
 56945 56945]
30 [56940  4151 32364 56946 11526 56946  5226 56942  1362 56932  1233 12764
 56932  1240  7709 56946 11120 10185  8509  5137 56931 11120   611  4472
  9379 12733  4550  5240 14052 56931 17579  8606  9504 10291   715 12672
  9000 56932  1925  6117  4472  4151 12453 11211  5224  7346  4472 10185
 56946 13396]
42 [13396  1231 12135 56932 11120  1035 15161  4472  5430 56932 15066  4472
  8598 56932 14039  6997 11211 11120  4687  5240 14653  4472  4151  6505
  2844 56932 56940  8993 11211 11120   990  1240 27171 13974 10067  4842
  8984 56940 56932  6151 11122 11211  6299 11211 11120  6805  2551  5676
 56946  1233]
20 [ 5224 12500  3189 11211   101  9840  4448  8849 10916  5226  1004  4472
  8493   545  1085  4562 29944 56932   848  6115  5947  4087  4562  5804
  4679  4472   545 10291 14040  6151 11120 13476  5226 11120 10280 56931
 56945 56945 56945 56945 56945 56945 56945 56945 56945 56945 56945 56945
 56945 56945]
10 [56934 12342 12171  7780 56946  6151  5804 26666 11211 12764 56946 26497
  1231 13173 56935 56931 56945 56945 56945 56945 56945 56945 56945 56945
 56945 56945 56945 56945 56945 56945 56945 56945 56945 56945 56945 56945
 56945 56945 56945 56945 56945 56945 56945 56945 56945 56945 56945 56945
 56945 56945]
36 [12764  1240  8777  8834 10013  4472  6480 10621 56946 56946 56932  5224
  7220  4472 11120  3061  4472 11120 12921 56932 15285  7956  5224 12433
  4472  6480 11122 11211  1240 56946  5226 13822 13864  5534  1132  6151
  3969 11211 11120 14299  1940 56932   980 56946 56932  8946 12134  2861
  1231 29212]
19 [56940   373  6997 11211 56946  7494 11211 45854  6151  1168 12675 10291
 14234 11120 13450 56932  9000  3245   582 12002 11211 10097 11120 13734
  4472  1879  5226  4151 14928 56940 56932  8212 10041 56931 56945 56945
 56945 56945 56945 56945 56945 56945 56945 56945 56945 56945 56945 56945
 56945 56945]
38 [56946 56932  5226  7809  7453  1925 12612 56940  4000 13823  7207 13844
 56940  4472 14601 13823 12341 56932 10621 10368 13396 14196 56932  8212
 11211  9490  3380   217  6151  8493  8458  5226 56946 56934  4398 56935
 56932 10621  8212 11211  9220 17705  4472   425  5346 56940  4801 11211
   424   972]
3 [ 6950 56942 11345  9706  5407  5226  3233  5804 56942 10013  4472  7413
 56932  2890  4885  5972  8834  2814 14974  1925 11211  9490  7055   696
  5226  1335 56931 56945 56945 56945 56945 56945 56945 56945 56945 56945
 56945 56945 56945 56945 56945 56945 56945 56945 56945 56945 56945 56945
 56945 56945]
7 [ 5224 13488  4472   445  3159   848   582 12002 11211  5240  9774  9678
 11120  1329  4472 13822  2109 56931 56945 56945 56945 56945 56945 56945
 56945 56945 56945 56945 56945 56945 56945 56945 56945 56945 56945 56945
 56945 56945 56945 56945 56945 56945 56945 56945 56945 56945 56945 56945
 56945 56945]
19 [ 5226  2890 28899  4472 11120  6614 56932  5224  2595 10067  5328  5065
  8493  1668  4472  2858  5226 11120 11211 15201 11211 56940  3572 12764
  7709 30017 56946  8493  8110 47267 56932 11211  5240 11120 11211  4868
 56932  4562  8493  5039 12031 56932 14260  4151  4534 11526  2529  7758
 56932  1714]
25 [ 5226  2890 28899  4472 11120  6614 56932  5224  2595 10067  5328  5065
  8493  1668  4472  2858  5226 11120 11211 15201 11211 56940  3572 12764
  7709 30017 56946  8493  8110 47267 56932 11211  5240 11120 11211  4868
 56932  4562  8493  5039 12031 56932 14260  4151  4534 11526  2529  7758
 56932  1714]
6 [56946 56932  4472 56942  5137 56932  2499  3772 11120   944 12267  4472
 12753 13371  8493  4657 13396 11120 20637 13344  6151  2890  7238 10067
  9925 56932  6197 11211 12342  3241 10621  1240 20797  5226  8493 14623
 22686 56931 56945 56945 56945 56945 56945 56945 56945 56945 56945 56945
 56945 56945]
12 [ 5543  3655 11211  5224 14479 10067 13477 56932 14524  7418 56932 56940
   915 14793  6151  6381    61 56932 13371 56946 56932 23733   848 22670
 56940 56932 10621  1694  3269 11211  5224  9102 12764  2846  1296 11120
  1596  6151 11120  4000  4472  2259  5224 12168 10621 56940  4865 11120
 14804  5226]
8 [ 5224 11261 17364 56932  4472 56942  5137 56932  8964  6416  7381  7864
 56932  6670 10621  8493 14082  8858  4472  8493 35083 56932 11211 12764
 11117  4473 10291 12936 10621  6331  6151 13171  4472 56942 10440  4472
  3828  4550  1240 12680 56931 56945 56945 56945 56945 56945 56945 56945
 56945 56945]
6 [13554  5804  3434 13371 13822 22392 20968 11211  1240 14444  5319 56932
 10621 25724  8493  7442  6151 11120 29718  4472  5804  6523  4472  8281
 10291 13853 56946 13171 13554 11120 10767 10468 11211  1240  4473  4472
  5804 10758 13371 11120 14964 10067  3172    59 56931 56945 56945 56945
 56945 56945]
1 [ 9827  5848 12436  6205  1231 56940  3527 56940  1633 11120  6098 10468
 10621 13703 10634  1925  5085  4562  5224  1926  8759 56932  3828 13822
 13864   746 14391  8493   791  4472  9609 56932  4693  4472 11537  5418
  4004  5224 13348  6151  4294 56932 13386 11117 11875 10621  3064  1925
  4152 56931]
42 [ 5226  5224 10103  4472 13171 27039 13946  4472 11120  4722 56932  5226
 11120  6275 11091  7591 12019 11581  4758  4472  6013 56932  5226 24699
 56932  6151 56942 10440  1925 12728  4472  2921 56932   671  6006  6151
  5804  8752 56932  6151  5804 11211  5165 11211  5540 11120  6471 13396
 13396 12645]
8 [  788  4472  5804  4908  7329  4472 11120 56946  8321 38922  7956  1233
 11120  4670 10478  6667   739  5631  5226  9161 10621  5224 13804 11096
 56932 11211  4472  7397  6151  8373  5137 11526 11872  1233  1240 20311
  6151 11120  9893  7253 56931 56945 56945 56945 56945 56945 56945 56945
 56945 56945]
22 [37911  3655 11211  5760  8493  1476  6151  9992  5226 11120 11211 56932
 13482  1925  9541  3728  6128 56934 10199 56935 56932 11117 11828 11211
 56940 56946  6151    68   465 11120  9069 10067 13513 12033 56940 56931
 56945 56945 56945 56945 56945 56945 56945 56945 56945 56945 56945 56945
 56945 56945]
46 [ 5224  9230  4472 13893 56932  3667  4233 22418 56932  7780  3805 11211
 12764  1240  7709 14184 11813  7932  4472 11211  5224 14358   418 32684
 11120 14028  2106 10621  7780  7699 56932 19204  6151  8502 11136 56932
  6151  9537 11211 56940  6846  4864 11426 14931 11211  2745 11289  1920
  3432 56940]
7 [10513 56932 12024  4136  5240 56943 56932  2216 12002 11149  8606 10291
 56946  5226  5224 43535 56932 11664 21905 11211 12015  1373 40854 11120
  8134 56931 56945 56945 56945 56945 56945 56945 56945 56945 56945 56945
 56945 56945 56945 56945 56945 56945 56945 56945 56945 56945 56945 56945
 56945 56945]
3 [ 5224  2792  7466  6299 11211  1240  5917  6151  9687 10680   465 10291
  3544 11211 11418  8493 15583  4472 15541 10611 11120 11635 56932 11211
  5226 11120  5411  7494 56942  5137 56932 10621  5224  6407 15548 56931
 56945 56945 56945 56945 56945 56945 56945 56945 56945 56945 56945 56945
 56945 56945]
1 [ 3245  8321 14855  6997 11211 56940   424   653 11372 11813   653 56940
 12677  6151 11120 55512 10100  4472  6305  6151 11120 10134   635 56940
  5226 14923  3719 56940 56931 56945 56945 56945 56945 56945 56945 56945
 56945 56945 56945 56945 56945 56945 56945 56945 56945 56945 56945 56945
 56945 56945]
35 [ 5224  9230  6351  4151 10219 11211 23111   424 14339 56932 13396 11120
  4073 10067   653  8984  6151 35964  4855 11120  4904  4472  4151  8373
    21 56932 10621 13382 11211  5224  2631  4472  9222 56940 10608  7323
 11211  8859 10621  3162 11117 16065 56932 10621  5224  7711 56932 13396
  1231 12135]
28 [ 5822 10621 13822 13801  1340  5224 56942 13396 14108  4472  4151  8849
 27434  4472 11120 47676 56932  9000  4779 24075  4472  1231 12135 14260
  4151  2171 10060 12764  5593 11211  8493  9745 56946  5224 13588  4472
   812  5226 13171  4472  8493 14073 56932 10621 11120  3448   635  6197
  7494  5224]
25 [11120  1620 18142 56932  5226  3983  4472  8354 10621  4562  5224 14746
  7956  4151 14130 56932 15201  1925  1782 13154  2861 56940 12024 18349
  8993  6236 11211  8946  1557  4472  3433 56940 56932  5280 56932 13482
  6151 13822  3010 56932 42348  1925  5689 10067  2792   671 10291 11434
  8493  8230]
26 [56940  1059 11211 10291 10778 11400 11120  5265  4472  9214  5226  2732
  2044 11211 14244  7023  4472  5804 56942  5056 56940 56932 56946  6456
 56932 10621  6299 11211 56940   753 56946  4562 13910  4472 12350 56940
 56931 56945 56945 56945 56945 56945 56945 56945 56945 56945 56945 56945
 56945 56945]
22 [56940  4365  4449   683  4393  3204 13171 11211 14382 12889  5804  5286
 12764  2745  8192  5804  8500 56940 56932  1040 56932 10621  6299 11211
 56940  5224  3612  7780 14069  8445 12738  9320 56932  9000 12764  7780
 56946  2890 11575 11211  5207 12098 13171 15225 56940 56931 56945 56945
 56945 56945]
40 [56940 56946 56940 56932 13371  1240 11117  9142  5226 56946 56932  6197
 16738  1925  1883  9222  6151  1231  9925 13280   683  5137 10621   217
  9127 11211 56932  1925 20871  4472 11211 13211 12954 17069  4472 14555
  6151   425  5346 56932  8321  2529 12342 12675 13386 11120 56946  5217
 11120  9639]
3 [56940 13831  6151 12676 11211 56946  9379 16299  3861 56931 56946  6151
 11981  4472 12453  5240 12246 56931 14099 12764  4365  7075 11211   424
 15145  5224 13959  5226 11211  1240 40532 10636 15583  4562  8225 56940
 56932 15201 11120  4949 56931 56945 56945 56945 56945 56945 56945 56945
 56945 56945]
24 [15023 11673   455  5224 15494 16392    85  6154  5226 11120  7276  4472
 56946  4472  5804  3243 12804  4562  5224  9283   748 10621  5226 56942
 11949  2426  6151 11120 14443 17311  5226 11120 11211 45166  1925 11203
 10067  1926 56932  5224  6821 56946 56946  4562  5224 11211  1765 56931
 56945 56945]
3 [ 5224  6519  9101 14691 11211  2622 26256  4151  3021  4472  5804 15611
  9097 10291 25349  8493  7107 11211 28460  4151  7374  4472  2890 14399
  5226  6036  6151 11120  7891  4472 11120  8709  2230 56932 11211 29407
 11120 15670 10067  3104  4472  2496  3733 10621 10067 12956  3285 56931
 56945 56945]
23 [ 2890 13723  4472 12770 14662  5226 15445 11211  5224 10242  4472  7581
  4472  6467 56932 11966  2128  4472 14393 56932  7780 15328  6151  3969
 11211 56940  1233  5226 11120  3174   635  5224 14358  7494  5224 56946
  4472  5804  2322 56932  3245 11117  4346  5224 56946  4472  5804 12770
 56940 56932]
23 [10621 11074 56932 14915  3904  5226 11120  7626 13371  5226  5224  1229
 56946 56934 11120  7626  5240  2890 33194 56946 56935 56932  8057 12002
 11211  1240 13094 56932  9960 56932  1240 39647 10621  7350 11400  1925
 13579 56931 56945 56945 56945 56945 56945 56945 56945 56945 56945 56945
 56945 56945]
33 [10621 11074 56932 14915  3904  5226 11120  7626 13371  5226  5224  1229
 56946 56934 11120  7626  5240  2890 33194 56946 56935 56932  8057 12002
 11211  1240 13094 56932  9960 56932  1240 39647 10621  7350 11400  1925
 13579 56931 56945 56945 56945 56945 56945 56945 56945 56945 56945 56945
 56945 56945]
7 [ 8953  8782 56932 13396  1231 12135 56932  8321 14500  6151 11120 12031
 56932  8057 56946  4472 56946 10621  1321  9418 24952  5226  1231  6325
  4472   245 13396 11120  8728 11120 56946  4472 13822  9778 56931 56945
 56945 56945 56945 56945 56945 56945 56945 56945 56945 56945 56945 56945
 56945 56945]
14 [ 5804  7795 56946 56932 10621  5226 14923 13440  5224 56946  4472  1134
  6460 56932  2883 11211  5488  1325 12764   865 10899  9565 10621  1240
  9567  1189 56946 56931 56945 56945 56945 56945 56945 56945 56945 56945
 56945 56945 56945 56945 56945 56945 56945 56945 56945 56945 56945 56945
 56945 56945]
6 [13396    19 12135 56932  9379  6523 14473 11211 11120  6675  4472  5272
  1925 13913  4472  5804 10798  4472  7394  4472  6387 56932  5410 10621
 10621  4249  5226 11471 56932  4026  8493   281 10291 11293  6151  9687
 13822 14436 56931 56945 56945 56945 56945 56945 56945 56945 56945 56945
 56945 56945]
