34 [ 5224   653  8885 10291  8593  8493  7361  3565 12937  4151  8599  9391
 13396  5804  2168 10291  9233  6151  4151 14633  6151 12435  5224  5139
  4472 13327  1925  2792 11485  5226 11120 13476 56932  6862  4115  6151
  5804  4908  4472  5804 13043  7560  6151 14040  5224  4152  5226 13822
 11985 15126]
12 [56940 11120   207 13450 56946 10067  6319 12297 12297  5061 12297 12297
  2940  6151  2434  6151  2529 45317  4562  5224  9591  4472 11211  4151
  5839  4290 11211  1240 56946  5226 10215  3245  9444 56946 56940 56931
 56945 56945 56945 56945 56945 56945 56945 56945 56945 56945 56945 56945
 56945 56945]
30 [11437 15005 56932  1793 56932  4472 11211 56940  5804 13171 52661 56932
  1233 56946 11120  4243 56932  6513  5804 10047 10621  5804 11211  8871
  3239 56940 56932 13396 11122 11211  4115  1925  6319  6151  4341  4151
 10531 11211  4275 10291  3825  5804  3639  4562  5804 11211 10677 11120
  8163 11523]
