22 [56936 11149  4026  5804 10856 56946 56932  1233  5804  1332 32722 19456
  6151 11120 12673 12843 11211 13822  4883 11211 12764  1240 36913  4472
 16068 56937 56931 56945 56945 56945 56945 56945 56945 56945 56945 56945
 56945 56945 56945 56945 56945 56945 56945 56945 56945 56945 56945 56945
 56945 56945]
14 [10291 11211 11120  8008 10067  6710 12764  1240 56946 56932  7811 13261
 14855  4472 11981  4472  1231  1437 10621 11211  1240  5162 10291 15232
 56931 56945 56945 56945 56945 56945 56945 56945 56945 56945 56945 56945
 56945 56945 56945 56945 56945 56945 56945 56945 56945 56945 56945 56945
 56945 56945]
4 [13903 56932 12764  1240  6760  4472  8606  2890 27087  4472 11120   545
 56932  9000  5224  7249 12133 11211 15201 11211  1793  4472  5804   352
  1240    65 11211 11768  7430    85  4575  7799 56931 56945 56945 56945
 56945 56945 56945 56945 56945 56945 56945 56945 56945 56945 56945 56945
 56945 56945]
13 [56940 11090 11211 14900 11120 13097 13371  1601  4472  9540 56931 12764
  1240  6760  4472  4831  3260 56932 11664  5240  8493 14804 11211 14915
 14315  5848  3899  4151  7374 11211 42726  4472  6256  6151  4151  1539
  4043 56940 56932 15201 12778  6151   424   413 56932  9650  4472 11211
 56940  1240]
35 [ 7868 19140  4472  3434  4472  4151   253  4472 11120 16619  1095 56932
 56942 28142  2472 56932 10611  8025  5544  7518 56932 13371 14022 10067
  2445 19261 56932  2729  5226 11938 13396  4151 31689 12856 10291 25885
  4472 11120  7384 56931 56945 56945 56945 56945 56945 56945 56945 56945
 56945 56945]
12 [ 8596 11122  9490  4492  4746  4472  1231  5879  4562  5224  1405  4472
 29059  4472 12672 11211 12764  8946  7247 56932 10621  9490  5492  5224
 43844  4472  1168 12673  1925  4201 11211 12764 17667  5224  8870 20034
 13396  9068  5000  6151  5804 10229  3861 56932 10621   151 13396  9394
  5137  4562]
