3 [10996 56932  8460  6066  6151  5804 56942 10621 56942 10013 56932  1231
  8272 12159  6151  5804 56942 56933 10958 14680 56932  6151  5804 56942
 10013 10621 14009 56946  6151  5804 56942 56931 56945 56945 56945 56945
 56945 56945 56945 56945 56945 56945 56945 56945 56945 56945 56945 56945
 56945 56945]
26 [ 6197  5240  4000  4472 11211  5804  4293 56932 13478  5226  9823 10621
 14931   374 56932 10396  5226 11122 13171  3093  4472  1231  2529 11120
 11752 11211   805  1925 16137  6151  6226  2890  6319 11211  7780  2729
  5226 13822  4756 56932 10611 11646 17358 56932 11120 14299  4472  1231
 10977 10621]
4 [ 1233  8373  9674  1240 15628  6151 11120  1004  1633  2890 11023 13016
 56932 13822  1892  1240 13754 56931 56945 56945 56945 56945 56945 56945
 56945 56945 56945 56945 56945 56945 56945 56945 56945 56945 56945 56945
 56945 56945 56945 56945 56945 56945 56945 56945 56945 56945 56945 56945
 56945 56945]
