12 [ 8509 56942 10440 56932  6151 13171  4472 56942 13396  4000 56932 13478
  4779 13460  6151  7538 10621  5280 56932  5226  5224 14139 56932 11527
  4151  1919 14862 10621  4151  4472  5804  7834 56931 56945 56945 56945
 56945 56945 56945 56945 56945 56945 56945 56945 56945 56945 56945 56945
 56945 56945]
3 [56934 12342 12171  7780 56946  6151  5804 26666 11211 12764 56946 26497
  1231 13173 56935 56931 56945 56945 56945 56945 56945 56945 56945 56945
 56945 56945 56945 56945 56945 56945 56945 56945 56945 56945 56945 56945
 56945 56945 56945 56945 56945 56945 56945 56945 56945 56945 56945 56945
 56945 56945]
27 [56940 12764  7709  2529  1958 11211  2890  7238 11211  7780 15311  5224
  4415 14687 11211 23158  5224  9076 56932   217  2273 22039  5226  5224
 11034 11211 12342  7709 56946  7827  6151   425  2839 56940 56932 11211
 15062  6151  6226  5224  6319 56940 11211  8946  2839 56940 56931 56945
 56945 56945]
12 [ 5224  8255  5831 56946  5783 11400  5224  7615 56932 11122 11211 13290
  7780  9591 12171 56931 56945 56945 56945 56945 56945 56945 56945 56945
 56945 56945 56945 56945 56945 56945 56945 56945 56945 56945 56945 56945
 56945 56945 56945 56945 56945 56945 56945 56945 56945 56945 56945 56945
 56945 56945]
2 [14099  5207  4365 15423 10621  4562 11120  1056 14082 56931 56945 56945
 56945 56945 56945 56945 56945 56945 56945 56945 56945 56945 56945 56945
 56945 56945 56945 56945 56945 56945 56945 56945 56945 56945 56945 56945
 56945 56945 56945 56945 56945 56945 56945 56945 56945 56945 56945 56945
 56945 56945]
27 [11120 12545  2127 10753  4693  4472 30602 10621   420 11970 15083 11120
 13450 10067 10386 56932 11211  5848  1298 11149 13021   746  8192 19096
 26970 10621  2436   209 13516  5224  8749 56932 12764  7780  5663 12543
  8493 11851 56931 56945 56945 56945 56945 56945 56945 56945 56945 56945
 56945 56945]
2 [ 8596 11122  9490  4492  4746  4472  1231  5879  4562  5224  1405  4472
 29059  4472 12672 11211 12764  8946  7247 56932 10621  9490  5492  5224
 43844  4472  1168 12673  1925  4201 11211 12764 17667  5224  8870 20034
 13396  9068  5000  6151  5804 10229  3861 56932 10621   151 13396  9394
  5137  4562]
1 [ 8596  3686 29511 56932 14260  9490 13651  5226  5224  7966 56932 10621
 14931 11744 12171  9490  6229 56946  1633 13822 10664 56932 13732 56932
  5806 56932   119 56932   494 18672  8493  1004 56932  1925  1242 56932
  8493 12921 16635 56932  5534 11120 14851  1240  8057 37077 56931 56945
 56945 56945]
