8 [ 5804 56946 10760 10067  3612  6542  5207   746  3517  5224  7677  7485
  4472 56946 56932  9261 10621  2932 10611 11120  6806 13553 13396  1231
  1958 10620  9198  4354 56931 56945 56945 56945 56945 56945 56945 56945
 56945 56945 56945 56945 56945 56945 56945 56945 56945 56945 56945 56945
 56945 56945]
2 [ 3828 10262   981 13337  4472  6143 56932  3761  8701    64 11211  9606
  6151 11955  4472  9214 56931 56945 56945 56945 56945 56945 56945 56945
 56945 56945 56945 56945 56945 56945 56945 56945 56945 56945 56945 56945
 56945 56945 56945 56945 56945 56945 56945 56945 56945 56945 56945 56945
 56945 56945]
