22 [56946  1117 11211 13327 12764    65 13396 11149  2529 11120 18121 56932
 14260 13554 18725 13371  4151  7568  1340 10555    61 10621   865 14821
    21 56931 56945 56945 56945 56945 56945 56945 56945 56945 56945 56945
 56945 56945 56945 56945 56945 56945 56945 56945 56945 56945 56945 56945
 56945 56945]
20 [ 4151  3388  6653 11211   746  6154  2890  4188 13857 10067  9283  4472
 13988 56932 15058  1925  2689 56942 56932   746  8192 17870 56932  5548
 10621  4487 56932 12889  4151  3388  3828   753  2890  4188  9283  4472
 13988  7849   865  2668 10621  9192 56931 56945 56945 56945 56945 56945
 56945 56945]
8 [ 5804 10025 56932  5804 11211 14423 56932  6197   865 16287 56931 56945
 56945 56945 56945 56945 56945 56945 56945 56945 56945 56945 56945 56945
 56945 56945 56945 56945 56945 56945 56945 56945 56945 56945 56945 56945
 56945 56945 56945 56945 56945 56945 56945 56945 56945 56945 56945 56945
 56945 56945]
28 [11120 11798  4472 11120  8069   635 56932  7868 14105 56932 56940  5207
   582  4472  4041  4472 56946 56932 14260  5804  4679  4055   865  2890
  9809 10621 12473 11211  2529  2095  5226 10107  4492 56940 13396 11122
 11211 56940 11285  4472 56946   424 10522 13371  8493  2928  4472  7538
 56932  5226]
21 [12948 56932 14931  4085 13171  2199 56932  5224  6576  4472 11120  9160
  8448 10067  6212  5207  1346 11211 11120  3852 11926  5240 12672 12407
 11255 56931 56945 56945 56945 56945 56945 56945 56945 56945 56945 56945
 56945 56945 56945 56945 56945 56945 56945 56945 56945 56945 56945 56945
 56945 56945]
5 [13903 56932 11325  8373 56946  5597   465 56932  9000 13822  3692  5597
 56946 56931 56945 56945 56945 56945 56945 56945 56945 56945 56945 56945
 56945 56945 56945 56945 56945 56945 56945 56945 56945 56945 56945 56945
 56945 56945 56945 56945 56945 56945 56945 56945 56945 56945 56945 56945
 56945 56945]
11 [13903 56932 11325  8373 56946  5597   465 56932  9000 13822  3692  5597
 56946 56931 56945 56945 56945 56945 56945 56945 56945 56945 56945 56945
 56945 56945 56945 56945 56945 56945 56945 56945 56945 56945 56945 56945
 56945 56945 56945 56945 56945 56945 56945 56945 56945 56945 56945 56945
 56945 56945]
3 [56940  6205 11211  8908  4883 13487 56940 56932 56946   671  4562  5804
 10910  3947 56931 56945 56945 56945 56945 56945 56945 56945 56945 56945
 56945 56945 56945 56945 56945 56945 56945 56945 56945 56945 56945 56945
 56945 56945 56945 56945 56945 56945 56945 56945 56945 56945 56945 56945
 56945 56945]
14 [56940  4365  4449   683  4393  3204 13171 11211 14382 12889  5804  5286
 12764  2745  8192  5804  8500 56940 56932  1040 56932 10621  6299 11211
 56940  5224  3612  7780 14069  8445 12738  9320 56932  9000 12764  7780
 56946  2890 11575 11211  5207 12098 13171 15225 56940 56931 56945 56945
 56945 56945]
13 [ 5226  5224  3612  8086 10067 15538  5804  1145 14472  4472 11120  6255
   445  5597   110 56932 54455 56932 29735 14781 10621 56946 56931 56945
 56945 56945 56945 56945 56945 56945 56945 56945 56945 56945 56945 56945
 56945 56945 56945 56945 56945 56945 56945 56945 56945 56945 56945 56945
 56945 56945]
14 [10291 14694  4472  8025 56932  8493  4472  4151 14596   682  4472  3745
 14204 11211  2529 12672  6205 13371  8493 56946 16681 56932 17716 10067
  3000  4472 11120 15240 10149 56932  5224 25764 56932 19627  6151 11120
  5039 10067  4323 10621  5224 11974 56931 56945 56945 56945 56945 56945
 56945 56945]
6 [ 5226  1490 13440 56932 11120  3561  5240  2890  4518 46357 56932 10621
 56932 13371 18557 11211  4151  6978  1240  1396  2571 19560 56932 11120
  2142  5207  7780 12351  4472 11120  6272 11786 13371 10291  4425  3561
  7671 56931 56945 56945 56945 56945 56945 56945 56945 56945 56945 56945
 56945 56945]
41 [14931 11744 56932  5224  9591 13171  3269  4550  5240  5224 10729  4766
 10611 15686  4472 47233 56932  4884  5532  5240  8870 11211 11120  1781
  4472  5804  2237  4472 15590 10064 56946 56932  4562 11122 11211  5226
   424 13440  9379 14619  8540  2529  9251 28414   848 34922 56931 56945
 56945 56945]
2 [ 9379 14619   865 56932  5226 14022 56932 15351 10629  4562  1163  4472
  7038 10067  4152  4472 56942 12297 56942 56931 56945 56945 56945 56945
 56945 56945 56945 56945 56945 56945 56945 56945 56945 56945 56945 56945
 56945 56945 56945 56945 56945 56945 56945 56945 56945 56945 56945 56945
 56945 56945]
