7 [ 5804   266 10067 56942  3245 13009  2890  5566 10067 56946 10621  8493
  5089 10067 56946 56931 56945 56945 56945 56945 56945 56945 56945 56945
 56945 56945 56945 56945 56945 56945 56945 56945 56945 56945 56945 56945
 56945 56945 56945 56945 56945 56945 56945 56945 56945 56945 56945 56945
 56945 56945]
3 [13336  9768 11120  5660  5427  4472  5804 11344 10067 56946 56932 12745
  5226 56942  8509 11120   545  4472  5804  7381  3861 56932  8630 11211
 13897 11204 10291 12350 11211 11100  1240 11117 10068  8493 14988  4472
 14026 10291  1231  2496 56931 56945 56945 56945 56945 56945 56945 56945
 56945 56945]
