18 [ 6226 11122  5545  2861  6151  5804  4509 10067 56946 56932 13396  7932
  1925  5683 13579 56932  6197 15394 13126  3549 56932 10621  4161  3582
 56931 56945 56945 56945 56945 56945 56945 56945 56945 56945 56945 56945
 56945 56945 56945 56945 56945 56945 56945 56945 56945 56945 56945 56945
 56945 56945]
5 [ 6151   424  1678 10404  1240 14447  8373 12785  2861  4345 10051 56934
 13427 56935 56932 12311 10621  2904  4119  4472 13770 56932 10621  4513
 13903 56934  8352 56935 56932 11211  4473  7626  1925 11776  4472  2890
  8429 56932 10540  3337 10291 13649   713  4562 13555  2862 56931 56945
 56945 56945]
6 [ 6151  4151 12877 56932  1240  4563 14445  4562 13649 56942  1882 10722
  4472  4151  8155 11211   930 12522 11120 15886  4472  7384  5224 19441
 13935 56932 13396 11122 11211 10611  5488   420 14862 30324  6950  2890
 14643  4472  4507  4472 13801 56931 56945 56945 56945 56945 56945 56945
 56945 56945]
44 [56940 10291   786 56932  5224 13866  4472 11120  9852  4472 11120  1035
 56946  4868  6151  8545 12407  7758 56931  5804  5574  8433  1340 12761
  6151  4151  2960 13910  5989 11211  5804  5574  1317 56932 13396 11122
 11211  1233  6151  2890   821  3733  1240 11117 56946 11120 15167 10621
  6151  8503]
22 [ 6151 11120 11311   635 10067  6260 11966 10291  7803 10701 56946 39705
  5226  1713  4472 12031 12506 10621  4472  2496 56932  1240  6299   217
    19  4472  1906  6862  1884 11211  7880 11120 14779  6151  2003  5224
 12869 10291  6226  7944  4472  8165 56932 12889 56940 14931 14184  5226
  7306  5224]
6 [11120  8494  4472  4151  5581 13261 20239  6151 12424 14729  6382 56932
 10611 11904  5224  6333  4472  4284  7750 43482 22116 56932  3416  4151
  6118 56931 56945 56945 56945 56945 56945 56945 56945 56945 56945 56945
 56945 56945 56945 56945 56945 56945 56945 56945 56945 56945 56945 56945
 56945 56945]
6 [ 6151  5804 10758  3245  1240 15394 56946  7898  3049  4472  7258 47101
  5226 11120 14779 10468 56931 56945 56945 56945 56945 56945 56945 56945
 56945 56945 56945 56945 56945 56945 56945 56945 56945 56945 56945 56945
 56945 56945 56945 56945 56945 56945 56945 56945 56945 56945 56945 56945
 56945 56945]
15 [ 5224 30057  5240  8493 50195  5226 11120 21362  4472 11120  5272 10621
  1925 56946 11117 10501  3245 11122 11211  6151 11120   520 56946  2861
 11211  1233 11117 56946 11120 50195 12764  1240  6469  5226  8493 27590
 56932 10954 11211  1240  4770 10291  6221 11120  7626 13371  8493 56946
 56946 10621]
4 [ 6151  2890  2444  4144    44    13 56932 10621    13 13171 56932 56946
  5226   932  5804  4533  4472 11120 12759  7626 56932  5226  8493  2928
 14931   273 56933  5226  8493  2507  4472   545  4472  4151  6144  5226
 11120 11211 11597  8865 10267  1004 13171 10621 13171 13627 56931 56945
 56945 56945]
7 [ 6151 10267  3087 10067  4667  1240 11117 13444  2890 11960 56931 56945
 56945 56945 56945 56945 56945 56945 56945 56945 56945 56945 56945 56945
 56945 56945 56945 56945 56945 56945 56945 56945 56945 56945 56945 56945
 56945 56945 56945 56945 56945 56945 56945 56945 56945 56945 56945 56945
 56945 56945]
