40 [10621 12764  5240 11211  2273  5226  2370  4472  4938  9658  1653  6151
 11120  4932 56932 11664  9632 11211   865 14915 10936 13371  3125 56932
 13396 11122 11211 12015 56946  4562  8025 10291 11211  1240 10650  1231
  4022  4472 14021  5226 15394 56946 56931 56945 56945 56945 56945 56945
 56945 56945]
49 [56940  5240  2890  1094  8148 13396 11122 11211    85  1231  7626 10621
  1231 14088 56932  6151  6256  4472  5615 56946 13396 12082  7956 11896
 12764 16953  4472 11047  2861 12766 56932  4391 10621  8493  8106  4472
   587 56932  4472  3421  1362  4472 11231 56932  9592 13396 11120  7489
  4472 15394]
38 [10291 11211  5224  4885   375  7894 14204 11211 56946  6151 13649  9339
 28394  2861 12171  4413    52  2890  1566  4472 13171  4472 56942  5263
  8630 45396 10621 10267  3421  1362  2967  2890 12413  4472 14378 10013
 56933 10267 14777 56932  8503  4472  8834 56931 56945 56945 56945 56945
 56945 56945]
6 [15023  1231 14723  1800  4562  1166  2865  3543 56932  7628 10180 11428
  5226  5224 15412  4472  3475  4562  1231  8288 13518 56932  5224    45
 11810 56932  6659 12948  5226 11120  8691 14460 10067  3358  4472 15412
  8984 56931 56945 56945 56945 56945 56945 56945 56945 56945 56945 56945
 56945 56945]
3 [ 5224 12944  4472 15394 56942  7587  8493 11499 11211 11120   694  1240
  8057  4562 11120  2496  4472 11211 12764 56946  6151 13290 10621 56940
  4562  6221 11120 56946 10067  1926 56940 56931 56945 56945 56945 56945
 56945 56945 56945 56945 56945 56945 56945 56945 56945 56945 56945 56945
 56945 56945]
27 [ 5314 12669  5804 14821  4510 11211  1240 56946  6151 15254 10067  4522
  5226  5224 12908  3733  4472  2740  2861   536 12297  9103 56932  6151
 15120  5224   834  8503 56931 56945 56945 56945 56945 56945 56945 56945
 56945 56945 56945 56945 56945 56945 56945 56945 56945 56945 56945 56945
 56945 56945]
41 [15023  5249 11211 12764  9490  9228  6151 11981  4472  1231    27  5513
 10621  4472  1231  8069  1925  8036 56932 15201  2861 56940 12234 13055
  5240  5224  1387  6151  8798 56940 56932 12889  9445 11211  5226 12379
  5452  5224  7220  4472  4693 11211 13820 56940 12764  9142  6151 13290
 56932 11372]
11 [ 5224 12425 10621 15832    96   217  5224  8436 56941 18185  4472  5207
 56946 56941 56932  8493   990  4472 15809 56932  1207 10621  5978  1217
 56931 56945 56945 56945 56945 56945 56945 56945 56945 56945 56945 56945
 56945 56945 56945 56945 56945 56945 56945 56945 56945 56945 56945 56945
 56945 56945]
32 [ 5226 11120  7611 14397 56932  3018  6151  2837 35292 13371 56946  2861
 16073 56932 56946 10621 56946  5804 13997 56933 56946 13365 12994 11120
  8945 56933 28124 11120  9852  4693  4472 11211 13290 24976 11120  8955
 56931 56945 56945 56945 56945 56945 56945 56945 56945 56945 56945 56945
 56945 56945]
11 [56940   753 11211  1176 13396 15243 26055 13371  5224  4472 56941 12015
 11122 15590  6151 13703  4472  4151  4756 56941   848 56941 12015  2662
  6151  8606 23082 56941 56932 14260  4562  5804  1421  1240  7709  8606
 13365 56932  9000 12764  2529 23082 56940 56931 56945 56945 56945 56945
 56945 56945]
12 [56940   753 11211  1176 13396 15243 26055 13371  5224  4472 56941 12015
 11122 15590  6151 13703  4472  4151  4756 56941   848 56941 12015  2662
  6151  8606 23082 56941 56932 14260  4562  5804  1421  1240  7709  8606
 13365 56932  9000 12764  2529 23082 56940 56931 56945 56945 56945 56945
 56945 56945]
22 [56940   753 11211  1176 13396 15243 26055 13371  5224  4472 56941 12015
 11122 15590  6151 13703  4472  4151  4756 56941   848 56941 12015  2662
  6151  8606 23082 56941 56932 14260  4562  5804  1421  1240  7709  8606
 13365 56932  9000 12764  2529 23082 56940 56931 56945 56945 56945 56945
 56945 56945]
30 [ 4716  6997 11211  5224 56942 13396 14108 10067  9925  4125  6151 15276
  4472 56946 10621  6950  5224 56942 13396 14108  6558  6151 13815  6151
 14198 13346 56932 10621 11211 11120  8373  9490  7934  5226  4151 11197
 12605 56931 56945 56945 56945 56945 56945 56945 56945 56945 56945 56945
 56945 56945]
6 [11673  3778 10067   753 11211  8606 12672  5207  4868  6151 13251 11211
 12171 11122   865 56932  9000 11211  5207 56946  4161  5224 11255 56946
  4472 11120 32827 56931 56945 56945 56945 56945 56945 56945 56945 56945
 56945 56945 56945 56945 56945 56945 56945 56945 56945 56945 56945 56945
 56945 56945]
4 [ 5226  5224 30287 10501    13 13554  4472 11122 12675 56932  9000  5224
  2610  4472 17367 56946  5061 15192  1925 12675  2908  4472  6480  5226
 13822 21879 56931 56945 56945 56945 56945 56945 56945 56945 56945 56945
 56945 56945 56945 56945 56945 56945 56945 56945 56945 56945 56945 56945
 56945 56945]
5 [ 5226  5224 30287 10501    13 13554  4472 11122 12675 56932  9000  5224
  2610  4472 17367 56946  5061 15192  1925 12675  2908  4472  6480  5226
 13822 21879 56931 56945 56945 56945 56945 56945 56945 56945 56945 56945
 56945 56945 56945 56945 56945 56945 56945 56945 56945 56945 56945 56945
 56945 56945]
14 [10025 56942 35609 56932 11499 56946 56932 16105  5307 10611  4151 56942
 10621  4151 14378  4472 11120  1296 56932 27785  4472  8373 12357  4472
  6811 56932  8373  7491  4472 10789 10621  8373 56946 56931 56945 56945
 56945 56945 56945 56945 56945 56945 56945 56945 56945 56945 56945 56945
 56945 56945]
24 [12948  1240 28627  1379  5226  5224  6319 11674  4472 56940 13396 15398
 56940 56932 11211 11606  1009 56932  7868 13822  5052 17198 56932 56940
  6196  1057 56940 56931 56945 56945 56945 56945 56945 56945 56945 56945
 56945 56945 56945 56945 56945 56945 56945 56945 56945 56945 56945 56945
 56945 56945]
