11 [ 5804  6312  9529  5226  2218  4035 14423  5224  6576 10621 11120 23715
  4472  5892  4472  9424  4472 10330  5226  4151  6505 10067  7581 56932
  8630  5226  5224  7217 12506 56932  5224  7538 11343  5432 11367 56932
 12948 56932 13348 56932 11120 14259 10067 14399  4562 15014 56932  4472
   681 14792]
9 [ 5804  5634  3462  6446  6151 56946  4472  4024 11120 23715 10067  3400
  5226  4151 10191  4472 11120 12613 15161 56931 56945 56945 56945 56945
 56945 56945 56945 56945 56945 56945 56945 56945 56945 56945 56945 56945
 56945 56945 56945 56945 56945 56945 56945 56945 56945 56945 56945 56945
 56945 56945]
