43 [10420  5112 11120 15568  4472  4151  2789  6151 11631 10067  7770 56932
 11211  6955  2890 56942 13396 14108 56932  5226 13554 11211  4151 15629
  6151 11631 10067 13823 15633  2890 56942 56932  4562  2890  3269  8425
  4472  4151  2789  6151  1352 56932 11211 14955  2890 56942 13396 14108
 56931 56945]
21 [ 5226  1231  6098 56932  5224 11575 10067 12870  7364 56940  5240  2890
  2052 14427  5226 11120  9927 15161 56940 11211 56940 10823  5224  2275
  4472 11120 13553  4472  2890  6319 14079 56940  6151 11669  3172 10621
  5240 56940 11120 14022  4472  4151 12453  2282 11211  1240  8269  6151
  7003 56940]
