9 [56940  5224 56946 14423 13396 12898  4472 56946 56932 11066  4472  2714
 10621  4472  3336  4472  2496 56931  9379 15543  1240  8662    52 33575
 56940 56932  7087 56946 56931 56945 56945 56945 56945 56945 56945 56945
 56945 56945 56945 56945 56945 56945 56945 56945 56945 56945 56945 56945
 56945 56945]
13 [ 9545  7780  2729  5226 14390   425  4687 10291  1916  4472  1756 15023
 14375   798 10067  4152  4472  5804 56942 11804  4472  5669  5217  1231
 13786  5226 56942 56931 56945 56945 56945 56945 56945 56945 56945 56945
 56945 56945 56945 56945 56945 56945 56945 56945 56945 56945 56945 56945
 56945 56945]
15 [ 6151 14849 10067  3443 11085 56932   784 33722  2801  7780  8192 15111
  4472 21383  5224  2222  4472  2890  5589 48071 56932  4472  2890 56946
   848  4472  2890 56946  4472 56946 56931 56945 56945 56945 56945 56945
 56945 56945 56945 56945 56945 56945 56945 56945 56945 56945 56945 56945
 56945 56945]
34 [10291  5224  2792 10067  2931 56932 56940  5240  9918 56940 11211  5224
  4942 12764  1200  6151   453  9097  4472 11120 13553 13396 11122 11211
 56932  5226  1231  6098 56932   582 11434 56940  2890  7415 13803  4472
 12328 56932  4472  9932 56932  4472  7969 11793 10621  4472  1163 11211
  4517 11211]
4 [ 6205 11664 56932 11120 11066  4472  9094 56932  4472 10320 11211 15394
 43963  5226 13455 56932 56946  5224  5858  4472  5804  8335  4472  5606
  2890 29791 10067 20014  4472  1447 12442  6151  7608  4472  3464  4472
   227 56931 56945 56945 56945 56945 56945 56945 56945 56945 56945 56945
 56945 56945]
28 [10545 11211  5240 56940  9918 56940 11211  8509  5804  4393  9939  5224
  4942  1452  8503  4472  5804  8390  4472 11120  8728  5226  5224  6319
  5692 56932  1346  5804  2347  4472 14524  7668 10621  4472  4758 10958
  9775  4472 36820 56932 10621 19618 11211  1793  4472  9379   949  5804
  9532 15468]
37 [ 5224  6519  9101 14691 11211  2622 26256  4151  3021  4472  5804 15611
  9097 10291 25349  8493  7107 11211 28460  4151  7374  4472  2890 14399
  5226  6036  6151 11120  7891  4472 11120  8709  2230 56932 11211 29407
 11120 15670 10067  3104  4472  2496  3733 10621 10067 12956  3285 56931
 56945 56945]
