26 [13822  3824  1240  5771  5226  5224  1601  9448  6151 11120 14736  6151
  4151  8546  7151 10621  7289  4472 11120  5807  4472 10568  1490  4687
 12740 11211  2017  6151  1231 13789 56931 56945 56945 56945 56945 56945
 56945 56945 56945 56945 56945 56945 56945 56945 56945 56945 56945 56945
 56945 56945]
29 [56940 56946  6151  5804  7301 10291  9227  5226  6905 13272 13371  7345
  9139 10291 10778  5345  6151  6014 56931 12764 12703 35595  5226 11120
  4333  4472  4822  9330 10291  5345  6151  6014 56940 56932   730  5224
 13576 10718  6151 12341 56942 56931 56945 56945 56945 56945 56945 56945
 56945 56945]
