5 [56946 56932 56946  5226 11316 12440  5226 11120  8200  5043 56932  1240
  8057  9482  4472 11120  8364  5871 56932 10621 21070  1240 39463  6151
  8574 10621  6151 13386  1240   981 13396 10363 56931 56945 56945 56945
 56945 56945 56945 56945 56945 56945 56945 56945 56945 56945 56945 56945
 56945 56945]
10 [56946  5804 56942 11026  4585  4700  6151 54314 10291 20439 10333  5226
 11120 13870 56932  5231 22662 56932  2762 10621 11263 14210  4562 14304
 10414 56931 56945 56945 56945 56945 56945 56945 56945 56945 56945 56945
 56945 56945 56945 56945 56945 56945 56945 56945 56945 56945 56945 56945
 56945 56945]
8 [  424  8673 56932 10067 11211 11418 11120 13706 10316  5226  8837 56932
  5582  2890  5497  9638  3828  1240 11833  2406  4151 56940 13656  7606
 56940 11211 11120   726   668 12764  8555  5226  5804  6261  4472 13866
 56931 56945 56945 56945 56945 56945 56945 56945 56945 56945 56945 56945
 56945 56945]
40 [ 8593 14067 11211  5804 56942 55771  4472  4212 10611  4151  8373 35638
 56934 11120  4472 13732 10621 11120  4472 11067 56935 56932 40098  6151
 13171  4472 56942  5699 56932  5240  1009 56932  5224 12675 56946 11211
  1233  1240 13280 11120 15210  5226  5699 56931 56945 56945 56945 56945
 56945 56945]
5 [ 1793 56932  9792  7494 19574 11402  5226  7898 12379  8139 11211 11117
  8619 17286  9677  4472   455 56932   494  4562  8871  2322  1305 56932
  8552  6151 11120   314 10067  1767 10471 56931 56945 56945 56945 56945
 56945 56945 56945 56945 56945 56945 56945 56945 56945 56945 56945 56945
 56945 56945]
4 [11120 35935  7780  2697 10802  5226  5822 56931 56945 56945 56945 56945
 56945 56945 56945 56945 56945 56945 56945 56945 56945 56945 56945 56945
 56945 56945 56945 56945 56945 56945 56945 56945 56945 56945 56945 56945
 56945 56945 56945 56945 56945 56945 56945 56945 56945 56945 56945 56945
 56945 56945]
10 [11120  1578  8925  4562 11120 13916  4472 11211  1240 28842 10314  5226
 11120 17238 10621  1793  4472  5804  5843  4472  4151 56946 56946 10621
 17899 56932 10025  9658  8244  5226 11120 10509 13396  5224  1673 56931
 56945 56945 56945 56945 56945 56945 56945 56945 56945 56945 56945 56945
 56945 56945]
11 [13974  4472  5804 12552 56946 56932 13526  5804 14513  4472   425  4212
  5226  4151  4558 10067 56946 56932  2729 11211  5226 56942  5224  6117
 46768  4472   424  4814 13006  5224 56942 13396 14108 15058  1925  2689
  2824 56932  5226 13554 11211  5224  6117 40384  1240 19715  5224 56942
 13396 14108]
