18 [ 5224  9211  4472  5319 15201 15058  6151 11120 13675  3820  4472 11120
 11840 11211  5666 12764  7494  5226 14662  5224  9591  4472 11211  1240
  7780 13016 56940 11211  2464  7780  2299 22669 10877  2771  2772 10621
 11211  5240  9369  2003 19886  6741 10291 22548 11120 14653  6862  2637
  2771  2848]
25 [ 5543  9445 56932 15058  6151 23309 56932 11211 11122 11211  4026 11211
  8606  6905  7396  5240  5487 56940 15647 56940 10621  1603 11211 12342
 12171 17182 56940 56946  1925  7238 56940 56931 56945 56945 56945 56945
 56945 56945 56945 56945 56945 56945 56945 56945 56945 56945 56945 56945
 56945 56945]
35 [56940 11673   229  8493 14008  8755 56940 56932   730  5224  9230 56932
 13386 15201  6151 11120  2858 11211 12764  1240  7709 11148 15652  6151
  5804 14650  7030  5226  4151 10531  8165  4693  4472 11211  9379 56946
  4151  8865 56931 56945 56945 56945 56945 56945 56945 56945 56945 56945
 56945 56945]
23 [12015  7844  2890  9750 11211  9490 12355 11120  3841  4472 32047 10067
  5765 56933  1231 14623  3936 14297  2317 56932  9000 12342  9490 13848
  2890 13893 10621  8493 16919  5226 11120  5918 56931 56945 56945 56945
 56945 56945 56945 56945 56945 56945 56945 56945 56945 56945 56945 56945
 56945 56945]
