36 [15204  4472 11120 56940 49920 56940  4472 37936 26341  5226 11120 12613
  7725 56932  5226 56942 10561  5226 15063  4562 56946 56932  1782  8509
 56942  5137 10067  9541  9288 10621 10067  7581 20576 56932 10621 11117
  6005  5226  8493  8709  7945  4472 11454 12530  9198  3651  4472   653
 56931 56945]
39 [ 4562  2890 56940  1233  5224 12365   505  5240  2890 33192 56932  6196
 12858 24483 56940 56932  4337  9666 56946  4151 39300   768  4562 11211
  5224 12457 10067  5234  2792 13155   505  1240    96  1633  5804 11545
  6242 10621 11117  6005  4472  1042 41211  2322  9010 13822  1919 13229
 56931 56945]
17 [ 3245 56946  6151 11120 56940  2176 15459 56940  4472 11120 15284 10468
 20416 56932  6151 11120 11211  6005  4472 12208 25224  6151 11120 14294
  4472  4004  5534   424  3900  4870  6151  9687  8493 13384  4472 11120
 12673 56931 56945 56945 56945 56945 56945 56945 56945 56945 56945 56945
 56945 56945]
24 [ 5224 12500  5226 12031 12506 10067  9541  7535 56934  5120 56935 56946
 56946  1694 56940 56946 56940 11120 11311  4472 56946 10621  1793 11117
  6005  4472 12208 56946  4151 22310  4472 11120  1391  3469  1925 14233
 56931 56945 56945 56945 56945 56945 56945 56945 56945 56945 56945 56945
 56945 56945]
