36 [  975 12764  3502  1231  1566 56932  6197 11211  7780  3609 12764  4289
  7809 56932  9000 56946  5226 16857  4562  5224 13640 56932  8509  2890
 12413  4472 11120  6614 11211  6870  4562 11120 36886 16955  4472 11120
 15197 10291 11120  7891  4472  5804  1304  3462 56931 56945 56945 56945
 56945 56945]
9 [ 2890 13723  4472  5804 13171 13035  9135 10067 13344 11452 11117  6005
  4472  2529  5224  3474  4332 10067 12362 10621 11117 56946  4562  1781
  1807 12764  2545 17969  4562 11120 13077 10291 38210 13822 21879 56931
 56945 56945 56945 56945 56945 56945 56945 56945 56945 56945 56945 56945
 56945 56945]
36 [  907  6151  9379 13767 56932 11120  9158  1606  4472 14030  2844 12764
  7780  3517  4472 13882 14352 13908 56932 13371 15285  5226  1231 13676
 13004  7956  5908 11038 11120  6805  3682 10291 11631  3426 10621  5224
   521 56934 56946 56935 56931 56945 56945 56945 56945 56945 56945 56945
 56945 56945]
12 [16944 56932  5234 13488 10067  8967  4472 11791  4472  2535  4472 11120
   726   101  4472 14497 15404 56932  3655  1793 11211 13327  5676 56946
  4550 13822 10804 10291 56685 11120  8207 56932  6197 11211 11120  8110
  8993  1240  3533  4562  5224 33462  5226  5224 10778 56931 56945 56945
 56945 56945]
14 [ 9992  1240  3623  5545  6151 11211  5226 11120  6805  4472 13272   881
  4472 11120  1391  1240 56946  6151  1490  6319 13396 11120 13450  5226
 11211  1240 12680 56932 14260 56940 11122 11211   753 11211  8606 12297
  6299 12297  5240  9678  5224 11426 10621 11120 12283 56940 56931 56945
 56945 56945]
36 [ 5224 12533 11211   154  3245  5226 14016 56932   658 56932  3222 56932
  9050 56932 14113 56932  1352 10621  1723 56932 14662 10611  5804 13042
 11211 11122  6150  4562  5224 13723  3453 11746 56932 15027 13606  4922
 12807 13891  7365 56932 10621 14097 56943 11145  3892 56932 10611 10025
 56931 56945]
39 [ 5224  4569  4472  2892  6151 11120 12695 10067   653 56932 15195 56946
 56932  1240  7780  5788  1691  4472 12033 56946 10621  6128  5254  5226
  5804 56942  5137  5226 11211  7780  8192  2141  4472  1361 10621  4472
 12695  4472 11120  9849 56932  9000  1231  8909 10471  5240  8493  2543
  6197 11211]
19 [11120 14476  6393  4472 56946 56932  4472 56942  5137 56932  1240  2313
 15083  4472 11211 11120 14611  9823 10067  7581  3855  4562  1807  5224
  9591  4472 11211  5224  2792  6309  5892  4472  9424  4472  5895  4472
  5121  4472  9220 56932  8630  5016 13098 15244 56932 11211 12764 10376
 56931 56945]
10 [11120  9745  7861  8703 12135  4472  4151  7396  7453  4472 56946  3420
 56934 56946 56935 56932  8493 14082 11840  4998  5226   995 10067  2689
  6260 13396  5822  5226  1839 10468 56931 56945 56945 56945 56945 56945
 56945 56945 56945 56945 56945 56945 56945 56945 56945 56945 56945 56945
 56945 56945]
4 [ 4392 56932 11120  8831 10805  2528 11117 15415  5224  5798 56946 11211
  5207 24223 56931 56945 56945 56945 56945 56945 56945 56945 56945 56945
 56945 56945 56945 56945 56945 56945 56945 56945 56945 56945 56945 56945
 56945 56945 56945 56945 56945 56945 56945 56945 56945 56945 56945 56945
 56945 56945]
3 [11120 56946  4472 56946  7587 56946  4472  8689 56934 56946 56935 14576
 11211  5804  8433  8540  2626  6151 11120 14779 12743 56932  1925 14338
 11211 11120  9745   393  8586   907  6151  2135  5804 20411 12491 10067
 56946 56931 56945 56945 56945 56945 56945 56945 56945 56945 56945 56945
 56945 56945]
26 [ 4151  2295 13171  9441   746  8192  5282  6151  4151  8589 25127 56934
 13723 56946 56935 56932 30806 56934 56946 56935 56932 56946 56932 56946
 56932 17782 23263 10621 50169 56932 11211  4779  2550  1925 51684 14802
 56942 11804  4472  5699 56932 56942 56932 56942 56932 56942 56932 56942
 10621 56942]
14 [ 2890 15645  4449 10291  5224  1702 13396 11120  3050  9243 10170 56932
 10153 56943 14775 56932 11972   217 56932  4038 11211  5841 12973  5226
  8290 15422  4472 13622  4472  1381  4562  5224 56942 13396 14108 56932
  1658 10067  7535 15291 11437 56932 10067  9541 13946  8016 56934 13209
 56935 56932]
