15 [ 3018 14694  4472 12937  4151  2723 12764 11458 56934  4734 56932  6571
 56932  5224  7415  5930 56932  9810  6118 56932 14114 27093 56932  5715
  1384 56932  9586  7411 56935 56932  9000 11349  1240  7780 56946 10025
  8867 56931 56945 56945 56945 56945 56945 56945 56945 56945 56945 56945
 56945 56945]
27 [56936 56940 13933  2495  2135 10636  2862 10621 10636  7508  5226 14915
  9198 11554 56937 56940 56932  1240 40685 56946 56946 56932 56942  5137
 10621  6234  5956 14100 56931 56945 56945 56945 56945 56945 56945 56945
 56945 56945 56945 56945 56945 56945 56945 56945 56945 56945 56945 56945
 56945 56945]
6 [56946 10621 56946  6151  1447  3667  4472 11120  3752 56932  9000  5804
  3536 12764  1340  5226 14662  6151 11120  6670 56933 11120 56946 56931
 56945 56945 56945 56945 56945 56945 56945 56945 56945 56945 56945 56945
 56945 56945 56945 56945 56945 56945 56945 56945 56945 56945 56945 56945
 56945 56945]
7 [56946 10621 56946  6151  1447  3667  4472 11120  3752 56932  9000  5804
  3536 12764  1340  5226 14662  6151 11120  6670 56933 11120 56946 56931
 56945 56945 56945 56945 56945 56945 56945 56945 56945 56945 56945 56945
 56945 56945 56945 56945 56945 56945 56945 56945 56945 56945 56945 56945
 56945 56945]
8 [56946 10621 56946  6151  1447  3667  4472 11120  3752 56932  9000  5804
  3536 12764  1340  5226 14662  6151 11120  6670 56933 11120 56946 56931
 56945 56945 56945 56945 56945 56945 56945 56945 56945 56945 56945 56945
 56945 56945 56945 56945 56945 56945 56945 56945 56945 56945 56945 56945
 56945 56945]
7 [ 5224 32571 56932  4562  4361  4472 15711 19718 56932  4689 10067 14624
 10067 21641  5224 56942  4472  8949 56932  4254  4562 56940  1925  8871
 14378  6841  4472 15389 56940 56932  7868  5224  5373 10067  2445  3733
  7956 12217 56932  3201  3993 56931 56945 56945 56945 56945 56945 56945
 56945 56945]
9 [ 5804 56946  1240 14608  5226 11120 14571  4472  2027  8567 56932 13344
  6151  8493  4472  4151 15271  7191  4472 11120  8604 56932 10621  5226
 11120 16409 10067 16706 10067 15712 56932  5226 11120 13733  4472 11120
 56946 56931 56945 56945 56945 56945 56945 56945 56945 56945 56945 56945
 56945 56945]
19 [ 5226  8406 56932 56946  2890 15770 13843  6151 11120   712  4472  5804
  3692 10067 11183 56932  5804 16680  4472 13732 56932 11211 12993  5226
   425  5346 11169 12135 10067  6710  6151 11211 15394  2879  5224 19576
 56932 10621  5226 56946  5224 11183 10097  5224  1673  4472  3400 18228
 10067 15837]
10 [ 5224  5806  1240 23804  7956  5224 19645 10067 12908 48585 56946 10621
  8902 11120  7069  4472 11211  5226  1490  3719  9840 56946 10067 12168
 48504 56931 56945 56945 56945 56945 56945 56945 56945 56945 56945 56945
 56945 56945 56945 56945 56945 56945 56945 56945 56945 56945 56945 56945
 56945 56945]
22 [56946  4562  2890  9579  4472 12766 56946 10621  1240 56946  5226 11120
 12281 56934 10621  5226  5047 56935 10067 12270  4472  2805  3814 11211
  8373  1362 13171  8818 16532  1808 56932 11122 11211 11117 13074 11120
 13734  4472 56946  4562 13822  5747  4472 13893  7956  4151 29393 22637
 11211 18988]
