1 [ 5226 15805  1240  5050  5224 14600  4472 12336 38839  4472 15232  4562
 14113 10621   658 12297 11211  4563  7660 13822  4173 20924  5226 11120
 10947  4472  5804 16452 56931 56945 56945 56945 56945 56945 56945 56945
 56945 56945 56945 56945 56945 56945 56945 56945 56945 56945 56945 56945
 56945 56945]
10 [ 5226 15805  1240  5050  5224 14600  4472 12336 38839  4472 15232  4562
 14113 10621   658 12297 11211  4563  7660 13822  4173 20924  5226 11120
 10947  4472  5804 16452 56931 56945 56945 56945 56945 56945 56945 56945
 56945 56945 56945 56945 56945 56945 56945 56945 56945 56945 56945 56945
 56945 56945]
12 [ 5226 15805  1240  5050  5224 14600  4472 12336 38839  4472 15232  4562
 14113 10621   658 12297 11211  4563  7660 13822  4173 20924  5226 11120
 10947  4472  5804 16452 56931 56945 56945 56945 56945 56945 56945 56945
 56945 56945 56945 56945 56945 56945 56945 56945 56945 56945 56945 56945
 56945 56945]
14 [ 5226 15805  1240  5050  5224 14600  4472 12336 38839  4472 15232  4562
 14113 10621   658 12297 11211  4563  7660 13822  4173 20924  5226 11120
 10947  4472  5804 16452 56931 56945 56945 56945 56945 56945 56945 56945
 56945 56945 56945 56945 56945 56945 56945 56945 56945 56945 56945 56945
 56945 56945]
30 [  211  5224  8033  4472  1447  4758 56932  8225 10621  3222  1240   751
  6151  5515 56932  5331 13910 11295  3878 56932  4161 56942 25422  7500
  4472 15277 10621  4284   194  6151 10476 56932   672 56932  1725   509
 56932  5224  4973 56932 12366 56932 12430 56932  1313 56932  4001 56932
 10709 56932]
32 [  211  5224  8033  4472  1447  4758 56932  8225 10621  3222  1240   751
  6151  5515 56932  5331 13910 11295  3878 56932  4161 56942 25422  7500
  4472 15277 10621  4284   194  6151 10476 56932   672 56932  1725   509
 56932  5224  4973 56932 12366 56932 12430 56932  1313 56932  4001 56932
 10709 56932]
40 [  211  5224  8033  4472  1447  4758 56932  8225 10621  3222  1240   751
  6151  5515 56932  5331 13910 11295  3878 56932  4161 56942 25422  7500
  4472 15277 10621  4284   194  6151 10476 56932   672 56932  1725   509
 56932  5224  4973 56932 12366 56932 12430 56932  1313 56932  4001 56932
 10709 56932]
42 [  211  5224  8033  4472  1447  4758 56932  8225 10621  3222  1240   751
  6151  5515 56932  5331 13910 11295  3878 56932  4161 56942 25422  7500
  4472 15277 10621  4284   194  6151 10476 56932   672 56932  1725   509
 56932  5224  4973 56932 12366 56932 12430 56932  1313 56932  4001 56932
 10709 56932]
44 [  211  5224  8033  4472  1447  4758 56932  8225 10621  3222  1240   751
  6151  5515 56932  5331 13910 11295  3878 56932  4161 56942 25422  7500
  4472 15277 10621  4284   194  6151 10476 56932   672 56932  1725   509
 56932  5224  4973 56932 12366 56932 12430 56932  1313 56932  4001 56932
 10709 56932]
46 [  211  5224  8033  4472  1447  4758 56932  8225 10621  3222  1240   751
  6151  5515 56932  5331 13910 11295  3878 56932  4161 56942 25422  7500
  4472 15277 10621  4284   194  6151 10476 56932   672 56932  1725   509
 56932  5224  4973 56932 12366 56932 12430 56932  1313 56932  4001 56932
 10709 56932]
48 [  211  5224  8033  4472  1447  4758 56932  8225 10621  3222  1240   751
  6151  5515 56932  5331 13910 11295  3878 56932  4161 56942 25422  7500
  4472 15277 10621  4284   194  6151 10476 56932   672 56932  1725   509
 56932  5224  4973 56932 12366 56932 12430 56932  1313 56932  4001 56932
 10709 56932]
24 [56940 44300   424  1673  6151 10644  5076 56932  6151 10636   434 56932
 14260  5207  7780  9591  1379 13171 13466  5224 13803 56931  4562  2890
  4252  6205  8908  2890  3612 13171 13738 56940 56932 15648  5224 14479
 56931 56945 56945 56945 56945 56945 56945 56945 56945 56945 56945 56945
 56945 56945]
14 [ 5224  9541 12855  7876   217  1836    40 11120  8069  6151 11120 12695
  4472  5804 12379  5452  5226  4151  4290 10067  5544  4472  8853 11255
  6151  4345  9792 56932 11211    85  1740  4562  1063 10621  4527  5226
  1231 11093  4277  1633 11120 12689  4472  1231  9541 56931 56945 56945
 56945 56945]
3 [56946  1117 11211 13327 12764    65 13396 11149  2529 11120 18121 56932
 14260 13554 18725 13371  4151  7568  1340 10555    61 10621   865 14821
    21 56931 56945 56945 56945 56945 56945 56945 56945 56945 56945 56945
 56945 56945 56945 56945 56945 56945 56945 56945 56945 56945 56945 56945
 56945 56945]
1 [ 5226  8898  1506 13261 11120  5844  5276  1597 11120 14206  4472   710
 11120 15399 10621 14184  5226 14390  2890  8614  4472 11106 10621 12456
 10291  4151   253  4472  4151  8072  5226 11120  6549  4472  8898 11192
 56931 56945 56945 56945 56945 56945 56945 56945 56945 56945 56945 56945
 56945 56945]
21 [13396  1231 12135 56932 11120 12815  5432  7780  3860  5217  5224  1242
 11120  2725  4660 11211 15331 56946 10621 10700 13371  2740 10621 14564
 14557 56932 10611 10025 56932  1396  6151 11120  9028  4472 11211  5804
   508  9444  9475 10291  6188 12453  2370 11835 13396   782 11120 20732
  4472 11120]
43 [13396  1231 12135 56932 11120 12815  5432  7780  3860  5217  5224  1242
 11120  2725  4660 11211 15331 56946 10621 10700 13371  2740 10621 14564
 14557 56932 10611 10025 56932  1396  6151 11120  9028  4472 11211  5804
   508  9444  9475 10291  6188 12453  2370 11835 13396   782 11120 20732
  4472 11120]
11 [15204  4472 11120 56940 49920 56940  4472 37936 26341  5226 11120 12613
  7725 56932  5226 56942 10561  5226 15063  4562 56946 56932  1782  8509
 56942  5137 10067  9541  9288 10621 10067  7581 20576 56932 10621 11117
  6005  5226  8493  8709  7945  4472 11454 12530  9198  3651  4472   653
 56931 56945]
19 [ 2480 10621  4984 56946   217  1231  5139  6151 11120  3737 10621 12166
  5224  3299   826  4472  5804   352  7956  7430  8509  5804 56942   949
 39015 10067 11100  4472  4709 56931 56945 56945 56945 56945 56945 56945
 56945 56945 56945 56945 56945 56945 56945 56945 56945 56945 56945 56945
 56945 56945]
21 [11120 10056   635 56946  8902  2890  2052  3269  5226 11120 11753 10291
  5224 15164 10067  2689 11211 10111  1925  4894  6151  7003 56934 56946
 56935  5226  8065 56931 56945 56945 56945 56945 56945 56945 56945 56945
 56945 56945 56945 56945 56945 56945 56945 56945 56945 56945 56945 56945
 56945 56945]
15 [ 9909  9502 56932 11211  7780  3030 11120 11093  6614 10067 13723 10067
 14358  5226  5224  9814 15023  4151  4290 56932  7780 56946  5224  9591
  4472 11211  2892   418  5664 13822  1945 13396  5307  6151 15488  4562
  4108  5226  2668 10621  7780 11906 11211 11120  6462  3245  5103  5226
  8876 15168]
13 [ 5224 13488  6059 56946 12948  5224  7600  5224   948 13371 11435  5226
 11120  6275  5432 18212 18823  4472  1397  4562  8493 26182  7956  5224
  6251  4472 11120 14088 56931 56945 56945 56945 56945 56945 56945 56945
 56945 56945 56945 56945 56945 56945 56945 56945 56945 56945 56945 56945
 56945 56945]
36 [ 5224  1827 10246  3667  4233  9920 56932 11211 12212  5226 11120 12613
  9107  4151  2314 56932   198  5451  6151 11120 11093 10241 56932    85
 10659 13396  1231 10056 10291 14254  5224  7950  1633  7874 10621  2370
  8774 56932 13706  6151  4151  9655  3736 13044  1925 56946 56931 56945
 56945 56945]
11 [11120  5844 10421 48191  8943 56934 15191 56935  5165   217  6151 12379
  5452 10621 12795 11211  1240 56946  1156  4693  1925 12301  5432  4472
  7361  4472  4151  5581 56946 10621 31834  4472  9701 11669  7944  4472
  8865 56931 56945 56945 56945 56945 56945 56945 56945 56945 56945 56945
 56945 56945]
14 [11120  5844 10421 48191  8943 56934 15191 56935  5165   217  6151 12379
  5452 10621 12795 11211  1240 56946  1156  4693  1925 12301  5432  4472
  7361  4472  4151  5581 56946 10621 31834  4472  9701 11669  7944  4472
  8865 56931 56945 56945 56945 56945 56945 56945 56945 56945 56945 56945
 56945 56945]
11 [56946  2861 46707 18675 56934 56946 56935 10621 26799 56946 56934 33951
 56935 56931 56945 56945 56945 56945 56945 56945 56945 56945 56945 56945
 56945 56945 56945 56945 56945 56945 56945 56945 56945 56945 56945 56945
 56945 56945 56945 56945 56945 56945 56945 56945 56945 56945 56945 56945
 56945 56945]
4 [ 5045  5137 15083 56932 10110 11562 18120  1925  1926  8493 13314 10767
  2861  5224  8105  1611  4472  2689 14555 56932  5040 13396  8493  4472
  4151  3243 18754  5331 11120  5404  4472  2890 39509  2393 53940 56932
 10621 11120  2006  4472  2890  1702 11211  4113  4562  5804  5684  2868
  6862 33064]
41 [ 4151  3388  6653 11211   746  6154  2890  4188 13857 10067  9283  4472
 13988 56932 15058  1925  2689 56942 56932   746  8192 17870 56932  5548
 10621  4487 56932 12889  4151  3388  3828   753  2890  4188  9283  4472
 13988  7849   865  2668 10621  9192 56931 56945 56945 56945 56945 56945
 56945 56945]
25 [13396  1231 12135 56932  5224 20639 33635  1630  6151 46164 56940  5224
  7238 10067  9541 56940 10621  1096 11211 56932  8552  6151  1231 12168
 56932  8365 18059 36801  5226  4151 11868  4472 23471 10621  1240 16958
 13371  9011 18121 10291 11400  5224  6171 56931 56945 56945 56945 56945
 56945 56945]
10 [ 5224 14479  7948  7780  3805 11211 13822  5574 10308  6151  2919  4562
  5224  7667  4472 56940  3886 56940 56932 15083  4472    52 12559 56946
  4472 11120  8200  4472  8263 56931 56945 56945 56945 56945 56945 56945
 56945 56945 56945 56945 56945 56945 56945 56945 56945 56945 56945 56945
 56945 56945]
10 [ 5224 12533 11211   154  3245  5226 14016 56932   658 56932  3222 56932
  9050 56932 14113 56932  1352 10621  1723 56932 14662 10611  5804 13042
 11211 11122  6150  4562  5224 13723  3453 11746 56932 15027 13606  4922
 12807 13891  7365 56932 10621 14097 56943 11145  3892 56932 10611 10025
 56931 56945]
12 [ 5224 12533 11211   154  3245  5226 14016 56932   658 56932  3222 56932
  9050 56932 14113 56932  1352 10621  1723 56932 14662 10611  5804 13042
 11211 11122  6150  4562  5224 13723  3453 11746 56932 15027 13606  4922
 12807 13891  7365 56932 10621 14097 56943 11145  3892 56932 10611 10025
 56931 56945]
14 [ 5224 12533 11211   154  3245  5226 14016 56932   658 56932  3222 56932
  9050 56932 14113 56932  1352 10621  1723 56932 14662 10611  5804 13042
 11211 11122  6150  4562  5224 13723  3453 11746 56932 15027 13606  4922
 12807 13891  7365 56932 10621 14097 56943 11145  3892 56932 10611 10025
 56931 56945]
16 [ 5224 12533 11211   154  3245  5226 14016 56932   658 56932  3222 56932
  9050 56932 14113 56932  1352 10621  1723 56932 14662 10611  5804 13042
 11211 11122  6150  4562  5224 13723  3453 11746 56932 15027 13606  4922
 12807 13891  7365 56932 10621 14097 56943 11145  3892 56932 10611 10025
 56931 56945]
18 [ 5224 12533 11211   154  3245  5226 14016 56932   658 56932  3222 56932
  9050 56932 14113 56932  1352 10621  1723 56932 14662 10611  5804 13042
 11211 11122  6150  4562  5224 13723  3453 11746 56932 15027 13606  4922
 12807 13891  7365 56932 10621 14097 56943 11145  3892 56932 10611 10025
 56931 56945]
1 [ 5226 15232 10097 56946 18984 56932  8630 11211  5226 12379  5452  1240
 32220  5226  2890 10975  4472  4109 56932 11122 11211 11117  1841 14137
  4472  7238  7376 56931 56945 56945 56945 56945 56945 56945 56945 56945
 56945 56945 56945 56945 56945 56945 56945 56945 56945 56945 56945 56945
 56945 56945]
7 [ 5224  3353 10246  2746 13371  9519  1633  3222 11120  2684 10067 13242
  3667 12594 56932 13386  7334  5226  5224  5076 25365  4472 11120 10241
  4472  1681 10067  5138 15275 56932 10621  6151 56946 27260 56932 13386
 12212  5226  5224 10792  4472 11120  8290 10241   635 56931 56945 56945
 56945 56945]
36 [14190 11122 13171  9329 11211  5224  1782  4472 11120  3474 10643  4472
   653 56932 11211   373  1925 13344  4472  2890 13723  4472 56942  1416
 56946 10621  4562 11401  4472  9761 56932  5856 10785  5226 11120 12759
  1976 56932 11211  5240  3828  1240  1340 11211 11872  4151 11159 12230
 56931 56945]
40 [ 1656  4689  6205  1925  2052  4472  1746  3843 11211 51438  6151  2890
  8033   848 10714  3186 10611 12569 10291  1127 10621 14342 14729  4472
  8561 15244 56934  8415 14746 12906 56935  5226  1723 10621  5226  9394
 10700  8620 56932   980   658 56931 56945 56945 56945 56945 56945 56945
 56945 56945]
1 [ 5224  9328  8642  6347 13171 10621 22806  2890  6480  3233 13802   775
  1231  3304  5226  5224  6480  8658  5226 13554 11211  5224  3612 15169
  8642 34194  5224  6480  5226 13662 56932 12407 19298  8509 11120 11093
 12135 56931 56945 56945 56945 56945 56945 56945 56945 56945 56945 56945
 56945 56945]
1 [ 5224  5806  5783 37406  1231  2972  4562 11120 13269  4472 56946  9000
    85  5224  9328  5224 11211 56932  6151 14849  4472 14254  5226 26469
 21311 56932  4810  5224   911 10067  9541 56931 56945 56945 56945 56945
 56945 56945 56945 56945 56945 56945 56945 56945 56945 56945 56945 56945
 56945 56945]
12 [ 5224  5095  4472  7276 10067 14363  1925  1950  4472  5804  1416 13396
  4975 56932  4758   975 56932 15005  1925  2792  4472 11120  9849 56932
   261 14201 56932  4472 11211  5804 56946 12764  5694 11211 11626 56940
 45148  5708 56940 10611  9192 10621 11646  3388  6653 10621 15201 11211
 56940  4562]
29 [11120  4670 16177  5226  9852  6151 11120  2725  4660 11211  5848   676
  5224  6909  2812 13155 56946 56932 13386 13280  8373 11970 10561  4562
  7381  6381  7030  5226  5224 11964 10621 38065  1925   653 10621  9394
  1416 56931 56945 56945 56945 56945 56945 56945 56945 56945 56945 56945
 56945 56945]
6 [ 5543  3655 11211  5224 14479 10067 13477 56932 14524  7418 56932 56940
   915 14793  6151  6381    61 56932 13371 56946 56932 23733   848 22670
 56940 56932 10621  1694  3269 11211  5224  9102 12764  2846  1296 11120
  1596  6151 11120  4000  4472  2259  5224 12168 10621 56940  4865 11120
 14804  5226]
13 [ 5226  5224 10103  4472 13171 27039 13946  4472 11120  4722 56932  5226
 11120  6275 11091  7591 12019 11581  4758  4472  6013 56932  5226 24699
 56932  6151 56942 10440  1925 12728  4472  2921 56932   671  6006  6151
  5804  8752 56932  6151  5804 11211  5165 11211  5540 11120  6471 13396
 13396 12645]
0 [ 8365 12764  6645 14928 56946  6151  1231  1431 10621 56932 15023  3825
  5224 56946  1925  5795 56946  2890  8303 56932  7430 10705 13396  1901
  5226 11120 14059 56931 56945 56945 56945 56945 56945 56945 56945 56945
 56945 56945 56945 56945 56945 56945 56945 56945 56945 56945 56945 56945
 56945 56945]
20 [ 8365 12764  6645 14928 56946  6151  1231  1431 10621 56932 15023  3825
  5224 56946  1925  5795 56946  2890  8303 56932  7430 10705 13396  1901
  5226 11120 14059 56931 56945 56945 56945 56945 56945 56945 56945 56945
 56945 56945 56945 56945 56945 56945 56945 56945 56945 56945 56945 56945
 56945 56945]
22 [  788  4472  5804  4908  7329  4472 11120 56946  8321 38922  7956  1233
 11120  4670 10478  6667   739  5631  5226  9161 10621  5224 13804 11096
 56932 11211  4472  7397  6151  8373  5137 11526 11872  1233  1240 20311
  6151 11120  9893  7253 56931 56945 56945 56945 56945 56945 56945 56945
 56945 56945]
8 [ 1925  8871 56942 14729 56946  4472 10766  4472  1313   746 35826  5226
  5804  4393   420  5137 56932 13083  4472 11904 13396  5224  2191 10067
  5331 11955 10067  6604  5226  5224  4842  5432 56932 14691   217 56932
  8788 56932  8493 13745 13402 56931 56945 56945 56945 56945 56945 56945
 56945 56945]
28 [13903 56932 12764  1240  6760  4472  8606  2890 27087  4472 11120   545
 56932  9000  5224  7249 12133 11211 15201 11211  1793  4472  5804   352
  1240    65 11211 11768  7430    85  4575  7799 56931 56945 56945 56945
 56945 56945 56945 56945 56945 56945 56945 56945 56945 56945 56945 56945
 56945 56945]
9 [13371 14022  4472 11673  5039 56932  7146  7148 10067 16882 11430 11211
  2529 56946  5226  2890 15175 13326 10621  5226  5224 11988 15332  4472
 11120 56946 56932  6197 11211 21104 13043 49275 56931 56945 56945 56945
 56945 56945 56945 56945 56945 56945 56945 56945 56945 56945 56945 56945
 56945 56945]
10 [56946   530  1920  2890 10119    36  4472  2496  5226  5804  3163 56932
 35924 13396 11120  1391 10621  5331 11120 11752  4472 11120 12613 15161
 56934  2894 56935 56932 13371  7811 11778 10291 13018 11120 10139  4472
  5804  2140 12379  4472 11120 14073 56931 56945 56945 56945 56945 56945
 56945 56945]
17 [ 8509  5224 15120 56932  5224  9230  4472  9121  2203  6151  2478  5804
   352  4472 11120  3737  2370  7178 10621 11979  4472 17299 12937  4151
  1746 11211   746  2729  5226  8998 10722  4472  4151 15461 56946 13396
  5224   653  4472 11170 56932 13371 11120 17264  4472 56946   848 11120
  7442 56940]
9 [56940  4550 56946 11120  5956 10621 15083 11122 10145  2551 56940 56932
  1096  5224  5234 13584  5887  4472   690 56931 56945 56945 56945 56945
 56945 56945 56945 56945 56945 56945 56945 56945 56945 56945 56945 56945
 56945 56945 56945 56945 56945 56945 56945 56945 56945 56945 56945 56945
 56945 56945]
35 [12764  2451 56932  8493 15100  4472  4676  7741  4784  3971 11211  1231
  1431 56932  5224  6519 13396 12181  4337  9666 56932  5240  5224  4569
 13171 56946  6151  4903  3733 56932 11664  1233  4151  4290  4472 12379
  5452  1240 11147  4550 56932 56946 13396 56946  6151 56946  1925  6477
  4569 12855]
2 [10291 12082  1723 12764  5240  6950  2890  6319  4472 49194 10621 16371
 56931 56945 56945 56945 56945 56945 56945 56945 56945 56945 56945 56945
 56945 56945 56945 56945 56945 56945 56945 56945 56945 56945 56945 56945
 56945 56945 56945 56945 56945 56945 56945 56945 56945 56945 56945 56945
 56945 56945]
0 [ 1906 56932 13396  1231 12135 56932  5224  6319  4562 13171  1062  4472
  5804 45621 56932  5240 13171  5272 10291  6226 56932  4195 10291  5224
  7174  4472 20826 56931 56945 56945 56945 56945 56945 56945 56945 56945
 56945 56945 56945 56945 56945 56945 56945 56945 56945 56945 56945 56945
 56945 56945]
11 [ 4151 14862  4472  2496  1240  9627 12948  4562 11120 15323  6151  8573
  4472 56942  1046 10358 10067  7992 10067  7581  4472  7741 56931 56945
 56945 56945 56945 56945 56945 56945 56945 56945 56945 56945 56945 56945
 56945 56945 56945 56945 56945 56945 56945 56945 56945 56945 56945 56945
 56945 56945]
37 [ 5224  9230  6351  4151 10219 11211 23111   424 14339 56932 13396 11120
  4073 10067   653  8984  6151 35964  4855 11120  4904  4472  4151  8373
    21 56932 10621 13382 11211  5224  2631  4472  9222 56940 10608  7323
 11211  8859 10621  3162 11117 16065 56932 10621  5224  7711 56932 13396
  1231 12135]
39 [ 5224  9230  6351  4151 10219 11211 23111   424 14339 56932 13396 11120
  4073 10067   653  8984  6151 35964  4855 11120  4904  4472  4151  8373
    21 56932 10621 13382 11211  5224  2631  4472  9222 56940 10608  7323
 11211  8859 10621  3162 11117 16065 56932 10621  5224  7711 56932 13396
  1231 12135]
17 [56940 56946  6151  5804  7301 10291  9227  5226  6905 13272 13371  7345
  9139 10291 10778  5345  6151  6014 56931 12764 12703 35595  5226 11120
  4333  4472  4822  9330 10291  5345  6151  6014 56940 56932   730  5224
 13576 10718  6151 12341 56942 56931 56945 56945 56945 56945 56945 56945
 56945 56945]
31 [56940 56946  6151  5804  7301 10291  9227  5226  6905 13272 13371  7345
  9139 10291 10778  5345  6151  6014 56931 12764 12703 35595  5226 11120
  4333  4472  4822  9330 10291  5345  6151  6014 56940 56932   730  5224
 13576 10718  6151 12341 56942 56931 56945 56945 56945 56945 56945 56945
 56945 56945]
1 [ 5226 12379  5452 53847  5226  1242 56932 14931 11744 56932  9135  4472
  4151  8373  7429 56932 12889  1240   874  1233  6572  5226 56946   848
  1240 56946  5226    13 15168 56931 56945 56945 56945 56945 56945 56945
 56945 56945 56945 56945 56945 56945 56945 56945 56945 56945 56945 56945
 56945 56945]
18 [ 2510 13981  5226  5224  4768 56940  6026 15161  4472  2496 10621 14299
 56940 11211  1240  3265  5226  5224  8967  4472 11344  6185 10916 56932
  2433 13396 11120 12695  4738  4472 11120 12613 15161 56931 56945 56945
 56945 56945 56945 56945 56945 56945 56945 56945 56945 56945 56945 56945
 56945 56945]
20 [ 4049  5165 13192 13396  4151  6852  4472 11120   545  5226 56942  8509
 11120  6855 10067 13487  8876  9230 10102  1925 13804 11096 56931 56945
 56945 56945 56945 56945 56945 56945 56945 56945 56945 56945 56945 56945
 56945 56945 56945 56945 56945 56945 56945 56945 56945 56945 56945 56945
 56945 56945]
23 [ 6927  4472    52  5788 13396  7449  2890 17406  6151  2740 10291  5390
  5804  4679  4055  4472  2732 10621 11120  7316  4472  6001  6151  1352
  6151 17051  5224  7249  1673  5432 11211 11066  5226  1231 22515 33319
 12297 11120  5265  4472  9214 12297  1018  1240  5796 10291 37228  5226
   425  1578]
20 [12297 12297 11120  9745 56946  7780  2729  5226 14390  8493 14693  8353
  4472 13730  4472  1261 10611  5224  8423 10621   631 11211 13261  3530
  6226  5224  2689 56931 56945 56945 56945 56945 56945 56945 56945 56945
 56945 56945 56945 56945 56945 56945 56945 56945 56945 56945 56945 56945
 56945 56945]
41 [ 5240 11120 15135 10621 10036  6475  4472  2890   893 11211 13822 15068
  9221  5217 11120  4277  4472  5224 15193  4472  4060 10621  1231  7220
  8556  4270 56946 56932  4814  4472  8493 13726  5226  7581  4472 13408
  3854 14931  8125  1633 11120  1906  4472  1231 11554 56931 56945 56945
 56945 56945]
20 [11120  4836 10067  6516 10067  2631 20391  6151  1721  4151  1088 14633
  4472 56946 10621  1240  1819 12555  5226 11120 12394 16024 56932  2890
 15387 15417  4562 14382  1559 18700 10621  4884 14397  5240  8493  4472
  4151 13171 14821  4472 11120 14248 56946 56931 56945 56945 56945 56945
 56945 56945]
26 [56946   732 11211  4151 12732 15121 11211  5224  7966  4868  6151  9687
  5226 11120  4932  8968  5224  1778  4472  4151 14633  4472  9557  4472
  4631 10621  9123 15049 10621  1231  4584   826 56931 56945 56945 56945
 56945 56945 56945 56945 56945 56945 56945 56945 56945 56945 56945 56945
 56945 56945]
37 [ 2522  1015  5226  8876 15168 11211  1723  3546  6151 56946 11120 14602
  4472   692 15244 11211  5224  2610  4472 11120  2894 56932  2890 56946
 10067 11763  4472 56942 13344  6151  2890 56946 56932 10621  1379  8871
 11211  4049 56934 56946 56935 56932 10442 56934 56946 56935 10621  5754
 56934 56946]
42 [ 2522  1015  5226  8876 15168 11211  1723  3546  6151 56946 11120 14602
  4472   692 15244 11211  5224  2610  4472 11120  2894 56932  2890 56946
 10067 11763  4472 56942 13344  6151  2890 56946 56932 10621  1379  8871
 11211  4049 56934 56946 56935 56932 10442 56934 56946 56935 10621  5754
 56934 56946]
3 [ 5224 10819  4472 56946  7780  6253  4472 11673 14208  6151 11120 12135
 10884  4472 11120 56940  2809 11515 56940 56931 56945 56945 56945 56945
 56945 56945 56945 56945 56945 56945 56945 56945 56945 56945 56945 56945
 56945 56945 56945 56945 56945 56945 56945 56945 56945 56945 56945 56945
 56945 56945]
1 [ 5224  2270 15484  5226 11120 11093 10241  4562 14915  6950  2890   821
 10067 14705 13936 11211  6197  9490 42375 11120  6255   445  5226 11120
  5723 14443 10067  5138  3733 56931 56945 56945 56945 56945 56945 56945
 56945 56945 56945 56945 56945 56945 56945 56945 56945 56945 56945 56945
 56945 56945]
36 [56940 11120 15225 11211 12473  7494  1379 11211  1000  4562  5224  6480
 11211  4365  4449 11788 10621  3245  5207  4473  9677  5224  9591  4472
 11211  5224  9102  4210  2890  9096  9541  5224  6260   972  1633  5224
 56946 56940 56932 12828 56931 56945 56945 56945 56945 56945 56945 56945
 56945 56945]
12 [56946 56946   217 56932  8509 13649  2185  7956 11120 13450 11091  4472
  2668 56932 11211  6151 14914 12284  1240  2542  5224  7977  6260  5226
  8573 56934 12379  5452 56935  5224  2792  2631  4472  2464 56932 14716
 56946 56932 10621  5224 14357  4472  9535  4472 11120  9849 56932  9557
 56844 56931]
1 [ 5226  3646 56932 12948  1240  8978  5224 14399 10611  4942 56932  8567
 10621  9541 12776 56934 14363 56935 11211  1670  2890   653   763  4472
  6462 56932 11211 10475  3030 13396  5224 15512  4758  6777 56931 56945
 56945 56945 56945 56945 56945 56945 56945 56945 56945 56945 56945 56945
 56945 56945]
44 [10621 14914 13371  1240  7780  5756  5217  2892 12297 12297 11211 13974
  4472  3361 11970  1873  5804   266 10067  7581 14931 56946  1231  1381
  6151  8493  1126  5683 10291  5804 56946 12297 12297  1240 56946  5226
  2890 14555 38230 56946  5226 10025 13349  4472  1723 56931 56945 56945
 56945 56945]
38 [ 5804  2208  4472  1723 10621  4151 14226  2025 10621 10830  5129  1296
  6151  5804 13236 13396  8571  4472  5462 56932 11211  4026 15168  5226
  8406 56934   140 56935 56932  3828  4151  3491 12722  4472  5462 56932
  1884 10621  1723  4730  5137  4472  6710 56931 56945 56945 56945 56945
 56945 56945]
1 [ 5226  7874 14340 13649 56942  4472  5488  6857 14729 56932  4151  4705
  5226  8853  6260  5358  8448  4472  2890 56942 13396 14108  4472  5804
 27769  4472  4151   243 12707 56932   683 56942 11804  4472  5895 56932
  7868 11120 56946 56931 56945 56945 56945 56945 56945 56945 56945 56945
 56945 56945]
3 [ 5224  2792  4472 11771 56932 10958  6894   388 56932 15201   217  5226
  1352 11211 11120 13902  1240  7780  5465  5226  2890  4778 11211  1818
  6151 11120  1147  4472 10700 56932   494 11362 13822 11116  4472  8879
 56931 56945 56945 56945 56945 56945 56945 56945 56945 56945 56945 56945
 56945 56945]
24 [ 5224  2792  4472 15232 56932  3433   671 56932   161 12948 13482  6151
  8493 14508  4472  7381  5137 10621 10460  8493  4361 13149  1633 11120
 10101  4472  7025  4472 12379  5452  5226  5224 15175  4472 11120 15489
 56931 56945 56945 56945 56945 56945 56945 56945 56945 56945 56945 56945
 56945 56945]
4 [ 5226  5804 24135 10067 11964  5692 56932  7856   311 11120 56940  4065
  7384 56940 10067  2631  7482  1925  3849  3077 11211  1543 11120  7877
  4472  5804  9531 11295 56932 13396  4085  5226  2370 10067 10386 10621
 13396 12764    77    32  4562  4151  3388  6653 56931 56945 56945 56945
 56945 56945]
21 [ 5217 11211  1240 12098  6151  2135 17441  4562  6273 50638 56932  2067
 55193  7780  8192  8503  4472  5804 14650 10067 14555  8285 11211 56932
  5226   919   661 56932  1240  7780 56946 13171  6151  5804  4472  4693
 56931 56945 56945 56945 56945 56945 56945 56945 56945 56945 56945 56945
 56945 56945]
9 [10291 21155  4472 12402 10621 12402  4472 21155 56932 10835 56931 56945
 56945 56945 56945 56945 56945 56945 56945 56945 56945 56945 56945 56945
 56945 56945 56945 56945 56945 56945 56945 56945 56945 56945 56945 56945
 56945 56945 56945 56945 56945 56945 56945 56945 56945 56945 56945 56945
 56945 56945]
0 [31263 56932 56946 56932 49497 56931 56945 56945 56945 56945 56945 56945
 56945 56945 56945 56945 56945 56945 56945 56945 56945 56945 56945 56945
 56945 56945 56945 56945 56945 56945 56945 56945 56945 56945 56945 56945
 56945 56945 56945 56945 56945 56945 56945 56945 56945 56945 56945 56945
 56945 56945]
4 [31263 56932 56946 56932 49497 56931 56945 56945 56945 56945 56945 56945
 56945 56945 56945 56945 56945 56945 56945 56945 56945 56945 56945 56945
 56945 56945 56945 56945 56945 56945 56945 56945 56945 56945 56945 56945
 56945 56945 56945 56945 56945 56945 56945 56945 56945 56945 56945 56945
 56945 56945]
3 [12297 12297 56936 39394 16844 56937 12297 12297 56945 56945 56945 56945
 56945 56945 56945 56945 56945 56945 56945 56945 56945 56945 56945 56945
 56945 56945 56945 56945 56945 56945 56945 56945 56945 56945 56945 56945
 56945 56945 56945 56945 56945 56945 56945 56945 56945 56945 56945 56945
 56945 56945]
3 [12297 12297  5224 31103 56931 56945 56945 56945 56945 56945 56945 56945
 56945 56945 56945 56945 56945 56945 56945 56945 56945 56945 56945 56945
 56945 56945 56945 56945 56945 56945 56945 56945 56945 56945 56945 56945
 56945 56945 56945 56945 56945 56945 56945 56945 56945 56945 56945 56945
 56945 56945]
5 [11372  4855  7782  6755  6151 21869 56931 56945 56945 56945 56945 56945
 56945 56945 56945 56945 56945 56945 56945 56945 56945 56945 56945 56945
 56945 56945 56945 56945 56945 56945 56945 56945 56945 56945 56945 56945
 56945 56945 56945 56945 56945 56945 56945 56945 56945 56945 56945 56945
 56945 56945]
22 [ 8596  3686 29511 56932 14260  9490 13651  5226  5224  7966 56932 10621
 14931 11744 12171  9490  6229 56946  1633 13822 10664 56932 13732 56932
  5806 56932   119 56932   494 18672  8493  1004 56932  1925  1242 56932
  8493 12921 16635 56932  5534 11120 14851  1240  8057 37077 56931 56945
 56945 56945]
