15 [ 5224  9307  4177  4472 12340 11449   425 14675  5226  2555  5224   270
  5226  8689  4472   381  3654 56934  3861 14131  4759  3144 56932 12578
  8183  9859 56939 56935 56932  4246  5226  5047 56932 11120  7253 14088
  4472  5441 12290 11211 13851  5904 15377 56931 56945 56945 56945 56945
 56945 56945]
8 [  424   229  5224  1601  4472  8819  4472 11120 20418 56932 11211   373
 13171  2315  4472  6221 10418  7436 10621  1240 15869  3245  6151  4151
  8849  4607 10067  7238 56932 11211  5668 12764  9840  9193 56931 56945
 56945 56945 56945 56945 56945 56945 56945 56945 56945 56945 56945 56945
 56945 56945]
