13 [13371 12135  4472 11120   990 56932 11120 11840  6055  5226 56942 13396
  4472 56946 10621 56232  2979 56932 11211  8946  4161 11673 11374  1971
 26558  4472 56946  5226  9694 56932  1240 15174  5226  8493  3568  4472
 13231 10621  2622 13822  9643  5226 16857 56932  3828   373  1231   226
 56931 56945]
10 [11120  9168 10448 10291 11211  5224 10242  9823  4472 11120  1391 56932
 45228 56327 56932 56946  5226  9379  3861  5224  8741  4472 56942 56940
  6270 16536 56940 10291 11120 56946  5240  5224 13185 10067  8965  5224
 12479 12355 10611  5804  6681  5224  2689  6260  5226  4151  1539  4472
 56946 10621]
5 [ 1793 56932  5224  6516 10067  7581  4188 56932 12510 56946 56932  1346
 11211 56932   907  6151 11120 12925 56932  2654  5240  2890  6319  4562
  8865  6410 10621 11211  4151  8378 10291  4421  2890   944  2972  4472
 11120  3737 56931 56945 56945 56945 56945 56945 56945 56945 56945 56945
 56945 56945]
5 [ 7868  5224  5887  9823 10067  7581 56932   736 13396  1231   681 10621
  3907  5804  9138  4472  2281  4472 11120 14623 56932 11211  9652  4151
 56942  3102 56932  4562  2890  8716 10067 56946 56931 56945 56945 56945
 56945 56945 56945 56945 56945 56945 56945 56945 56945 56945 56945 56945
 56945 56945]
