21 [ 3245 14641 13371 15157  8139 10291  5224  1437  4472 11120  8069 11120
  7460 32291  4472  1304  6011 10621  1360 56934  4727  5972  4472 56942
 56935 56932 11120  4243 12031 10621 11120 11921  1106 56931 56945 56945
 56945 56945 56945 56945 56945 56945 56945 56945 56945 56945 56945 56945
 56945 56945]
24 [10621  6205 56932  5224 14784  5172  2530  3153 13371 16732 18093 16732
 56932 22446 19969 56932 22335  5007 29919 56932 16654 22783 56932 56946
 12102 10621 11120 56946 56946 56931 56945 56945 56945 56945 56945 56945
 56945 56945 56945 56945 56945 56945 56945 56945 56945 56945 56945 56945
 56945 56945]
23 [ 5224  9307  4177  4472 12340 11449   425 14675  5226  2555  5224   270
  5226  8689  4472   381  3654 56934  3861 14131  4759  3144 56932 12578
  8183  9859 56939 56935 56932  4246  5226  5047 56932 11120  7253 14088
  4472  5441 12290 11211 13851  5904 15377 56931 56945 56945 56945 56945
 56945 56945]
22 [ 9000  5224 12425  5805  4472 10025   420  7320  5226 15316  2861  8373
  4562  6108  2131 56934  8503  4472  8025 56932 11885  4472 56946 10621
 18087 56932 13261  1231 11576   623 56935 10621  8493  8106 11578  5226
 23163 10621 56946 56931 56945 56945 56945 56945 56945 56945 56945 56945
 56945 56945]
1 [ 2363  9206  5240 11120 11093  5682  4430  4472  5716  4472  4174 56931
 56945 56945 56945 56945 56945 56945 56945 56945 56945 56945 56945 56945
 56945 56945 56945 56945 56945 56945 56945 56945 56945 56945 56945 56945
 56945 56945 56945 56945 56945 56945 56945 56945 56945 56945 56945 56945
 56945 56945]
24 [18117 56946 56932 13396  1231 12135 56932  3245 10728  9379  3861  5224
 12619  4472 11122 11211 13261  1231  1800  5226  5224 13518 56932  5224
 23339 10067 21268 56932  6151 15254  4472 11120 11566 10067  4794  9810
 17999 56931 56945 56945 56945 56945 56945 56945 56945 56945 56945 56945
 56945 56945]
20 [ 5611 10295 56932 11211  5151 13817  7060 13371  8362 56932 56946 56932
  2906  3089 56932 14601 56942 56932 14601  5076  8723 56942 56932   579
 10621  6471 56932  7494  5226 15316  3245  1920  2890 14601 10435 12520
  5226  5138 56932  1793  4472    13 13843  6151  5804 13379 10067 14847
 56931 56945]
24 [ 2890  1926 16383 14483 56932  2890  3343 12624  8823 56946 56932  7782
 12752 11120  1476 11211 56946 56934 51198 11120  7645  3733  4562  5224
 10565 56932 56946 11120  3058  1906 11098  4562  5240 14657  2041 56935
 11120 13107  4472 12345 13689 56931 56945 56945 56945 56945 56945 56945
 56945 56945]
12 [ 2890  4065  4472 56942  4377 11563  5226 11120 11093 14200  5432  4472
 56946 56946 11211  1240  1585  5226  1877 10067 14189  4472 13732 56931
 56945 56945 56945 56945 56945 56945 56945 56945 56945 56945 56945 56945
 56945 56945 56945 56945 56945 56945 56945 56945 56945 56945 56945 56945
 56945 56945]
