15 [ 5224 13488  6059 56946 12948  5224  7600  5224   948 13371 11435  5226
 11120  6275  5432 18212 18823  4472  1397  4562  8493 26182  7956  5224
  6251  4472 11120 14088 56931 56945 56945 56945 56945 56945 56945 56945
 56945 56945 56945 56945 56945 56945 56945 56945 56945 56945 56945 56945
 56945 56945]
17 [ 5226  5224 10103  4472 13171 27039 13946  4472 11120  4722 56932  5226
 11120  6275 11091  7591 12019 11581  4758  4472  6013 56932  5226 24699
 56932  6151 56942 10440  1925 12728  4472  2921 56932   671  6006  6151
  5804  8752 56932  6151  5804 11211  5165 11211  5540 11120  6471 13396
 13396 12645]
14 [45520  2861 13676 12687  4472  8200  4472  8290 10241 56932  4629  5226
  5224 12908  4233 24647  1633   683 56942  6062 56931 56945 56945 56945
 56945 56945 56945 56945 56945 56945 56945 56945 56945 56945 56945 56945
 56945 56945 56945 56945 56945 56945 56945 56945 56945 56945 56945 56945
 56945 56945]
5 [ 6118 10067 11988  1095  4472   797 10352  3245  5804  2511 10067  3242
  4472 13952  5226  5224 15175 56931 56945 56945 56945 56945 56945 56945
 56945 56945 56945 56945 56945 56945 56945 56945 56945 56945 56945 56945
 56945 56945 56945 56945 56945 56945 56945 56945 56945 56945 56945 56945
 56945 56945]
6 [ 5224  5234  2792  4472  1725  4472  2346 12020 15089 56946 56932  2482
  5224  6260 56942  4472   995 13396  2890 13469  4472  7581  1095 56932
 15625   217  5226  1324 11120  4916  4472  4290 56940  4607 10621 11382
 56940  5226  1231  6319  4693  4472 14724 11255 56931 56945 56945 56945
 56945 56945]
