9 [ 5804 11770  9616  1231  5793  5226 11120 14571  4472  2027 14853 56931
 56945 56945 56945 56945 56945 56945 56945 56945 56945 56945 56945 56945
 56945 56945 56945 56945 56945 56945 56945 56945 56945 56945 56945 56945
 56945 56945 56945 56945 56945 56945 56945 56945 56945 56945 56945 56945
 56945 56945]
12 [ 3667 14114  8568 56932  5217  5224 14451 16950  4472 11120 14571  4472
  1447  3951 56932 14576 11120   681 10067 14399  2861 56940 13938   273
  6151  8493  4472  4151  1088 14971 11211 56946  6151 15986 10621 40058
 56940 13371  5240 56940 11120 16029  4472 11120  6146 56940 56931 56945
 56945 56945]
