36 [56940 12764  9442 11211  1240  8385  1925  3612  4472 11120  8200 56931
  1233   753   577 11211 11606 11211 12764 56946 56932 11117  2662  6151
 14184  4151  3765 13171  4731  4472   425  5187 56940 56932  1603 12948
  1723  5226  2913  1925  8566  4766 12764  6950 10611  5804 12770 10621
  6361 10067]
31 [11120 11840  8112 56946    85 12223  4562 56942 11804  4472   916 56934
 56942 11804  4472  5895 56935 13396  9851  1877 13949  5226 11120  3474
 11206 11109  4472 14113 56932  5224  9249  5974 56932  9732   217  4151
  6505  7873  4472 11120  5918 12693  4472 14381 56931 56945 56945 56945
 56945 56945]
8 [ 5804 56946  1240 14608  5226 11120 14571  4472  2027  8567 56932 13344
  6151  8493  4472  4151 15271  7191  4472 11120  8604 56932 10621  5226
 11120 16409 10067 16706 10067 15712 56932  5226 11120 13733  4472 11120
 56946 56931 56945 56945 56945 56945 56945 56945 56945 56945 56945 56945
 56945 56945]
18 [ 5226  5804  4393  9939   746 17561  8373  2814  4562  6761  5717 11120
 13439 56946  5226 11120 13733  4472 56946 10621  2890  4476    85  4869
  6151 15131  4472  2890 10673  5226  5224  5135  8630  5804 56946 47940
 56931 56945 56945 56945 56945 56945 56945 56945 56945 56945 56945 56945
 56945 56945]
13 [11120  7253  5226 11120 11093 12135 10454 26292  4472  2890  3928 15175
  4472 56946 56932 11211 30477 56946 56946 10621 16659  5224 11629   375
 56934 56946 56935 56931 56945 56945 56945 56945 56945 56945 56945 56945
 56945 56945 56945 56945 56945 56945 56945 56945 56945 56945 56945 56945
 56945 56945]
17 [ 5226  8406 56932 56946  2890 15770 13843  6151 11120   712  4472  5804
  3692 10067 11183 56932  5804 16680  4472 13732 56932 11211 12993  5226
   425  5346 11169 12135 10067  6710  6151 11211 15394  2879  5224 19576
 56932 10621  5226 56946  5224 11183 10097  5224  1673  4472  3400 18228
 10067 15837]
40 [12889  5224   864  1373  6111 56932  3245  5466  6151 54399 10646  5804
 17678 56932 56940 12672 11211 15394  2986 13171 12562  6151  5804 10585
 10067  7770  6151 11120  4000  4472 10731 17678  4472  5804 56946 11211
 11597 56940 56932 14504 10215 56931 56945 56945 56945 56945 56945 56945
 56945 56945]
21 [15256  4472 56946 10621  1231 12457 49108 39677  8493  4727  5226  5224
  8598  4472  8808  4472 13579 56932 12407  8448 10067  6212 56932  5534
  1240 10532  5224 10639 56931 56945 56945 56945 56945 56945 56945 56945
 56945 56945 56945 56945 56945 56945 56945 56945 56945 56945 56945 56945
 56945 56945]
