24 [11120 13760  1240 10532  5226 11966  4472 56942 56932  5226  2890 11950
  4472 12413  4472 11120 10056  1217 11211  4609 11120 13172 11631  5226
 11771 56931 56945 56945 56945 56945 56945 56945 56945 56945 56945 56945
 56945 56945 56945 56945 56945 56945 56945 56945 56945 56945 56945 56945
 56945 56945]
31 [11120   635  4969  8554   915   217 56932  3786 56932 11120  5265  4472
 15241  5226 11120 13300  4472 56940 56946 56940   848  1150  6226 12433
 56934  2531 56935  4472  5804  4679  4472  2732 56932  5226  8493  4722
  5226 11120 11211 11120  5043  6810 56946 56932 15077  5226  3627 56932
  3730  1231]
7 [ 5224 13883 56940  5224 24172 56940  4472 14381 56932 21537 56940 49718
  3733 56940 10621   668 11211  6151 14849 10067 11575  5224 13057  5831
 38850  1240 14576 56932 15023 16889 11211 56940 11120 31360  4091    52
  8192 13171  5500 56932  4472 12764  2529 13396 11120  5229 10067 13057
 38850 10621]
29 [ 6205 11664 56932 11120 11066  4472  9094 56932  4472 10320 11211 15394
 43963  5226 13455 56932 56946  5224  5858  4472  5804  8335  4472  5606
  2890 29791 10067 20014  4472  1447 12442  6151  7608  4472  3464  4472
   227 56931 56945 56945 56945 56945 56945 56945 56945 56945 56945 56945
 56945 56945]
46 [ 5224  9230 12624  4472 14299 56932 15082 56946 56932 11499 56932  6151
  1231  1004 56932 11211  5224 14399  4472 46989 11562  1452  2890  5589
  1601  4472  9540 56932 12889 13382 11211 56932  6151 11120  7440  4472
  5804  5470 56932 11120 12135 11211  4807  1925   667  4472 14233  7709
    52  8109]
15 [13261  8503  4472  5804 14765  4472 11120 10056  4472  2740  5226  5804
  4679  4055  4472  2732 56931 56945 56945 56945 56945 56945 56945 56945
 56945 56945 56945 56945 56945 56945 56945 56945 56945 56945 56945 56945
 56945 56945 56945 56945 56945 56945 56945 56945 56945 56945 56945 56945
 56945 56945]
34 [ 5224  8614 15591  8493   989  4562  9810  7418 14790 56932  4890 13676
  7379 56932 10621  6086 10561  5226 11120 15489 56932  4146 13822  2285
  4562  7678  4472 11120  6855  4472  3667 14114  8568  6151 15232 56932
 10621  5224 12687 10067  6581  4562  3433   671 56931 56945 56945 56945
 56945 56945]
