5 [ 9079  7782  4147  6151 56946 56946 10621 55698  6151 12140 56946 56932
 20578 56932 36297 37413 56943 56931 56945 56945 56945 56945 56945 56945
 56945 56945 56945 56945 56945 56945 56945 56945 56945 56945 56945 56945
 56945 56945 56945 56945 56945 56945 56945 56945 56945 56945 56945 56945
 56945 56945]
10 [ 9079  7782  4147  6151 56946 56946 10621 55698  6151 12140 56946 56932
 20578 56932 36297 37413 56943 56931 56945 56945 56945 56945 56945 56945
 56945 56945 56945 56945 56945 56945 56945 56945 56945 56945 56945 56945
 56945 56945 56945 56945 56945 56945 56945 56945 56945 56945 56945 56945
 56945 56945]
22 [12297 12297 56936 10621 11149   753  4472  5804   453 56946 10067  4842
  8984 56932 13371 11740  4472  2770 10621 11120 10045  4472 15590 22553
 56937 12297 12297 56931 56945 56945 56945 56945 56945 56945 56945 56945
 56945 56945 56945 56945 56945 56945 56945 56945 56945 56945 56945 56945
 56945 56945]
23 [12297 12297 56936 10621 11149   753  4472  5804   453 56946 10067  4842
  8984 56932 13371 11740  4472  2770 10621 11120 10045  4472 15590 22553
 56937 12297 12297 56931 56945 56945 56945 56945 56945 56945 56945 56945
 56945 56945 56945 56945 56945 56945 56945 56945 56945 56945 56945 56945
 56945 56945]
24 [ 5331 11669 23121 56946 11120 11668  4472 10665 18036 25800 22089 19542
 10621  5804 17612 10067 56946  8984 25006 32428 56932  6205 13371  4337
 43606 15217 10621 16186 20590 56931 56945 56945 56945 56945 56945 56945
 56945 56945 56945 56945 56945 56945 56945 56945 56945 56945 56945 56945
 56945 56945]
4 [ 5224 23805  4472 19879 56946 56932  6621 56946 56932 15648  6151 14196
 11211 56940  5226 56942  5804  2704  3882  4585  5226  4756  1128 56932
 10621 15023 11120 12925  5226  3222  5804 29063 18883 13441  5224 56942
 13396 14108  4472  5804 10003 11211  9490  5226 11120 14016 56932 10621
  5224  6319]
2 [ 5224  4752  4472 11120  2591   915  7381  9397  5226 11120  8290 12135
 15083  4472    77  5241  1925 12413  6197  4562  2890  6997 56946  6151
  1231 15276 56931 56945 56945 56945 56945 56945 56945 56945 56945 56945
 56945 56945 56945 56945 56945 56945 56945 56945 56945 56945 56945 56945
 56945 56945]
3 [ 5224  4752  4472 11120  2591   915  7381  9397  5226 11120  8290 12135
 15083  4472    77  5241  1925 12413  6197  4562  2890  6997 56946  6151
  1231 15276 56931 56945 56945 56945 56945 56945 56945 56945 56945 56945
 56945 56945 56945 56945 56945 56945 56945 56945 56945 56945 56945 56945
 56945 56945]
4 [ 5224  4752  4472 11120  2591   915  7381  9397  5226 11120  8290 12135
 15083  4472    77  5241  1925 12413  6197  4562  2890  6997 56946  6151
  1231 15276 56931 56945 56945 56945 56945 56945 56945 56945 56945 56945
 56945 56945 56945 56945 56945 56945 56945 56945 56945 56945 56945 56945
 56945 56945]
24 [14811  5226  5224  4152 56932 20860 56932 56946 56932 56946 56932 56946
 56932 16070 56932 44907 20064 56932 56946 56932 36443 56946 56932 56946
 56946 56932  7498 56932 56946 56932 36714 56932 36443 56946 56932 17782
 56946 56932 56946 56932 41735 56932  5043 56932 56946 56932 56946 56932
 56744 56932]
33 [14811  5226  5224  4152 56932 20860 56932 56946 56932 56946 56932 56946
 56932 16070 56932 44907 20064 56932 56946 56932 36443 56946 56932 56946
 56946 56932  7498 56932 56946 56932 36714 56932 36443 56946 56932 17782
 56946 56932 56946 56932 41735 56932  5043 56932 56946 56932 56946 56932
 56744 56932]
36 [14811  5226  5224  4152 56932 20860 56932 56946 56932 56946 56932 56946
 56932 16070 56932 44907 20064 56932 56946 56932 36443 56946 56932 56946
 56946 56932  7498 56932 56946 56932 36714 56932 36443 56946 56932 17782
 56946 56932 56946 56932 41735 56932  5043 56932 56946 56932 56946 56932
 56744 56932]
18 [11120 15822 12731  5226 47443 10621 14202  6151 11120 16824  4472  4151
 16168  4472 11120  7150  4472  1447 13662 38237 56932 11211  5226  5804
  5137 56942 19525  5226  5804  6537 56931 56945 56945 56945 56945 56945
 56945 56945 56945 56945 56945 56945 56945 56945 56945 56945 56945 56945
 56945 56945]
19 [11120 15822 12731  5226 47443 10621 14202  6151 11120 16824  4472  4151
 16168  4472 11120  7150  4472  1447 13662 38237 56932 11211  5226  5804
  5137 56942 19525  5226  5804  6537 56931 56945 56945 56945 56945 56945
 56945 56945 56945 56945 56945 56945 56945 56945 56945 56945 56945 56945
 56945 56945]
40 [ 5224  2792  4472 11120 11840 56932 17052 56946 56932  5147 12948  6151
  5804 10624  2649  5224 12507 13260  6151  5804 14777  9939 10067  2220
 10067 13723 15879  4472 11120   990  4472  4151  9643 24491  4472 11120
  3174 56946 56946  4951 56946 56934  9961 56935 10621  4472 11120  3050
 56946  9301]
