15 [ 9079  7782  4147  6151 56946 56946 10621 55698  6151 12140 56946 56932
 20578 56932 36297 37413 56943 56931 56945 56945 56945 56945 56945 56945
 56945 56945 56945 56945 56945 56945 56945 56945 56945 56945 56945 56945
 56945 56945 56945 56945 56945 56945 56945 56945 56945 56945 56945 56945
 56945 56945]
39 [12889  5226  9762 12828  5224  3161  4472  2322 56946 56932  5804  5286
 12543 12764   865 10414 56932  3655   217  5224 12365  4472 11120 14248
 56932  4690 22406 56946 56946 56932  6197 11211  5224  3746  3104  4472
 20263  4472 11120 15582  5082   424 13152  4472 30559 10621  1240  7494
 11211  8495]
