21 [ 5226 11120  8691 13696 56932  4758 13529 12698 56932  3608  4472 11120
 15012  4472 13732 10621 13488  4472  3224  4472 10454  4847 56932 10621
  6200 12810 56932 13724  4472 11120 56946 56932  9538 12948  4151  4711
 11211   217  1240  8918  5226  5224 15412 10067  4793 12741  4472 56946
 56931 56945]
27 [11120  5404    36 10067  3071  9541    85 12543 13171  1975  1925  3772
  4562  7678 10067 10803  8493 14564 14988  4472  4391  6011  4562  5224
 12213 56940  5774  1137 56946 56940 56932 11211 11292 13371  7621  8493
  8784  4472   993 56931 56945 56945 56945 56945 56945 56945 56945 56945
 56945 56945]
15 [ 5224  8614 15591  8493   989  4562  9810  7418 14790 56932  4890 13676
  7379 56932 10621  6086 10561  5226 11120 15489 56932  4146 13822  2285
  4562  7678  4472 11120  6855  4472  3667 14114  8568  6151 15232 56932
 10621  5224 12687 10067  6581  4562  3433   671 56931 56945 56945 56945
 56945 56945]
