2 [ 5224 11183  3667  4233  5388 10067  2625 11211 11122 16738  5217  1352
  4562  2890  3983  4472 13395 16855 10621 11120 13814 10696 10027  2890
 20115   897  6997 56931 56945 56945 56945 56945 56945 56945 56945 56945
 56945 56945 56945 56945 56945 56945 56945 56945 56945 56945 56945 56945
 56945 56945]
30 [ 8630  5240  9918 11120 11169 15583  4472  2658  4472  4821 10621  1231
 56946  4969  4472   928  4562  4151 21439 44092 10696  4472  1723 56932
 20645  4472 15252 56932 17934  4472  9161 10621  6810  4472  2919 56932
  5240  3058  4592 11120 13171  8484 27326 10611 56946  4472 15252 10621
   184  4472]
23 [13396 11674  5224  9691 11783  1925 11211  1240 10469  1925  9599  7412
  4562 11120 11946  5974  4472  9161 10621  3245  4562  1540  4472  8854
 12764  5240 13171 11211  8493 19890 25305 56932 26170  4472  6256 56932
  6151 14849  4472 11211 12569  7394  1396  1452 56946 13371  2481  7344
 56931 56945]
33 [ 6282 10463  6205  2913  1925  9591  4472 11211  5224 12033  3588  4721
  6151  5804  6242 10067  6319  6073  6151   782 13822 10802  2370  5224
  9541   924  9525 56934 56946 56935 10067  2309 56946 11774 56931 56945
 56945 56945 56945 56945 56945 56945 56945 56945 56945 56945 56945 56945
 56945 56945]
9 [11120 13916 12800  1240  8783 12764  2451  5224 56946 35396 11211  4868
 17635 56942  3204 12566 10621 11211  1296  1240  4338  4562  5224   567
 20298 17364 56934 56942 56935 56931 56945 56945 56945 56945 56945 56945
 56945 56945 56945 56945 56945 56945 56945 56945 56945 56945 56945 56945
 56945 56945]
29 [ 5224 14300  7814 56940  5224  6269 56940  5489 15228 11120  5329 13171
  3058  4472  1231  2928  7416  1925  2570 13396  4670 12059  5226 56942
   616  6151  1231  1703  6669 11581 14735  5226  5224  7330  4472  5804
  8263  5402 13144  4472  5804   916 56946 56931 56945 56945 56945 56945
 56945 56945]
6 [ 1240 56946  2440 10420  2370 56946 56946 13507  9722 56932 23005  4472
  7099  4472 56946 10291  5224 22503  4472 20676 10621 10291 13386 11120
  5887 56946  9490   880  7381  5137  4472  4123 56932 10621  2370 16198
 56946 56932 56940 56946 56940 56932 18018  6515  4472  5804 10798  2772
 56934 12764]
7 [ 1240 56946  2440 10420  2370 56946 56946 13507  9722 56932 23005  4472
  7099  4472 56946 10291  5224 22503  4472 20676 10621 10291 13386 11120
  5887 56946  9490   880  7381  5137  4472  4123 56932 10621  2370 16198
 56946 56932 56940 56946 56940 56932 18018  6515  4472  5804 10798  2772
 56934 12764]
11 [12049  1396  8904  4472    52  5310  6151 12424  3994  4562 56946 56946
 56946 56932 56940 56946 56940 56932   983  6516 10067  2776  4472 12579
 10621  8099 24576  4472 56940 56946 56940 56932 13386    85  3860  5226
 13048  5224  6260  8590  6151 14378  5137 56931 56945 56945 56945 56945
 56945 56945]
23 [11120 11495  7956 11120 14720 12348  5226  1725   509 56932 11211  5217
   995  6260  6082  5224  5234  8699 10621 10997  4472 11120  9584  8036
 10172 56932  7780 42491 11120  7626 12031  5226   424  6319  3810 56931
 56945 56945 56945 56945 56945 56945 56945 56945 56945 56945 56945 56945
 56945 56945]
26 [56936 56940 13933  2495  2135 10636  2862 10621 10636  7508  5226 14915
  9198 11554 56937 56940 56932  1240 40685 56946 56946 56932 56942  5137
 10621  6234  5956 14100 56931 56945 56945 56945 56945 56945 56945 56945
 56945 56945 56945 56945 56945 56945 56945 56945 56945 56945 56945 56945
 56945 56945]
26 [ 1240  9028 11211  1240 30999 13171  4472 56942 12535  6151  4151  4290
 56932 11211  1240  2033  5224 12675 11950 11211  5224  1428  5234  8876
  9230 56946 56946 56946 56942  5137 56931 56945 56945 56945 56945 56945
 56945 56945 56945 56945 56945 56945 56945 56945 56945 56945 56945 56945
 56945 56945]
1 [ 4472  5831 15285  3245 11120  9707 10067   653  6151  3255  8493  1958
 15670 10067  3461 56942 10067 12301 56932 11211  4146 11120 10177  4472
 20107  6151  2890  7581 13396 10918   876 56932 10621  1925 11211 11979
 13371 56940  8493  9160  3537 11211 12764  1240  6125 56940 56931 56945
 56945 56945]
9 [ 5224  9230  1024 10067  9322 56932  9823 12388  1925 11167 56932  5010
 11120  9805 13396 10025   420  5137 10067  7581  4472 10942 56932  7781
  5226  5224  6319  5217 56942 56932  1925 14338 11211  5240 10493 10291
  2369  2370  5224  5340 56931 56945 56945 56945 56945 56945 56945 56945
 56945 56945]
41 [56940  5224  7581  4472 10942  1240  5448 13371   661 10291  8826 11122
 13848  5226  5804  4393  5137 56932   980  5224 13185  4472 11120  4243
 10621 11120 12368  4472  5804  6312  4472 11120  8728 10621  5224  4245
  2433 56940 56932  1096  1925 11167 56932  5226  8493   989 14238   217
 56932  4522]
15 [10420 56932  8509  5224 56946  2870  4472  2890  1782  4472 11120  3664
  5427 56932 56946 56946 56946 56932 10621  4472  1231  4836  1240 56946
  6151 11120  9033 56931 56945 56945 56945 56945 56945 56945 56945 56945
 56945 56945 56945 56945 56945 56945 56945 56945 56945 56945 56945 56945
 56945 56945]
3 [ 5224  8533 11966   256 14360 56932 10067   776  4472  1723 56932    85
  4204 13371  5224 12232  7811  8491  4472 17377 56932  4562 56942 13349
 56931 56945 56945 56945 56945 56945 56945 56945 56945 56945 56945 56945
 56945 56945 56945 56945 56945 56945 56945 56945 56945 56945 56945 56945
 56945 56945]
31 [ 5804  8373  6381 11211 12764  6283 14244  6151 56946 13396  1170 10906
 10621 13396 12970 56932  8170 56932 11120  6255  4722  1633  5224  5683
 15497 56932 13371 21265 56946 10621 56942 12117 56932  4248  1925  3612
  5226  5224   797  6212 56931 56945 56945 56945 56945 56945 56945 56945
 56945 56945]
12 [ 5226 13554 56932  5226 11120 14443 13705 56932  5224 15227  2310 56940
 43114 56940  6894  1240  1512  4562   166 10067 55959  5347 56946 56940
 56946 56940 20830 56932 15023 56946 13396   375  4472 12224 14479  6151
  5804  8373 10013 10621 56942  5263 10067 12754  8876 12189 56931 56945
 56945 56945]
14 [ 5226 13554 56932  5226 11120 14443 13705 56932  5224 15227  2310 56940
 43114 56940  6894  1240  1512  4562   166 10067 55959  5347 56946 56940
 56946 56940 20830 56932 15023 56946 13396   375  4472 12224 14479  6151
  5804  8373 10013 10621 56942  5263 10067 12754  8876 12189 56931 56945
 56945 56945]
24 [ 5226 13554 56932  5226 11120 14443 13705 56932  5224 15227  2310 56940
 43114 56940  6894  1240  1512  4562   166 10067 55959  5347 56946 56940
 56946 56940 20830 56932 15023 56946 13396   375  4472 12224 14479  6151
  5804  8373 10013 10621 56942  5263 10067 12754  8876 12189 56931 56945
 56945 56945]
9 [ 5224  1782 12152 56932  9810  1402 10867 56932 11261 10581 56932  6019
  5224  5823  6151 14524  2129  8009 56932  8099  8351 10067   858  4472
  9972 14527 56931 56945 56945 56945 56945 56945 56945 56945 56945 56945
 56945 56945 56945 56945 56945 56945 56945 56945 56945 56945 56945 56945
 56945 56945]
8 [15471 14840 11211 12764  8159 13256  6151 56946   505  4472  6226 11122
 11211  7780  6260  5226  7224 56932  9000 11211  5804 11545 56946  6151
  2865 56946 13396 11120  9032 12031 10621 13595  4472  5488  4256 56931
 56945 56945 56945 56945 56945 56945 56945 56945 56945 56945 56945 56945
 56945 56945]
3 [   11 11211  8361  3667  4233 22408  5226 56942  5224  5683  3849 13396
  5224 11211  3241 11120   314 56932  7876 13822 13976 10621 56940 11120
 11633  5331  1231  8965 33281 56940 56931 56945 56945 56945 56945 56945
 56945 56945 56945 56945 56945 56945 56945 56945 56945 56945 56945 56945
 56945 56945]
5 [11120 13171  4415  5240 44477  9202  8208 56932  4472 56942  5137 10621
  4472  7313   583 56932 11211    85 25403  4472 13822 10685  5226  5224
  8435 56932  1618 10621  1216 56932  7868 15648 11120 13724 10067 15175
  4472 45127 56931 56945 56945 56945 56945 56945 56945 56945 56945 56945
 56945 56945]
7 [ 5226  2890  1602 56932  5804 11699  1438 56946 10621  4800  7295 14235
 11211 56946 11673  4022  6151  5804 10050   548  4472  5319 56932  3790
 56946 56932 10621  4472  9121 56932  3830 56946 56931 56945 56945 56945
 56945 56945 56945 56945 56945 56945 56945 56945 56945 56945 56945 56945
 56945 56945]
18 [ 5224  1782 10067 13723 10208 10718  5226 15252 56932  8747   285 56932
 13037   217  5224 11549 10067 11183 14491 13927 10291  2739  2890 14555
   653 56932 15023 11120  6393  4392 10067 10379 11211  4605  5224  9101
 12701  2849 56946 56931 56945 56945 56945 56945 56945 56945 56945 56945
 56945 56945]
37 [ 5224  1782 10067 13723 10208 10718  5226 15252 56932  8747   285 56932
 13037   217  5224 11549 10067 11183 14491 13927 10291  2739  2890 14555
   653 56932 15023 11120  6393  4392 10067 10379 11211  4605  5224  9101
 12701  2849 56946 56931 56945 56945 56945 56945 56945 56945 56945 56945
 56945 56945]
4 [ 4472 12752 11211 23960 56946 56946 32364 17193 56931 56945 56945 56945
 56945 56945 56945 56945 56945 56945 56945 56945 56945 56945 56945 56945
 56945 56945 56945 56945 56945 56945 56945 56945 56945 56945 56945 56945
 56945 56945 56945 56945 56945 56945 56945 56945 56945 56945 56945 56945
 56945 56945]
