13 [11120  9745   635 56946   123  5224 56942 13396 14108 10067 13723 48847
 10067 12728 56934 56946 56935 56932 11211 21939 11120  2387  4472  4312
 11211  8497  5199  6391  4562 11120  5918  4472 22374 56932  6151 56942
 10440  4472 11120 14792 14016 56931 56945 56945 56945 56945 56945 56945
 56945 56945]
23 [56940 11120 10244   848 11120 56946 22540  2890  2642 10621 13290  1240
  8902 14662 56940 56932  1040 56946 12297  5234   870 10067 24475  7143
 10621  5224 32128 18725 12297 13386 56932  1793 56932   668 11211  5226
  1936  1396 48794  4562 11120 14754 10067  7143 56931 56945 56945 56945
 56945 56945]
27 [13371 13300  4472 11211  5804 23855 56932  4151 50175 10621  5804 56946
 11211  1240 21716   746 10748  4562  5224 11554 56932  5804 20082  4472
 11120  3757  4472  5806    47  2890  1611  4562  4151  8731  6108 10611
 13822  4756 56932  5224 11255 11950 56942 56931 56945 56945 56945 56945
 56945 56945]
41 [11120  1971 10067 56946  5835 56932 13396    13  5689 56932 11120 13622
  4472  1231  9541  4472  8678  6151  5804  1551 10621 11120 13174  5226
 15623  5769  4472 11120   445 10471  4472  1231 11668 12031 10291  4151
  4290  6151 11120  9832  4472 10110 10621  5082  6221   207  1925 15058
 56931 56945]
17 [ 5224 56946  2555 56932 13396  1231 12135 56932 14435  8493  1688  7838
  5226 11120  3048 10067   940  9111 56934 56946 56935 56932  6151 14849
  4472  5804 56942 13349 56934  4562 14378 24409 56935  4472 56946 56932
 10621  5804 56942  4472 17001 17232 56931 56945 56945 56945 56945 56945
 56945 56945]
31 [ 5224   870 10067 10217  1447 11581 56932 56940 56946 56940 56946 56932
  1240  3623  1811 15023  2135  5224  9691  5226  4151  9001  4472 11120
   476  4472  2551  4562  5224 56946 56942  8957 56932  5226  3196 56932
 14260  5224  9541  4472  7037  1240 15410  5226  8302 56931 56945 56945
 56945 56945]
23 [ 4562  5224 14357 56946  3245  1396 56942 13098 56932 10611  8025 56932
  5224 10208 56946 56946 56933  5224  2792  4472  4151 14349  4472  4398
 56932  6099 56946 56933  5224  9283  8373  4472 15610  5226  7118 56932
 35011  9502  4472 54629 56932 10621  5224 14944  4472 56946 56932 14114
 56946 56931]
17 [15424  4343 56932 13242  7466 10067  5806 56932  4044   217  6151 11120
 25691 10291 14234  1925 23546  1727  5226  5224  9541  4472  6764  4472
 11120 15677  8897  4472 11120  8200  4472  8263 11211  5224  3612  4472
 14655  8292    28  5224 11255 13348  5226 13720 11662 56931 56945 56945
 56945 56945]
32 [ 5224  9080 13012   981   273  6151  8493 11303  4472   420  2185 14931
 11141 56932  5226  4151 11211  6950  9490  5951  2890  1601 56932  4562
  2890  5551 13396 56946  7956  2890  5576  4472   119 11211 11562 14931
  8555 11120 13030  4472 14496  6151  2529  5224 11211    85 13280  2890
  9579  4472]
12 [ 5804 11770 26348 10291  9703  5224 15316  4472  1131  4472  1877  4472
 13732 56932 13300 56932  5226  1231  6098 56932  4472 11211  5224  2623
  5240 56946 56931 56945 56945 56945 56945 56945 56945 56945 56945 56945
 56945 56945 56945 56945 56945 56945 56945 56945 56945 56945 56945 56945
 56945 56945]
