40 [11120 11464  6695  4472  2119  4472  4957 12297 12297  4562 14759  6151
 11120  6543 56946 10621  4559  2890 56946 12297 12297 10621  5224  6952
  4472 11120 10366 10067  5053 56946 56946 12297 12297 56946  4472 11120
  4351 10621 10674 56946 56946 12297 12297 56946  2890  6412  3047 12672
  5538 13396]
33 [ 5488   865  8373  4472  4151   420 12043  4472  3046 11211  2834  5224
  8876  7174  4472  3336 15629  6151  8676 11120  2496 17111  5226  5224
  2988  4472 11120 12613 56932 17774 13371 56940   555  7587 56940 56932
  6197 11211  5224 12684  4472  5488 12043  5240 13853 31990 13371 11120
  1105 13396]
9 [13396  6226   428 11117 15515  5224  5798  9599  4472  4487  4472 11120
  9584  4472 56942  2861 14260   915  2529  8493 13480 56932 12889  3260
  5226  1231  4584  1240 11122 15301 56931 56945 56945 56945 56945 56945
 56945 56945 56945 56945 56945 56945 56945 56945 56945 56945 56945 56945
 56945 56945]
29 [14931 11744 56932  5224  9591 13171  3269  4550  5240  5224 10729  4766
 10611 15686  4472 47233 56932  4884  5532  5240  8870 11211 11120  1781
  4472  5804  2237  4472 15590 10064 56946 56932  4562 11122 11211  5226
   424 13440  9379 14619  8540  2529  9251 28414   848 34922 56931 56945
 56945 56945]
