4 [ 6151 11120  3474 56932 56946 56932  1240 11120 56946 11120 13476  8311
 56931 56945 56945 56945 56945 56945 56945 56945 56945 56945 56945 56945
 56945 56945 56945 56945 56945 56945 56945 56945 56945 56945 56945 56945
 56945 56945 56945 56945 56945 56945 56945 56945 56945 56945 56945 56945
 56945 56945]
25 [ 5224  2625  4472  5264 56932 14341  4472 13897 56932  6306  6151  4151
 56942  4000 15227 56934 56942 11613 56935 56932  5226 11120  6256  8657
  4472 56946 20879 56932 12997  1925  5481  5432  4472 16149 56931 56945
 56945 56945 56945 56945 56945 56945 56945 56945 56945 56945 56945 56945
 56945 56945]
0 [ 2112 12650  2529  5224 15175  4472 15461  4472  5804 11360 10621 13554
  5224 27811 13371  5224 10792 56946   746  9591 56946 13822 15821 13396
  4151 56946  6157  3828  8150 13371 12140 15537   848  9521 46354 56932
  8263  5402  4472 14848 56932  8619 13822 56946  6151  5804  6580  4472
 13822 10876]
12 [11313  5240 11120  3474 13908  4472 11136 10429 10291  5224  9541 10067
  6212 56931 56945 56945 56945 56945 56945 56945 56945 56945 56945 56945
 56945 56945 56945 56945 56945 56945 56945 56945 56945 56945 56945 56945
 56945 56945 56945 56945 56945 56945 56945 56945 56945 56945 56945 56945
 56945 56945]
29 [ 9445 11211  5224  4188  9283  4472  5259  6922  5226 11120  4932  1586
  1240  3265  6151  7608  4472  5804 13349  1193  4472 11933 56932  5226
  4151    21  4472  3643 56932  1871 10621  3397 56931 56945 56945 56945
 56945 56945 56945 56945 56945 56945 56945 56945 56945 56945 56945 56945
 56945 56945]
31 [ 9445 11211  5224  4188  9283  4472  5259  6922  5226 11120  4932  1586
  1240  3265  6151  7608  4472  5804 13349  1193  4472 11933 56932  5226
  4151    21  4472  3643 56932  1871 10621  3397 56931 56945 56945 56945
 56945 56945 56945 56945 56945 56945 56945 56945 56945 56945 56945 56945
 56945 56945]
41 [ 9371 11211 11120  8001  5660  4472 11120 12031  7978 10067  5234 14357
  4472  3054 10621   965 10621  7423 10067   653  5226 11120  6255  2568
 56932  9390 56946 56932  1240   585  6151 11211  7706  2529  4332  4472
 10193  5226  5224 14239  4472 56946 56932 10621 11711  1231 14390  6151
 56940 11120]
35 [ 4151  6793  7523 13396  5224  7777 10246  1340 11211  1000  4562  5224
 12456  5530 10621  3036 56932  7956  6226  4151 13186  4472  4151  5425
  3865 56933 11120  9553  1205 56932 10621  5224 11627 10637  4472  2691
 56931 56945 56945 56945 56945 56945 56945 56945 56945 56945 56945 56945
 56945 56945]
0 [13182  5240  5224  7249  9925  4472 11120  4524 11992 11211  9929  4472
  9360  4472 14746 10291  5522  5226 13913 56932  5226  7415 12135 13396
  4151  4968  4472  4151  2983  3006 56931 56945 56945 56945 56945 56945
 56945 56945 56945 56945 56945 56945 56945 56945 56945 56945 56945 56945
 56945 56945]
22 [56946   732 11211  4151 12732 15121 11211  5224  7966  4868  6151  9687
  5226 11120  4932  8968  5224  1778  4472  4151 14633  4472  9557  4472
  4631 10621  9123 15049 10621  1231  4584   826 56931 56945 56945 56945
 56945 56945 56945 56945 56945 56945 56945 56945 56945 56945 56945 56945
 56945 56945]
16 [ 5224  4259  4472 11120  8767  4472 56946 56932 12781 10745 56932 16791
 15192 10067 10833  4472 56946 56932 18224  4758  9403 56946 56932  5065
 11120 23419  6151 11120 14508 10621  5666 56946 56932  9000  5534 11120
  7132  8356 11120  1056 10291  5231 11120 49989 56932  5224 10819   981
 11120  1618]
10 [10291  4201 11211 11120  6946  9712 13396  5224 15166  4472  2027  3511
  2370  5804  4140  5240  4472  7415 13748 56932 10598  4562  6281  6151
  4151 12314 56931 56945 56945 56945 56945 56945 56945 56945 56945 56945
 56945 56945 56945 56945 56945 56945 56945 56945 56945 56945 56945 56945
 56945 56945]
9 [ 5804  6185  4472  8285 10536  6151  2890  7600  4472 10477 11120  8471
  4472 11120 10514 56932 11211 12764  8946  4472 10634 56932 10954  4472
 12337 56931 56945 56945 56945 56945 56945 56945 56945 56945 56945 56945
 56945 56945 56945 56945 56945 56945 56945 56945 56945 56945 56945 56945
 56945 56945]
4 [ 3047  5224 17393  4472 56946 13841  6151  1231 14761 12297 12297  1925
  8871  5226  2890  1242 12297 12297 13371  8493 22383 13171 56946 11211
 13775 56933  9000 11122 14347  5240 11211  8666  5224  1926  4562    13
 12562 10621  9039  3082 56932  4562  5224 16090  4472  2890 29708 56931
 56945 56945]
0 [ 8655 56946  5240  9278  4472 11120  5332  9963 56931 56945 56945 56945
 56945 56945 56945 56945 56945 56945 56945 56945 56945 56945 56945 56945
 56945 56945 56945 56945 56945 56945 56945 56945 56945 56945 56945 56945
 56945 56945 56945 56945 56945 56945 56945 56945 56945 56945 56945 56945
 56945 56945]
