29 [ 5224 11390  9243  5226  1723 56932  3959 11486 56932   730 11211 11120
  5908  5226 11791 10861  5466  6151 11120  9819  3682 10621 14576 11120
   618 10611  1723 10621 12379  5452  5226   424  4667 56932 56946  5226
 13043 15488 56931 56945 56945 56945 56945 56945 56945 56945 56945 56945
 56945 56945]
11 [  424  3430 56932 11211  7780  7575 13371  6425 11120 12815  4472 13579
 56932 13280  3238  5226 11211  5804 56946  7329  4472  4151 14030  5226
 11791 10861   865 56940 12407 11357 56940 56932 10621 11211 56940  5224
 13789 10865  5953  6151  2529 28595  5226 13142 11211  3240 12046 13767
  8509  2890]
31 [ 5224  7450 56946 56932  5224 13723  4472 15370 11211  6172 10291 11148
 13396  5583  2890  3172 10471  5226  5224 13579 56932  7494  1076 12095
  2890 14555  1602  6151 11120 12815  4472 13579 10291 11211 56946 11120
 14564 13524  3046  4472  9390  2034 56931 56945 56945 56945 56945 56945
 56945 56945]
9 [ 4562 11120 11643  4472 11120 14564   226 10067  4174 13717  5226 56946
 56932  5224 56942  4472  8853 11255 56932  5224 56946 13261  5224  7249
 12074 11584  4472  5804  1322  5226  5224 15316  4472 11120 12885 10067
  4174 11211  5224  7966  4472 13732 12374  1925 13488  6809    55 56931
 56945 56945]
2 [ 5224  9307  4177  4472 12340 11449   425 14675  5226  2555  5224   270
  5226  8689  4472   381  3654 56934  3861 14131  4759  3144 56932 12578
  8183  9859 56939 56935 56932  4246  5226  5047 56932 11120  7253 14088
  4472  5441 12290 11211 13851  5904 15377 56931 56945 56945 56945 56945
 56945 56945]
3 [ 5224  9307  4177  4472 12340 11449   425 14675  5226  2555  5224   270
  5226  8689  4472   381  3654 56934  3861 14131  4759  3144 56932 12578
  8183  9859 56939 56935 56932  4246  5226  5047 56932 11120  7253 14088
  4472  5441 12290 11211 13851  5904 15377 56931 56945 56945 56945 56945
 56945 56945]
4 [ 5224  9307  4177  4472 12340 11449   425 14675  5226  2555  5224   270
  5226  8689  4472   381  3654 56934  3861 14131  4759  3144 56932 12578
  8183  9859 56939 56935 56932  4246  5226  5047 56932 11120  7253 14088
  4472  5441 12290 11211 13851  5904 15377 56931 56945 56945 56945 56945
 56945 56945]
14 [  261 56946  5240  5224 14555 22143  4472 11120  1500 11211  4550  6043
  5224 56946 10067  4174  5226 15168 10067  4793 12741 56931 56945 56945
 56945 56945 56945 56945 56945 56945 56945 56945 56945 56945 56945 56945
 56945 56945 56945 56945 56945 56945 56945 56945 56945 56945 56945 56945
 56945 56945]
15 [  261 56946  5240  5224 14555 22143  4472 11120  1500 11211  4550  6043
  5224 56946 10067  4174  5226 15168 10067  4793 12741 56931 56945 56945
 56945 56945 56945 56945 56945 56945 56945 56945 56945 56945 56945 56945
 56945 56945 56945 56945 56945 56945 56945 56945 56945 56945 56945 56945
 56945 56945]
20 [  261 56946  5240  5224 14555 22143  4472 11120  1500 11211  4550  6043
  5224 56946 10067  4174  5226 15168 10067  4793 12741 56931 56945 56945
 56945 56945 56945 56945 56945 56945 56945 56945 56945 56945 56945 56945
 56945 56945 56945 56945 56945 56945 56945 56945 56945 56945 56945 56945
 56945 56945]
27 [56940 11120 10244   848 11120 56946 22540  2890  2642 10621 13290  1240
  8902 14662 56940 56932  1040 56946 12297  5234   870 10067 24475  7143
 10621  5224 32128 18725 12297 13386 56932  1793 56932   668 11211  5226
  1936  1396 48794  4562 11120 14754 10067  7143 56931 56945 56945 56945
 56945 56945]
15 [   65 56942  5137 10621  2890  2041 10621   614  6260  5226  1231  6319
  4562  5224  1447  9390  4472 18296 10621  5226  1884  4562  5224 10619
 56931 56945 56945 56945 56945 56945 56945 56945 56945 56945 56945 56945
 56945 56945 56945 56945 56945 56945 56945 56945 56945 56945 56945 56945
 56945 56945]
16 [   65 56942  5137 10621  2890  2041 10621   614  6260  5226  1231  6319
  4562  5224  1447  9390  4472 18296 10621  5226  1884  4562  5224 10619
 56931 56945 56945 56945 56945 56945 56945 56945 56945 56945 56945 56945
 56945 56945 56945 56945 56945 56945 56945 56945 56945 56945 56945 56945
 56945 56945]
17 [   65 56942  5137 10621  2890  2041 10621   614  6260  5226  1231  6319
  4562  5224  1447  9390  4472 18296 10621  5226  1884  4562  5224 10619
 56931 56945 56945 56945 56945 56945 56945 56945 56945 56945 56945 56945
 56945 56945 56945 56945 56945 56945 56945 56945 56945 56945 56945 56945
 56945 56945]
42 [ 8503  4472  5804  6786   464  5226  5804 11211   753  3754  5240  5226
 11120  7210  4472 56940  4151 26461 56940 56932 14235  4151  2960  6118
 56932 11211  8455 11211  5224  2792  2828  7951  2890  3353 56946  4472
 11120 13450 11211 50341  6151 12379  5452  6151  1720  5224 56946 56931
 56945 56945]
31 [11415  1064 11211 11400  5226   119 15394  6179 10291 10677  5804  5836
  3803 56940  4562 13171  1970 56940 56932  6197 11211  5226  4151   420
  5839  2185  1240  1750  1925  1700  4151  2314 56932  9328  4472  6430
 10621  6822  1316 56932  3204  5226  5804 11211 56932  7868  5224 14479
 56932  5224]
34 [11415  1064 11211 11400  5226   119 15394  6179 10291 10677  5804  5836
  3803 56940  4562 13171  1970 56940 56932  6197 11211  5226  4151   420
  5839  2185  1240  1750  1925  1700  4151  2314 56932  9328  4472  6430
 10621  6822  1316 56932  3204  5226  5804 11211 56932  7868  5224 14479
 56932  5224]
35 [11415  1064 11211 11400  5226   119 15394  6179 10291 10677  5804  5836
  3803 56940  4562 13171  1970 56940 56932  6197 11211  5226  4151   420
  5839  2185  1240  1750  1925  1700  4151  2314 56932  9328  4472  6430
 10621  6822  1316 56932  3204  5226  5804 11211 56932  7868  5224 14479
 56932  5224]
38 [11415  1064 11211 11400  5226   119 15394  6179 10291 10677  5804  5836
  3803 56940  4562 13171  1970 56940 56932  6197 11211  5226  4151   420
  5839  2185  1240  1750  1925  1700  4151  2314 56932  9328  4472  6430
 10621  6822  1316 56932  3204  5226  5804 11211 56932  7868  5224 14479
 56932  5224]
44 [56940  1723  5172  4472 11120  2894  8493  8987  1870 11211  7780 11162
 11148  2890  7093 41135 56931   229 12407 10408 23910 11673 12673 13734
  6151 10025 10700 11211 13396 14324  7606  1240   746  8823 46069 16485
  4472  5487 13974 10067 16034  4472 11120  2551  1506 56940 56932  3120
 56931 56945]
11 [11120  9745  7861  8703 12135  4472  4151  7396  7453  4472 56946  3420
 56934 56946 56935 56932  8493 14082 11840  4998  5226   995 10067  2689
  6260 13396  5822  5226  1839 10468 56931 56945 56945 56945 56945 56945
 56945 56945 56945 56945 56945 56945 56945 56945 56945 56945 56945 56945
 56945 56945]
5 [ 5224   870 10067 10217  1447 11581 56932 56940 56946 56940 56946 56932
  1240  3623  1811 15023  2135  5224  9691  5226  4151  9001  4472 11120
   476  4472  2551  4562  5224 56946 56942  8957 56932  5226  3196 56932
 14260  5224  9541  4472  7037  1240 15410  5226  8302 56931 56945 56945
 56945 56945]
7 [11120  1147  1064 11211  5224  7966  4472 45431 10621 11120 11602 56932
 11211  2215  4151  3136 56932 16105    52 44123  6151 11120 13553 56931
 56945 56945 56945 56945 56945 56945 56945 56945 56945 56945 56945 56945
 56945 56945 56945 56945 56945 56945 56945 56945 56945 56945 56945 56945
 56945 56945]
37 [14931 11744 56932 11120  9028  7709  2529  2038 56932 11664 11120  6098
 20793 10611  5804 19426 10621 13996  5226   177  7312  5240 11211  6950
 11120  3852  4472  3433   671 56946  4151 12336 11295 10611 15232 10621
 12379  5452 56931 56945 56945 56945 56945 56945 56945 56945 56945 56945
 56945 56945]
6 [ 5224 12956  4472 10880  4472 14564   498 56932  5226  5051 56932 12492
   217  8493  2749  4472   420 11545  4472  9146 11211 56946 11120  1518
  4472 11120  8069  6151  7423 10067 11827  2067  1997 56931 56945 56945
 56945 56945 56945 56945 56945 56945 56945 56945 56945 56945 56945 56945
 56945 56945]
16 [ 5224  7992    85  6404  5226  5804  6537 15244 11211 15608   425 15221
  2861  5163 56932  2027  9581 56932  9987 56946 10621  9415 56931 56945
 56945 56945 56945 56945 56945 56945 56945 56945 56945 56945 56945 56945
 56945 56945 56945 56945 56945 56945 56945 56945 56945 56945 56945 56945
 56945 56945]
19 [ 5224  7992    85  6404  5226  5804  6537 15244 11211 15608   425 15221
  2861  5163 56932  2027  9581 56932  9987 56946 10621  9415 56931 56945
 56945 56945 56945 56945 56945 56945 56945 56945 56945 56945 56945 56945
 56945 56945 56945 56945 56945 56945 56945 56945 56945 56945 56945 56945
 56945 56945]
13 [ 5224  9750    85  4869  8373  3861 15083  5226 11120  9639  4472 12929
  4472  1041 15023   535  2890 14519  4562  3542  6151 13732 56931 56945
 56945 56945 56945 56945 56945 56945 56945 56945 56945 56945 56945 56945
 56945 56945 56945 56945 56945 56945 56945 56945 56945 56945 56945 56945
 56945 56945]
17 [11120 15822 12731  5226 47443 10621 14202  6151 11120 16824  4472  4151
 16168  4472 11120  7150  4472  1447 13662 38237 56932 11211  5226  5804
  5137 56942 19525  5226  5804  6537 56931 56945 56945 56945 56945 56945
 56945 56945 56945 56945 56945 56945 56945 56945 56945 56945 56945 56945
 56945 56945]
21 [ 3245 12200 13098  4472    38 13371  5513  6894 17899 10621  5513 56946
 56932  1793  4472 11120 32260  4472  5668  5226  2027 11569 56932  3972
 56946 56933 18748  4472 11120 14653 13371   261 56946 10621 11384 56946
 56933  5224  5234  4472 11120 13439 10621  7939 11103  9502 53582 56933
  6205 13371]
20 [13487  7782 15576  1925 56940  7415 36921 56940 56932 11211  8964  5529
 11211 56946    85 14814  5226 11120  6275  4472 16004 56934 56942 12297
 56942 56935 10621 11211  1240  8057  5901 13396  1231  8293 13466 10621
 11101 56931 56945 56945 56945 56945 56945 56945 56945 56945 56945 56945
 56945 56945]
11 [15083 10067 12679  7759  4472 11120  2809 56946  1132  5224  7347  1540
  4472 56946 56932 10621 13371  9379  8373 56932   473 10621  6256 56932
 14811 12758   425  1578 56932  5240  8931 11211  1240 31241  4562  8025
  1925  7261 56931 56945 56945 56945 56945 56945 56945 56945 56945 56945
 56945 56945]
12 [15083 10067 12679  7759  4472 11120  2809 56946  1132  5224  7347  1540
  4472 56946 56932 10621 13371  9379  8373 56932   473 10621  6256 56932
 14811 12758   425  1578 56932  5240  8931 11211  1240 31241  4562  8025
  1925  7261 56931 56945 56945 56945 56945 56945 56945 56945 56945 56945
 56945 56945]
13 [15083 10067 12679  7759  4472 11120  2809 56946  1132  5224  7347  1540
  4472 56946 56932 10621 13371  9379  8373 56932   473 10621  6256 56932
 14811 12758   425  1578 56932  5240  8931 11211  1240 31241  4562  8025
  1925  7261 56931 56945 56945 56945 56945 56945 56945 56945 56945 56945
 56945 56945]
