8 [ 5224  9919  2610  4472 11791 10621 11627 56934  7587 56943  2755 56935
  4472  4151  8373 14164 49104  3387  6151 56942 11804  4472  5699 56931
 56945 56945 56945 56945 56945 56945 56945 56945 56945 56945 56945 56945
 56945 56945 56945 56945 56945 56945 56945 56945 56945 56945 56945 56945
 56945 56945]
15 [56940  5240  3058 56932  9000  3260  5240 15526 56940 56932 10376  5226
  8493   989  6151 14601 56946 56931 56945 56945 56945 56945 56945 56945
 56945 56945 56945 56945 56945 56945 56945 56945 56945 56945 56945 56945
 56945 56945 56945 56945 56945 56945 56945 56945 56945 56945 56945 56945
 56945 56945]
5 [ 5224 14399  1543  1793 11211  9486  2151 15145 11120  2796  3091 10067
  3612 56931 56945 56945 56945 56945 56945 56945 56945 56945 56945 56945
 56945 56945 56945 56945 56945 56945 56945 56945 56945 56945 56945 56945
 56945 56945 56945 56945 56945 56945 56945 56945 56945 56945 56945 56945
 56945 56945]
26 [13371 12650  2529  7485  5226 13478  5804  8263 56932 27780  3245  1240
  8640 56932 12889  4562 11120  1056 14082 56932  4472 11211  5224 14847
  4472  1231  8782   582 12735 10291  2529  4569  6151 11120   455  2861
 56940 12764  7703  8938  2890  5995 12407 28196 11664 22393  4472  5307
 56932  9000]
1 [11669  9102 14453  1200   425  8818  6151 13732 56932 10291 13135  1296
  1925 56946 14931  2890  6949  3338 56932  9000  6947  5226  1231  7508
  4472  3825  5199  5286 56931 56945 56945 56945 56945 56945 56945 56945
 56945 56945 56945 56945 56945 56945 56945 56945 56945 56945 56945 56945
 56945 56945]
30 [13396    19 12135 56932 15648 11211 11120  4194  4472  2955  1756  6151
  8782  1240   582  6151 11211  1231 12754 10569 56932  5224 56946 56932
 17436  5226  7898  5318  4562  5224 25011  1756 56932    13 10569 11211
  7053 17906 13767  5226 56942 56931 56945 56945 56945 56945 56945 56945
 56945 56945]
10 [ 9000   425  9287 56932  4472 12121 47056 11211   494  5226 56946 19311
  4562  5224  3612 14749 56932  9929 14184  5224  6216  6151  1231  2928
  4562  2890  9214  5226  2732 56931 56945 56945 56945 56945 56945 56945
 56945 56945 56945 56945 56945 56945 56945 56945 56945 56945 56945 56945
 56945 56945]
17 [11120  9745 12764 10272  5224 14906  4472 11120 14397  5226  9042 19164
 56932  9000  5224   413 56940  4676  7741  4784 56940 32736 56940  8373
  6118 56946  4562 11120 13450 56940 11211 14235 11211 11120 13107  1240
  8209  6151 13011  4472 12921  5226 11673  9212 56931 56945 56945 56945
 56945 56945]
3 [ 5224 14357  4472  3293 11979 11122  9021  4562  4151  2762  1925 20233
  5226 10644  6319  4472 56940  2890  9591 45038 10291  5224 10042  4472
  1723 10621 56932  7956  6226 56932 10067   653  5769 56940 56931 56945
 56945 56945 56945 56945 56945 56945 56945 56945 56945 56945 56945 56945
 56945 56945]
13 [ 7868 11499 14106  5226  1668  4472  2858 56932 11122 13171  4415  4472
   425  8665 12764 15593  5240 11211 56940  7780  8192  6891 10621  2183
  5217  5224 12754 14358 56932  4562  6270 10621 10076 13371  1088  4121
  4472   425  4687  5226 11120 11211 12764   746 12490  5226  4303  4472
  5804  7025]
12 [10291  5224 13437  4472  8567  5226  4487 56932  5224  5139  6151 11120
  8665  8946 11120  7253   661 11211  4413  6188  5224   653  1633  5224
  8716  4472 11120  5997 10067 10386  2355 10621 11120 14053 11211 11120
 12673  2967  5226  5804 15544 56931 56945 56945 56945 56945 56945 56945
 56945 56945]
12 [ 5611 10295 56932 11211  5151 13817  7060 13371  8362 56932 56946 56932
  2906  3089 56932 14601 56942 56932 14601  5076  8723 56942 56932   579
 10621  6471 56932  7494  5226 15316  3245  1920  2890 14601 10435 12520
  5226  5138 56932  1793  4472    13 13843  6151  5804 13379 10067 14847
 56931 56945]
23 [ 5611 10295 56932 11211  5151 13817  7060 13371  8362 56932 56946 56932
  2906  3089 56932 14601 56942 56932 14601  5076  8723 56942 56932   579
 10621  6471 56932  7494  5226 15316  3245  1920  2890 14601 10435 12520
  5226  5138 56932  1793  4472    13 13843  6151  5804 13379 10067 14847
 56931 56945]
1 [11120 13445  4472  1925 56946 56932  7442  3245   545  4472 11120 10365
 11272 56932  7780  8109  4151   698 10067 15063  2782  2861 10067  5071
  5226 11120 12077  4472  1539  1240  7780  6260  6151  7584 11039 11211
  5226  2890  2689  1240   746 12940  4151  4232  4472 56942  2709 10621
 56942 56946]
9 [ 5224 14139  9517  4472 13732  7951 12948  1231  8614 12176  9422 56932
  8493 11311  6119 10291  5231  5224  2689 56942  4562 12672 13171 11211
  8493 10506  7505  4472 10150 56931 56945 56945 56945 56945 56945 56945
 56945 56945 56945 56945 56945 56945 56945 56945 56945 56945 56945 56945
 56945 56945]
1 [ 5224 19905 56932 11211  8600 11120   967 10067  4842  4472  4151 17358
 56946  4472  4151 14729  6382 56932  9612 14931 10314  6151 56942 13349
 56931 56945 56945 56945 56945 56945 56945 56945 56945 56945 56945 56945
 56945 56945 56945 56945 56945 56945 56945 56945 56945 56945 56945 56945
 56945 56945]
5 [15083 13512  5804   649  4472 13424  9121 56932  4151  4822  9330 10621
 56932 13498 56932  4151 11582 56932 11211 12764   865  4151   514 11308
  1365 13587 13396  5140 56932 10954  4151 14218 12764  7873 56931 56945
 56945 56945 56945 56945 56945 56945 56945 56945 56945 56945 56945 56945
 56945 56945]
8 [ 5217 11211  1240 12098  6151  2135 17441  4562  6273 50638 56932  2067
 55193  7780  8192  8503  4472  5804 14650 10067 14555  8285 11211 56932
  5226   919   661 56932  1240  7780 56946 13171  6151  5804  4472  4693
 56931 56945 56945 56945 56945 56945 56945 56945 56945 56945 56945 56945
 56945 56945]
37 [ 8373  4472  5488 21263 56932  1925  8871 56932   865 10067  7944  3910
 10621  1240  9567  2518  5226 11120 12135 11379 10621 12506 56932  8170
 56932 10067  5960 13171 13187 10621 11519 56932 15311  4562  5224  4136
  4472 44288 56931 56945 56945 56945 56945 56945 56945 56945 56945 56945
 56945 56945]
3 [ 1240  6760 10067 56946 11199  8970 15455  6959 56932 13342 13396  8373
 13618 56932  6235 56946 10621 14552 56946 56932 10067   988  9671  3750
 56932 12614  6151 11120  6275  4472  8483 56931 56945 56945 56945 56945
 56945 56945 56945 56945 56945 56945 56945 56945 56945 56945 56945 56945
 56945 56945]
35 [13822 13618 10916 56946 11120 13107  4472 16161 56946  4472  8920  4472
 11120 10162 56932 56946 56932 37897 10621 10025  1046 11086 56932 11211
 56932 24280  5226  4151  9601  7747 29939 13927 12297 56942 10621 13927
 12297 56942 56932   209    52 56946 13396  1901  5224  5285  4472 11120
 12615 56931]
