15 [ 5224 10249 12624 11633   425  4670 15023  5224   900 11211  3315 12948
  1925 17521 10067 17899  5226  5224  6812  4472 36445 56931 56945 56945
 56945 56945 56945 56945 56945 56945 56945 56945 56945 56945 56945 56945
 56945 56945 56945 56945 56945 56945 56945 56945 56945 56945 56945 56945
 56945 56945]
13 [11664  4518 56932 11372  4855  8399 13396  4397  5226 11120 15100 12112
  4472 56946 56932  1240 20981 25063 56932 18419 56931 56945 56945 56945
 56945 56945 56945 56945 56945 56945 56945 56945 56945 56945 56945 56945
 56945 56945 56945 56945 56945 56945 56945 56945 56945 56945 56945 56945
 56945 56945]
16 [ 2112 12650  2529  5224 15175  4472 15461  4472  5804 11360 10621 13554
  5224 27811 13371  5224 10792 56946   746  9591 56946 13822 15821 13396
  4151 56946  6157  3828  8150 13371 12140 15537   848  9521 46354 56932
  8263  5402  4472 14848 56932  8619 13822 56946  6151  5804  6580  4472
 13822 10876]
34 [ 4562 11120 11643  4472 11120 14564   226 10067  4174 13717  5226 56946
 56932  5224 56942  4472  8853 11255 56932  5224 56946 13261  5224  7249
 12074 11584  4472  5804  1322  5226  5224 15316  4472 11120 12885 10067
  4174 11211  5224  7966  4472 13732 12374  1925 13488  6809    55 56931
 56945 56945]
36 [13744  4327 56932  2890  6239  1604  4472 56942  5137 12873 56934  4472
 14505 14435 11120  9503  4472  8493  1216  1925 56946  2890  1852 13139
 56935 56932  7780  8192  5224 11685  4472 11120 10316 10291 10442  4472
 10665 12845 56932  9367 11211  8509   420  9939  7780  8628 11120 13699
 56932 12889]
4 [  425 14675 56932  5226 56946 56932 56946  1231 22304  4562  5224 15038
  4472  2890 15832 56931 56945 56945 56945 56945 56945 56945 56945 56945
 56945 56945 56945 56945 56945 56945 56945 56945 56945 56945 56945 56945
 56945 56945 56945 56945 56945 56945 56945 56945 56945 56945 56945 56945
 56945 56945]
9 [ 5224  9243 18024 54591 14773  5226  1231  1800  5226 22947  4562  2890
 56946 56932 56946 10621 56946  1633  5224  6897 56946 56946 10621  5226
 11120  8458  4472  2858  5816  1240  8944  6151 11120 14754  7582 13396
  5804  3947 12140 12338 10621  4345  1725 56932 11211  6151  1231  5995
  1240  7780]
