Cargando casos de entrenamiento...
[1 0 0 0 0 0 0 0 0 0 0 0 0 0 0 0 0 0 0 0 0 0 0 0 0 0 0 0 0 0 0 0 0 0 0 0 0
 0 0 0 0 0 0 0 0 0 0 0 0 0 0 0 0 0 0 0 0 0 0 0 0 0 0 0 0 0 0 0 0 0 0 0 0 0
 0 0 0 0 0 0 0 0 0 0 0 0 0 0 0 0 0 0 0 0 0 0 0 0 0 0 0 0 0 0 0 0 0 0 0 0 0
 0 0 0 0 0 0 0 0 0 0 0 0 0 0 0 0 0 0 0 0 0 0 0 0 0 0 0 0 0 0 0 0 0 0 0 0 0
 0 0 0 0 0 0 0 0 0 0 0 0 0 0 0 0 0 0 0 0 0 0 0 0 0 0 0 0 0 0 0 0 0 0 0 0 0
 0 0 0 0 0 0 0 0 0 0 0 0 0 0 0 0 0 0 0 0 0 0 0 0 0 0 0 0 0 0 0 0 0 0 0 0 0
 0 0 0 0 0 0 0]
Cargando casos de prueba...
[0 1 0 0 0 0 0 0 0 0 0 0 0 0 0 0 0 0 0 0 0 0 0 0 0 0 0 0 0 0 0 0 0 0 0 0 0
 0 0 0 0 0 0 0 0 0 0 0 0 0 0 0 0 0 0 0 0 0 0 0 0 0 0 0 0 0 0 0 0 0 0 0 0 0
 0 0 0 0 0 0 0 0 0 0 0 0 0 0 0 0 0 0 0 0 0 0 0 0 0 0 0 0 0 0 0 0 0 0 0 0 0
 0 0 0 0 0 0 0 0 0 0 0 0 0 0 0 0 0 0 0 0 0 0 0 0 0 0 0 0 0 0 0 0 0 0 0 0 0
 0 0 0 0 0 0 0 0 0 0 0 0 0 0 0 0 0 0 0 0 0 0 0 0 0 0 0 0 0 0 0 0 0 0 0 0 0
 0 0 0 0 0 0 0 0 0 0 0 0 0 0 0 0 0 0 0 0 0 0 0 0 0 0 0 0 0 0 0 0 0 0 0 0 0
 0 0 0 0 0 0 0]
Compilando red...
____________________________________________________________________________________________________
Layer (type)                     Output Shape          Param #     Connected to                     
====================================================================================================
main_input (InputLayer)          (None, 50)            0                                            
____________________________________________________________________________________________________
aux_input (InputLayer)           (None, 50)            0                                            
____________________________________________________________________________________________________
embedding_2 (Embedding)          (None, 50, 50)        2847350                                      
____________________________________________________________________________________________________
embedding_1 (Embedding)          (None, 50, 5)         500                                          
____________________________________________________________________________________________________
concatenate_1 (Concatenate)      (None, 50, 55)        0                                            
____________________________________________________________________________________________________
conv1d_1 (Conv1D)                (None, 46, 300)       82800                                        
____________________________________________________________________________________________________
global_max_pooling1d_1 (GlobalMa (None, 300)           0                                            
____________________________________________________________________________________________________
dense_1 (Dense)                  (None, 300)           90300                                        
____________________________________________________________________________________________________
activation_1 (Activation)        (None, 300)           0                                            
____________________________________________________________________________________________________
dense_2 (Dense)                  (None, 229)           68929                                        
____________________________________________________________________________________________________
softmax_layer (Activation)       (None, 229)           0                                            
====================================================================================================
Total params: 3,089,879.0
Trainable params: 3,089,879.0
Non-trainable params: 0.0
____________________________________________________________________________________________________
Entrenando...
Train on 187097 samples, validate on 40979 samples
Epoch 1/20
85s - loss: 0.7462 - acc: 0.8126 - val_loss: 0.4456 - val_acc: 0.8803
Epoch 2/20
85s - loss: 0.2955 - acc: 0.9183 - val_loss: 0.4057 - val_acc: 0.8922
Epoch 3/20
85s - loss: 0.1684 - acc: 0.9511 - val_loss: 0.4461 - val_acc: 0.8912
Epoch 4/20
85s - loss: 0.0924 - acc: 0.9728 - val_loss: 0.5088 - val_acc: 0.8896
Epoch 5/20
85s - loss: 0.0525 - acc: 0.9841 - val_loss: 0.5938 - val_acc: 0.8874
Epoch 6/20
85s - loss: 0.0322 - acc: 0.9902 - val_loss: 0.6762 - val_acc: 0.8816
Obteniendo metricas...
