[14, 11] [ 5224  5322  4472 11120  8755  1912 56932 16037 14783 56946 56932  1240
  3623  5545  6151 11120  4687  4472  6952  4472  5804  3859 10621  7620
 13171  4518 13396  5224  5858  4472 46789  5224 56940 39584 56940 16352
 56931 56945 56945 56945 56945 56945 56945 56945 56945 56945 56945 56945
 56945 56945]
[35, 31] [ 7868  5224  9230 56932  1352  7494 13822 12043 10291  9543 11120 13141
 56932 11211 12669 51018  4562 11120  3933 10067  7538 11343  5432 56934
  1403 56935 11211  1240 12680  5226  1352 10621 11211   373 18122 13396
  5224  9283  8373  4472   424 11925 16709  6282 56931 56945 56945 56945
 56945 56945]
[18, 15] [12049  7422  5226  1884 56932  5226  1231  7802  5226 11120 56946 56932
 10621  5217 13487   746  8449  7096 16664 56931 56945 56945 56945 56945
 56945 56945 56945 56945 56945 56945 56945 56945 56945 56945 56945 56945
 56945 56945 56945 56945 56945 56945 56945 56945 56945 56945 56945 56945
 56945 56945]
[16, 13] [ 5224 11757 13469  3924  4562  5224  3280 11211  1231  7132 10621   160
  4188 30194  4472 14407  4472 10281 56932 18413  6151  1231  8909  9102
 56932   977 11120 14035  4472  5804  4679  4055  4472  2732 56932  3828
  8824  2478 11120  5265  4472  9214 24929  5226 56946  9000  5226   195
 11117   746]
[26, 21] [ 6151   424 15058 56932  5224  9230  4472 14299 56932  3261  2435 56932
 15005 12948  4472 11211  5224 11211 12764  1240 56946 56940  6667  4151
  3336 56946 11211  5224  7581  7780  1076 56940 56931 56945 56945 56945
 56945 56945 56945 56945 56945 56945 56945 56945 56945 56945 56945 56945
 56945 56945]
[11, 9] [ 9000  5217 11211  1240  3159 11211  1231 10773  3474  7494  3753 13010
  4472    52  1100 56946  5226  5224   887 56932  5804 13171 56946  1340
 11120  7811  2612 10291  4201 11211 13290  5240  4472 10409 56932 11372
  5226  5224  1702  4752 11372  4550 56931 56945 56945 56945 56945 56945
 56945 56945]
[24, 18] [ 5804 15646 13526 11211  5224  9185  5226 11120  6098 10468  6151 15276
  4472 56940 40019 56940 56934 56946 56935  1240   582 56932 10996 56932
  1925 14384 16500 10611  1231   611 10621 11120 10067 11211   375  2792
  5217 11120 10365  4472  9515  4472 11120 15386  7430 15512 13346  5226
 56942 56932]
[14, 11] [56940  5224  8716 10067  8254  4472 14653  2307  5804  4236 56932  2940
  6151  2259 12732  4472   392 10621 11910  6151 11120 12643  4472  8219
  4472  5566 11211 56946  6786   692  1357 10621  7176 11120 16469 10067
  7973 56940 56932 12828 56946 56931 56945 56945 56945 56945 56945 56945
 56945 56945]
[13, 10] [ 2034  8902 12543 13171  3073  6151  3667 12333 56932  6151 13386  4075
  7423 11100 56932  1793  4472  3676 56931 56945 56945 56945 56945 56945
 56945 56945 56945 56945 56945 56945 56945 56945 56945 56945 56945 56945
 56945 56945 56945 56945 56945 56945 56945 56945 56945 56945 56945 56945
 56945 56945]
[16, 12] [13744  4327 56932  2890  6239  1604  4472 56942  5137 12873 56934  4472
 14505 14435 11120  9503  4472  8493  1216  1925 56946  2890  1852 13139
 56935 56932  7780  8192  5224 11685  4472 11120 10316 10291 10442  4472
 10665 12845 56932  9367 11211  8509   420  9939  7780  8628 11120 13699
 56932 12889]
[37, 33] [11120 13902  4472 11120  3806  5240  2890  6997  7932  4472 13933  5804
 12379  1340  8493  2507  4472 11752  5432 56932  5226 13554 11211 10291
 56946  8493 13450 11211  7709  8795  6151 10025 12379 56932  1240  1013
  2701  6151 56946  1633  5804 14304  7329 13901 11211 56946  8493 15459
 11211  5226]
[24, 21] [ 5224 14479  7948  7780  3805 11211 13822  5574 10308  6151  2919  4562
  5224  7667  4472 56940  3886 56940 56932 15083  4472    52 12559 56946
  4472 11120  8200  4472  8263 56931 56945 56945 56945 56945 56945 56945
 56945 56945 56945 56945 56945 56945 56945 56945 56945 56945 56945 56945
 56945 56945]
[22, 19] [ 5804  6523 11511  4331   217 56932  8788 56932 13649  7809 10067  5302
 11730  9243  9522 56946 56932  5226  4151 11211 11979 13371  2890 56940
 14687 11386 56940 11120  7361 10067 56946  7513  6151  5352 10246 56932
  4670 11211 56932   730 56932  7175 14843  2890 56940 14606 11279 56940
  5226 11120]
[45, 37] [14190 11122 13171  9329 11211  5224  1782  4472 11120  3474 10643  4472
   653 56932 11211   373  1925 13344  4472  2890 13723  4472 56942  1416
 56946 10621  4562 11401  4472  9761 56932  5856 10785  5226 11120 12759
  1976 56932 11211  5240  3828  1240  1340 11211 11872  4151 11159 12230
 56931 56945]
[12, 13] [ 1346 11211  5226 14134   753 56942  2140 11779 56932  9453  4472 11120
 11211  3477 13649  7381 11804  4472  8155 56932 11397 11120 14602  4472
 11120 13553  4472   425  2204  5026 56931 56945 56945 56945 56945 56945
 56945 56945 56945 56945 56945 56945 56945 56945 56945 56945 56945 56945
 56945 56945]
[37, 31] [56946 56932  4884 14623  5151 10766  5226 19650  5226  5804 12379  4472
  1446  3673 10621  8463 56932 15648 11211 56932 13396  5804 13961 15064
  4472  8787  5226  5804 10700 14404 56932  1352  5240  8503  4472  5804
  6786 11211  7494  6604  2448 10291  2529    79 10611 14724 10621 13330
 56931 56945]
[21, 17] [ 3245 56946  6151 11120 56940  2176 15459 56940  4472 11120 15284 10468
 20416 56932  6151 11120 11211  6005  4472 12208 25224  6151 11120 14294
  4472  4004  5534   424  3900  4870  6151  9687  8493 13384  4472 11120
 12673 56931 56945 56945 56945 56945 56945 56945 56945 56945 56945 56945
 56945 56945]
[24, 25] [ 5226 14923  3719  3306 56932 15201 56932 12889  5226 11120  4932   865
 30669 11071 26962 10611  1163 15226 10621  9529 56932 56940  6151  4151
 11211  4365  4472 56946 56940 56931 56945 56945 56945 56945 56945 56945
 56945 56945 56945 56945 56945 56945 56945 56945 56945 56945 56945 56945
 56945 56945]
[20, 18] [10513 56932 12024  4136  5240 56943 56932  2216 12002 11149  8606 10291
 56946  5226  5224 43535 56932 11664 21905 11211 12015  1373 40854 11120
  8134 56931 56945 56945 56945 56945 56945 56945 56945 56945 56945 56945
 56945 56945 56945 56945 56945 56945 56945 56945 56945 56945 56945 56945
 56945 56945]
[33, 29] [15083  4472   420  7134  4472  8306 28081 34134 13396 11120  6488 10621
  5224 56946 56932 16762 14970  6151 56946 56946 56932  2890  6695 10621
  2411  1782 11427 11211  5217 13330  7494 11120 36753   627  4472 10530
 11120 12031 10621 11120  3806  4472   425  2204  5217  1231 12695 56931
 56945 56945]
[46, 42] [56940 11120  8879 12764  5240 12672  6205 13371  5224 44537 11211   373
 12752 56932 10954 11211  5240 12135 10067 13496  4472 11120  3806 56931
  1233 11120 14602  4472 11120 13553 12731  5226 13450  4472  8879 10621
  4472  8596 56942 11804  5226 10960  8879 14067 11211  5529  5488  8155
 12764  8540]
[6, 3] [13290  7494 11120  5807  4472  9473  6151 11120 11436 12759 56932  9000
  6226  5224  1926  3686 16972 11120  3778  4472  2135  4151 15746 11211
 11117  5559 56931 56945 56945 56945 56945 56945 56945 56945 56945 56945
 56945 56945 56945 56945 56945 56945 56945 56945 56945 56945 56945 56945
 56945 56945]
[23, 18] [ 5804 10787  3618  4472 11280  1240 12211  6151 13132  2370  5804 14331
 10067 10386   201 56932  6151  5804 11211  4404  4472    52 10092  5804
 15505  4472  3433 56946 56931 56945 56945 56945 56945 56945 56945 56945
 56945 56945 56945 56945 56945 56945 56945 56945 56945 56945 56945 56945
 56945 56945]
[15, 14] [ 5224  8614 15591  8493   989  4562  9810  7418 14790 56932  4890 13676
  7379 56932 10621  6086 10561  5226 11120 15489 56932  4146 13822  2285
  4562  7678  4472 11120  6855  4472  3667 14114  8568  6151 15232 56932
 10621  5224 12687 10067  6581  4562  3433   671 56931 56945 56945 56945
 56945 56945]
[39, 29] [ 4758 13529  8443  4472   671 56932 42069 10067 16772 56932  1040 12948
 11211  5804 10333  1240 56946 10067 56942  4472 14724  1925 56942  4472
 11966 56932 56942  3861 13171  4472 11122  7485 56932 10621 11211  5224
 12684  5240 10021  5224  9283  4472  8330 56934 10611   366 10621  8752
 56935  4161]
[4, 2] [10545 11211  5240 56940  9918 56940 11211  8509  5804  4393  9939  5224
  4942  1452  8503  4472  5804  8390  4472 11120  8728  5226  5224  6319
  5692 56932  1346  5804  2347  4472 14524  7668 10621  4472  4758 10958
  9775  4472 36820 56932 10621 19618 11211  1793  4472  9379   949  5804
  9532 15468]
[25, 21] [ 5224  2792  4472  5822 56932  3667  6291 56932  4125 12948 12407  1006
 13396  5224  3321 10067  1034 15164 14552 56946 56932  1925 11211 17497
 56940 10644  9802 56940 56931 56945 56945 56945 56945 56945 56945 56945
 56945 56945 56945 56945 56945 56945 56945 56945 56945 56945 56945 56945
 56945 56945]
[22, 20] [13732  8783 13649 15354  4472  7590 11929  2157 56934 10611  5224 56946
 10621  5224 56946 56935 56932  7795 11211  2386   951  6151 11120  3832
 10067 10386  4472 12764  1042   570  4562 11120 11066  4472   863 56931
 56945 56945 56945 56945 56945 56945 56945 56945 56945 56945 56945 56945
 56945 56945]
[7, 4] [ 7868  9535 56932  4151 10633  1925   315  4472  4151  5581 14241 16385
  5804 56942 11804 10621  5226  2890  2689 10621  5609  1240   746  8806
 10555  4472  4803 13396 56942 11804 56931 56945 56945 56945 56945 56945
 56945 56945 56945 56945 56945 56945 56945 56945 56945 56945 56945 56945
 56945 56945]
[19, 17] [ 5224  5244 12015  4653 56946 10621 15317 56932 56946  9068  5901  1343
  4472  5804  3692 11211  1240  1013 12571  1925  2821  6363  4472  1638
  6151  8503  4472 13822  7864  2861 56940 56936 11267  7780  4472  2529
 56932 11267  7780  4472  2529 56932  6086 14271 56937 56940 56931 56945
 56945 56945]
[21, 17] [ 5224  5244 12015  4653 56946 10621 15317 56932 56946  9068  5901  1343
  4472  5804  3692 11211  1240  1013 12571  1925  2821  6363  4472  1638
  6151  8503  4472 13822  7864  2861 56940 56936 11267  7780  4472  2529
 56932 11267  7780  4472  2529 56932  6086 14271 56937 56940 56931 56945
 56945 56945]
[5, 2] [ 5224 16122  5953  6151 16799 11120  6471  4562 11120 14433 10621  4151
  2452 56932 56946  5226 12135  4472 11120 17311  5012  4472 11120  6685
 56933  9000  4161  5804 15721  4752 10621 15723 12764  1240 18798  1862
  5226  5224   175  4472  6471 13371 12297 11055 10067  2597 12297 10621
  7976  7945]
[4, 2] [11120  1748  5240 11211 13290  5762 12889 12764  1240  7709 23910 11211
  5534  1200  5224  4981 13478 19456 11673  3852 13137 11211 12171  8156
  1532 11372 42108 56934  4195  5804 28362 56935  9000 11211 13478 56932
  8355  5804 28362 56932 11292  6151  9687  4562 11120  4188  1502 56931
 56945 56945]
[7, 4] [ 5226  9068  3719  1240  9490  4492 13256  4472 11120 15675  8494 10067
 28437 56932  9000  4550 56932  5534 11120 28240  4472  9068  3280  1240
  9490 54807  9198  6151  9198  5226  5224 13499 10067 11554 56932 13441
   420  5137  4472  7626    20 56932  1240  9490 14068  6197  6151 11211
  4151  3765]
