[30, 26] [ 5224  5322  4472 11120  8755  1912 56932 16037 14783 56946 56932  1240
  3623  5545  6151 11120  4687  4472  6952  4472  5804  3859 10621  7620
 13171  4518 13396  5224  5858  4472 46789  5224 56940 39584 56940 16352
 56931 56945 56945 56945 56945 56945 56945 56945 56945 56945 56945 56945
 56945 56945]
[24, 23] [  424  3430 56932 11211  7780  7575 13371  6425 11120 12815  4472 13579
 56932 13280  3238  5226 11211  5804 56946  7329  4472  4151 14030  5226
 11791 10861   865 56940 12407 11357 56940 56932 10621 11211 56940  5224
 13789 10865  5953  6151  2529 28595  5226 13142 11211  3240 12046 13767
  8509  2890]
[10, 8] [ 5804  6523  8153  4472  3637  1240  8588  5226  8663 13554  5859  6151
 13822  8721 13371 11120 12759 15107 56931 56945 56945 56945 56945 56945
 56945 56945 56945 56945 56945 56945 56945 56945 56945 56945 56945 56945
 56945 56945 56945 56945 56945 56945 56945 56945 56945 56945 56945 56945
 56945 56945]
[27, 25] [ 5224 11757 13469  3924  4562  5224  3280 11211  1231  7132 10621   160
  4188 30194  4472 14407  4472 10281 56932 18413  6151  1231  8909  9102
 56932   977 11120 14035  4472  5804  4679  4055  4472  2732 56932  3828
  8824  2478 11120  5265  4472  9214 24929  5226 56946  9000  5226   195
 11117   746]
[18, 16] [ 5224 14573  4472  5814 10621  5804 10624  4472  4151  8929  4472  8285
 14722  4151 14373 10291  9514  2890 14399 11211  4106 11263  5224 14555
 12886  4472  5804 14650 56931 56945 56945 56945 56945 56945 56945 56945
 56945 56945 56945 56945 56945 56945 56945 56945 56945 56945 56945 56945
 56945 56945]
[6, 6] [ 5226  1156  6151 10442 56932 11120 13107 12210  8666  5224 56946 56932
  8630 11211  5226  4049  1240  5821  2890 12362 10067 56946  5226 11669
 12675 11762 56931 56945 56945 56945 56945 56945 56945 56945 56945 56945
 56945 56945 56945 56945 56945 56945 56945 56945 56945 56945 56945 56945
 56945 56945]
[6, 6] [ 5224 14399  1543  1793 11211  9486  2151 15145 11120  2796  3091 10067
  3612 56931 56945 56945 56945 56945 56945 56945 56945 56945 56945 56945
 56945 56945 56945 56945 56945 56945 56945 56945 56945 56945 56945 56945
 56945 56945 56945 56945 56945 56945 56945 56945 56945 56945 56945 56945
 56945 56945]
[42, 39] [ 8025 12013 11211  7397 12764   753 13171 20983 11211 11120  4472  2890
  3612 11211 12764   154 56932  2890 24973 10067  7811  9215 11211 12764
  2669  4472 56946 56934 15590 10044 46062  6151 13469  4472 56946  5224
  3612  4472  8756 10291 56946  2890 56946 11211 12764 31541 56935 10621
  2890 14479]
[38, 35] [10624  4472 11120  9849 10621 10067  9489  9538 12948  5224  2445 56932
  4472  2159   824 56932 11211  1240  3734  4562    19   694  3269  2861
  5224 28455 10067 15387  8967 11729 56745 56932 12407  8041 56932 10291
  8678  8493 12135  5226 15743 56932  5331  5224 11211  1240 34505  2890
   742 56932]
[13, 11] [ 5240  9918 11211 56932  6151 11120 12623   848  6151 11120  2038 56932
   425 13455 37077  6667 11211 22742  5226  8493 11851 12031 10621 11211
  5666  6950  6021 31910  5226  5224 38507  4472  8493  5500  1903  6151
 11120 13553 56946 56931 56945 56945 56945 56945 56945 56945 56945 56945
 56945 56945]
[28, 27] [ 1925  6117  4472 11211 56932 13371 13478 56932   746 40762  4472   683
  3861  4472 12413 56932 15567   861 10621 56946  7053   752  5226 27852
  4562 11122 11211 11673 12267  2986 13171 11211 43667 56931 56945 56945
 56945 56945 56945 56945 56945 56945 56945 56945 56945 56945 56945 56945
 56945 56945]
[18, 16] [ 9939  4693  4472  1231 39617 56932 14016  2332  5224 14399 56932 11211
 23162    65 13371 12684 14875 11120  7465 21259 56931 56945 56945 56945
 56945 56945 56945 56945 56945 56945 56945 56945 56945 56945 56945 56945
 56945 56945 56945 56945 56945 56945 56945 56945 56945 56945 56945 56945
 56945 56945]
[31, 26] [11120  5319  5066  6197  7780  8628 54004  3348  6151  2983 15090  4472
 14678  9391 13396  1723  2370 10867 14781 56932 12889  5666  6950  6021
  2529 56946  5534  4959  5226  5754  1231  9860  6151  5544  5137  4472
  4123 56931 56945 56945 56945 56945 56945 56945 56945 56945 56945 56945
 56945 56945]
[34, 32] [13396 13676 56932 12321 13382 11211  8493 11851 10291  9543  5224  8844
  6480  9322 10067  2610  2944 56932  4562  5574  4472 11120 18180 10621
 11921  7594  4472  3384 24958 56932 38831 56946   848 56946 56946 56932
 56946  5226   450  5224  7371  6151  1231  1431 56931 56945 56945 56945
 56945 56945]
[4, 4] [10621  6108 13371 12024 15225   746  8192  4731  4472 11022 56932  8630
 11211 16972 12015  1677 13171 12297 12297 56931 56945 56945 56945 56945
 56945 56945 56945 56945 56945 56945 56945 56945 56945 56945 56945 56945
 56945 56945 56945 56945 56945 56945 56945 56945 56945 56945 56945 56945
 56945 56945]
[10, 9] [ 5224 12944  4472 15394 56942  7587  8493 11499 11211 11120   694  1240
  8057  4562 11120  2496  4472 11211 12764 56946  6151 13290 10621 56940
  4562  6221 11120 56946 10067  1926 56940 56931 56945 56945 56945 56945
 56945 56945 56945 56945 56945 56945 56945 56945 56945 56945 56945 56945
 56945 56945]
[2, 2] [ 5224 10255 13823  5240  8503  4472  5804 14560  6580 56370  4472  4151
 14862 10937  4295 17146  5226 13961 11899 10067  1926 56932 10621  5226
  1231  6256 11697  5226 15503 56934  7224 56935 56946   683 56942 10414
 10067 56940 10255  2610 56940 10291   424  1248 56931 56945 56945 56945
 56945 56945]
[18, 14] [13744  4327 56932  2890  6239  1604  4472 56942  5137 12873 56934  4472
 14505 14435 11120  9503  4472  8493  1216  1925 56946  2890  1852 13139
 56935 56932  7780  8192  5224 11685  4472 11120 10316 10291 10442  4472
 10665 12845 56932  9367 11211  8509   420  9939  7780  8628 11120 13699
 56932 12889]
[16, 16] [10592 12764 11606  8606  7809  7956   425  4670 56932  8630 11211   884
 56942 10129 11211   424 12328 12764  7494 11120 13171  8484   681 56931
 56945 56945 56945 56945 56945 56945 56945 56945 56945 56945 56945 56945
 56945 56945 56945 56945 56945 56945 56945 56945 56945 56945 56945 56945
 56945 56945]
[44, 42] [ 5224 13723 10208 15512 56946  1925   653 56932 11120 11259 12921  5226
  5224 10107 10067 14084 56932 11211  1037  7096 17698  4562  4151  8589
 11211 14340  5226  5224 10386  2355 56932  4562  4151 14218  4472 15544
 10621  4562  5804 12534  4693  4472  6607 11120   990  4472  8468  6862
 13593 56931]
[24, 23] [ 9000  5224 12425  5805  4472 10025   420  7320  5226 15316  2861  8373
  4562  6108  2131 56934  8503  4472  8025 56932 11885  4472 56946 10621
 18087 56932 13261  1231 11576   623 56935 10621  8493  8106 11578  5226
 23163 10621 56946 56931 56945 56945 56945 56945 56945 56945 56945 56945
 56945 56945]
[18, 16] [13420 12764  8321  4421 56932 13396 56946 56932  6151  4151  1347  4472
  4295  4472 11211  1231  4670  4472  9770  5224 56946  5226  1231  5352
  4472  3628 15312  5226  4151  8849 11730  7175 14843  2890 56940 14606
 11279 56940  5226 11120 15249    36 11211  5804 13452 56946   775 56931
 56945 56945]
[11, 9] [ 5226  7386 56932  5224 12365  4472  9146  7780 20444 26767 13822  1825
  5226  5224  2792  4472 10442 56932 10556  2828 56932 10621  5226  5224
  7423 10621  4569 12855 56932  1925  9792 56932 37705  5226 11211 56940
  5011 56942  3861 10291  5224   273  4472 11120  8946 56946 56940 56932
  8630 11211]
[34, 32] [ 9992  1240  3623  5545  6151 11211  5226 11120  6805  4472 13272   881
  4472 11120  1391  1240 56946  6151  1490  6319 13396 11120 13450  5226
 11211  1240 12680 56932 14260 56940 11122 11211   753 11211  8606 12297
  6299 12297  5240  9678  5224 11426 10621 11120 12283 56940 56931 56945
 56945 56945]
[36, 34] [10291  5224  2792 10067  2931 56932 56940  5240  9918 56940 11211  5224
  4942 12764  1200  6151   453  9097  4472 11120 13553 13396 11122 11211
 56932  5226  1231  6098 56932   582 11434 56940  2890  7415 13803  4472
 12328 56932  4472  9932 56932  4472  7969 11793 10621  4472  1163 11211
  4517 11211]
[30, 28] [ 5224 13488  9823 10067  1956 11979  9379  7795 13371 56940 11120 15107
  4472  2890 11215  9698 56931  5240 11120 13300  4472 11211  5224  9809
  6095  5240 13977 10621 14191 11120  8134 10067 14802 56940 56931 56945
 56945 56945 56945 56945 56945 56945 56945 56945 56945 56945 56945 56945
 56945 56945]
[40, 40] [56940 12764  8428  3260  9313  5226  8593 56940 56932 11499 56946 56932
 13386 12764  2451  1015 11211 56940  1233 56946 11120   139  4472 12937
  4151  2171 10621  4151 17358 11211  1240 10632  6151  5804 11779 56932
  4299  1009 11211 11120  5012  5240 10534 56932 11122 11211   204  8493
  4472  4151]
[1, 1] [ 3863  5831  8650  5226 14842 10621  1231  3852 47888  4472 10768  6151
 11120 14623 10067   940 56931 56945 56945 56945 56945 56945 56945 56945
 56945 56945 56945 56945 56945 56945 56945 56945 56945 56945 56945 56945
 56945 56945 56945 56945 56945 56945 56945 56945 56945 56945 56945 56945
 56945 56945]
[39, 35] [ 2890  2595  4472   316 15201  6151 14196 11211  5804 10084  4258 13093
 56946 56932  4472 56942  5137 56933   559  3908 56946 56932  4472 56942
 56932 10621   604  3444 56946 56932  4472 56942 56932  6205 13371  5224
  8016  4264   852 56946 56932  4472 56942 56932 14423 10758  5224   972
 10621 12499]
[15, 13] [ 1723 10621   140  4098  5226 11966  3213 56940 12161  4472  7903 56940
  1925 15316  4472  7891  4472 11120  3046  4472 56942 56931 56945 56945
 56945 56945 56945 56945 56945 56945 56945 56945 56945 56945 56945 56945
 56945 56945 56945 56945 56945 56945 56945 56945 56945 56945 56945 56945
 56945 56945]
[23, 21] [13822  3824  1240  5771  5226  5224  1601  9448  6151 11120 14736  6151
  4151  8546  7151 10621  7289  4472 11120  5807  4472 10568  1490  4687
 12740 11211  2017  6151  1231 13789 56931 56945 56945 56945 56945 56945
 56945 56945 56945 56945 56945 56945 56945 56945 56945 56945 56945 56945
 56945 56945]
[22, 21] [11120 14774 10347 47555  6151 11120 15948 13396  5224  4467 56946  4472
  2551 10621 14378  8155   746 27790 15350  4472 11211 12672  1450    44
 56931 56945 56945 56945 56945 56945 56945 56945 56945 56945 56945 56945
 56945 56945 56945 56945 56945 56945 56945 56945 56945 56945 56945 56945
 56945 56945]
[19, 18] [ 5224  9230  4472 13893 10621 13424 15404 56932  9810 13317 56932  3120
   217 11211  5224  1958  8033 10611  5224  4942  6862  8567   753 11211
  3116 13371 56940  8493  4687 12031 56932 11211 12764 12015 14190 10291
  4188   207 11372   430 10954 11211   373  5226  1231  7376  1903 10621
 13396 13554]
[23, 20] [10420  5112 11120 15568  4472  4151  2789  6151 11631 10067  7770 56932
 11211  6955  2890 56942 13396 14108 56932  5226 13554 11211  4151 15629
  6151 11631 10067 13823 15633  2890 56942 56932  4562  2890  3269  8425
  4472  4151  2789  6151  1352 56932 11211 14955  2890 56942 13396 14108
 56931 56945]
[36, 33] [11120  3933 11895  4472 11120 10742 56932 11211  3946  5224  5234  6340
   936  3617  6672 56932  1240  8462 10067  6319  8373  3861  4693  4472
  5804 13283 15083  4472 11211 11120  8108 10471  3406  1231  2371  4472
 14667  8509  8834  3861  4151  4290 10291  8986  5224 10119  4472 11463
  4472  2322]
[20, 17] [11120 11840  8112 56946    85 12223  4562 56942 11804  4472   916 56934
 56942 11804  4472  5895 56935 13396  9851  1877 13949  5226 11120  3474
 11206 11109  4472 14113 56932  5224  9249  5974 56932  9732   217  4151
  6505  7873  4472 11120  5918 12693  4472 14381 56931 56945 56945 56945
 56945 56945]
[16, 16] [14931 11744 56932 10291  6185  4472 11668  4472 11120  9734 56932 10386
  3828 13171  8467  4472  3432 11418 56932  6950   753 56942  7691 13032
  5226 11120  5091 56931 56945 56945 56945 56945 56945 56945 56945 56945
 56945 56945 56945 56945 56945 56945 56945 56945 56945 56945 56945 56945
 56945 56945]
[23, 21] [31584   373 10611  4151 20703  4472 11120 37040 56932 12555  5217 56942
 56932  5534  8493  6805  4472 11791 12953 11211  5224 14860 10067 13893
 17885  4125 12407 23301 56931 56945 56945 56945 56945 56945 56945 56945
 56945 56945 56945 56945 56945 56945 56945 56945 56945 56945 56945 56945
 56945 56945]
[4, 1] [ 5804  5508  4472 11120 12516  4562 11120  3050  4472  2139 10621  5224
 13212 10067  3074 56946  1240  9028 11211  9444 13920  1925  2792  4472
 11120  8847  1976 10067  3360 56932 56946 31671 56932 13396  5224  9230
  2595 10067   653 56946 52889 56932  6151 11093  4000  4472 11120  8818
 56931 56945]
[8, 6] [11120  6462  4472  2139 56932 13386  2645  8493   657  2180  4472   406
  5226 13822  4111  8373 14117  9939  5226  5224  5003 56932  8627  1231
  4339  4562 11120 10151  3682 10067  6319 56932  8630 11211 11120  7384
   411  6151  2139 13396 13822   959  5722 56946  4472 56946 56931 56945
 56945 56945]
[3, 1] [10291  6380 11120 35255  4472 11120  3806  4472 56946 56932  5224  3835
  4472  4049 56946  5804  5657  4472  7425 11950  6151 11950  5226  5224
 56942 13396 14108  5226 14842  4472 56942 56932 10621  5010  1231  6240
  4562  5224  9583  4472 11211 11120 13156  4472 11120 56946  5240 12543
 25579 56931]
[42, 38] [10291  6380 11120 35255  4472 11120  3806  4472 56946 56932  5224  3835
  4472  4049 56946  5804  5657  4472  7425 11950  6151 11950  5226  5224
 56942 13396 14108  5226 14842  4472 56942 56932 10621  5010  1231  6240
  4562  5224  9583  4472 11211 11120 13156  4472 11120 56946  5240 12543
 25579 56931]
[27, 25] [56940  6950 14180  5224  3612 56931 11122 11211 14548  5240  1970 56932
 56946 10621 12613 56940 56932  1603  5224  5715 15442  2867 56932 13386
  3245 15201 12764  6416 56940   269 56940  4472 11211  5224  4685  4472
  9450  9875    13  5076  1240   418  4405 13396  5224  1827  5513  4472
  3951 56931]
[20, 18] [ 5226  2890 13615 56932 11120  5844 10291 11120 12283 10621  5224 11627
  3676 56934  2512 56935  5147 11211 56940 11120 22952 10861  4472  4151
 23841  5240 11211  5804 15099 15008 17441  8540  6001  6151  6752 15989
 10621  6151 12979  8493  1605  4472 15225 10611  4151  8589  9796 10621
  4151  3713]
[8, 7] [56940  3222   373  5226 21601  4562 11211  4151 14030 56940  9658 32047
 56940 12764 13396 14324  5989   848 25502 56932 10954 13396 14324  4472
 14653 56940 56932  9528 11120  4332  7778 56932 11211  6299 11211 11674
 12764 14067 11211  1231  6319 12764   373 14612  4562  5224  4765  4472
  4151 11656]
[42, 40] [13554  5804  3434 13371 13822 22392 20968 11211  1240 14444  5319 56932
 10621 25724  8493  7442  6151 11120 29718  4472  5804  6523  4472  8281
 10291 13853 56946 13171 13554 11120 10767 10468 11211  1240  4473  4472
  5804 10758 13371 11120 14964 10067  3172    59 56931 56945 56945 56945
 56945 56945]
[32, 26] [ 2658 10429 56946  5240  8503  4472  5804 18421  8331 10291  3685  4562
  5224  3612  8984  4472 34867  5226 11120  5271  4472 34790  5226  5804
  4679  4055  4472  2732 56932  6722 56932 11211  7494 56940 12407  3058
 56940 12105  6151  8493  5265 56932  9000  1064 11211 56940  8606  8493
 11169 11753]
[36, 31] [ 5224  2792  4472 56946 11220  1793  6151 56946 11120  3778  4472  7099
  5226 15276  4472 11120  7465 56946 56932  7956  6226 56946 10621 56946
 56932 56940 11211  7780  5492  5226  5804  4393  5137  2890  3172  4472
  5243  4472  5804 12960  5226  5804 11211 13611 56946 56940 56932 13396
 11122 11211]
[38, 35] [ 5224   870 10067 10217  1447 11581 56932 56940 56946 56940 56946 56932
  1240  3623  1811 15023  2135  5224  9691  5226  4151  9001  4472 11120
   476  4472  2551  4562  5224 56946 56942  8957 56932  5226  3196 56932
 14260  5224  9541  4472  7037  1240 15410  5226  8302 56931 56945 56945
 56945 56945]
[40, 35] [ 5224   870 10067 10217  1447 11581 56932 56940 56946 56940 56946 56932
  1240  3623  1811 15023  2135  5224  9691  5226  4151  9001  4472 11120
   476  4472  2551  4562  5224 56946 56942  8957 56932  5226  3196 56932
 14260  5224  9541  4472  7037  1240 15410  5226  8302 56931 56945 56945
 56945 56945]
[36, 27] [ 5224  8491  5347  4233 56946 56946 13279  5147   217 11211  8828 12764
   299  6151 11120 10056  3733  4472  1231  6319 10291 14254  4151  9655
  1925  5972  4472 56942 56932   907  6151  1579 11120 12921  6255  1231
 13296  4472 12350  1633  5224  9096  6480 33477 13396  5224  3612  8536
 56931 56945]
[37, 36] [11120 56946  1096  5226  1231 13615 11211  5224  2792 56940 12171 56940
  7780   880  3260  5937 10067  5234  2792 10067  7346  4794  4472   348
 10621 14504 11211   420  4472  5804  3421 11360  4472 11093 10241 10394
 11211  5894 11120 15338   865 10856 13396 13822  5286 56932 12764  6950
 13371 11511]
[27, 25] [ 5226 14923  3719  3306 56932 15201 56932 12889  5226 11120  4932   865
 30669 11071 26962 10611  1163 15226 10621  9529 56932 56940  6151  4151
 11211  4365  4472 56946 56940 56931 56945 56945 56945 56945 56945 56945
 56945 56945 56945 56945 56945 56945 56945 56945 56945 56945 56945 56945
 56945 56945]
[12, 9] [15232  5760 12424 11691  4472 56946  6151  8225 10291  2545  5226  4151
 12196  4472  6952 10621  8134  6151  5804  9424  4472 12865 11211  7187
  4151 48257   818 20946  5226   995 56931 56945 56945 56945 56945 56945
 56945 56945 56945 56945 56945 56945 56945 56945 56945 56945 56945 56945
 56945 56945]
[19, 18] [12948 56932 14931  4085 13171  2199 56932  5224  6576  4472 11120  9160
  8448 10067  6212  5207  1346 11211 11120  3852 11926  5240 12672 12407
 11255 56931 56945 56945 56945 56945 56945 56945 56945 56945 56945 56945
 56945 56945 56945 56945 56945 56945 56945 56945 56945 56945 56945 56945
 56945 56945]
[14, 11] [ 5224  8876  9230 23358 56932 56946 56946 56932 56946  6151 10442 13396
 56946  1231  1870  6151  7178  1925  2710 10621 11120 14678 10067  5234
 15442 56931 56945 56945 56945 56945 56945 56945 56945 56945 56945 56945
 56945 56945 56945 56945 56945 56945 56945 56945 56945 56945 56945 56945
 56945 56945]
[36, 33] [11120  5073  4837  5226 11396 11211 56940  3572 18387    19  1004  2370
  5224 14358 56940 56932 56940 13732 48096  5224 56942  4562  5224 14555
 11143 14631 56940 56932 56940 11120  6395  5331  5224  9084 56946  8085
  8677 56940 56931 56945 56945 56945 56945 56945 56945 56945 56945 56945
 56945 56945]
[44, 42] [13685 14504  5226  1231 10043 11211 56940  3572 14968 11120  6946  2370
  5224 14358 32747  6151  2890 13937  4472 18011 56940 56932 56940  1709
 14102 11120  3252  7945  6151  2890  1437  8033  4562 10442  7956 14299
 56946 56940 10621 56940  4151 14729 56946 11120 13269  6151  6686  6151
  7198  4472]
[47, 44] [ 5224  2792 10246 56932 13029 13420 56932 10651  1231   445 13396 11120
 14720  5224  6260 13348 20490  1925  9322 10067  6319  5226  2890  2625
  5942 10621 26284  5226  7821    50 56932  6862 14691  4472 11211  8209
 56932 13396 11122 11211  4770  4472   445 56932 13822 15344  5226 56946
  4472  8851]
[28, 27] [  513  5835 11211  5226  5224  6669  4964  4472 15038 56946  1240 56946
  2890  8614  6816  1925 56946 56946 56932  8806  5226  5224  2824  6669
  4472 15038 10621  4884 20247  4472 56942 11804  1240 30496  6151 11120
 25452  4472  1877 10621  6151 11120 37289  4472  4151  1877 13949 56931
 56945 56945]
[34, 31] [56946   530  1920  2890 10119    36  4472  2496  5226  5804  3163 56932
 35924 13396 11120  1391 10621  5331 11120 11752  4472 11120 12613 15161
 56934  2894 56935 56932 13371  7811 11778 10291 13018 11120 10139  4472
  5804  2140 12379  4472 11120 14073 56931 56945 56945 56945 56945 56945
 56945 56945]
[20, 18] [56946  1765 11120  1216 12767  5226  5224  7222 10067 56942  1925  2600
  2890  4667  4472  5581  5226  2890  5858  4472  9867  5224  8450  4472
  2808 13396  4151 14455 12854  4985 56931 56945 56945 56945 56945 56945
 56945 56945 56945 56945 56945 56945 56945 56945 56945 56945 56945 56945
 56945 56945]
[24, 20] [14724  7780  8192  5224  8288  7977 56932 15083  4472 11120   657 10067
 56942 13396 14108  4472  5198 56932  5226  5224 11211  1240  5877  8493
 14964  4073  5226  4262  5709   424  2689 56931 56945 56945 56945 56945
 56945 56945 56945 56945 56945 56945 56945 56945 56945 56945 56945 56945
 56945 56945]
[11, 9] [12764 14548  2678  5226  5224  2642  4472  2892  4472 40606  5224 15120
  5226  5804 12535 56931 56945 56945 56945 56945 56945 56945 56945 56945
 56945 56945 56945 56945 56945 56945 56945 56945 56945 56945 56945 56945
 56945 56945 56945 56945 56945 56945 56945 56945 56945 56945 56945 56945
 56945 56945]
[8, 6] [11120  7384 11828  6151 13815 11211 48215 11120 12695 12391  6151 14593
 56946 56932 11211   668  2529  5224 12835  4472  4151  4290 10067  6260
 56942  4472  5385 13396  1147   197 56932 10621 12764  6950 10506 56932
 13371 41295 11120  6805 10471 56931 56945 56945 56945 56945 56945 56945
 56945 56945]
[32, 29] [ 5224  2792  4472  3162 56932 11211 12948  2313  5224  8033  4562  5224
 51563  4472 11046  3266 56932  4044  6151 11120 11752  4472  1305 10621
  5634 56932 10621 14576 11211 11120  2684  4472  5314  6151  1231   653
 28093  2890  9591 12152  5226 11120  7182   635 56940 14260   229 11120
 11093  1004]
[40, 37] [ 8593 14067 11211  5804 56942 55771  4472  4212 10611  4151  8373 35638
 56934 11120  4472 13732 10621 11120  4472 11067 56935 56932 40098  6151
 13171  4472 56942  5699 56932  5240  1009 56932  5224 12675 56946 11211
  1233  1240 13280 11120 15210  5226  5699 56931 56945 56945 56945 56945
 56945 56945]
[28, 26] [11120 14675 10067  8788 56932   683 56942 11770 13035  1240  8734  4562
  5224  7057  4472  5804  5230  4472  4151 14633  7023 10067 15175  4472
  8808 10291  2637  5224 14578  4472  4151  6505  6151 11120  8458  4472
 11120  8473 56931 56945 56945 56945 56945 56945 56945 56945 56945 56945
 56945 56945]
[7, 5] [15471 11499 11211 11120 11921 15161  4472   694 13084   582  5471  4562
  2890 56940 10255  3448 56940  5226  5224  4177  4472 15461 56932  9000
 11211  5224 15175  4472  5804  8561   234   582  2037 56940  5226  5046
 56932 12065  4472  4390 13627 56940 56931 56945 56945 56945 56945 56945
 56945 56945]
[46, 44] [56940 10291   786 56932  5224 13866  4472 11120  9852  4472 11120  1035
 56946  4868  6151  8545 12407  7758 56931  5804  5574  8433  1340 12761
  6151  4151  2960 13910  5989 11211  5804  5574  1317 56932 13396 11122
 11211  1233  6151  2890   821  3733  1240 11117 56946 11120 15167 10621
  6151  8503]
[13, 13] [56940  5226 56942 56932  2340  6151  3225 10067  8876 22049 56932  5226
  4884 11111  1749 56940 56931 56945 56945 56945 56945 56945 56945 56945
 56945 56945 56945 56945 56945 56945 56945 56945 56945 56945 56945 56945
 56945 56945 56945 56945 56945 56945 56945 56945 56945 56945 56945 56945
 56945 56945]
[30, 27] [ 8630 11211 56946 10463  5226 56942  4472  6128 56946 56932 13815 56946
  5804 10314 56946 56946 13396 16525 56932 12889  5137 15083 29151 11120
  1903  4472 14233 10621   645  5804 56946 11211 56946  7430 56931 56945
 56945 56945 56945 56945 56945 56945 56945 56945 56945 56945 56945 56945
 56945 56945]
[16, 14] [ 5224  3104  4472 39555 15986  5147 56932  5226  2890 13615 14243 12948
 56932  1231  4670  4472  1920  2890  7346 10291 56940 13018  2826 56946
 10621 12764 56946 56940 56931 56945 56945 56945 56945 56945 56945 56945
 56945 56945 56945 56945 56945 56945 56945 56945 56945 56945 56945 56945
 56945 56945]
[23, 20] [ 5804 14378 10700 56940 14821 56940  4472 11120  2894 12297  5754 56932
  1906 56932 13804 11096 56932  1884 10621  1723 12297  8396 56940  9607
 56940  1231  9283  4472  2322 12297 56942  5226  5224 13440  4472  5804
  3421 14117 56932 56942  5226  5224 13440  8984 12297 56932  9000  5804
  5410 10700]
[34, 28] [ 6151 11120 11311   635 10067  6260 11966 10291  7803 10701 56946 39705
  5226  1713  4472 12031 12506 10621  4472  2496 56932  1240  6299   217
    19  4472  1906  6862  1884 11211  7880 11120 14779  6151  2003  5224
 12869 10291  6226  7944  4472  8165 56932 12889 56940 14931 14184  5226
  7306  5224]
[36, 32] [ 6151 11120 11311   635 10067  6260 11966 10291  7803 10701 56946 39705
  5226  1713  4472 12031 12506 10621  4472  2496 56932  1240  6299   217
    19  4472  1906  6862  1884 11211  7880 11120 14779  6151  2003  5224
 12869 10291  6226  7944  4472  8165 56932 12889 56940 14931 14184  5226
  7306  5224]
[14, 11] [11120 13724 10067 15175 56932 14545  9083 56932   730 11211  5224 10103
  9768 56940 15588 11120 12895 10621 56946  6151  5804  7691 10067 13857
  4472  9379  1825 56940 56931 56945 56945 56945 56945 56945 56945 56945
 56945 56945 56945 56945 56945 56945 56945 56945 56945 56945 56945 56945
 56945 56945]
[26, 24] [11120 13110 10621 11120 14803  1240   746  5465  5226  8493 13314 12449
  6193 11211  1240  7033 12555  5226  7394  4708 10067  5778  2106 11211
  1557 11120 14940 10067  5879 56931 56945 56945 56945 56945 56945 56945
 56945 56945 56945 56945 56945 56945 56945 56945 56945 56945 56945 56945
 56945 56945]
[35, 33] [56940 12015  7780 14985  5224  2104  4472  7626 11211  8777  5804  4755
 56932  5224  8254  4472 11426  1925 11211 13512 10621 11120 13636  4562
 11120 11211  1240 13731  5226  5224  5372 13396  5224 13132  4472  1000
  6151 11120  8150  8128  5226  9735 56940 56931 56945 56945 56945 56945
 56945 56945]
[12, 11] [ 6151   661 11211  2417  5804  3861 56932 11120   445  5061 10621  4151
 13864 31867 10267  1004 13171  9158 56931 56945 56945 56945 56945 56945
 56945 56945 56945 56945 56945 56945 56945 56945 56945 56945 56945 56945
 56945 56945 56945 56945 56945 56945 56945 56945 56945 56945 56945 56945
 56945 56945]
[43, 38] [13974  4472  5804 12552 56946 56932 13526  5804 14513  4472   425  4212
  5226  4151  4558 10067 56946 56932  2729 11211  5226 56942  5224  6117
 46768  4472   424  4814 13006  5224 56942 13396 14108 15058  1925  2689
  2824 56932  5226 13554 11211  5224  6117 40384  1240 19715  5224 56942
 13396 14108]
[29, 27] [14201  8902 12948 13396 56946  5224 14339  4472 11120 25159  4472  4151
  2677  1791 10621   981  5224 18373  5226  6990  5804  8021  7893  5226
   424  4667  5226  5606  8493  1126  4472 13478  5804  6717 13171 14956
 56931 56945 56945 56945 56945 56945 56945 56945 56945 56945 56945 56945
 56945 56945]
[32, 28] [13396  1231 12135  5224 14358 56932  3623  1231  4073  6151  2863  6151
 15276  4472   425 11334  4472  3077 56932 13396  6495 11211 56940  1469
 14261  4472  8493  9798 56940 56932  3828  4151  4240 56940  6728 13371
 11120  2556 56940 56931 56945 56945 56945 56945 56945 56945 56945 56945
 56945 56945]
[45, 42] [13396 13676 56932  5224 13576  6695  1240  8944  6151 11120  7092  4472
  8493 14988  4472  4391  4472 11120  3077 56946 56932 56940 11122 11211
 12764  1240  7709  8606 10380 56940 56932 10621  6299 11211  5226 11122
 11211  1240  1626  6151  5804 13767   848 13857  4472 15446 11211  1340
  5488 14729]
[10, 10] [ 5226 11120 11938 56932  5804  8330 13512 56946 10621 11120  4687  1240
 56946 56931 56945 56945 56945 56945 56945 56945 56945 56945 56945 56945
 56945 56945 56945 56945 56945 56945 56945 56945 56945 56945 56945 56945
 56945 56945 56945 56945 56945 56945 56945 56945 56945 56945 56945 56945
 56945 56945]
[16, 14] [ 5804 13801  4472 11673 11556   746 11682  6151  2259  3104 13595  7956
  8493  1958  4022  4472  5973  3682 13396  4151   739  2291 15023  1127
  5224 11478  4472 14535 56931 56945 56945 56945 56945 56945 56945 56945
 56945 56945 56945 56945 56945 56945 56945 56945 56945 56945 56945 56945
 56945 56945]
[16, 16] [ 2890  5322 10067  1651 10067  4323 56932  4337 56946 56932 10376 11211
  8834 13021 13171 11211 56798  5226 17852   746  8192  2701  6151 14021
  5226 15243 10621  1240 15394  7780  3009  6151  2890  9763  7903 56932
  9000  4779 12676  6151 11211 11120  8108 10291 11120  2496  4472 11120
 12460 12683]
[13, 9] [11120  7489 12840   960 56934   295 56935  2655 12948  4290 10291  1407
 11120 12866 10067  4419 56932 11211  5226  5804  4185  9939  7494 11211
  7918  1925 14555 12344 56931 56945 56945 56945 56945 56945 56945 56945
 56945 56945 56945 56945 56945 56945 56945 56945 56945 56945 56945 56945
 56945 56945]
[28, 25] [ 6205 11122  5376   217  5804  9135 10067  7450 56940  7346  1095 56940
 56932 15023  8493  6614  4562  5224  2792 10067 14084 56932  2930 48914
 56932 13386 15550 11120  6805 40459 11211 56946  4151 10531 18959 12043
 13396 14009  6051 56931 56945 56945 56945 56945 56945 56945 56945 56945
 56945 56945]
[33, 30] [ 6205 11122  5376   217  5804  9135 10067  7450 56940  7346  1095 56940
 56932 15023  8493  6614  4562  5224  2792 10067 14084 56932  2930 48914
 56932 13386 15550 11120  6805 40459 11211 56946  4151 10531 18959 12043
 13396 14009  6051 56931 56945 56945 56945 56945 56945 56945 56945 56945
 56945 56945]
[18, 16] [ 5224 11555  2824 56932 11211  1240 17350  5226 11120 13439  1202  8105
  4472 56946 56932 10621  5804   453  5508  1240 56946 10621 11207  9881
  5226  5224 15817 12152   763 56931 56945 56945 56945 56945 56945 56945
 56945 56945 56945 56945 56945 56945 56945 56945 56945 56945 56945 56945
 56945 56945]
[13, 10] [11120 30844  4472  1489 56932 44999 27051 56932   730 11211  4151 56946
  4472  3432  5226  2551 56946  6151 56942  8155  5226  5754 56932 56942
  5226  1906 56932 56942  5226  5224 13804 11096 56932 56942  5226  9161
 56932 56942  5226  3931 56932 56942  5226 11120  5956 14100 56932 56942
  5226  1884]
[26, 25] [ 5224 30057  5240 12672 12407  1529 10621 12764  7709  9406  6151 11120
   128 56932 10621  5804 56946 12013  4472 11120 13715  4472  1231 10177
  2861  5224 30057  5240 10291  6221 11120  7626 56931 56945 56945 56945
 56945 56945 56945 56945 56945 56945 56945 56945 56945 56945 56945 56945
 56945 56945]
[1, 1] [ 2067 55193  7534  1691  4472  5589   948 12297 10621 11122  5240 12297
  9000 11117 13295  1231 56946 13371 21304 56931 56945 56945 56945 56945
 56945 56945 56945 56945 56945 56945 56945 56945 56945 56945 56945 56945
 56945 56945 56945 56945 56945 56945 56945 56945 56945 56945 56945 56945
 56945 56945]
[10, 9] [ 5226 13554 11211    12 56932  6196 12913 32899 11211 11673  2809 56946
  5137 10621  5137  5226 11120  5404 10067  7249  3612  4472  5138 11211
 13280 44153 13821  1925 56946 56931 56945 56945 56945 56945 56945 56945
 56945 56945 56945 56945 56945 56945 56945 56945 56945 56945 56945 56945
 56945 56945]
[17, 17] [ 5226  1490 13440 56932 11120  3561  5240  2890  4518 46357 56932 10621
 56932 13371 18557 11211  4151  6978  1240  1396  2571 19560 56932 11120
  2142  5207  7780 12351  4472 11120  6272 11786 13371 10291  4425  3561
  7671 56931 56945 56945 56945 56945 56945 56945 56945 56945 56945 56945
 56945 56945]
[8, 6] [ 1925   273 10621  1925  9687 56932 13371  5224  7330 12764  5240 13171
 11211  5224  3297 15445  4472 11120  5319  5226  5224 11211  5804 13604
  1240 11120  2751 13396  1231  1618 56932  5224 14938  4472  5804 56946
    85 19384  4562 11120 11213 12544  7436  4472 31305  7162 11211 56946
  1231 13893]
[25, 25] [13396    19 12135 56932  9379  6523 14473 11211 11120  6675  4472  5272
  1925 13913  4472  5804 10798  4472  7394  4472  6387 56932  5410 10621
 10621  4249  5226 11471 56932  4026  8493   281 10291 11293  6151  9687
 13822 14436 56931 56945 56945 56945 56945 56945 56945 56945 56945 56945
 56945 56945]
[15, 13] [ 5217 11211 11122 56946  5226 11120  3288 10067  6109 45856 11120 13733
 10621 42879  4472  5970  4562  6295 56946 10621 56946 56932  6295  4472
 45704 56932 11664  5224 14315  2426  8448  4472  2890  7238  4413 56946
 11120 24223 56931 56945 56945 56945 56945 56945 56945 56945 56945 56945
 56945 56945]
[31, 29] [14496  6151 11120  9231 56932 56946  5226  8493 16198 16092  6151 11120
  9028 10067  3343 10067   864 56932 56946 13396  8493  5918 10540  8819
 56932 14931    13 12684 11211  1720  5804  5286 10067  9472  4472 11273
  6862 18785 56932 18785 10621 13064 56932 13064 10621 11273 56932  8984
  6862 18785]
