[27, 26] [13822  3824  1240  5771  5226  5224  1601  9448  6151 11120 14736  6151
  4151  8546  7151 10621  7289  4472 11120  5807  4472 10568  1490  4687
 12740 11211  2017  6151  1231 13789 56931 56945 56945 56945 56945 56945
 56945 56945 56945 56945 56945 56945 56945 56945 56945 56945 56945 56945
 56945 56945]
[11, 10] [ 5804 12061 20440  2890 56946 21291 10621  3982 11211  1240    85  6151
 15243  4472  9098 56931 56945 56945 56945 56945 56945 56945 56945 56945
 56945 56945 56945 56945 56945 56945 56945 56945 56945 56945 56945 56945
 56945 56945 56945 56945 56945 56945 56945 56945 56945 56945 56945 56945
 56945 56945]
[19, 18] [ 6196 12015 56946  4562 11211 11120  9849 56946  5224 14657 56932 13371
  1490    13  7379 56932 10291 11211   375  6151  4151 17023 11458 56931
 56945 56945 56945 56945 56945 56945 56945 56945 56945 56945 56945 56945
 56945 56945 56945 56945 56945 56945 56945 56945 56945 56945 56945 56945
 56945 56945]
[14, 13] [56940 10291   786 56932  5224 13866  4472 11120  9852  4472 11120  1035
 56946  4868  6151  8545 12407  7758 56931  5804  5574  8433  1340 12761
  6151  4151  2960 13910  5989 11211  5804  5574  1317 56932 13396 11122
 11211  1233  6151  2890   821  3733  1240 11117 56946 11120 15167 10621
  6151  8503]
[13, 12] [11120  5611  4965  5240  4472 56942  5699 13396 56946 12889  5226  5754
  1200  6151 56942  5699 10621  5226   140  6151 56942  5699 56931 56945
 56945 56945 56945 56945 56945 56945 56945 56945 56945 56945 56945 56945
 56945 56945 56945 56945 56945 56945 56945 56945 56945 56945 56945 56945
 56945 56945]
[6, 5] [12297 12297  9000  5217 11211 14712  2317 14483 56931 56945 56945 56945
 56945 56945 56945 56945 56945 56945 56945 56945 56945 56945 56945 56945
 56945 56945 56945 56945 56945 56945 56945 56945 56945 56945 56945 56945
 56945 56945 56945 56945 56945 56945 56945 56945 56945 56945 56945 56945
 56945 56945]
