[10, 8] [11120  6805 15161  5147   217 56932  8788 56932 11211  7780  3924 11120
 12742  4472  2890 15316  4472  5997 13396  5224  7082 56946  8943 12139
 56934 14931 56935 56932  8468  6641 56934  5236 56935 10621 12613  6615
 14030 56934 56946 56935   805  5224  7057  4561  4472 12424 14729  2844
  4472 12381]
[39, 38] [10621 56946 56932 16478 10621 10618 56932 10611 10025 56932  1240 14377
  4472 11120 14329 56932  4472  4151 56946 10621 10067 56946 10621 42047
 56946  5226  5224  9541 11211 14817  6151 11120  1691  1925 13242 13171
  5863 12297  7780 14384 13171  4472 56942   340 12297 11211  7780  6260
 13396 11120]
[10, 8] [11120  9745  2775 56946 56946  5147  5224  9544 11211  7780 15328  6151
  2890 14399  4472  1242 10291  1231   990  4562 11120  9694 56946 11211
  4319  5224 12328  4472 56942  8849  4472 56946 13396 10267  8493  4472
 11120  9745 50633 56931 56945 56945 56945 56945 56945 56945 56945 56945
 56945 56945]
[11, 10] [11912 12764  7780 14069 12090  5226  5804  8373  1304 11211  7780  2840
  4161  5224  3719  5226  1231  4291  6151  4151 11327 56932 15083  4472
  2890  2041 11762 13370 56931 56945 56945 56945 56945 56945 56945 56945
 56945 56945 56945 56945 56945 56945 56945 56945 56945 56945 56945 56945
 56945 56945]
[9, 7] [  975 12764  3502  1231  1566 56932  6197 11211  7780  3609 12764  4289
  7809 56932  9000 56946  5226 16857  4562  5224 13640 56932  8509  2890
 12413  4472 11120  6614 11211  6870  4562 11120 36886 16955  4472 11120
 15197 10291 11120  7891  4472  5804  1304  3462 56931 56945 56945 56945
 56945 56945]
[4, 3] [56940  1659 11211  4299  3772  2890  8558  1130 56932 14260   424   653
  7780 13848 13190  5804  7025  8426  4472  1723 13974 10067  3172  4472
  9734 15164 56932  5226  5224 11211  7780  4629  2890 13305  4472  9310
 10067 12675 56940 56932  1759  5226  8493  8458  4472  2858 56931 56945
 56945 56945]
[31, 30] [56940  1659 11211  4299  3772  2890  8558  1130 56932 14260   424   653
  7780 13848 13190  5804  7025  8426  4472  1723 13974 10067  3172  4472
  9734 15164 56932  5226  5224 11211  7780  4629  2890 13305  4472  9310
 10067 12675 56940 56932  1759  5226  8493  8458  4472  2858 56931 56945
 56945 56945]
[41, 39] [ 9909  9502 56932 11211  7780  3030 11120 11093  6614 10067 13723 10067
 14358  5226  5224  9814 15023  4151  4290 56932  7780 56946  5224  9591
  4472 11211  2892   418  5664 13822  1945 13396  5307  6151 15488  4562
  4108  5226  2668 10621  7780 11906 11211 11120  6462  3245  5103  5226
  8876 15168]
[9, 6] [ 1925  6117  4472 11211 56932 13371 13478 56932   746 40762  4472   683
  3861  4472 12413 56932 15567   861 10621 56946  7053   752  5226 27852
  4562 11122 11211 11673 12267  2986 13171 11211 43667 56931 56945 56945
 56945 56945 56945 56945 56945 56945 56945 56945 56945 56945 56945 56945
 56945 56945]
[6, 5] [ 5224 13987   730 12948 11211  7780 14706 11120 10177  4472  8782 14260
 11606  5407  8399  2961 56932  7868  8212  5224 14555  7238  4472 11120
  8600 10067 33790 56931 56945 56945 56945 56945 56945 56945 56945 56945
 56945 56945 56945 56945 56945 56945 56945 56945 56945 56945 56945 56945
 56945 56945]
[6, 4] [ 5224 11239  8964 11211  3403  6151  5775  5226 13732 14260 11117  4473
 56940 12090 56940 56931 56945 56945 56945 56945 56945 56945 56945 56945
 56945 56945 56945 56945 56945 56945 56945 56945 56945 56945 56945 56945
 56945 56945 56945 56945 56945 56945 56945 56945 56945 56945 56945 56945
 56945 56945]
[19, 18] [56946 12567  1199   950  6151  6282 12297 13386 12305  1231  2928 12031
  5226 13035 10606 56946 56932 12889  7780  5254  1379 13822  8180 12297
 11211 12342  5240 56940 11120 13675 13480 56940  4472 13386  1064  3255
 56940   319  4472  7182 56940 56931 56945 56945 56945 56945 56945 56945
 56945 56945]
[31, 30] [ 5226  5224 12675 10103 10471 56932 13707  7780  5664 11120 13908  4472
  1231  9541 13396 11120 56940 24919 56940  4472  9453  3682 11211  1240
 11158  5217  2668  6151 13579 10621  7780 14043  6151 13578 11211 56932
  1233  5240  2792 10067   653 39266 56940 56946  5488 17755 14260  7053
  5226   428]
[2, 1] [ 9079  7782  4147  6151 56946 56946 10621 55698  6151 12140 56946 56932
 20578 56932 36297 37413 56943 56931 56945 56945 56945 56945 56945 56945
 56945 56945 56945 56945 56945 56945 56945 56945 56945 56945 56945 56945
 56945 56945 56945 56945 56945 56945 56945 56945 56945 56945 56945 56945
 56945 56945]
[6, 5] [ 1231 14405 12297 12297 11211  7780 11806  6151  9406  4562  2303 12297
 12297 11562 13451  4562 11066  9928 56934 11477 56935 56932  3257  4472
 13822  6261 56932 11211 10823 11120 15583  4472  3592 10621  6478 10611
  2890 11215  2206 10621 11120  4476 11658 11211 11117  1815 56931 56945
 56945 56945]
[10, 9] [ 4161  4550  5804  5341   746 12355 56942   372 10621   746 48504  6950
 56942 56931 56945 56945 56945 56945 56945 56945 56945 56945 56945 56945
 56945 56945 56945 56945 56945 56945 56945 56945 56945 56945 56945 56945
 56945 56945 56945 56945 56945 56945 56945 56945 56945 56945 56945 56945
 56945 56945]
[28, 27] [56940  6196 12858  9288 10621 12764  5850 11813 14687  5226 56946 56931
  9000 11120  8328  1240  7780    79  4336 56932 13396  2890   515  4472
 42784 56932 10621  7780  7075  5487  4562  6226  5224  1926 10291 12764
  5487  4562 13290 56931  7780  3521  4161  5224 10990 56932 10621  1240
 11120  3648]
[41, 40] [56940  6196 12858  9288 10621 12764  5850 11813 14687  5226 56946 56931
  9000 11120  8328  1240  7780    79  4336 56932 13396  2890   515  4472
 42784 56932 10621  7780  7075  5487  4562  6226  5224  1926 10291 12764
  5487  4562 13290 56931  7780  3521  4161  5224 10990 56932 10621  1240
 11120  3648]
[24, 23] [13811  1096  5226 11120   989 11211  5224   653 56946  1171  5226 11120
 12031  4472  2389 10291 15573 11120 15559  9447 10621 11211 56940  4365
 13764  4151  4558 15404 11122 11211  4365  9002 56940 56931 56945 56945
 56945 56945 56945 56945 56945 56945 56945 56945 56945 56945 56945 56945
 56945 56945]
[31, 30] [13811  1096  5226 11120   989 11211  5224   653 56946  1171  5226 11120
 12031  4472  2389 10291 15573 11120 15559  9447 10621 11211 56940  4365
 13764  4151  4558 15404 11122 11211  4365  9002 56940 56931 56945 56945
 56945 56945 56945 56945 56945 56945 56945 56945 56945 56945 56945 56945
 56945 56945]
[35, 30] [ 6205 12675 56932  1240 15590  6151  9292  4151 14477  4562  7741 56932
  5199  6391 56932 11120 15489 56932  1324 56932 10621 16149 56932 10621
  5226  5224 13440  4472 11120 14792  5066 56932 56940 13831  6151  1879
  8509  5804  7381 14117  9939  4472 56942  8493   445 10526  4472  4900
  4472 14914]
[42, 38] [ 5804  6523 11511  4331   217 56932  8788 56932 13649  7809 10067  5302
 11730  9243  9522 56946 56932  5226  4151 11211 11979 13371  2890 56940
 14687 11386 56940 11120  7361 10067 56946  7513  6151  5352 10246 56932
  4670 11211 56932   730 56932  7175 14843  2890 56940 14606 11279 56940
  5226 11120]
[2, 1] [56940  7782 35649   683 13014 13021 56932 10621 12015 56946   683  5137
  5226  2890 14139  5226  5224 11211 12764 26528 30786  5226 11120 42485
 56932 13396 11674 13633  8294  4550 11211 13831  6151 11400  5226  7386
 56940 56932 15201  9666 56931 56945 56945 56945 56945 56945 56945 56945
 56945 56945]
[32, 31] [56940  7782 35649   683 13014 13021 56932 10621 12015 56946   683  5137
  5226  2890 14139  5226  5224 11211 12764 26528 30786  5226 11120 42485
 56932 13396 11674 13633  8294  4550 11211 13831  6151 11400  5226  7386
 56940 56932 15201  9666 56931 56945 56945 56945 56945 56945 56945 56945
 56945 56945]
[33, 31] [56940  7782 35649   683 13014 13021 56932 10621 12015 56946   683  5137
  5226  2890 14139  5226  5224 11211 12764 26528 30786  5226 11120 42485
 56932 13396 11674 13633  8294  4550 11211 13831  6151 11400  5226  7386
 56940 56932 15201  9666 56931 56945 56945 56945 56945 56945 56945 56945
 56945 56945]
[35, 34] [56946 14641 11211 56940  5240 13406 11148 16718  6151  3572  1233 12764
   865 12195  4472  1000 11211 11120  8728  1870  1925  1387 56940 10621
  1603 11211 56940  1233  4801 11211  4562 15581   848  3136 15590  6151
 11293  1925  5328  6151  1231  7057 56932  1944  5224 11554 56932 11674
 12764  3645]
[36, 34] [56946 14641 11211 56940  5240 13406 11148 16718  6151  3572  1233 12764
   865 12195  4472  1000 11211 11120  8728  1870  1925  1387 56940 10621
  1603 11211 56940  1233  4801 11211  4562 15581   848  3136 15590  6151
 11293  1925  5328  6151  1231  7057 56932  1944  5224 11554 56932 11674
 12764  3645]
[37, 34] [ 5224 50687  4472 56946 11562 25579 56932  8373  3861 15083  4472 11211
  1240 56946  5224 15063  5226 11120  9212 18077 56946  4472 56946 56934
  2294 56935 56932  5983  9778 56946 15863 30325  6151  2890  9249 10621
  4563   286  4562  5345 11120 14397 56932  5226 28169    59 56932  1233
 56946  4151]
[37, 35] [56940 12764  8428  3260  9313  5226  8593 56940 56932 11499 56946 56932
 13386 12764  2451  1015 11211 56940  1233 56946 11120   139  4472 12937
  4151  2171 10621  4151 17358 11211  1240 10632  6151  5804 11779 56932
  4299  1009 11211 11120  5012  5240 10534 56932 11122 11211   204  8493
  4472  4151]
[36, 33] [12764  1240  8777  8834 10013  4472  6480 10621 56946 56946 56932  5224
  7220  4472 11120  3061  4472 11120 12921 56932 15285  7956  5224 12433
  4472  6480 11122 11211  1240 56946  5226 13822 13864  5534  1132  6151
  3969 11211 11120 14299  1940 56932   980 56946 56932  8946 12134  2861
  1231 29212]
[10, 8] [ 5224  8570  5240  2890 56946 10291  8025  1233 12473  5226 14662 11211
  1240   373  9784  9198   848  3260 10291 11211    68  8597  9444  9388
 15554 56931 56945 56945 56945 56945 56945 56945 56945 56945 56945 56945
 56945 56945 56945 56945 56945 56945 56945 56945 56945 56945 56945 56945
 56945 56945]
[4, 3] [56936 56940 13933  2495  2135 10636  2862 10621 10636  7508  5226 14915
  9198 11554 56937 56940 56932  1240 40685 56946 56946 56932 56942  5137
 10621  6234  5956 14100 56931 56945 56945 56945 56945 56945 56945 56945
 56945 56945 56945 56945 56945 56945 56945 56945 56945 56945 56945 56945
 56945 56945]
[6, 5] [56946  1040 11211   217 56940  4365  3025 11211 12764  1240  3645  6151
  3255  5651  4472 12691 11519 56940 56931 56945 56945 56945 56945 56945
 56945 56945 56945 56945 56945 56945 56945 56945 56945 56945 56945 56945
 56945 56945 56945 56945 56945 56945 56945 56945 56945 56945 56945 56945
 56945 56945]
[18, 17] [56940  9158  4562  5804 17997 10621  6121  4562  5804 11071 14190  2529
 11120   967 10067   653 11211  4365  3788 13371 23133 56946 10621 11211
  5207 11073 13171  5226 11120   661  5226 11211  1240  1091 56940 56932
  1096  5224 12344  4472 11120  3596 56932  1925  9227  5226 11211  4472
  4087  4562]
[11, 10] [ 5224 43519  2690  4472 56946  7780  8192 15823 56932  5534  7780  3517
  5224  5003 56932 13396 13478  5804  8521  4472 11120  7384 56932 11211
   746 56946  1231 14390 10067  9211  4472 12695 56931 56945 56945 56945
 56945 56945 56945 56945 56945 56945 56945 56945 56945 56945 56945 56945
 56945 56945]
[4, 3] [56946  1346 11211  7780  3858 11211 56940  5226  5224  3934  1240  7709
 12979 10621 13176  1925 11627 56932  4562  8493  9453 14915 12400 13371
 11120  7167 56940 56932  9000    11 11211  1630 12407  3058 56940  7303
 56946  7397 56940 56931 56945 56945 56945 56945 56945 56945 56945 56945
 56945 56945]
[14, 13] [ 7956 11120  7167 10067 56942 56932 15201 11211 56940 13261 13371 11120
 11211  7782  9228  9784  4161  4550  2861  4987 56932 12353 10621 27164
 56940  6862  3655 11211 56940 11120  2457 18142  6151 11120 13902 13261
  5224 13132 10621  5224 13395 11211  3645  4562 10636  5187  4472  2529
 56932 11122]
[15, 13] [ 7956 11120  7167 10067 56942 56932 15201 11211 56940 13261 13371 11120
 11211  7782  9228  9784  4161  4550  2861  4987 56932 12353 10621 27164
 56940  6862  3655 11211 56940 11120  2457 18142  6151 11120 13902 13261
  5224 13132 10621  5224 13395 11211  3645  4562 10636  5187  4472  2529
 56932 11122]
[25, 20] [11120 14556  4472    26 10621  5039  8916 10067 14358 56932 13211 11195
 56932  5165   217  1925   653 10621  6151  5804  1046 15404 11211 56940
  2162  1302  5226  4151  3336 10125  5226 11120  6255  2568 10621 11211
 56946  5226  4151 10531 11211  1396  2029  3432 56940 56931 56945 56945
 56945 56945]
[24, 19] [11120 14556  4472    26 10621  5039  8916 10067 14358 56932 13211 11195
 56932  5165  1925   653 10621  6151  5804  1046 15404 11211 56940  2162
  1302  5226  4151  3336 10125  5226 11120  6255  2568 10621 11211 56946
  5226  4151 10531 11211  1396  2029  3432 56940 56932  6205 13371 10291
 12486 11120]
[7, 6] [   11 11211   425 12921 13675 56940  7782 13651  9481 56940 10621 56940
  5217 11211  5224 12956 11761 11949 14667  5804 13283 56932 56946 12024
  6287  4472   445 56940 56931 56945 56945 56945 56945 56945 56945 56945
 56945 56945 56945 56945 56945 56945 56945 56945 56945 56945 56945 56945
 56945 56945]
[31, 29] [ 5224  8876  9230 10102 56946  2139 56932 15071   217 56932  8788 56932
  5226  1231  5003 56932  7780  7040  2890 10379  4884 12843  5611  5240
  4472 56942  5137  4472 12843 10621  7780  8449  5226  5224  2880  4472
  5712  6151 56946 56946 56932   997 12033 11211  5676   676 11120  9396
 10151  3682]
[41, 37] [ 1793 56932 29767  5165  6151  9019 11211 39759 11120 12040  4472  8493
  6805 10212  4472 11791 56940 10291 10851   405  8165 56940 10621 15005
  1925   653  4472 11211 10475 56940 56946 56940  6151 11120 14294  4472
  4004 56932  1233 56940 11562 56946 56940  5226 12676  6151  2135  5224
 13004  4472]
[14, 13] [56940 11122  7811 10067  9541  5240 11211 56932  1793  4472  5804   340
 56932  4365 12249 11120  5272  5534 10400  4562  5224  5482  5226  2370
 56940 56932  7780 15423 11940 56931 56945 56945 56945 56945 56945 56945
 56945 56945 56945 56945 56945 56945 56945 56945 56945 56945 56945 56945
 56945 56945]
[3, 1] [56940  2662  6151  1234  8493 10036  8884  6151 11294 56932 10621  1659
 11211 50786  7827  4562  5224  1673  5226  5224 19782 56940 56932  1964
  5224 11203  5972 56931 56945 56945 56945 56945 56945 56945 56945 56945
 56945 56945 56945 56945 56945 56945 56945 56945 56945 56945 56945 56945
 56945 56945]
[25, 23] [ 4151 14729  8371 10877  1170  7254 13396 11120   657 10067 11955  5432
 10067 10766 56932 11664  6105  4562  1379  6604 28030 56932 11211 11430
 11211  1593  6151  2890  4200 12407 11379  1925  4472 13760 56932 15648
 22363 56931 56945 56945 56945 56945 56945 56945 56945 56945 56945 56945
 56945 56945]
[15, 14] [11120 15407  1095  6197  7780 56946  6367  4562  5804 10624  4472 11120
  7384 10621  7780 12720 11211  5224  1651 12764 56946  5226  3765  4472
  3204 56931 56945 56945 56945 56945 56945 56945 56945 56945 56945 56945
 56945 56945 56945 56945 56945 56945 56945 56945 56945 56945 56945 56945
 56945 56945]
[29, 26] [ 5224  9230  4472 13893 56932  3667  4233 22418 56932  7780  3805 11211
 12764  1240  7709 14184 11813  7932  4472 11211  5224 14358   418 32684
 11120 14028  2106 10621  7780  7699 56932 19204  6151  8502 11136 56932
  6151  9537 11211 56940  6846  4864 11426 14931 11211  2745 11289  1920
  3432 56940]
[46, 42] [ 5224  9230  4472 13893 56932  3667  4233 22418 56932  7780  3805 11211
 12764  1240  7709 14184 11813  7932  4472 11211  5224 14358   418 32684
 11120 14028  2106 10621  7780  7699 56932 19204  6151  8502 11136 56932
  6151  9537 11211 56940  6846  4864 11426 14931 11211  2745 11289  1920
  3432 56940]
[40, 35] [15058  6151 11120  7316  4472 11211 12071 15145  2342 13396  5224 12956
  4472 11120   418 56932 12277    85  6454  2861 56940 12024  8024 12764
  6485  6151 11669 12956 56932 13396 11122 11211 12764  7709  2529  6444
 13396 12342 11372  7709   134  5226   227  4472  4656 56940 56931 56945
 56945 56945]
[23, 22] [10420 56932  5224 12133  6695  7780  6444  6151  2892  4472 56940 30043
  1231  6153  6151 13907  4562  5224  4942 56940 56932 10621  7780 56946
  1925 56940  1381 10124 10621  6750 56940 14260 56940  5226  2668  6950
   753  8373  3615  5226  5488  4290 56932  9222   848 13578 56940 56931
 56945 56945]
[29, 28] [ 5804  6977  6862  7025  5440 11211  7067  5226  8493 56946 56932 56946
 10621 10382 13870 12297 12297 13371 12342 12675 11120 11979 12297 12297
 56946  1490   661 11211  7016  6188 56931 56945 56945 56945 56945 56945
 56945 56945 56945 56945 56945 56945 56945 56945 56945 56945 56945 56945
 56945 56945]
[6, 4] [56946 56946 15201 12948 11211  7780 14043  1925  9230  4472  2496 11211
 56946 56931 56945 56945 56945 56945 56945 56945 56945 56945 56945 56945
 56945 56945 56945 56945 56945 56945 56945 56945 56945 56945 56945 56945
 56945 56945 56945 56945 56945 56945 56945 56945 56945 56945 56945 56945
 56945 56945]
[34, 33] [ 4343 13382 11211  1969 12764  7780 39039  5224 10119  4472  6480 11211
 13291  8292 12297 56940 12889  5804  5747  2007  8619 13466  6226 13396
  1231   227  7436 56940 12297 56932  9000  6299 11211  7780  4629  4562
  6226  7944  4472  1930 10621 11122 11211 16258  4472  8503  6151    13
  5240 11122]
[9, 8] [ 5224 14012  7780  3521  5804   420  3204 11211  7780  4629  2370  1725
 56932  5226  8406  5224  2689  6260 10621  5226  5804  1304  4472 56946
 10621   605  5226 56942 56932 10621 12171  7780  4629  4562  5224 12796
 56931 56945 56945 56945 56945 56945 56945 56945 56945 56945 56945 56945
 56945 56945]
[10, 9] [56940  1233  5224  9925 13280 11122 11211  1659 11211  3645  6151  8606
 56932 15360 12994  1925 11255  2792  4472 12379  5452 56940 56932  1243
   505  5226 11120  7442 56940 11140  4472  6976 56940 15023  5224  7261
  4472  8493  1300   445 56931 56945 56945 56945 56945 56945 56945 56945
 56945 56945]
[11, 9] [56940  1233  5224  9925 13280 11122 11211  1659 11211  3645  6151  8606
 56932 15360 12994  1925 11255  2792  4472 12379  5452 56940 56932  1243
   505  5226 11120  7442 56940 11140  4472  6976 56940 15023  5224  7261
  4472  8493  1300   445 56931 56945 56945 56945 56945 56945 56945 56945
 56945 56945]
[13, 11] [56940 12764  5240 13396 13351 56931  5240 14260  4562  5224 56946  2662
  6151 12735 12024 19488 56940 56932 15648  4562 11120 25691  4472  8993
  5224 56940 14505  6269 56940  4472 11120 10056  1217 56931 56945 56945
 56945 56945 56945 56945 56945 56945 56945 56945 56945 56945 56945 56945
 56945 56945]
[28, 23] [11120  2595  4472 11120 11556  4472 15544 14431 56934 12204 56935 56932
  5602 13566 56932  3655  6151 14196 11211 56940  1178 13396 11120 13704
  4472  5804  4679  9757 11211 12676  2890  8716  4472  4900 13371    95
  5226  3627 56934 10442 56935 10621 13732 56934  1723 56935 56932 14931
 11744 56932]
[2, 1] [56940  4365  4449   683  4393  3204 13171 11211 14382 12889  5804  5286
 12764  2745  8192  5804  8500 56940 56932  1040 56932 10621  6299 11211
 56940  5224  3612  7780 14069  8445 12738  9320 56932  9000 12764  7780
 56946  2890 11575 11211  5207 12098 13171 15225 56940 56931 56945 56945
 56945 56945]
[5, 4] [ 5226  5804  4393  9939   746 17561  8373  2814  4562  6761  5717 11120
 13439 56946  5226 11120 13733  4472 56946 10621  2890  4476    85  4869
  6151 15131  4472  2890 10673  5226  5224  5135  8630  5804 56946 47940
 56931 56945 56945 56945 56945 56945 56945 56945 56945 56945 56945 56945
 56945 56945]
[4, 3] [ 4562  5224 10169   746 12249  2890  7415  2052  5179 15600 10621 11120
 23362 10067  2610  7709 56459  5226   919   792  8244  5226  5804 13349
 56931 56945 56945 56945 56945 56945 56945 56945 56945 56945 56945 56945
 56945 56945 56945 56945 56945 56945 56945 56945 56945 56945 56945 56945
 56945 56945]
[11, 10] [ 5804  5379  3982 11211 56932  8509  9379  5137 56932 56940   746  4449
 13961  8849  4562  5224 12684  4472 11211 11120  9849  4210 15107 11120
 14088 56940 56931 56945 56945 56945 56945 56945 56945 56945 56945 56945
 56945 56945 56945 56945 56945 56945 56945 56945 56945 56945 56945 56945
 56945 56945]
[22, 21] [ 6205 56932 12948 56932  5226  5804   914  5802  4472  9209  4534    61
 56932 56946 16263  2890   475  2861 56940 10611 13478  4365 14902  5804
 11941 56931  8552 13396  1231  1870 56940 56931 56945 56945 56945 56945
 56945 56945 56945 56945 56945 56945 56945 56945 56945 56945 56945 56945
 56945 56945]
[14, 13] [56940 11120 15225 11211 12473  7494  1379 11211  1000  4562  5224  6480
 11211  4365  4449 11788 10621  3245  5207  4473  9677  5224  9591  4472
 11211  5224  9102  4210  2890  9096  9541  5224  6260   972  1633  5224
 56946 56940 56932 12828 56931 56945 56945 56945 56945 56945 56945 56945
 56945 56945]
[2, 1] [56940 13831  6151 12676 11211 56946  9379 16299  3861 56931 56946  6151
 11981  4472 12453  5240 12246 56931 14099 12764  4365  7075 11211   424
 15145  5224 13959  5226 11211  1240 40532 10636 15583  4562  8225 56940
 56932 15201 11120  4949 56931 56945 56945 56945 56945 56945 56945 56945
 56945 56945]
[3, 1] [56940 13831  6151 12676 11211 56946  9379 16299  3861 56931 56946  6151
 11981  4472 12453  5240 12246 56931 14099 12764  4365  7075 11211   424
 15145  5224 13959  5226 11211  1240 40532 10636 15583  4562  8225 56940
 56932 15201 11120  4949 56931 56945 56945 56945 56945 56945 56945 56945
 56945 56945]
[23, 21] [10420 56932   753 11211  6839 56932  3655  2200 12666 56932 11211  4151
  1919 14729  4495  1240  4960 10067 13185 56932 10621 11211  5449  6356
  5226 14914 11124   683 56942 11804  4472  5699 11352 56931 56945 56945
 56945 56945 56945 56945 56945 56945 56945 56945 56945 56945 56945 56945
 56945 56945]
[38, 34] [ 2890  5322 10067  1651 10067  4323 56932  4337 56946 56932 10376 11211
  8834 13021 13171 11211 56798  5226 17852   746  8192  2701  6151 14021
  5226 15243 10621  1240 15394  7780  3009  6151  2890  9763  7903 56932
  9000  4779 12676  6151 11211 11120  8108 10291 11120  2496  4472 11120
 12460 12683]
[8, 7] [13478  4779  2550 13822  8039 56932 12889  2495 56946  4151   534  4472
 11555  4472 13893 56932 13371 56946 10621 56946 56931 56945 56945 56945
 56945 56945 56945 56945 56945 56945 56945 56945 56945 56945 56945 56945
 56945 56945 56945 56945 56945 56945 56945 56945 56945 56945 56945 56945
 56945 56945]
[40, 36] [12476 56946 56932 13488  9823  4472 11120 11840 56932 15604 11211  9140
 10621   194 56940  5240  8493 16244  9745  3492  4549 11211  5226  5804
  4393  5137  7780  4380  2861 13290  4472 11120 14623  1801  5226  5804
 13098 15370 56932  7780  1679  6361  3922 10291  5224  3104  4472 13870
 10621   373]
[26, 23] [ 1925  6117  4472 11120  1016  4472  4284 56932 11120 11840  7780  5159
  3245 13396 10021 13822 13817  4472  5869  6151 11120  4194  5822 56932
 10621  7780  2729  5226 14390  8493  3723 10291 14342  3245  6151  7608
  4472  1335 56931 56945 56945 56945 56945 56945 56945 56945 56945 56945
 56945 56945]
[28, 23] [ 1925  6117  4472 11120  1016  4472  4284 56932 11120 11840  7780  5159
  3245 13396 10021 13822 13817  4472  5869  6151 11120  4194  5822 56932
 10621  7780  2729  5226 14390  8493  3723 10291 14342  3245  6151  7608
  4472  1335 56931 56945 56945 56945 56945 56945 56945 56945 56945 56945
 56945 56945]
[2, 1] [56940  4125 28646  4518 56932 12015 17667  9158 56943 56940 56932  6236
 56931 56945 56945 56945 56945 56945 56945 56945 56945 56945 56945 56945
 56945 56945 56945 56945 56945 56945 56945 56945 56945 56945 56945 56945
 56945 56945 56945 56945 56945 56945 56945 56945 56945 56945 56945 56945
 56945 56945]
[13, 12] [ 1233 11120  9852  4472  2890  3345  3158  5240  5224 12764 52496 56932
 44302 12702  6151  1231  4492  4472 11120 11752 13344  6151  5804 11853
 52661 56932  9000  5226 11813 13440 54827  1925  3888 56931 56945 56945
 56945 56945 56945 56945 56945 56945 56945 56945 56945 56945 56945 56945
 56945 56945]
[20, 19] [11713 12407  2199  4472 11325  6261 10621 56932  5226  5224 16271  4472
 11120 15720  5226 11120 11211 13893 56932  7782  1462  4151  8851 10067
 12361  7513 56931 56945 56945 56945 56945 56945 56945 56945 56945 56945
 56945 56945 56945 56945 56945 56945 56945 56945 56945 56945 56945 56945
 56945 56945]
[6, 5] [13396 11674 56932  1233  9198  7703  1009  4472 11120 14088 14238  4472
  2591 56946 56932  7703  3969  1379  4472  1231  9630  1661 56932  6956
 10621  7945 56931 56945 56945 56945 56945 56945 56945 56945 56945 56945
 56945 56945 56945 56945 56945 56945 56945 56945 56945 56945 56945 56945
 56945 56945]
[27, 25] [56416 12758  6151 11120 13812  5226 56942 56932 10621 12752  1240  7780
  9002  1000 11211  6151 15952 11117 14939  5506  5226  5224 14555  9444
 21512 56934  3645 43966  5226 13998 56932  9000 11562 14931 11107  1379
 13171 10067 56942 56943  4472 13822 10430 56935 56932 11211 56946  1240
  3648 16443]
[3, 2] [ 4550 11211  4299  1009 56932  6197 11211 12342  5240  5224  2471 10341
 11211  1240  4338  6151 11120 13300 16294  4472  8493  4415 12874 56932
  5207  5317  3245  4151 14596  3039  4472 13916  5217 14564 15067  2861
  1925  8871 56932  8493  9398  4472  4906 11211 13280  8834  3861  4603
 12764 13765]
[12, 11] [ 9000  5534  6151  2814  1240 14273  3641 14213 10621 15564  5534 13831
  6151 11932  4472  3612 56932  5207 56946  3104   683  6151 10025 56931
 56945 56945 56945 56945 56945 56945 56945 56945 56945 56945 56945 56945
 56945 56945 56945 56945 56945 56945 56945 56945 56945 56945 56945 56945
 56945 56945]
[13, 11] [ 9000  5534  6151  2814  1240 14273  3641 14213 10621 15564  5534 13831
  6151 11932  4472  3612 56932  5207 56946  3104   683  6151 10025 56931
 56945 56945 56945 56945 56945 56945 56945 56945 56945 56945 56945 56945
 56945 56945 56945 56945 56945 56945 56945 56945 56945 56945 56945 56945
 56945 56945]
[11, 10] [ 9000  1231   681  3645  1379 13171  2315  4472 11120 11211 10192 56946
 13371 12705 10370  4472 13075 56931 56945 56945 56945 56945 56945 56945
 56945 56945 56945 56945 56945 56945 56945 56945 56945 56945 56945 56945
 56945 56945 56945 56945 56945 56945 56945 56945 56945 56945 56945 56945
 56945 56945]
[14, 11] [ 1793 11120  7132 12764  7709  8606  1379  5226  1156  1925 13730 56932
 11664  7494 11211  5527  5224 13314  4472 11122  9329 10291  4425  6272
  8874 56931 56945 56945 56945 56945 56945 56945 56945 56945 56945 56945
 56945 56945 56945 56945 56945 56945 56945 56945 56945 56945 56945 56945
 56945 56945]
[15, 11] [ 1793 11120  7132 12764  7709  8606  1379  5226  1156  1925 13730 56932
 11664  7494 11211  5527  5224 13314  4472 11122  9329 10291  4425  6272
  8874 56931 56945 56945 56945 56945 56945 56945 56945 56945 56945 56945
 56945 56945 56945 56945 56945 56945 56945 56945 56945 56945 56945 56945
 56945 56945]
[33, 31] [ 5226 10577  4472 11120 11851  6151   424 14687 56932  5217 13280  7898
  5137  1240   746  2302  5804  4573 56946  5410 12297 56946 56946 12297
   848 12297 56946 12297 56932 11211  5226  6207 10192 14824 13396 12297
  6646 12297 56931 56945 56945 56945 56945 56945 56945 56945 56945 56945
 56945 56945]
[9, 8] [ 5224  4154  6201  5224   515  4472  9728 11211  1776  4472  4864  5217
  2890 14293   763 56931 56945 56945 56945 56945 56945 56945 56945 56945
 56945 56945 56945 56945 56945 56945 56945 56945 56945 56945 56945 56945
 56945 56945 56945 56945 56945 56945 56945 56945 56945 56945 56945 56945
 56945 56945]
[19, 16] [ 2443 11120  3094  5226  5198  4472 56942  5534 12565 11120  1029  4472
  1231  8876  8024 56932  6151 13386  4563 12475 56931 56945 56945 56945
 56945 56945 56945 56945 56945 56945 56945 56945 56945 56945 56945 56945
 56945 56945 56945 56945 56945 56945 56945 56945 56945 56945 56945 56945
 56945 56945]
[6, 5] [ 9000   753 11211  5527 10621 13831  6151  7803  5224 14282 12297 56931
 56945 56945 56945 56945 56945 56945 56945 56945 56945 56945 56945 56945
 56945 56945 56945 56945 56945 56945 56945 56945 56945 56945 56945 56945
 56945 56945 56945 56945 56945 56945 56945 56945 56945 56945 56945 56945
 56945 56945]
[7, 5] [ 9000   753 11211  5527 10621 13831  6151  7803  5224 14282 12297 56931
 56945 56945 56945 56945 56945 56945 56945 56945 56945 56945 56945 56945
 56945 56945 56945 56945 56945 56945 56945 56945 56945 56945 56945 56945
 56945 56945 56945 56945 56945 56945 56945 56945 56945 56945 56945 56945
 56945 56945]
[9, 6] [  753  8150 11211  8159 11211  6205  7709 12764  6950 28667  4161  5224
 13913 10954  3421  5137 13171 56931 56945 56945 56945 56945 56945 56945
 56945 56945 56945 56945 56945 56945 56945 56945 56945 56945 56945 56945
 56945 56945 56945 56945 56945 56945 56945 56945 56945 56945 56945 56945
 56945 56945]
[14, 13] [18552 14378  5137  4472 15459 34278 10621  1240  6376 11120  7069  4472
 11211  9490  2779  3455 10291  4151 11211 17152 11211 12764  4125  5321
 13396 13822  5052 56931 56945 56945 56945 56945 56945 56945 56945 56945
 56945 56945 56945 56945 56945 56945 56945 56945 56945 56945 56945 56945
 56945 56945]
[9, 7] [14914  1004 12764  7175  8192 14915 22924  1233 10261 56946  4855 11149
  2199  4125  6917  3958  4472  9537 11661 56946 56932  5534 14442 21590
  6151 53738  5224 12051  4472  2890  1926  5226  5224 11211  6226  4125
  1076 56932  8871 11120 46124 56931 56945 56945 56945 56945 56945 56945
 56945 56945]
[9, 8] [13487  1240 56946 12937  4151 15564 56932 10621  4091  8606 14931 49607
 11122 11211 11120 14251 11117  3655 13371 11122 13171 34595  2861  1987
  8493 27627 14931 10768 13396 12645 10067 11155  4472  7362  3709 56932
 11122 56946 13396  1901 56932 10621  5226  5224 14408 11211 12342  5016
  5226  1231]
[16, 15] [12297 12297  6942 12297 12297 56946 10621  1240 29247  6151 21381  8828
 56932 13371  1233 10261 15416  4472  5000  5487  3521  5226  8493  5918
 28890 56931 56945 56945 56945 56945 56945 56945 56945 56945 56945 56945
 56945 56945 56945 56945 56945 56945 56945 56945 56945 56945 56945 56945
 56945 56945]
[10, 9] [10636  6570  5207  5924  9000 12764 11120 56946 14260 12650 56946 56946
 56931 56945 56945 56945 56945 56945 56945 56945 56945 56945 56945 56945
 56945 56945 56945 56945 56945 56945 56945 56945 56945 56945 56945 56945
 56945 56945 56945 56945 56945 56945 56945 56945 56945 56945 56945 56945
 56945 56945]
