[37, 29] [ 1231  4154 11117  6236 11211  4603  2890 24795 56934  4472 12752 11122
  4472 56946 56935 56932 10621 12543  8946  2890  7985  5534 18958  6151
  1231 22086 15340 13662 15340 10291  4085  6151 13732 56932 56940  6151
  8493  4623 10753  1925  5689 10067 27559  4472 56946 56940 56932 10621
 11022  1231]
[16, 9] [ 4161  5224  4522  6260 56932  4085  1925 14967  8946  4085  6151  1000
  2890 10772  7974  4562  5224  2333  4472 11122  7916 56931 56945 56945
 56945 56945 56945 56945 56945 56945 56945 56945 56945 56945 56945 56945
 56945 56945 56945 56945 56945 56945 56945 56945 56945 56945 56945 56945
 56945 56945]
[17, 9] [ 4161  5224  4522  6260 56932  4085  1925 14967  8946  4085  6151  1000
  2890 10772  7974  4562  5224  2333  4472 11122  7916 56931 56945 56945
 56945 56945 56945 56945 56945 56945 56945 56945 56945 56945 56945 56945
 56945 56945 56945 56945 56945 56945 56945 56945 56945 56945 56945 56945
 56945 56945]
[18, 9] [ 4161  5224  4522  6260 56932  4085  1925 14967  8946  4085  6151  1000
  2890 10772  7974  4562  5224  2333  4472 11122  7916 56931 56945 56945
 56945 56945 56945 56945 56945 56945 56945 56945 56945 56945 56945 56945
 56945 56945 56945 56945 56945 56945 56945 56945 56945 56945 56945 56945
 56945 56945]
[19, 9] [ 4161  5224  4522  6260 56932  4085  1925 14967  8946  4085  6151  1000
  2890 10772  7974  4562  5224  2333  4472 11122  7916 56931 56945 56945
 56945 56945 56945 56945 56945 56945 56945 56945 56945 56945 56945 56945
 56945 56945 56945 56945 56945 56945 56945 56945 56945 56945 56945 56945
 56945 56945]
[20, 9] [ 4161  5224  4522  6260 56932  4085  1925 14967  8946  4085  6151  1000
  2890 10772  7974  4562  5224  2333  4472 11122  7916 56931 56945 56945
 56945 56945 56945 56945 56945 56945 56945 56945 56945 56945 56945 56945
 56945 56945 56945 56945 56945 56945 56945 56945 56945 56945 56945 56945
 56945 56945]
[12, 6] [ 1379  8871  1233 11120 11778  1240  4868  6151  9687  4562  5224 12675
  1601  4472  8819  1048 13396 22518   806 56946   848 29564 56932 13396
 14184  8373 15664 56931 56945 56945 56945 56945 56945 56945 56945 56945
 56945 56945 56945 56945 56945 56945 56945 56945 56945 56945 56945 56945
 56945 56945]
[13, 6] [ 1379  8871  1233 11120 11778  1240  4868  6151  9687  4562  5224 12675
  1601  4472  8819  1048 13396 22518   806 56946   848 29564 56932 13396
 14184  8373 15664 56931 56945 56945 56945 56945 56945 56945 56945 56945
 56945 56945 56945 56945 56945 56945 56945 56945 56945 56945 56945 56945
 56945 56945]
[19, 14] [10621 11120 13300  4472 11211  5224  4842 12764  5240  7376  5240 11211
  1233 13691  3645  6151 12342 14931  2890 11757 12764 11117  3992  3260
 56931 56945 56945 56945 56945 56945 56945 56945 56945 56945 56945 56945
 56945 56945 56945 56945 56945 56945 56945 56945 56945 56945 56945 56945
 56945 56945]
[43, 34] [ 5804  6242  1487  1633  5804 11233 11120 13870 10067  8876  9211  5226
   681 10067  6319 56932  5224  4472  1001 56932 11211  6524 13441  5609
  5627  4472  5804 13171  4472  7381 11804  4472  2322 11211 10072  6151
 14055  6151 11120   925 10067  7581  5226 56942 56931 56945 56945 56945
 56945 56945]
[38, 34] [ 7780 11238  2131 12336  4472 11120  7444  4472 10314 10621  4562  5224
 14687 11211 10848  5804 20749 56932  4161  1296 12764  6021  4201  1233
 12937  4151 12732 23220 31145  5226 11120  5404  4362 10291 14496  6151
  2037 10611  5804  8834 14117  5226 11120 11668  4472 13269 56931 56945
 56945 56945]
[39, 34] [ 7780 11238  2131 12336  4472 11120  7444  4472 10314 10621  4562  5224
 14687 11211 10848  5804 20749 56932  4161  1296 12764  6021  4201  1233
 12937  4151 12732 23220 31145  5226 11120  5404  4362 10291 14496  6151
  2037 10611  5804  8834 14117  5226 11120 11668  4472 13269 56931 56945
 56945 56945]
[40, 34] [ 7780 11238  2131 12336  4472 11120  7444  4472 10314 10621  4562  5224
 14687 11211 10848  5804 20749 56932  4161  1296 12764  6021  4201  1233
 12937  4151 12732 23220 31145  5226 11120  5404  4362 10291 14496  6151
  2037 10611  5804  8834 14117  5226 11120 11668  4472 13269 56931 56945
 56945 56945]
[41, 34] [ 7780 11238  2131 12336  4472 11120  7444  4472 10314 10621  4562  5224
 14687 11211 10848  5804 20749 56932  4161  1296 12764  6021  4201  1233
 12937  4151 12732 23220 31145  5226 11120  5404  4362 10291 14496  6151
  2037 10611  5804  8834 14117  5226 11120 11668  4472 13269 56931 56945
 56945 56945]
[31, 24] [ 5226  5224  1030 56942 56932 14931 11744 56932  6226 12266 56932  6197
 11211  5224 12168 25263 13396  5224 10006  5226  8302 56932  1633  5224
 10824 56932 28493  6151  5804 29624  6151  8290 10309 56931 56945 56945
 56945 56945 56945 56945 56945 56945 56945 56945 56945 56945 56945 56945
 56945 56945]
[8, 1] [ 1240  9490  4472  4085  6151 11120 13745  6151 13396 14746 10621  4550
  1503 10067 34874 56931 56945 56945 56945 56945 56945 56945 56945 56945
 56945 56945 56945 56945 56945 56945 56945 56945 56945 56945 56945 56945
 56945 56945 56945 56945 56945 56945 56945 56945 56945 56945 56945 56945
 56945 56945]
[9, 1] [ 1240  9490  4472  4085  6151 11120 13745  6151 13396 14746 10621  4550
  1503 10067 34874 56931 56945 56945 56945 56945 56945 56945 56945 56945
 56945 56945 56945 56945 56945 56945 56945 56945 56945 56945 56945 56945
 56945 56945 56945 56945 56945 56945 56945 56945 56945 56945 56945 56945
 56945 56945]
[7, 4] [ 5224 12479 56932 11211  8642  6151  4151 56942  1362  6151 14022  4472
  8493 15330 10126 11211 56946  1134  5226 11120  5436  4472 56946 56932
  9490 56946  8448  4472 56942  6149  4472  5905  5331 10621  4472   554
 56931 56945 56945 56945 56945 56945 56945 56945 56945 56945 56945 56945
 56945 56945]
[10, 4] [ 5224 12479 56932 11211  8642  6151  4151 56942  1362  6151 14022  4472
  8493 15330 10126 11211 56946  1134  5226 11120  5436  4472 56946 56932
  9490 56946  8448  4472 56942  6149  4472  5905  5331 10621  4472   554
 56931 56945 56945 56945 56945 56945 56945 56945 56945 56945 56945 56945
 56945 56945]
[11, 4] [ 5224 12479 56932 11211  8642  6151  4151 56942  1362  6151 14022  4472
  8493 15330 10126 11211 56946  1134  5226 11120  5436  4472 56946 56932
  9490 56946  8448  4472 56942  6149  4472  5905  5331 10621  4472   554
 56931 56945 56945 56945 56945 56945 56945 56945 56945 56945 56945 56945
 56945 56945]
[12, 4] [ 5224 12479 56932 11211  8642  6151  4151 56942  1362  6151 14022  4472
  8493 15330 10126 11211 56946  1134  5226 11120  5436  4472 56946 56932
  9490 56946  8448  4472 56942  6149  4472  5905  5331 10621  4472   554
 56931 56945 56945 56945 56945 56945 56945 56945 56945 56945 56945 56945
 56945 56945]
[13, 4] [ 5224 12479 56932 11211  8642  6151  4151 56942  1362  6151 14022  4472
  8493 15330 10126 11211 56946  1134  5226 11120  5436  4472 56946 56932
  9490 56946  8448  4472 56942  6149  4472  5905  5331 10621  4472   554
 56931 56945 56945 56945 56945 56945 56945 56945 56945 56945 56945 56945
 56945 56945]
[14, 4] [ 5224 12479 56932 11211  8642  6151  4151 56942  1362  6151 14022  4472
  8493 15330 10126 11211 56946  1134  5226 11120  5436  4472 56946 56932
  9490 56946  8448  4472 56942  6149  4472  5905  5331 10621  4472   554
 56931 56945 56945 56945 56945 56945 56945 56945 56945 56945 56945 56945
 56945 56945]
[16, 4] [ 5224 12479 56932 11211  8642  6151  4151 56942  1362  6151 14022  4472
  8493 15330 10126 11211 56946  1134  5226 11120  5436  4472 56946 56932
  9490 56946  8448  4472 56942  6149  4472  5905  5331 10621  4472   554
 56931 56945 56945 56945 56945 56945 56945 56945 56945 56945 56945 56945
 56945 56945]
[13, 9] [56946   732 11211  4151 12732 15121 11211  5224  7966  4868  6151  9687
  5226 11120  4932  8968  5224  1778  4472  4151 14633  4472  9557  4472
  4631 10621  9123 15049 10621  1231  4584   826 56931 56945 56945 56945
 56945 56945 56945 56945 56945 56945 56945 56945 56945 56945 56945 56945
 56945 56945]
[19, 13] [ 4472  9591 56932  5224  8999  6197  1543 11211  5804  7893  9935 10067
 10386  1240 56946  4562  5224  3534  1875  4472 11120 14065 56931 56945
 56945 56945 56945 56945 56945 56945 56945 56945 56945 56945 56945 56945
 56945 56945 56945 56945 56945 56945 56945 56945 56945 56945 56945 56945
 56945 56945]
[40, 32] [ 3245  8821 56932   425  1004  5226  6046 56932 11120  1005 12297 12297
  5226 56946 56946 12297 12297  7498 25501 56932 13386 10823 34955  6151
 13822 56946 10621 17499 56932  8373  1312 11211  1240  4810  6151 13439
 13280 56942 10621 56942  5137 56932  8170 56931 56945 56945 56945 56945
 56945 56945]
[41, 32] [ 3245  8821 56932   425  1004  5226  6046 56932 11120  1005 12297 12297
  5226 56946 56946 12297 12297  7498 25501 56932 13386 10823 34955  6151
 13822 56946 10621 17499 56932  8373  1312 11211  1240  4810  6151 13439
 13280 56942 10621 56942  5137 56932  8170 56931 56945 56945 56945 56945
 56945 56945]
[24, 20] [ 7053  5804 11360  6361 56932  6151   374  4472 15306 56932  7494  2890
  3612  3334  3828  4592  5224 11627  4472  5804  7394 10621 56946  5179
 11120 12901 56931 56945 56945 56945 56945 56945 56945 56945 56945 56945
 56945 56945 56945 56945 56945 56945 56945 56945 56945 56945 56945 56945
 56945 56945]
[31, 29] [ 5217 11211 11122 56946  5226 11120  3288 10067  6109 45856 11120 13733
 10621 42879  4472  5970  4562  6295 56946 10621 56946 56932  6295  4472
 45704 56932 11664  5224 14315  2426  8448  4472  2890  7238  4413 56946
 11120 24223 56931 56945 56945 56945 56945 56945 56945 56945 56945 56945
 56945 56945]
[9, 3] [11120 56946 11120  9490 56946  4161  5224  1601  4472 12764 56946 11211
   375 11120 12673 56932 10621 11120  9490  7039 56946 10621 44600 56932
 10621 19567 10067  1926 56931 56945 56945 56945 56945 56945 56945 56945
 56945 56945 56945 56945 56945 56945 56945 56945 56945 56945 56945 56945
 56945 56945]
[11, 3] [11120 56946 11120  9490 56946  4161  5224  1601  4472 12764 56946 11211
   375 11120 12673 56932 10621 11120  9490  7039 56946 10621 44600 56932
 10621 19567 10067  1926 56931 56945 56945 56945 56945 56945 56945 56945
 56945 56945 56945 56945 56945 56945 56945 56945 56945 56945 56945 56945
 56945 56945]
