[25, 26] [37873  7780  6659  2890  1602  4562   425  4022 56932 15231 13396 12342
 12675 10621 10025  1777 10067  4942 11211 16065  6151  4151  8432 13396
  4151 11211 56946  5224 16354 10067  1437 11807 56932 14691   217  5226
  8493  1476  4472  2858  5224 13723 15512  5226  5224 14084 56931 56945
 56945 56945]
[22, 23] [ 1240 56946  2440 10420  2370 56946 56946 13507  9722 56932 23005  4472
  7099  4472 56946 10291  5224 22503  4472 20676 10621 10291 13386 11120
  5887 56946  9490   880  7381  5137  4472  4123 56932 10621  2370 16198
 56946 56932 56940 56946 56940 56932 18018  6515  4472  5804 10798  2772
 56934 12764]
[25, 27] [56940  4550 56932 56936 11149 15590  6151  8606  5804 14765  4472 11120
    19 12135 56934  5804 15544 56935 11211  4562  3336 13371  4151 17574
 10621  4151 45389 15181  6151  1179  5804  4900 10291 13822  1357  7345
 56937 56940 56932  6183  9019 56931 56945 56945 56945 56945 56945 56945
 56945 56945]
[32, 31] [ 6151  4151 12877 56932  1240  4563 14445  4562 13649 56942  1882 10722
  4472  4151  8155 11211   930 12522 11120 15886  4472  7384  5224 19441
 13935 56932 13396 11122 11211 10611  5488   420 14862 30324  6950  2890
 14643  4472  4507  4472 13801 56931 56945 56945 56945 56945 56945 56945
 56945 56945]
[2, 0] [ 7930 56932 15023 56946  2890 56946 56932  2529  9288 56933 15201 11211
  7494  8493 56940  7415 10098 56940  4562  3433   671 56932 13171 11211
  9937 13396 12342 56933  6299 11211  3245  5240 15340 10067  2792  4472
  1352 56932 14524 15043 14751 56932   848 13396   377 56932 10621 15201
 11211  4562]
[18, 20] [ 5534  6151   577 11117 56946  2890  8512 12297 12297 14260  6151 11120
  9745   848  6151 11120   314 10291 11120 11211 15282  6197 12764 11117
  5927 13822  8561 12297 12297 56932 12650    52  8493 11495  3682 56931
 56945 56945 56945 56945 56945 56945 56945 56945 56945 56945 56945 56945
 56945 56945]
[19, 20] [ 5534  6151   577 11117 56946  2890  8512 12297 12297 14260  6151 11120
  9745   848  6151 11120   314 10291 11120 11211 15282  6197 12764 11117
  5927 13822  8561 12297 12297 56932 12650    52  8493 11495  3682 56931
 56945 56945 56945 56945 56945 56945 56945 56945 56945 56945 56945 56945
 56945 56945]
[19, 20] [ 5224  2595  4472 12031 12506 10067 13723 10208 56946 56932 16190 56946
 56932 15201 11211 10611  5804  3034 11211 16884 14233  9490  8971 14914
 16957 11211 10463 10495  1231 12659 56931 56945 56945 56945 56945 56945
 56945 56945 56945 56945 56945 56945 56945 56945 56945 56945 56945 56945
 56945 56945]
[17, 17] [ 4472  8590  6151  9544  1240 20483  2890 14315  1094 56932  8630 11211
  5804  4522 56932  9446 10621 18201   753  8373 56932  8503 13396 11120
  1296 10621    13 13396 11120  8818 56931 56945 56945 56945 56945 56945
 56945 56945 56945 56945 56945 56945 56945 56945 56945 56945 56945 56945
 56945 56945]
[22, 22] [11120  6855  4472 13211 12954  1240  4695  4562  8493 11727 56932  6151
 11120 11211 10762   683 56942 14331 10067 14358 56932  1633  4938  1346
  5804  2260  5226 11211 56940  5224  4188  7973  4472   424  9541  8946
  5224  4472 13822 14331 10621   217  8908 12672 12407  3269 10291  5224
  7871 10621]
