[34, 28] [ 5224   653  4472  4472 11120 13017 56932 11211  3717  5224  6260 56942
  4472   995 56932 15246  5224 15063 10067 10379  2824 56932  3030 13396
  4233 10584 56932 11211  8057 13440 34142  6151  4151   353  4472 11120
  6805 21950  4472 13272   881 56931 56945 56945 56945 56945 56945 56945
 56945 56945]
[8, 5] [ 5226 11646 12541 56932 11120  6855  4472  1296 10067  5806 31136  2890
 56946 56946  5226  5224  5879 56931 56945 56945 56945 56945 56945 56945
 56945 56945 56945 56945 56945 56945 56945 56945 56945 56945 56945 56945
 56945 56945 56945 56945 56945 56945 56945 56945 56945 56945 56945 56945
 56945 56945]
[2, 5] [ 5224  3612 11211 13171  4739  7780 18982 10067 37140  9518 11943  4150
  5240  5224  5683 13579 56931 56945 56945 56945 56945 56945 56945 56945
 56945 56945 56945 56945 56945 56945 56945 56945 56945 56945 56945 56945
 56945 56945 56945 56945 56945 56945 56945 56945 56945 56945 56945 56945
 56945 56945]
[30, 20] [11120  5844 10421 48191  8943 56934 15191 56935  5165   217  6151 12379
  5452 10621 12795 11211  1240 56946  1156  4693  1925 12301  5432  4472
  7361  4472  4151  5581 56946 10621 31834  4472  9701 11669  7944  4472
  8865 56931 56945 56945 56945 56945 56945 56945 56945 56945 56945 56945
 56945 56945]
[2, 1] [11120  9033  9004    85 18165 10621  1633  8493  1500  5609 21255 56932
 11122  4472 24291  1765  1379 11089 56931 56945 56945 56945 56945 56945
 56945 56945 56945 56945 56945 56945 56945 56945 56945 56945 56945 56945
 56945 56945 56945 56945 56945 56945 56945 56945 56945 56945 56945 56945
 56945 56945]
[39, 31] [ 6151  3951 10867  4472 11120  2591 56932 11211  6197  1240 16174  8503
  4472  5804 17705 56932  1396  6151  1601  4472 56946  4472 11120  2859
 14260 12764  7780 13848 11211 13698 56934   848 13386 15145 56935 38774
 11122 11211 11828  1231 13556 56931 56945 56945 56945 56945 56945 56945
 56945 56945]
[14, 11] [13396 13676 56932 12321 13382 11211  8493 11851 10291  9543  5224  8844
  6480  9322 10067  2610  2944 56932  4562  5574  4472 11120 18180 10621
 11921  7594  4472  3384 24958 56932 38831 56946   848 56946 56946 56932
 56946  5226   450  5224  7371  6151  1231  1431 56931 56945 56945 56945
 56945 56945]
[33, 30] [ 5224 14012  4264 56946 10621  5224  2944  3913 10537 56932  4938 12948
  9538  5226 13732  1231 11093  1855 56932 14139  8050 56932 11211  1240
   262  5224  4522 56932  8420 11211   425 12935 11211   746  1602 10621
 13342  1925 13151  5240 56940  8493  3841 56940 56931 56945 56945 56945
 56945 56945]
[41, 27] [ 5224  9307  4177  4472 12340 11449   425 14675  5226  2555  5224   270
  5226  8689  4472   381  3654 56934  3861 14131  4759  3144 56932 12578
  8183  9859 56939 56935 56932  4246  5226  5047 56932 11120  7253 14088
  4472  5441 12290 11211 13851  5904 15377 56931 56945 56945 56945 56945
 56945 56945]
[17, 13] [ 5224  9591  4472 11211 13822  8373  4711 56946  5226  6036  4472 11120
  3475  3268 11122  3717  6205 11120  5655  2861 56940 12015 13126  5224
 14807  4472  3475 56932 13371 56946 10621 13724 56932  9000 12764 10291
  5487 56946  5226 12342  6221 11120  7626 56940 56931 56945 56945 56945
 56945 56945]
[10, 6] [ 4151 14862  4472  2496  7187 11211 56946  6151 13822 23117  8493  4472
  4151 10384 13171 17762 11211  1240 10875  5331  4151  1493  4472  2890
  5076  4472  5138 56931 56945 56945 56945 56945 56945 56945 56945 56945
 56945 56945 56945 56945 56945 56945 56945 56945 56945 56945 56945 56945
 56945 56945]
[21, 18] [ 6151  7171  4472  8558  8964 12764    52 13764 15676  5224 42001  4472
 13822 13364 10621 13938 13371 13300 11120 54808  8284  4472 13822 10555
 56931 56945 56945 56945 56945 56945 56945 56945 56945 56945 56945 56945
 56945 56945 56945 56945 56945 56945 56945 56945 56945 56945 56945 56945
 56945 56945]
[31, 21] [ 5224 13247 10067  7346  4472 10185 11211  7457  1925 11052  5804   420
 13349 11211  1765  5226  5224  4667  1633  5224 21014 56932 13396  9245
  4613  4472  3421  1551  8509 14378 10013 10067  3612 13987 56932  7780
 11898 11120 38192 10291 11211  7898 12733  5226 13450   207  5226 11120
  8200 56946]
[28, 19] [  907  6151  9379 13767 56932 11120  9158  1606  4472 14030  2844 12764
  7780  3517  4472 13882 14352 13908 56932 13371 15285  5226  1231 13676
 13004  7956  5908 11038 11120  6805  3682 10291 11631  3426 10621  5224
   521 56934 56946 56935 56931 56945 56945 56945 56945 56945 56945 56945
 56945 56945]
[31, 27] [20116 12764 11120 56946  5226  5224  1926 56932  9000 28044 11211  6151
  1231 32260 56932 13916  3727 56932 56940 12171 11117  8734  8493 15019
 56940 56932  1233  4518 36517 11120  5793 15949  6151 11211 56940   425
  8368  7027 56946 56940 56946 56931 56945 56945 56945 56945 56945 56945
 56945 56945]
[39, 33] [11120  7037  6151 11120 13287  5432  4472 11120  5066 16752  4692 56946
 56932 15305 13371 11120 56940 44510 11273 56940 56932 15083  4472  9394
  5137  5226  5224 41603 13396  1170 10906 56932  7780 56946  5224 11420
  4472  4110  8311  4472 35780 22433 56932  6226  2890  3082  5226  2740
 56931 56945]
[6, 4] [ 9222  8159 11211 12764 23054  3260 56940  1528  7956   304   566 11211
 12764  1240 17537  1925  3754  4472  7538 11211  5240 10493 10621 13396
  5224 11211  5224   653 13885 56940 56931 56945 56945 56945 56945 56945
 56945 56945 56945 56945 56945 56945 56945 56945 56945 56945 56945 56945
 56945 56945]
[28, 21] [ 8857  3168 13261  9774 10291  1298  5224  1437  4472  4151 12336  6151
  7608 10067 15916  4472 21314 56932 32060  5226  4151   514 11970 13396
  4151  3136  4472   545  4472 13327  5226 13440  4472  8493 14753  4472
 10365 10067 11685  5226  4151  4290  6718  5226  2535 56931 56945 56945
 56945 56945]
[37, 28] [ 8857  3168 13261  9774 10291  1298  5224  1437  4472  4151 12336  6151
  7608 10067 15916  4472 21314 56932 32060  5226  4151   514 11970 13396
  4151  3136  4472   545  4472 13327  5226 13440  4472  8493 14753  4472
 10365 10067 11685  5226  4151  4290  6718  5226  2535 56931 56945 56945
 56945 56945]
[32, 28] [12764  2451 56932 15201 11211 56940  4151 13910 10291  6744  5224 15623
  7482 12764  1240 11138  5226  9379  8445 56940 10621 56940  5226 14347
  7171 56940 12297  6351 12297 56940 11120  8728  2839   373 23530 11120
  7891  3285 10495 10291 32498  5224  7581  4472  4151 11816 10621 10291
 10530  5224]
[23, 20] [ 5224 14906 10067  3297  4472   424  2689 56932 11211 56940  7780  8192
  2166 13396  4151 12541 11211 13478  3700 10067 13857  4472 11955 10067
 13773 10621 11120  6500 10067  2693 56932  5207  3645  6151 14040 56932
 12764  2451 56932  5226  2890 14347  4322  5226 11120 14662  4472  5286
 56940 56932]
[2, 2] [ 5226 15232 10097 56946 18984 56932  8630 11211  5226 12379  5452  1240
 32220  5226  2890 10975  4472  4109 56932 11122 11211 11117  1841 14137
  4472  7238  7376 56931 56945 56945 56945 56945 56945 56945 56945 56945
 56945 56945 56945 56945 56945 56945 56945 56945 56945 56945 56945 56945
 56945 56945]
[25, 18] [ 5224  6145 13732 56932  8552  6151  1231  5551  7956  5224 56946 11304
  5226  5224   468  5206 56934 56946 56935 10621 11120  7838 10067  5683
 13579 13344  1925 13829  4472  1397 56932  9801  5224  8288  2729  4472
 11120 15338 11211  1765 11120  6255  4722 56931 56945 56945 56945 56945
 56945 56945]
[21, 18] [15023 14857 11211 12937  4151  2786    61  4472 11120  2894  1240   746
  7575  4161  4550 14931  6416  5226 14662 11120  6098  4472 13822  7345
 56932 56946  1015 11211  5804 15618  4472 11120 12613   746  4472 11872
  8186  7956  1231  1437 56931 56945 56945 56945 56945 56945 56945 56945
 56945 56945]
[36, 31] [ 5804  4826 12013 11211  4161 13011 10067  7977  4472  8289 12764 15590
  6151 27842  2890 12232 56946 10621 11211  5224 56946  8533 14963  3119
  9840  2529 11120  7811 10643  6151  3142 11669  2729 11211 14098  7785
 56946 56931 56945 56945 56945 56945 56945 56945 56945 56945 56945 56945
 56945 56945]
[14, 14] [11120 14774 10347 47555  6151 11120 15948 13396  5224  4467 56946  4472
  2551 10621 14378  8155   746 27790 15350  4472 11211 12672  1450    44
 56931 56945 56945 56945 56945 56945 56945 56945 56945 56945 56945 56945
 56945 56945 56945 56945 56945 56945 56945 56945 56945 56945 56945 56945
 56945 56945]
[23, 19] [15394 17005  3245 11211 11120  9868 34727 56946 10067  3472 56934  4472
  5272  6151 11120 10773 56935 56932 11122 11211 13334  4151  9056  8550
 56931 56945 56945 56945 56945 56945 56945 56945 56945 56945 56945 56945
 56945 56945 56945 56945 56945 56945 56945 56945 56945 56945 56945 56945
 56945 56945]
[3, 12] [24442  4472 11211  1231 12213 10471 56932 56940 11120 11921  1135 56940
 56932  1240 23853  6151  1231 14665 56932  7404 10067  5071 10621 11120
  1019 10621  9198 11995  6151  4151  6423 10621  6151  5804  4510 56946
 56932  5226  5804 11211 12135  4562 11120  7676  4472 13822 10219  4472
 17472 56932]
[15, 12] [ 5224  2792  4472 11120  5844  4472 10700  8892  4472   968 56934  1369
 56935  9528 11211  5224  6949  7780  1896 56940  5226 56942 11804 11120
 13107   424  2689 10621  5804  4900 14811  5226  8425 56940 56932  5226
  8493   989 13031 11211 10627   217  5224   413 56940  5224  3733 56940
  4472  2921]
[42, 34] [ 5224  2792  4472 11120  5844  4472 10700  8892  4472   968 56934  1369
 56935  9528 11211  5224  6949  7780  1896 56940  5226 56942 11804 11120
 13107   424  2689 10621  5804  4900 14811  5226  8425 56940 56932  5226
  8493   989 13031 11211 10627   217  5224   413 56940  5224  3733 56940
  4472  2921]
[20, 18] [ 9198 15083  4472  5488  7809 56932  9222 12554  1925  2191  4472  2890
  3208 18474  4472 18724 14977 11211 11117 14817 36397 56946 56946 56932
  4476 18717  4472  5804  8521  4472 15038  6151  5804  9985  4472  3572
 56932 10621 11211  1240 10479  2370 11120 10773 56931 56945 56945 56945
 56945 56945]
[21, 18] [13554  5966 56946 13371  2890  7580  4472  5804  2140  3911  4472  6600
  8653  6725  2738  3336  2772 10291 13853 11120  4670 10067  9489 56932
  9000 13996  2772  9659  5654 11211  1240  7709 32016  5224  3172 56932
 12889 14190  9198  6477 48968   425  5039 10657 56931 56945 56945 56945
 56945 56945]
[2, 5] [ 5217 11211 11120 12596 14889 10376 11120  6314 56932  5224  6260 11950
 56942  4472  5385 56932  6197   746  8192 56946  8373  2814 56932 11120
 11093  5224  6260 56942  4472  1787 56931 56945 56945 56945 56945 56945
 56945 56945 56945 56945 56945 56945 56945 56945 56945 56945 56945 56945
 56945 56945]
[12, 10] [11120  4670 16177  5226  9852  6151 11120  2725  4660 11211  5848   676
  5224  6909  2812 13155 56946 56932 13386 13280  8373 11970 10561  4562
  7381  6381  7030  5226  5224 11964 10621 38065  1925   653 10621  9394
  1416 56931 56945 56945 56945 56945 56945 56945 56945 56945 56945 56945
 56945 56945]
[25, 22] [11120 56946  1096  5226  1231 13615 11211  5224  2792 56940 12171 56940
  7780   880  3260  5937 10067  5234  2792 10067  7346  4794  4472   348
 10621 14504 11211   420  4472  5804  3421 11360  4472 11093 10241 10394
 11211  5894 11120 15338   865 10856 13396 13822  5286 56932 12764  6950
 13371 11511]
[25, 22] [37911  3655 11211  5760  8493  1476  6151  9992  5226 11120 11211 56932
 13482  1925  9541  3728  6128 56934 10199 56935 56932 11117 11828 11211
 56940 56946  6151    68   465 11120  9069 10067 13513 12033 56940 56931
 56945 56945 56945 56945 56945 56945 56945 56945 56945 56945 56945 56945
 56945 56945]
[6, 3] [13396  5224  5545 56932  4151 14030  4472  9379 14304 10621  3713 11959
 23850 15058  1925  2689  2824  5226   420  3388  6653 56934 13171  5226
 10336 56932 12889  3245  5226  5224  6319  5692 10621  4487 56935 10621
  5226  4151    21  4472  8859 10621  3162 56931 56945 56945 56945 56945
 56945 56945]
[6, 8] [13554 11211  6151  5804  6786 10013 56946  1240 15649  5226  5224  5482
  4562  2890 35707 13554  4472 56946 56932 10291  2628  5226 11120 56946
 56931 56945 56945 56945 56945 56945 56945 56945 56945 56945 56945 56945
 56945 56945 56945 56945 56945 56945 56945 56945 56945 56945 56945 56945
 56945 56945]
[17, 14] [ 5224  2792  7466  6299 11211  1240  5917  6151  9687 10680   465 10291
  3544 11211 11418  8493 15583  4472 15541 10611 11120 11635 56932 11211
  5226 11120  5411  7494 56942  5137 56932 10621  5224  6407 15548 56931
 56945 56945 56945 56945 56945 56945 56945 56945 56945 56945 56945 56945
 56945 56945]
[21, 18] [ 5224  5071    85  1231  4348 10291 35704  5804 15611   620  4472  5935
  9254  5226  5224  6319  5692  2861 56940 11526 44074  5224   653 10621
  3572 56932  5224 14124  4562  5804  3204  4293 56932 10621  5488  6655
 10611  1168 56940 56931 56945 56945 56945 56945 56945 56945 56945 56945
 56945 56945]
[43, 38] [56940  1233  1240 10261 32582  6151 11120  8150  4472 11211 12764 56946
 10370  2179 56932 12764 10261  3848  9068 17811 56940 56932  1096  3333
 56932  5226  6425  6151  3667  9810 16819 56932  5224 35387  1428  5224
 11950 56942  1925 15222  2890  6411 11211  9490  5663  5226 11120  6962
  4472 56946]
[34, 32] [ 5804  8330  4472  3703  3982 11211 12764   746 15231  3260  5226 15583
  4562 11191 10621   470 11211  8993   746  3860  4151   621 10621  4304
  4472  5668 56932 13396 11122 11211 11242  6151 13661 11211 56946 56931
 56945 56945 56945 56945 56945 56945 56945 56945 56945 56945 56945 56945
 56945 56945]
[12, 13] [ 2240 56932 12015  7780  4643  4472  8493  3196 22502 11211  5224  7238
 11211 14817  5224 28302 18217  4472 56940 26071 11120  3363 56940 56932
 15145 11906  5226  8445 14915 35698 19714 10291 11120 17292 10621 11120
  3363 56931 56945 56945 56945 56945 56945 56945 56945 56945 56945 56945
 56945 56945]
[0, 5] [11120  3211  4472 12049  9906  3566  5137  5226  2529 56946 56932  9000
 12764   865  5804  1145 11211 14343 21824 11120 16412  4472 11211  5804
  6042  4472 11631 13512 13280 56942  5137 13396 17322 56932  6197 11211
  1240   746 13837  4102  4472  4161 56942  5137  4472 15945  5226   658
 56932 19643]
[28, 18] [ 2510 13981  5226  5224  4768 56940  6026 15161  4472  2496 10621 14299
 56940 11211  1240  3265  5226  5224  8967  4472 11344  6185 10916 56932
  2433 13396 11120 12695  4738  4472 11120 12613 15161 56931 56945 56945
 56945 56945 56945 56945 56945 56945 56945 56945 56945 56945 56945 56945
 56945 56945]
[13, 10] [14931 11744 56932 11120  9028  7709  2529  2038 56932 11664 11120  6098
 20793 10611  5804 19426 10621 13996  5226   177  7312  5240 11211  6950
 11120  3852  4472  3433   671 56946  4151 12336 11295 10611 15232 10621
 12379  5452 56931 56945 56945 56945 56945 56945 56945 56945 56945 56945
 56945 56945]
[33, 29] [14931 11744 56932 11120  9028  7709  2529  2038 56932 11664 11120  6098
 20793 10611  5804 19426 10621 13996  5226   177  7312  5240 11211  6950
 11120  3852  4472  3433   671 56946  4151 12336 11295 10611 15232 10621
 12379  5452 56931 56945 56945 56945 56945 56945 56945 56945 56945 56945
 56945 56945]
[13, 19] [ 5226 11669  7532 56932 11120 56940  9875 56940 14204 13822  3243  4649
  5534 26605 56932 56946   848 54916  1240 56946  6151  8244  4161  5224
 10855  4472 11120 18507 56946 56932 12889  5226  5224    13  5689 14866
 11122 12754  5226  5804  3758  4472 56946   848 56946 56932  4518 56946
 13396  8995]
[6, 7] [  340  2861 56946 56932 56946 56932 29959 56946  5226  5224  1229 15949
 56932  5224 11629 56946  5226  5224  2175  4472 56946 10621  1240  3645
 17657 56933 56946 56932 56946 56932  3951  6894 56932  4472  8303 56932
 15023 11066  4472 41017  7956 54916 56931 56945 56945 56945 56945 56945
 56945 56945]
[10, 8] [11120 12695  4472 11120  6805  4472 14299 11211 14039  7785 56946 56931
 56945 56945 56945 56945 56945 56945 56945 56945 56945 56945 56945 56945
 56945 56945 56945 56945 56945 56945 56945 56945 56945 56945 56945 56945
 56945 56945 56945 56945 56945 56945 56945 56945 56945 56945 56945 56945
 56945 56945]
[19, 16] [11120  8709  4472  4151  4822  9330 10621  5804 18685  4472 11120  5844
   865  1969  2699 56932 10545 13905 56932 13386  5835 11120  3778  4472
  7642 10621  8676 13822 11001  5226  5224  1926 56931 56945 56945 56945
 56945 56945 56945 56945 56945 56945 56945 56945 56945 56945 56945 56945
 56945 56945]
[48, 37] [ 5226 11120 11643   752  4979  5224  9230  4472  6471 56932  7268  8981
 56932  5224 10242  4472  7581  4472  6471 56932  5831  5355 16501 56932
 10621  5224  7423  4472 11120  7444  4472 12474 10067  7407 56932  5513
 56946 56932 11211 44925   425 32066 11211  4146 15640  5137  4472  3789
  4472 56946]
[9, 6] [ 5804 11770 26348 10291  9703  5224 15316  4472  1131  4472  1877  4472
 13732 56932 13300 56932  5226  1231  6098 56932  4472 11211  5224  2623
  5240 56946 56931 56945 56945 56945 56945 56945 56945 56945 56945 56945
 56945 56945 56945 56945 56945 56945 56945 56945 56945 56945 56945 56945
 56945 56945]
[9, 6] [ 5224  7811 12213  2861  5224 10067  5078  4472 56946  4472 14545 56946
 56932 56940  6950  4151 17607 11526 56946 56940 11211  5224 56946 15884
 56946  1240  8057 15379  3245  5226  1231  2175 56931 56945 56945 56945
 56945 56945 56945 56945 56945 56945 56945 56945 56945 56945 56945 56945
 56945 56945]
[24, 20] [13482  4562  5224  3612 37764 56932  3245  1240 12680  5226  5224  6812
  5224 12835 10067  6260  7415  5798  4472  1723 56932 35377 56946 56932
 11211  1668 13482  4562  5224  9923 21105 56946 56932 56946  4472 11120
 24028 56946 56931 56945 56945 56945 56945 56945 56945 56945 56945 56945
 56945 56945]
[20, 15] [11120 11602 14970  5226 11120  2389  2890 12837 10621 12424  8865  7019
  4472  2452   906 11211   209    52  8192 12922 13396  5224  8099 56946
 10291 12173  6151 13822  3434 56931 56945 56945 56945 56945 56945 56945
 56945 56945 56945 56945 56945 56945 56945 56945 56945 56945 56945 56945
 56945 56945]
[24, 21] [11120 14024 56932 11211    85  8486  5226 11120  1976  4472 10624 13396
 56942  2322  2370 56942 56932 13938  5226  4761  2983 10621  1072 14414
  4344 56932 10722  4472  4151  4705  6197  1396  5226  5009 56931 56945
 56945 56945 56945 56945 56945 56945 56945 56945 56945 56945 56945 56945
 56945 56945]
[13, 10] [13396  4550 56932 11122 11211  7780 15328  1925   468  5206  8761  5804
  2283  4472 56946 56931 56945 56945 56945 56945 56945 56945 56945 56945
 56945 56945 56945 56945 56945 56945 56945 56945 56945 56945 56945 56945
 56945 56945 56945 56945 56945 56945 56945 56945 56945 56945 56945 56945
 56945 56945]
[31, 24] [11120 11556  5226 14299  4472  5804 13272 10067  3187 56934 56946 56935
 56932 11120 11093 11211  2332  5804 15157 56932  7780 11682  6151 10282
  1882 10291  7882  6151 11120  9849 11211  9022  5224 16813  4472 11120
  3077  4472 14028  4472 10374 10621 11211  1240 56946  4151 12453 56931
 56945 56945]
[32, 29] [ 5224 10242  9823  4472 11120  4002 56932  5831  5355  8833 56932 15625
  3245 11120 13408  4472 11120  3077  4472  2907 11295  4472 11120  9849
 56932  2152 11211  6043 10621  7472 11120  8467  5942  5226  8689 56932
 13371 14022  4472  5804 10314 15436 13396  5224  2220 10067  3235  9923
 56931 56945]
[18, 16] [ 7868 56946 56932 56940  1240    58  4472 11211  2464 56946  4472 14847
  1925 13105 11085 11211 11606 10290 11120  9849 10621 11211   546  5217
  5224  7560  4472 11120  6275 12957  4472 13732 56934 56946 56935 56932
  6534 13396  5224  3538 11085 10067 25634 56932 11211   373  5226 14614
  4472  9805]
[25, 19] [ 5804 10585 47731  1396  4472 14399  5226 12486  5804   620  4472 17678
 56932 11211 13396    19 12135 12171   746 12249  1170  5226 11120 13107
 56946  4472 11120  4932 56932  9000 14343 11211 11673  5474   582  2529
 32694 10621 56946  4562 11554  4693  4472 11120  7361  7638  4472  5804
  4284 56931]
[11, 8] [ 2890  5078  4472  8593    85 11120 14138 11211 56946  6151   285  4151
 14218  1796  1633  5224  8598 56932  4693  4472  1231   989  4562  5224
 11183 56932  3828 32687  3702  4562 11120  6780  4472 56940 12764  6151
 11120  5769  2358 56940 56932 10621 56946  4009  2370  5224 14555   653
 56931 56945]
[11, 15] [10420 56932   753 11211  6839 56932  3655  2200 12666 56932 11211  4151
  1919 14729  4495  1240  4960 10067 13185 56932 10621 11211  5449  6356
  5226 14914 11124   683 56942 11804  4472  5699 11352 56931 56945 56945
 56945 56945 56945 56945 56945 56945 56945 56945 56945 56945 56945 56945
 56945 56945]
[16, 9] [13396 13676 56932  5224 13576  6695  1240  8944  6151 11120  7092  4472
  8493 14988  4472  4391  4472 11120  3077 56946 56932 56940 11122 11211
 12764  1240  7709  8606 10380 56940 56932 10621  6299 11211  5226 11122
 11211  1240  1626  6151  5804 13767   848 13857  4472 15446 11211  1340
  5488 14729]
[4, 6] [56940 56936 13396 11149  8553 12764 13280  3260  5226  9379 15657 56937
 56940 56932  8955   468 56931 56945 56945 56945 56945 56945 56945 56945
 56945 56945 56945 56945 56945 56945 56945 56945 56945 56945 56945 56945
 56945 56945 56945 56945 56945 56945 56945 56945 56945 56945 56945 56945
 56945 56945]
[6, 8] [12889  5804   420  2990 11211  3047  9301 12764  5371  4518 13822  8070
 10621 56940  7780  2077  4472  6017  4472 15225 56940 56932  5355 11152
 11211 56940 12764  5240  9329 11211  2831  7397 13667 11120 11786 10067
 11807 10621  6851  1925  5045 13396  5045 56932  1240  1641  6151 11646
 14729 11211]
[22, 15] [ 7868 11120  3933  4472  4151  4822  9330 10291 12366 56934 56946 56935
 56932  5226  5224  4245 10067 15852 11514  8493   944    26  4472  1046
  4472  5804  6101  4472  2496 11874 10621 32905 11211 14340  5226  5224
  7581 56931 56945 56945 56945 56945 56945 56945 56945 56945 56945 56945
 56945 56945]
[20, 15] [ 6997 11211  5534  7412  6894 56934 11211  6151 11122 11211 14190 12764
  7780  3521 10067  6226  5224  7473  9068 11211 14204 56935 14747 56946
  6151  9222 56932 10621 11117 47234  4562 40453 10621  2554 10621 11122
 26442  4472  7001 10643 56934 14686  3245  5226  5224 10235  4492  4472
  6997  4759]
[2, 1] [ 8493 13553  4472 56946 56946  2187  5226 17180  5226 56942 10532 56942
 16176 56932  9000 11813 56946  2861  2890 14315 56946  1240 39463 56942
 16176 56931 56945 56945 56945 56945 56945 56945 56945 56945 56945 56945
 56945 56945 56945 56945 56945 56945 56945 56945 56945 56945 56945 56945
 56945 56945]
[43, 36] [ 1925   273 10621  1925  9687 56932 13371  5224  7330 12764  5240 13171
 11211  5224  3297 15445  4472 11120  5319  5226  5224 11211  5804 13604
  1240 11120  2751 13396  1231  1618 56932  5224 14938  4472  5804 56946
    85 19384  4562 11120 11213 12544  7436  4472 31305  7162 11211 56946
  1231 13893]
[46, 42] [ 1925   273 10621  1925  9687 56932 13371  5224  7330 12764  5240 13171
 11211  5224  3297 15445  4472 11120  5319  5226  5224 11211  5804 13604
  1240 11120  2751 13396  1231  1618 56932  5224 14938  4472  5804 56946
    85 19384  4562 11120 11213 12544  7436  4472 31305  7162 11211 56946
  1231 13893]
[12, 9] [14931 11744 56932  5224  9591 13171  3269  4550  5240  5224 10729  4766
 10611 15686  4472 47233 56932  4884  5532  5240  8870 11211 11120  1781
  4472  5804  2237  4472 15590 10064 56946 56932  4562 11122 11211  5226
   424 13440  9379 14619  8540  2529  9251 28414   848 34922 56931 56945
 56945 56945]
[9, 9] [ 5226   424  4492 30707 56946 11211 11122 11211   217  4235  6471 12764
  5240 10954 11120 56946  4472  2826  4472 18637 13961   848   563 11817
 56932 13478  5804  4705   805  5226 10267 12371  2890  4492 12407 28675
 56932   494 22608   848   159 56931 56945 56945 56945 56945 56945 56945
 56945 56945]
[24, 20] [ 4562 11120 12673  4333 56932  9000  4562  2890  5309 19973  8870  5224
  7939 56946  8057  4151 45489 10621  5224  8503  4472  1787  4472 56942
  8356  8493 10101  5226 49130 56932 11120 14792  4472 26744 56931 56945
 56945 56945 56945 56945 56945 56945 56945 56945 56945 56945 56945 56945
 56945 56945]
[1, 3] [12297  5224 45321 34395 56932  4125 56946 10621 56946 56932 13371  1233
   375  4472 13305 56931 56945 56945 56945 56945 56945 56945 56945 56945
 56945 56945 56945 56945 56945 56945 56945 56945 56945 56945 56945 56945
 56945 56945 56945 56945 56945 56945 56945 56945 56945 56945 56945 56945
 56945 56945]
