[32, 29] [ 8025 12013 11211  7397 12764   753 13171 20983 11211 11120  4472  2890
  3612 11211 12764   154 56932  2890 24973 10067  7811  9215 11211 12764
  2669  4472 56946 56934 15590 10044 46062  6151 13469  4472 56946  5224
  3612  4472  8756 10291 56946  2890 56946 11211 12764 31541 56935 10621
  2890 14479]
[19, 13] [56940  6950 12015  2582  5224  1242 56932 13487 56932 38770 11120 12341
 10621 56946  6151  4758 13529 14781 16129 56941 15992 11122 11211  1240
 56946 56932  6151 11120  7037  4472 11120 16348 56941 56932 10621 12015
  8057  1368  6711 11120 25464 56940 56932 11152 56931 56945 56945 56945
 56945 56945]
[26, 23] [ 5804 15292 56932 11211 11292  6197 14777  9289  9773 56934  4885 10067
  3612 56935 56932  1828 13396 56946  6151  5804  7015 56932 11211 14811
 14931 10778  5471  4562 12888 56946 56932 13370 56931 56945 56945 56945
 56945 56945 56945 56945 56945 56945 56945 56945 56945 56945 56945 56945
 56945 56945]
[9, 7] [56940  5224  1403 10621  5224  2797  2517 11293  5226 15154  2890 10732
  4472  8165  1317  5226  5224 11211  1240 12730  5226 14662  4151 13910
 10067 14679 15227 56940 56932    11  5224  7580  4472 11120  2894 56931
 56945 56945 56945 56945 56945 56945 56945 56945 56945 56945 56945 56945
 56945 56945]
[14, 11] [ 5224  3835  4848 56932  8503  4472  5804 13171  2741  4472  1723 56932
 14662  5217   217  4562 11120  3057  7638 10291 14342  5226 14016 13371
 15284 13216  5942 56932  1288  5224  3835  5769 10621  6118 10067  3835
 56931 56945 56945 56945 56945 56945 56945 56945 56945 56945 56945 56945
 56945 56945]
[24, 22] [11120  5013 10067 11426 12764 29079  4472 56946  4562   541  4472  2890
  1437  7811 56932  8630 11120 56946 15107 10067  7871  5207 16207  6151
 56946 56931 56945 56945 56945 56945 56945 56945 56945 56945 56945 56945
 56945 56945 56945 56945 56945 56945 56945 56945 56945 56945 56945 56945
 56945 56945]
[28, 25] [ 6197  5240  4000  4472 11211  5804  4293 56932 13478  5226  9823 10621
 14931   374 56932 10396  5226 11122 13171  3093  4472  1231  2529 11120
 11752 11211   805  1925 16137  6151  6226  2890  6319 11211  7780  2729
  5226 13822  4756 56932 10611 11646 17358 56932 11120 14299  4472  1231
 10977 10621]
[23, 19] [  930 56932  5226  6098  4472 56946 56932 56940 28089 11120  3778  4472
  1593 56932 14260  4151 14729  4472 14016 15590  6151  4746  6151  3685
 19577  4562  4151 56946  5226  5804 10025  9315 13901 56940 56931 56945
 56945 56945 56945 56945 56945 56945 56945 56945 56945 56945 56945 56945
 56945 56945]
[10, 8] [ 5804  1046 12289  1925  4323 10621  5224 12270  2669 14931 10850 11372
 10758 56931 56945 56945 56945 56945 56945 56945 56945 56945 56945 56945
 56945 56945 56945 56945 56945 56945 56945 56945 56945 56945 56945 56945
 56945 56945 56945 56945 56945 56945 56945 56945 56945 56945 56945 56945
 56945 56945]
[27, 25] [ 5224 11261 17364 56932  4472 56942  5137 56932  8964  6416  7381  7864
 56932  6670 10621  8493 14082  8858  4472  8493 35083 56932 11211 12764
 11117  4473 10291 12936 10621  6331  6151 13171  4472 56942 10440  4472
  3828  4550  1240 12680 56931 56945 56945 56945 56945 56945 56945 56945
 56945 56945]
[27, 24] [12889  5804  4908  8286  3947 12764 12665  3762 56932 13371  4325  5226
 10442 56932  2740 10621  7898 10700  8620 56932  3828  4151  2778  1240
 11398  3260 13171 14001  6151 11120  4194 56932  1361  7780 14043  6151
   465 10621 13940 11211 56946  4151    66 56931 56945 56945 56945 56945
 56945 56945]
[16, 14] [ 9000 14735 56932 56946   683 13007 56942 10013  4472  5181 56932  1240
 52058  5226  2288  6151 11765 13396 11120 15615  4161 11120 14571  4472
  8689 56932   907  6151 11211 11120 13455  5530  8946  5723 56932 10621
  5224  5309  4472 12895 56932  9918 56931 56945 56945 56945 56945 56945
 56945 56945]
[45, 35] [ 5224  9518 19160  5240  4758 10958 56946 56932  3860  6151 13171  4472
 56942  5137  4472  1795 13396 13019 56932  9622  3895  4472  2890 14293
 10621 10794  4199 56932 13386  7780 12559  5226  4109 14996 56932  8630
 11211  4758 11581 56946  7780  8192  6539  1925    52  9458  1231  9860
  4472 56942]
[6, 4] [ 5224 12479 56932 11211  8642  6151  4151 56942  1362  6151 14022  4472
  8493 15330 10126 11211 56946  1134  5226 11120  5436  4472 56946 56932
  9490 56946  8448  4472 56942  6149  4472  5905  5331 10621  4472   554
 56931 56945 56945 56945 56945 56945 56945 56945 56945 56945 56945 56945
 56945 56945]
[10, 8] [12430    85 27480  4472   488 18038 56932 11211 13512  5226  1959  6151
  3225  4472 14072  4472 13452 10291  4095  4151  3114  4472 16825  4472
  9316 56931 56945 56945 56945 56945 56945 56945 56945 56945 56945 56945
 56945 56945 56945 56945 56945 56945 56945 56945 56945 56945 56945 56945
 56945 56945]
[8, 6] [11120  4836 10067  6516 10067  2631 20391  6151  1721  4151  1088 14633
  4472 56946 10621  1240  1819 12555  5226 11120 12394 16024 56932  2890
 15387 15417  4562 14382  1559 18700 10621  4884 14397  5240  8493  4472
  4151 13171 14821  4472 11120 14248 56946 56931 56945 56945 56945 56945
 56945 56945]
[7, 5] [ 5217 11211 11120  2142 12739 14184  6151 13588 11120 15426 56932  5804
  9140   746  8192 56932  4562 13822  9105  4472  1728 56932   911   848
 11937 56932  5804  9251  6902  2427 56931 56945 56945 56945 56945 56945
 56945 56945 56945 56945 56945 56945 56945 56945 56945 56945 56945 56945
 56945 56945]
[32, 29] [ 4161  4550  9379 14619 14283  9104  9251  3782  5224 14687  4472  1231
  5632  4243 56932  6197 11211  5226  5224 13440 10067 56946 10008 56932
 11120   516  5226  7300  4472  4323  8925  1925  9687  4472  8493   848
  8373  1362 56931 56945 56945 56945 56945 56945 56945 56945 56945 56945
 56945 56945]
[18, 15] [11120  7253 12226  1958  4472  1231   516  8946  5224 13115  4472 11211
  5224  4834  1240 10261  6759  6151 14137 13396  8493 14926  4472  7215
 56932 13371  8596  6236 56932  5534  5224  7249  9785 10753 10261  8192
  5224  4472  5326 10291  8596 56931 56945 56945 56945 56945 56945 56945
 56945 56945]
