[31, 26] [ 5224  5322  4472 11120  8755  1912 56932 16037 14783 56946 56932  1240
  3623  5545  6151 11120  4687  4472  6952  4472  5804  3859 10621  7620
 13171  4518 13396  5224  5858  4472 46789  5224 56940 39584 56940 16352
 56931 56945 56945 56945 56945 56945 56945 56945 56945 56945 56945 56945
 56945 56945]
[25, 27] [ 7868 11661 10414 56932 12703  7023  4472 56942 11804  4472  5581 56946
  5226  2890  7249 14408  4472 56942  6149  4472 12980 56932  8493 12238
 12135  4472  4151 11211  1396 26043 13396  5224 11477 56932 11122 11211
  6469  6151  2525  5226  5224  8876  6319 13605 10067  1926 56931 56945
 56945 56945]
[31, 28] [13555  5240 11120 14053  4472  5804  3049  5226 11120 14779 10468 11211
 56932 56946  5804  8561 13396 11950  4472 11120 12921 56932  5804  9446
   865  5804  3861 11211 32449 13171  8440  4472  5804 15148 56931 56945
 56945 56945 56945 56945 56945 56945 56945 56945 56945 56945 56945 56945
 56945 56945]
[2, 1] [14344  4472 11120 13077 10561  5226 11120  8290 12135 13396 56946 56934
 15694 56931 56942 56935 10621  1923  6151  3775 11120  2415  4472  1231
  3612 56931 56945 56945 56945 56945 56945 56945 56945 56945 56945 56945
 56945 56945 56945 56945 56945 56945 56945 56945 56945 56945 56945 56945
 56945 56945]
[22, 20] [56946  9073  4472 56942  6151 56942  5699 11120  4000  1233 42156 11120
 14804 10067  3612  4472   653 56932 11211  3245  9054  1179 11120 10615
  4472  5660 10067 14293  5226  2890 56946 56932  4562 11122 11211 33218
 54835 56942  5699 56934 13441 56942 13171 11211  5226 11120  5411 56935
 56931 56945]
[26, 23] [56946  9073  4472 56942  6151 56942  5699 11120  4000  1233 42156 11120
 14804 10067  3612  4472   653 56932 11211  3245  9054  1179 11120 10615
  4472  5660 10067 14293  5226  2890 56946 56932  4562 11122 11211 33218
 54835 56942  5699 56934 13441 56942 13171 11211  5226 11120  5411 56935
 56931 56945]
[40, 33] [ 8493 14564 56946 56946  1723  6151 15254  4472   217 10621   522  8415
  6151  8295 10621  5224 12728  4472 11120 14774 56932 12889 11120  5152
 10067 11554 21843  4472 12948  5226 11120  4188 12135 10067  6319  6645
  6151 14028 12683  3956 13478  5804 24122  4472 10942 56931 56945 56945
 56945 56945]
[28, 25] [ 5224 11757 13469  3924  4562  5224  3280 11211  1231  7132 10621   160
  4188 30194  4472 14407  4472 10281 56932 18413  6151  1231  8909  9102
 56932   977 11120 14035  4472  5804  4679  4055  4472  2732 56932  3828
  8824  2478 11120  5265  4472  9214 24929  5226 56946  9000  5226   195
 11117   746]
[38, 35] [ 5224 11757 13469  3924  4562  5224  3280 11211  1231  7132 10621   160
  4188 30194  4472 14407  4472 10281 56932 18413  6151  1231  8909  9102
 56932   977 11120 14035  4472  5804  4679  4055  4472  2732 56932  3828
  8824  2478 11120  5265  4472  9214 24929  5226 56946  9000  5226   195
 11117   746]
[22, 20] [ 5224 14573  4472  5814 10621  5804 10624  4472  4151  8929  4472  8285
 14722  4151 14373 10291  9514  2890 14399 11211  4106 11263  5224 14555
 12886  4472  5804 14650 56931 56945 56945 56945 56945 56945 56945 56945
 56945 56945 56945 56945 56945 56945 56945 56945 56945 56945 56945 56945
 56945 56945]
[42, 39] [13396  1231 12135 56932 11120 12815  5432  7780  3860  5217  5224  1242
 11120  2725  4660 11211 15331 56946 10621 10700 13371  2740 10621 14564
 14557 56932 10611 10025 56932  1396  6151 11120  9028  4472 11211  5804
   508  9444  9475 10291  6188 12453  2370 11835 13396   782 11120 20732
  4472 11120]
[24, 14] [11120  9745   635 56946   123  5224 56942 13396 14108 10067 13723 48847
 10067 12728 56934 56946 56935 56932 11211 21939 11120  2387  4472  4312
 11211  8497  5199  6391  4562 11120  5918  4472 22374 56932  6151 56942
 10440  4472 11120 14792 14016 56931 56945 56945 56945 56945 56945 56945
 56945 56945]
[43, 39] [ 8025 12013 11211  7397 12764   753 13171 20983 11211 11120  4472  2890
  3612 11211 12764   154 56932  2890 24973 10067  7811  9215 11211 12764
  2669  4472 56946 56934 15590 10044 46062  6151 13469  4472 56946  5224
  3612  4472  8756 10291 56946  2890 56946 11211 12764 31541 56935 10621
  2890 14479]
[39, 29] [ 6940  5579 10621  9810  3993 56932 11203 56946 10621  5265  4472 15241
 56932  8170 56932  5226  5289  4472 12077 56932 13655  8503  4472  5804
  8445 13171  9320 10067 10103 56932  1925 11293  6151  9687  5226  5224
 13959  8493 12185  4472  1231  9809 56931 56945 56945 56945 56945 56945
 56945 56945]
[31, 27] [13396   428  1240 11117 11204  5217  2551  8493 11851  9500 11211 12764
 10405  6151 10700 12821  8871 18808  5226  5224 14408 15164 56932 13396
   428  1240 11117  4275 11211 14931  5115  1231  9168  4472  7581 25662
 10621 26646 56946 11120  1903  6151  1231 12867 56946 56931 56945 56945
 56945 56945]
[9, 6] [ 5224 11010 10067  3053  4472 11120  6488 10067  4584 10067  2792  1909
  7380  6619  7780 15076  6950  6151  9537 11211 11041 10570 13396 12764
 12802   848  4518 11211  9388 12764  1240  9633  4472  3260  4472 11122
 11211  2048  5226  5224  1926 56931 56945 56945 56945 56945 56945 56945
 56945 56945]
[46, 45] [13371 12650  2529  7485  5226 13478  5804  8263 56932 27780  3245  1240
  8640 56932 12889  4562 11120  1056 14082 56932  4472 11211  5224 14847
  4472  1231  8782   582 12735 10291  2529  4569  6151 11120   455  2861
 56940 12764  7703  8938  2890  5995 12407 28196 11664 22393  4472  5307
 56932  9000]
[18, 16] [10420 56932   668 11211  5804   190 10067 21309 29391 13396  5224  7581
  4472 17128  1925  4556  6341 11211  1231  4200 12764 12282  5804 56942
  5895 56934 13649 56942  5699 56935 56931 56945 56945 56945 56945 56945
 56945 56945 56945 56945 56945 56945 56945 56945 56945 56945 56945 56945
 56945 56945]
[14, 17] [ 5224  3793 10067  5683 13579 10621 10067 11304   730 11211  5224  7249
  2610 11211 11117  8518  5226  1723  5240  1231 15387  5076  5087 56931
 56945 56945 56945 56945 56945 56945 56945 56945 56945 56945 56945 56945
 56945 56945 56945 56945 56945 56945 56945 56945 56945 56945 56945 56945
 56945 56945]
[44, 41] [ 5226  5224 12675 10103 10471 56932 13707  7780  5664 11120 13908  4472
  1231  9541 13396 11120 56940 24919 56940  4472  9453  3682 11211  1240
 11158  5217  2668  6151 13579 10621  7780 14043  6151 13578 11211 56932
  1233  5240  2792 10067   653 39266 56940 56946  5488 17755 14260  7053
  5226   428]
[17, 13] [  428  1240 18447  5226  5224  7249 13554  4472 11120 15084 46894 56946
 56932  1925 10282  2890 56946  4472 11120  4986 10930 25048 13530 56932
 15083  4472  2890   623  4472 56946 56946  5226  4622  4518 24563 13396
 11120 12596  8328 56931 56945 56945 56945 56945 56945 56945 56945 56945
 56945 56945]
[36, 35] [ 5224 14012  4264 56946 10621  5224  2944  3913 10537 56932  4938 12948
  9538  5226 13732  1231 11093  1855 56932 14139  8050 56932 11211  1240
   262  5224  4522 56932  8420 11211   425 12935 11211   746  1602 10621
 13342  1925 13151  5240 56940  8493  3841 56940 56931 56945 56945 56945
 56945 56945]
[3, 4] [10621  6108 13371 12024 15225   746  8192  4731  4472 11022 56932  8630
 11211 16972 12015  1677 13171 12297 12297 56931 56945 56945 56945 56945
 56945 56945 56945 56945 56945 56945 56945 56945 56945 56945 56945 56945
 56945 56945 56945 56945 56945 56945 56945 56945 56945 56945 56945 56945
 56945 56945]
[29, 27] [56940  7494 12424  6046 56932  8493  3475  1975 10621  5224 16090  4472
  8493  3174 56932 11211  5240 11120 10636 56931  3245   753 12424  8279
  4472 12611 56931  3650 11211 13478    68  5318  5597 12407 12978 56940
 56931 56945 56945 56945 56945 56945 56945 56945 56945 56945 56945 56945
 56945 56945]
[23, 20] [56940  7350 15379  8493 11566 12297 12297  8964 12297 12297 11211  7016
   943  6226  5224  1926 56932  5226 11120 11211 10261  4750 56932 12611
 56932  9023 56932  6471 10621  8493  4858   207  4472   424  1926 56932
  5226  5224 11211 13371  8964 12024  7220 11066  9928 56940 56931 56945
 56945 56945]
[15, 11] [12889  1969 12764   753  7795 10414 56932  6151  7608  4472  5563 15504
  1240 56946 14513 10067 56942 10621 10067 56942 13396 14108 10621  4161
 10067 56942 13396 14108 56932 15201  6151 14196 11120 13724  4472 11120
 12688 56932 13529  4758 14419 56931 56945 56945 56945 56945 56945 56945
 56945 56945]
[34, 30] [ 5224 23805  4472 19879 56946 56932  6621 56946 56932 15648  6151 14196
 11211 56940  5226 56942  5804  2704  3882  4585  5226  4756  1128 56932
 10621 15023 11120 12925  5226  3222  5804 29063 18883 13441  5224 56942
 13396 14108  4472  5804 10003 11211  9490  5226 11120 14016 56932 10621
  5224  6319]
[32, 29] [11562  4151 22534 10067 11211 19939 17863  5226 16546 16615  4562  5224
  3411  4472 56946 56932  8493 11635 21857  4562 56946 16536 11211 44830
  1925   865 10067   821 56932  6862  5582   700  4472 11120 14157 10621
  5623  4472 13822 16754 56931 56945 56945 56945 56945 56945 56945 56945
 56945 56945]
[46, 41] [10621 10958 13529 48297 56932 56946 56932 56946  5226 11120 14251  6151
 12666 13371  1782  4472 11120 56940  3595 56946 56940  1633  3572  2861
 56940  5804 26226 56932  5804 36123 56932  5804 25860 11211  5226 56942
 23667 56946  4472  9996  4472  6221 11120  7626 35562 11211  8946 10493
 11148  8493]
[4, 2] [10592 12764 11606  8606  7809  7956   425  4670 56932  8630 11211   884
 56942 10129 11211   424 12328 12764  7494 11120 13171  8484   681 56931
 56945 56945 56945 56945 56945 56945 56945 56945 56945 56945 56945 56945
 56945 56945 56945 56945 56945 56945 56945 56945 56945 56945 56945 56945
 56945 56945]
[8, 6] [ 5224 56940 16446  4472 56946 56940 10577   775  5224 13192  4472 11120
  5311 10291 11205  8493 23047  2928  4472 13030  8791 10621 16563 56932
 10621  5224  1909  4472 56946 56946  5224  2641  5226   425 13300  5226
  5804  4393  5137 56931 56945 56945 56945 56945 56945 56945 56945 56945
 56945 56945]
[3, 1] [15023  5249 11211 12764  9490  9228  6151 11981  4472  1231    27  5513
 10621  4472  1231  8069  1925  8036 56932 15201  2861 56940 12234 13055
  5240  5224  1387  6151  8798 56940 56932 12889  9445 11211  5226 12379
  5452  5224  7220  4472  4693 11211 13820 56940 12764  9142  6151 13290
 56932 11372]
[3, 14] [ 1951  1225 56932 11211  1240 20165  4562  2890  9919  4472 56942 11804
  4472  5699 56932  1200  6151  4151  7048  4472  5187  6700  2861  1240
   262  5226  8493  7938  4472   337 56931 56945 56945 56945 56945 56945
 56945 56945 56945 56945 56945 56945 56945 56945 56945 56945 56945 56945
 56945 56945]
[45, 42] [ 5224 13723 10208 15512 56946  1925   653 56932 11120 11259 12921  5226
  5224 10107 10067 14084 56932 11211  1037  7096 17698  4562  4151  8589
 11211 14340  5226  5224 10386  2355 56932  4562  4151 14218  4472 15544
 10621  4562  5804 12534  4693  4472  6607 11120   990  4472  8468  6862
 13593 56931]
[35, 32] [56940  1240 56946  8630  4125 56946 56931 11120 11169  8889  5240 11211
  5224 14687 12764  5240 14915  4415 10621 11211  5226  9198 11554 10475
  4472  4291 56932   424  5240    13 56946  9000 56946  5226 11211 10321
  8832 56940 56931 56945 56945 56945 56945 56945 56945 56945 56945 56945
 56945 56945]
[39, 31] [ 5224   870 10067  6145 13732 56932  5224 32306 56946 11136 10429 56932
  7780  4449   217  2890  3297  4472 28599 15058  6151 11120 13450 13396
 11120 11211  2049 11120  8858  9107 10067  5076  7948 10621  1240  7780
 16443  6151  8826 11211  5804  9576  1396  4518  5226  5224 18158 10621
 11211  5668]
[25, 20] [ 5224 10988  5226 11120  8200  4472  8263 10621  4151 35840 13396  4151
 11211  2049  5224 13732  5226 11120  8200 56932 12672 11211  7780  1108
 14347 11146  5226 11120  1959  7948 10621 12749  5226  9097 32541 56932
   373  2831  2890 13748 12407  2138  1925 11211  1240 10532  5226 11795
  9348 56932]
[19, 16] [13420 12764  8321  4421 56932 13396 56946 56932  6151  4151  1347  4472
  4295  4472 11211  1231  4670  4472  9770  5224 56946  5226  1231  5352
  4472  3628 15312  5226  4151  8849 11730  7175 14843  2890 56940 14606
 11279 56940  5226 11120 15249    36 11211  5804 13452 56946   775 56931
 56945 56945]
[8, 6] [56940  5224  1403 10621  5224  2797  2517 11293  5226 15154  2890 10732
  4472  8165  1317  5226  5224 11211  1240 12730  5226 14662  4151 13910
 10067 14679 15227 56940 56932    11  5224  7580  4472 11120  2894 56931
 56945 56945 56945 56945 56945 56945 56945 56945 56945 56945 56945 56945
 56945 56945]
[3, 10] [ 5224 14399 56932  5983  4262 12764   746  8192 43757 56932  5240  5224
 11100 10611   208 10621  8493 11840  4472  8561 25044 10621 56932  7868
  5804 15646 56932  7709 16137  8493  1781  4472 56942 11804  4472  5895
 56931 56945 56945 56945 56945 56945 56945 56945 56945 56945 56945 56945
 56945 56945]
[49, 47] [56940  5240 12246  2738  3336  6151 11120  7440 10067 10620  4472  8373
   848   420  3861  4472  4842 56940 56932 15201 14418 56932 13386 11499
 11211   753 11211 12676  6151 11211  1240  4635  4151  1746  7956  5804
  1610  5226 11120 11259 10366  1217 56934 56942 56935 10621 11120 14277
 10067  4842]
[12, 15] [13371 13300  4472 11211  5804 23855 56932  4151 50175 10621  5804 56946
 11211  1240 21716   746 10748  4562  5224 11554 56932  5804 20082  4472
 11120  3757  4472  5806    47  2890  1611  4562  4151  8731  6108 10611
 13822  4756 56932  5224 11255 11950 56942 56931 56945 56945 56945 56945
 56945 56945]
[13, 15] [13371 13300  4472 11211  5804 23855 56932  4151 50175 10621  5804 56946
 11211  1240 21716   746 10748  4562  5224 11554 56932  5804 20082  4472
 11120  3757  4472  5806    47  2890  1611  4562  4151  8731  6108 10611
 13822  4756 56932  5224 11255 11950 56942 56931 56945 56945 56945 56945
 56945 56945]
[16, 13] [ 5224  8979  4472  5804  4826  4271 11211 14914  1004 56946 16160 10534
 14329  6862  5848  5606 11211 10267   623 15145  5224 12547 56931 56945
 56945 56945 56945 56945 56945 56945 56945 56945 56945 56945 56945 56945
 56945 56945 56945 56945 56945 56945 56945 56945 56945 56945 56945 56945
 56945 56945]
[35, 35] [ 2890  2595  4472   316 15201  6151 14196 11211  5804 10084  4258 13093
 56946 56932  4472 56942  5137 56933   559  3908 56946 56932  4472 56942
 56932 10621   604  3444 56946 56932  4472 56942 56932  6205 13371  5224
  8016  4264   852 56946 56932  4472 56942 56932 14423 10758  5224   972
 10621 12499]
[26, 23] [12049 10050  3416 11211 11120  6390    85 56940 12407 19682 56940 56932
 10621  1402  7427  7520 11148  6151 10912  8493 11851  4472  1242  1925
  8826 11211 11120  6614    85 56940 10124 10291 15232 56940 56931 56945
 56945 56945 56945 56945 56945 56945 56945 56945 56945 56945 56945 56945
 56945 56945]
[16, 13] [ 1723 10621   140  4098  5226 11966  3213 56940 12161  4472  7903 56940
  1925 15316  4472  7891  4472 11120  3046  4472 56942 56931 56945 56945
 56945 56945 56945 56945 56945 56945 56945 56945 56945 56945 56945 56945
 56945 56945 56945 56945 56945 56945 56945 56945 56945 56945 56945 56945
 56945 56945]
[8, 14] [ 6197  5240  4000  4472 11211  5804  4293 56932 13478  5226  9823 10621
 14931   374 56932 10396  5226 11122 13171  3093  4472  1231  2529 11120
 11752 11211   805  1925 16137  6151  6226  2890  6319 11211  7780  2729
  5226 13822  4756 56932 10611 11646 17358 56932 11120 14299  4472  1231
 10977 10621]
[26, 24] [ 1793 56932  4151  3336  5708 56932   865  2258 10067  1403 10291 56946
 56942 11804  4472  5895  5226  5804  4185  3740  9939 56932  4890   273
 20445 56946  4151  5712 11458 10621  9812 11120 24490 56931 56945 56945
 56945 56945 56945 56945 56945 56945 56945 56945 56945 56945 56945 56945
 56945 56945]
[18, 18] [ 5224  9230  4472 13893 10621 13424 15404 56932  9810 13317 56932  3120
   217 11211  5224  1958  8033 10611  5224  4942  6862  8567   753 11211
  3116 13371 56940  8493  4687 12031 56932 11211 12764 12015 14190 10291
  4188   207 11372   430 10954 11211   373  5226  1231  7376  1903 10621
 13396 13554]
[21, 18] [ 5224  9230  4472 13893 10621 13424 15404 56932  9810 13317 56932  3120
   217 11211  5224  1958  8033 10611  5224  4942  6862  8567   753 11211
  3116 13371 56940  8493  4687 12031 56932 11211 12764 12015 14190 10291
  4188   207 11372   430 10954 11211   373  5226  1231  7376  1903 10621
 13396 13554]
[24, 20] [10420  5112 11120 15568  4472  4151  2789  6151 11631 10067  7770 56932
 11211  6955  2890 56942 13396 14108 56932  5226 13554 11211  4151 15629
  6151 11631 10067 13823 15633  2890 56942 56932  4562  2890  3269  8425
  4472  4151  2789  6151  1352 56932 11211 14955  2890 56942 13396 14108
 56931 56945]
[16, 13] [ 8503  4472  5804  6786   464  5226  5804 11211   753  3754  5240  5226
 11120  7210  4472 56940  4151 26461 56940 56932 14235  4151  2960  6118
 56932 11211  8455 11211  5224  2792  2828  7951  2890  3353 56946  4472
 11120 13450 11211 50341  6151 12379  5452  6151  1720  5224 56946 56931
 56945 56945]
[30, 26] [ 5804 10136  1240 56946  4562  5224 12365 14260  3281  5226 11120 16047
  4472  3287 13396 11120  1274  3474 10067 12074 56932  5226  4890 13344
  4585  7837 56932 10621  5724 12676  1231 13269 10291 56946 14260 19991
  5224 10103  4472 56946 13371  8493 34455 56932  7868  7898 14101  4472
 11120  5793]
[39, 35] [ 5226  2890 13615 56932  5224 10327  2355  9445 11211  5224  8033 10611
  8468  1723 10621  1877 13732 56932 11211    85  7529  5226 56942 10621
 11211  8902 12121  6151 11120 15582  4472 11120  3174 56946 56932 56940
 12764  6913 14399  4472  5229  2618 10611 11120  9745 15921  4472  8851
  5510 56934]
[21, 18] [ 9379  8373  8390   865  5804 11282 10067  8614 10471 11211  9201 56946
 56932 13386 56932 14931 11744 56932 12764 11606 11148  2890 14665  6128
 14107  6151  1231   695 10621  8993  4946  5488    63 13396 11120  3778
 10067   653  4472 11120  9849  4472  4421  6151  4151 15090  4472  5804
 13043  9097]
[2, 0] [24442  4472 11211  1231 12213 10471 56932 56940 11120 11921  1135 56940
 56932  1240 23853  6151  1231 14665 56932  7404 10067  5071 10621 11120
  1019 10621  9198 11995  6151  4151  6423 10621  6151  5804  4510 56946
 56932  5226  5804 11211 12135  4562 11120  7676  4472 13822 10219  4472
 17472 56932]
[30, 27] [56940  4550 56932 56936 11149 15590  6151  8606  5804 14765  4472 11120
    19 12135 56934  5804 15544 56935 11211  4562  3336 13371  4151 17574
 10621  4151 45389 15181  6151  1179  5804  4900 10291 13822  1357  7345
 56937 56940 56932  6183  9019 56931 56945 56945 56945 56945 56945 56945
 56945 56945]
[20, 18] [ 3120 11211 56940 19973  2044 11211  9292 11120 13107 56940 12030 56932
  9000 11211 11120  5844 11211 13684 56946 56940 11120 15107  4472  5804
 39755 56940  5402 56932  5804  4705 56932   730 56932  5217 13280  9394
  9939 56940  1396  5226  9734 56940 56931 56945 56945 56945 56945 56945
 56945 56945]
[4, 2] [ 5224  5806  5783 37406  1231  2972  4562 11120 13269  4472 56946  9000
    85  5224  9328  5224 11211 56932  6151 14849  4472 14254  5226 26469
 21311 56932  4810  5224   911 10067  9541 56931 56945 56945 56945 56945
 56945 56945 56945 56945 56945 56945 56945 56945 56945 56945 56945 56945
 56945 56945]
[20, 7] [ 5224  3104  4472   653 10067  3835  5769 15164 56934  7843 56935 11949
   217 56932  9544 56932 14040 13371  1240  8824  5804  5657 16209  4472
  7425  5226 11120 56946  5226  5224 56942 13396 14108 56932 14691 11120
  8108 11342 56931 56945 56945 56945 56945 56945 56945 56945 56945 56945
 56945 56945]
[5, 2] [ 5224 13676 13857 10067 11955 10067 13365 13396 12135 10067  7843 12297
  5224  7206  5226 11122 11211  3645  4472  2689 12297  1240 10532  5224
  6260 56942  4472  8289 56932  5534  5804 32357  4472  4703  5724  9292
  4151 18267  4472 13822 15461  1088  4472 56946  5226  2890  9003  4472
  1601 56931]
[36, 32] [ 5224  2792  4472  7178 56932 18245 56946 56932  7780 10659 10291  4151
 56942 11613  4472   217  1925 14555   653  4472 11611 14428  5224  8788
 13396  4151   420  1088 14862  8165 12605 56932 10621  1240  9028 11211
 56900  5224  3849  4472  4290 55370 10291  5224 56942  4472   995 56931
 56945 56945]
[37, 32] [ 5224  2792  4472  7178 56932 18245 56946 56932  7780 10659 10291  4151
 56942 11613  4472   217  1925 14555   653  4472 11611 14428  5224  8788
 13396  4151   420  1088 14862  8165 12605 56932 10621  1240  9028 11211
 56900  5224  3849  4472  4290 55370 10291  5224 56942  4472   995 56931
 56945 56945]
[20, 18] [31584   373 10611  4151 20703  4472 11120 37040 56932 12555  5217 56942
 56932  5534  8493  6805  4472 11791 12953 11211  5224 14860 10067 13893
 17885  4125 12407 23301 56931 56945 56945 56945 56945 56945 56945 56945
 56945 56945 56945 56945 56945 56945 56945 56945 56945 56945 56945 56945
 56945 56945]
[24, 20] [56946  1749   217  5226  1447 12442  5226 11120  6614 11211 16385 15456
 11120  1866    36  4472  1231  9541  5226  4398 56932 10291  8606  8558
  4472 11120  9453  4472 13822 14304 15359 10621 13098 15244 56931 56945
 56945 56945 56945 56945 56945 56945 56945 56945 56945 56945 56945 56945
 56945 56945]
[30, 26] [11415  1064 11211 11400  5226   119 15394  6179 10291 10677  5804  5836
  3803 56940  4562 13171  1970 56940 56932  6197 11211  5226  4151   420
  5839  2185  1240  1750  1925  1700  4151  2314 56932  9328  4472  6430
 10621  6822  1316 56932  3204  5226  5804 11211 56932  7868  5224 14479
 56932  5224]
[2, 3] [19973  5804  7864  1340 11211  5487  4804 56932  9000 12764  6151  1725
  4472 14099  5804  3706 56931 56945 56945 56945 56945 56945 56945 56945
 56945 56945 56945 56945 56945 56945 56945 56945 56945 56945 56945 56945
 56945 56945 56945 56945 56945 56945 56945 56945 56945 56945 56945 56945
 56945 56945]
[26, 25] [ 1240  9028 11211  1240 30999 13171  4472 56942 12535  6151  4151  4290
 56932 11211  1240  2033  5224 12675 11950 11211  5224  1428  5234  8876
  9230 56946 56946 56946 56942  5137 56931 56945 56945 56945 56945 56945
 56945 56945 56945 56945 56945 56945 56945 56945 56945 56945 56945 56945
 56945 56945]
[19, 16] [   11 11211   425 12921 13675 56940  7782 13651  9481 56940 10621 56940
  5217 11211  5224 12956 11761 11949 14667  5804 13283 56932 56946 12024
  6287  4472   445 56940 56931 56945 56945 56945 56945 56945 56945 56945
 56945 56945 56945 56945 56945 56945 56945 56945 56945 56945 56945 56945
 56945 56945]
[20, 15] [ 5224  8876  9230 10102 56946  2139 56932 15071   217 56932  8788 56932
  5226  1231  5003 56932  7780  7040  2890 10379  4884 12843  5611  5240
  4472 56942  5137  4472 12843 10621  7780  8449  5226  5224  2880  4472
  5712  6151 56946 56946 56932   997 12033 11211  5676   676 11120  9396
 10151  3682]
[43, 38] [10291  6380 11120 35255  4472 11120  3806  4472 56946 56932  5224  3835
  4472  4049 56946  5804  5657  4472  7425 11950  6151 11950  5226  5224
 56942 13396 14108  5226 14842  4472 56942 56932 10621  5010  1231  6240
  4562  5224  9583  4472 11211 11120 13156  4472 11120 56946  5240 12543
 25579 56931]
[22, 19] [ 9220  4472 11120 15243  1346 11211 11120 15422 22643 13396 11120  2198
  4472 11120  2894  5226 11120  8001  8458  4472  4822  9330  7956 12328
 20375 56940  7952  5226  2370 10067  3432  4472 11120  5430  3537 56940
 56931 56945 56945 56945 56945 56945 56945 56945 56945 56945 56945 56945
 56945 56945]
[7, 9] [56940  6950 14180  5224  3612 56931 11122 11211 14548  5240  1970 56932
 56946 10621 12613 56940 56932  1603  5224  5715 15442  2867 56932 13386
  3245 15201 12764  6416 56940   269 56940  4472 11211  5224  4685  4472
  9450  9875    13  5076  1240   418  4405 13396  5224  1827  5513  4472
  3951 56931]
[8, 5] [10041  8902 13371  8493  1958 11851  1925 14687 10067 36745 15907  5224
  4472  7714  5574 13371  8962 15899 56932  3721 56946 10621 31635 10867
  5226  1004  4472  1234  3861  4472 12413 56931 56945 56945 56945 56945
 56945 56945 56945 56945 56945 56945 56945 56945 56945 56945 56945 56945
 56945 56945]
[21, 18] [ 5226  2890 13615 56932 11120  5844 10291 11120 12283 10621  5224 11627
  3676 56934  2512 56935  5147 11211 56940 11120 22952 10861  4472  4151
 23841  5240 11211  5804 15099 15008 17441  8540  6001  6151  6752 15989
 10621  6151 12979  8493  1605  4472 15225 10611  4151  8589  9796 10621
  4151  3713]
[14, 11] [ 5543  3655 11211  5224 14479 10067 13477 56932 14524  7418 56932 56940
   915 14793  6151  6381    61 56932 13371 56946 56932 23733   848 22670
 56940 56932 10621  1694  3269 11211  5224  9102 12764  2846  1296 11120
  1596  6151 11120  4000  4472  2259  5224 12168 10621 56940  4865 11120
 14804  5226]
[9, 6] [ 9302 13396 12752  8493  2263 11211  8964 11211 56946  8493 12874  5226
  5804 14543 10291 12764  4085  6151 11120   545 56931 56945 56945 56945
 56945 56945 56945 56945 56945 56945 56945 56945 56945 56945 56945 56945
 56945 56945 56945 56945 56945 56945 56945 56945 56945 56945 56945 56945
 56945 56945]
[29, 26] [13554  5804  3434 13371 13822 22392 20968 11211  1240 14444  5319 56932
 10621 25724  8493  7442  6151 11120 29718  4472  5804  6523  4472  8281
 10291 13853 56946 13171 13554 11120 10767 10468 11211  1240  4473  4472
  5804 10758 13371 11120 14964 10067  3172    59 56931 56945 56945 56945
 56945 56945]
[43, 40] [13554  5804  3434 13371 13822 22392 20968 11211  1240 14444  5319 56932
 10621 25724  8493  7442  6151 11120 29718  4472  5804  6523  4472  8281
 10291 13853 56946 13171 13554 11120 10767 10468 11211  1240  4473  4472
  5804 10758 13371 11120 14964 10067  3172    59 56931 56945 56945 56945
 56945 56945]
[21, 19] [ 3245 56946  6151 11120 56940  2176 15459 56940  4472 11120 15284 10468
 20416 56932  6151 11120 11211  6005  4472 12208 25224  6151 11120 14294
  4472  4004  5534   424  3900  4870  6151  9687  8493 13384  4472 11120
 12673 56931 56945 56945 56945 56945 56945 56945 56945 56945 56945 56945
 56945 56945]
[10, 7] [ 1793 56932 29767  5165  6151  9019 11211 39759 11120 12040  4472  8493
  6805 10212  4472 11791 56940 10291 10851   405  8165 56940 10621 15005
  1925   653  4472 11211 10475 56940 56946 56940  6151 11120 14294  4472
  4004 56932  1233 56940 11562 56946 56940  5226 12676  6151  2135  5224
 13004  4472]
[30, 28] [ 1793 56932 29767  5165  6151  9019 11211 39759 11120 12040  4472  8493
  6805 10212  4472 11791 56940 10291 10851   405  8165 56940 10621 15005
  1925   653  4472 11211 10475 56940 56946 56940  6151 11120 14294  4472
  4004 56932  1233 56940 11562 56946 56940  5226 12676  6151  2135  5224
 13004  4472]
[20, 18] [ 1793 56932 29767  5165  6151  9019 11211 39759 11120 12040  4472  8493
  6805 10212  4472 11791 56940 10291 10851   405  8165 56940 10621 15005
  1925   653  4472 11211 10475 56940 56946 56940  6151 11120 14294  4472
  4004 56932  1233 56940 11562 56946 56940  5226 12676  6151  2135  5224
 13004  4472]
[47, 42] [ 1793 56932 29767  5165  6151  9019 11211 39759 11120 12040  4472  8493
  6805 10212  4472 11791 56940 10291 10851   405  8165 56940 10621 15005
  1925   653  4472 11211 10475 56940 56946 56940  6151 11120 14294  4472
  4004 56932  1233 56940 11562 56946 56940  5226 12676  6151  2135  5224
 13004  4472]
[31, 26] [ 2658 10429 56946  5240  8503  4472  5804 18421  8331 10291  3685  4562
  5224  3612  8984  4472 34867  5226 11120  5271  4472 34790  5226  5804
  4679  4055  4472  2732 56932  6722 56932 11211  7494 56940 12407  3058
 56940 12105  6151  8493  5265 56932  9000  1064 11211 56940  8606  8493
 11169 11753]
[34, 24] [ 5224  5798 10997  4472  3806  4472 56942 56932  6235  7304  5165   217
 11211  5224  3835  5769 15164 56934  7843 56935 15031  5224  2693 13171
 11211  4550 10291 13853 11211  8754 10540  5534  1240 10332 11120  4771
 10067  5566  9243 10621  1240  6248 11120   967 56931 56945 56945 56945
 56945 56945]
[26, 19] [ 5226 11669  4492 56932  8361  7412  4472 15086 14641 11211  5226 11646
 16145   424  2299 11122  3315  5224  9527 10621 11120 10419  4472  4151
  9145  8367 11211 56946  9905 10621 18195 56931 56945 56945 56945 56945
 56945 56945 56945 56945 56945 56945 56945 56945 56945 56945 56945 56945
 56945 56945]
[37, 31] [ 5224  2792  4472 56946 11220  1793  6151 56946 11120  3778  4472  7099
  5226 15276  4472 11120  7465 56946 56932  7956  6226 56946 10621 56946
 56932 56940 11211  7780  5492  5226  5804  4393  5137  2890  3172  4472
  5243  4472  5804 12960  5226  5804 11211 13611 56946 56940 56932 13396
 11122 11211]
[45, 35] [ 5226  5224 10103  4472 13171 27039 13946  4472 11120  4722 56932  5226
 11120  6275 11091  7591 12019 11581  4758  4472  6013 56932  5226 24699
 56932  6151 56942 10440  1925 12728  4472  2921 56932   671  6006  6151
  5804  8752 56932  6151  5804 11211  5165 11211  5540 11120  6471 13396
 13396 12645]
[38, 36] [11120 56946  1096  5226  1231 13615 11211  5224  2792 56940 12171 56940
  7780   880  3260  5937 10067  5234  2792 10067  7346  4794  4472   348
 10621 14504 11211   420  4472  5804  3421 11360  4472 11093 10241 10394
 11211  5894 11120 15338   865 10856 13396 13822  5286 56932 12764  6950
 13371 11511]
[26, 25] [ 5226 14923  3719  3306 56932 15201 56932 12889  5226 11120  4932   865
 30669 11071 26962 10611  1163 15226 10621  9529 56932 56940  6151  4151
 11211  4365  4472 56946 56940 56931 56945 56945 56945 56945 56945 56945
 56945 56945 56945 56945 56945 56945 56945 56945 56945 56945 56945 56945
 56945 56945]
[37, 33] [ 9000  5224  7939  3617 18925 56932 11211 15550 11120  9342  5226 11120
 11093 15458  2370  5224  4817  5226   658 56932  6005  5224  7777   501
  4472 56940 40385 56940  6151 13579 10621  6151  3108  5534   668 11211
  1233  5224  4817 10073  1240 56946  5224  3172    59  5226 14390 56931
 56945 56945]
[14, 10] [  731 56932  5226  7809  6151 14374 56942 10368 13396 14196 56932  1040
  1793 11211 56940  5224 56946  5240  2166  5534 11120 13450 10067  9541
  5240  4073 56940 56932 10621  7620 13396 56940  8493  5404  5041 10621
 56946 10291  4746  4472   424 56946  4472 14694  5137 56940 56931 56945
 56945 56945]
[15, 10] [  731 56932  5226  7809  6151 14374 56942 10368 13396 14196 56932  1040
  1793 11211 56940  5224 56946  5240  2166  5534 11120 13450 10067  9541
  5240  4073 56940 56932 10621  7620 13396 56940  8493  5404  5041 10621
 56946 10291  4746  4472   424 56946  4472 14694  5137 56940 56931 56945
 56945 56945]
[13, 9] [15232  5760 12424 11691  4472 56946  6151  8225 10291  2545  5226  4151
 12196  4472  6952 10621  8134  6151  5804  9424  4472 12865 11211  7187
  4151 48257   818 20946  5226   995 56931 56945 56945 56945 56945 56945
 56945 56945 56945 56945 56945 56945 56945 56945 56945 56945 56945 56945
 56945 56945]
[45, 39] [ 5224  9230 12624  4472 14299 56932 15082 56946 56932 11499 56932  6151
  1231  1004 56932 11211  5224 14399  4472 46989 11562  1452  2890  5589
  1601  4472  9540 56932 12889 13382 11211 56932  6151 11120  7440  4472
  5804  5470 56932 11120 12135 11211  4807  1925   667  4472 14233  7709
    52  8109]
[24, 22] [ 5534 11713  5488   243 56932  5804 11699  4472 56946 15603  5224  8033
  4472  1566 10621  4634  5224 12761 10067  5234   870  6151 14857 11122
 11211 25116 56931 56945 56945 56945 56945 56945 56945 56945 56945 56945
 56945 56945 56945 56945 56945 56945 56945 56945 56945 56945 56945 56945
 56945 56945]
[2, 3] [11122 11211 10501  5240 11211  6151   449 12764  8908  4651  4472  8593
 56932 10621 11674 14887  4161 11149  1601 13965 16493  5226 10644  1926
  1152 56931 56945 56945 56945 56945 56945 56945 56945 56945 56945 56945
 56945 56945 56945 56945 56945 56945 56945 56945 56945 56945 56945 56945
 56945 56945]
[25, 22] [ 5224  6260  8289  8701  8493  9160  5226 51416 56932  2890  5765  4472
  1147 56946 56933  2890  8288  6411  5226 39812 18276 56932  3828  9661
  4835 10358  4472  6782 56932 10621  8493  7207  9160 56932 11211   343
   420   253  2914 56932  5226  2890 23432  6329  5226  5224 36065 56931
 56945 56945]
[10, 7] [56940  5207   746 56946  4151   557 56932 25724  3421  1362  4472  5185
 10621  6197 12764  1340 13365 56931  5240 56946 56940 56932 15201  8493
  5541 56931 56945 56945 56945 56945 56945 56945 56945 56945 56945 56945
 56945 56945 56945 56945 56945 56945 56945 56945 56945 56945 56945 56945
 56945 56945]
[19, 15] [15023  5224 12687 56932  5224  9230  1024  4472 13424  9121 56932 45865
 12004 56932 10376 11211 12764  6916 56940   784  7525 33761 11211  5207
  4106  1009 11211  5240  1958  5307  6151  2890 14399  5226  8871  4472
 56942  3861 56940 56931 56945 56945 56945 56945 56945 56945 56945 56945
 56945 56945]
[28, 23] [15023  5224 12687 56932  5224  9230  1024  4472 13424  9121 56932 45865
 12004 56932 10376 11211 12764  6916 56940   784  7525 33761 11211  5207
  4106  1009 11211  5240  1958  5307  6151  2890 14399  5226  8871  4472
 56942  3861 56940 56931 56945 56945 56945 56945 56945 56945 56945 56945
 56945 56945]
[17, 12] [ 5224  9230  4472 13893 56932  3667  4233 22418 56932  7780  3805 11211
 12764  1240  7709 14184 11813  7932  4472 11211  5224 14358   418 32684
 11120 14028  2106 10621  7780  7699 56932 19204  6151  8502 11136 56932
  6151  9537 11211 56940  6846  4864 11426 14931 11211  2745 11289  1920
  3432 56940]
[18, 12] [ 5224  9230  4472 13893 56932  3667  4233 22418 56932  7780  3805 11211
 12764  1240  7709 14184 11813  7932  4472 11211  5224 14358   418 32684
 11120 14028  2106 10621  7780  7699 56932 19204  6151  8502 11136 56932
  6151  9537 11211 56940  6846  4864 11426 14931 11211  2745 11289  1920
  3432 56940]
[4, 2] [56940 12015  8632  1000  6151 11120 13480  6151 11120 11211 10442  8947
 56942 11804  4472  5895 56934 56942 11804  4472  5699 56935 13396 11120
  5095  4472 10080 56931  1793 56932 56936 13933  8947  5804  8039 13396
 11673  9049 56937 56940 56932  8212  4562  2303 12277 12071 56931 56945
 56945 56945]
[45, 42] [13685 14504  5226  1231 10043 11211 56940  3572 14968 11120  6946  2370
  5224 14358 32747  6151  2890 13937  4472 18011 56940 56932 56940  1709
 14102 11120  3252  7945  6151  2890  1437  8033  4562 10442  7956 14299
 56946 56940 10621 56940  4151 14729 56946 11120 13269  6151  6686  6151
  7198  4472]
[22, 17] [ 8493  1004 36870  5224 13344  3676 56932  2044 11211  2403  5804  2060
  5226 15276  4472 11120 10365 56932 10291 15185 11120  8467  4472  5804
 24880  6151  5804  3837  1305 56931 56945 56945 56945 56945 56945 56945
 56945 56945 56945 56945 56945 56945 56945 56945 56945 56945 56945 56945
 56945 56945]
[27, 32] [56940 11120   207 13450 56946 10067  6319 12297 12297  5061 12297 12297
  2940  6151  2434  6151  2529 45317  4562  5224  9591  4472 11211  4151
  5839  4290 11211  1240 56946  5226 10215  3245  9444 56946 56940 56931
 56945 56945 56945 56945 56945 56945 56945 56945 56945 56945 56945 56945
 56945 56945]
[29, 27] [  513  5835 11211  5226  5224  6669  4964  4472 15038 56946  1240 56946
  2890  8614  6816  1925 56946 56946 56932  8806  5226  5224  2824  6669
  4472 15038 10621  4884 20247  4472 56942 11804  1240 30496  6151 11120
 25452  4472  1877 10621  6151 11120 37289  4472  4151  1877 13949 56931
 56945 56945]
[31, 29] [ 4472  4151  3336  3748  5975  1240  1146 11120 10393 56946  4472  5804
 10374 14928  4472  7381  9939 10621  7518  4472 56942 56932 10621  6950
  5226  9537 15657  5226 11211 11626  3455  4472 11211 11120  7132 12764
  7780  5492  5224  9096  4472  4151  6987 27302 56931 56945 56945 56945
 56945 56945]
[26, 24] [11120  4851  6351 11211  1231  8024  1240 32283  5534  1240 22318  4472
 11120  7441  4472  5804  7394 10621 16467  3336  4472  2496 15083  4472
  4592 56940 10606   633 56940  5226  6036  6151  1231 12347 56931 56945
 56945 56945 56945 56945 56945 56945 56945 56945 56945 56945 56945 56945
 56945 56945]
[11, 10] [56940 12764 14394  1368 15583  4562  5804 10025 11516 56931 56946 16109
 13371  8150 11211 10463  1231  7626 56940 56932 10395 56931 56945 56945
 56945 56945 56945 56945 56945 56945 56945 56945 56945 56945 56945 56945
 56945 56945 56945 56945 56945 56945 56945 56945 56945 56945 56945 56945
 56945 56945]
[7, 9] [ 7868  5224 15548 56932 56940 11120 13480 11211 40292  3241  5226  9050
 56932 12731  5226  9050 10621  5240 12407  7074 13396 13822  3692  7539
 56940 56931 56945 56945 56945 56945 56945 56945 56945 56945 56945 56945
 56945 56945 56945 56945 56945 56945 56945 56945 56945 56945 56945 56945
 56945 56945]
[8, 9] [ 7868  5224 15548 56932 56940 11120 13480 11211 40292  3241  5226  9050
 56932 12731  5226  9050 10621  5240 12407  7074 13396 13822  3692  7539
 56940 56931 56945 56945 56945 56945 56945 56945 56945 56945 56945 56945
 56945 56945 56945 56945 56945 56945 56945 56945 56945 56945 56945 56945
 56945 56945]
[11, 7] [ 5804 12061 20440  2890 56946 21291 10621  3982 11211  1240    85  6151
 15243  4472  9098 56931 56945 56945 56945 56945 56945 56945 56945 56945
 56945 56945 56945 56945 56945 56945 56945 56945 56945 56945 56945 56945
 56945 56945 56945 56945 56945 56945 56945 56945 56945 56945 56945 56945
 56945 56945]
[34, 31] [56940  2434 12764  7709 26585 11120  1961 19008  4472  4151  8155 56940
 56932  1015 56946  8509  2890 15120  7956 14233  9883  5226  5224  4440
 56932 10621 56946  6151 11211  6197  1240   746 14843  9905 56946 56931
 56945 56945 56945 56945 56945 56945 56945 56945 56945 56945 56945 56945
 56945 56945]
[35, 31] [56946   530  1920  2890 10119    36  4472  2496  5226  5804  3163 56932
 35924 13396 11120  1391 10621  5331 11120 11752  4472 11120 12613 15161
 56934  2894 56935 56932 13371  7811 11778 10291 13018 11120 10139  4472
  5804  2140 12379  4472 11120 14073 56931 56945 56945 56945 56945 56945
 56945 56945]
[21, 18] [56946  1765 11120  1216 12767  5226  5224  7222 10067 56942  1925  2600
  2890  4667  4472  5581  5226  2890  5858  4472  9867  5224  8450  4472
  2808 13396  4151 14455 12854  4985 56931 56945 56945 56945 56945 56945
 56945 56945 56945 56945 56945 56945 56945 56945 56945 56945 56945 56945
 56945 56945]
[8, 8] [15058  6151 11120  5157 10067  5071 56932  1925 11211 56946  4562  5224
  1786 56940 46639 56940 56932 15072 23593 56940 12764  8147 15271 56940
 56932 14260  5224  1437 10067  3172   373  5226 56940  6330 13371  2699
 12135  4472  5804  2060  4472  5804  7568 56940 56931 56945 56945 56945
 56945 56945]
[42, 34] [56940  1233  1240 10261 32582  6151 11120  8150  4472 11211 12764 56946
 10370  2179 56932 12764 10261  3848  9068 17811 56940 56932  1096  3333
 56932  5226  6425  6151  3667  9810 16819 56932  5224 35387  1428  5224
 11950 56942  1925 15222  2890  6411 11211  9490  5663  5226 11120  6962
  4472 56946]
[17, 14] [11120  7384 11828  6151 13815 11211 48215 11120 12695 12391  6151 14593
 56946 56932 11211   668  2529  5224 12835  4472  4151  4290 10067  6260
 56942  4472  5385 13396  1147   197 56932 10621 12764  6950 10506 56932
 13371 41295 11120  6805 10471 56931 56945 56945 56945 56945 56945 56945
 56945 56945]
[39, 41] [ 5224  9230  6351  4151 10219 11211 23111   424 14339 56932 13396 11120
  4073 10067   653  8984  6151 35964  4855 11120  4904  4472  4151  8373
    21 56932 10621 13382 11211  5224  2631  4472  9222 56940 10608  7323
 11211  8859 10621  3162 11117 16065 56932 10621  5224  7711 56932 13396
  1231 12135]
[19, 17] [ 5224  9230  6351  4151 10219 11211 23111   424 14339 56932 13396 11120
  4073 10067   653  8984  6151 35964  4855 11120  4904  4472  4151  8373
    21 56932 10621 13382 11211  5224  2631  4472  9222 56940 10608  7323
 11211  8859 10621  3162 11117 16065 56932 10621  5224  7711 56932 13396
  1231 12135]
[20, 22] [ 2240 56932 12015  7780  4643  4472  8493  3196 22502 11211  5224  7238
 11211 14817  5224 28302 18217  4472 56940 26071 11120  3363 56940 56932
 15145 11906  5226  8445 14915 35698 19714 10291 11120 17292 10621 11120
  3363 56931 56945 56945 56945 56945 56945 56945 56945 56945 56945 56945
 56945 56945]
[13, 10] [10291 11120  1500 56932 11120  2280  4413  6416 13371 12684 13853 13554
 56940  4151 10219  4472  1961 10621  5708 56940 11211  4595 11120 14623
 56932 56940  6205 13371 11120  7037  6151 10215 56932  3828   231  1231
  7132 56940 56931 56945 56945 56945 56945 56945 56945 56945 56945 56945
 56945 56945]
[27, 24] [11120  4760 10545 11211  8373  2402  1240 56946  5226 13822  6090  5534
 56932  5224 13913  4472 56942 56932 56946  6151  5804  7394 56932 11211
  2733  8493 18623  4472  6142 56931 56945 56945 56945 56945 56945 56945
 56945 56945 56945 56945 56945 56945 56945 56945 56945 56945 56945 56945
 56945 56945]
[7, 5] [56946 37845  1925  5328  6151  2923 56940  6151 13822 18748  4472  3572
 56940 13396 11120  3852  4472  7668 56931 56945 56945 56945 56945 56945
 56945 56945 56945 56945 56945 56945 56945 56945 56945 56945 56945 56945
 56945 56945 56945 56945 56945 56945 56945 56945 56945 56945 56945 56945
 56945 56945]
[25, 9] [ 5224  2595 10067   653  5692 56932  4699 13413  7856 56932 11211  7780
   880  6197  8373  2814  6151  4188 10045 11211 56946  4151 12541 11211
 34754  5224 13019  4472  7668 56932 12828 11211  4151 56946  1790 10067
  9230 28815 11211 56940  1240  8229 56940   853 56931 56945 56945 56945
 56945 56945]
[23, 17] [ 5224  2595 10067   653  5692 56932  4699 13413  7856 56932 11211  7780
   880  6197  8373  2814  6151  4188 10045 11211 56946  4151 12541 11211
 34754  5224 13019  4472  7668 56932 12828 11211  4151 56946  1790 10067
  9230 28815 11211 56940  1240  8229 56940   853 56931 56945 56945 56945
 56945 56945]
[24, 17] [ 5224  2595 10067   653  5692 56932  4699 13413  7856 56932 11211  7780
   880  6197  8373  2814  6151  4188 10045 11211 56946  4151 12541 11211
 34754  5224 13019  4472  7668 56932 12828 11211  4151 56946  1790 10067
  9230 28815 11211 56940  1240  8229 56940   853 56931 56945 56945 56945
 56945 56945]
[25, 17] [ 5224  2595 10067   653  5692 56932  4699 13413  7856 56932 11211  7780
   880  6197  8373  2814  6151  4188 10045 11211 56946  4151 12541 11211
 34754  5224 13019  4472  7668 56932 12828 11211  4151 56946  1790 10067
  9230 28815 11211 56940  1240  8229 56940   853 56931 56945 56945 56945
 56945 56945]
[27, 21] [ 5224  2595 10067   653  5692 56932  4699 13413  7856 56932 11211  7780
   880  6197  8373  2814  6151  4188 10045 11211 56946  4151 12541 11211
 34754  5224 13019  4472  7668 56932 12828 11211  4151 56946  1790 10067
  9230 28815 11211 56940  1240  8229 56940   853 56931 56945 56945 56945
 56945 56945]
[27, 23] [ 7397 56932  5226  5224  7900  4472 12877 10067  7966 56932  8361  7412
  2118 13371  5804  9532  4472  5804 14378  3204 11211  2834 11120 16431
 45319  5226 11963 11211   425 15145 11120  7253  5918  4472 11120  1723
 19588 11211 12764  7494   724 12434  4562 13579 56932 10621 11211  6631
 15145 11120]
[9, 10] [ 6151   661 11211  5804  4900  4472  5804   721 10621 10067 13588  1240
   746 56946 56932 11120 14736  4472  1231 14860  7780 14069  2890  5566
  1077 56932  7956  6226  5226  1723 56931 56945 56945 56945 56945 56945
 56945 56945 56945 56945 56945 56945 56945 56945 56945 56945 56945 56945
 56945 56945]
[24, 15] [ 5224 10242  4472  4491 11458 10067  4942 56932  3667 14524  9775  4788
 56932 15005 12948  4472 11211  1231  9541 56940 56946 56940 11120 12183
 13396 12135 10067   653 10067  8033  4472  7581 10291 11120  7891  4472
 11120  5319 56931 56945 56945 56945 56945 56945 56945 56945 56945 56945
 56945 56945]
[20, 17] [ 5804 56940 11344 56940  4900  4472  6739 12764 14871 12297  6151  1231
  5995 12297  6272  6117 10291  2300  5804  7568 12075  9871 11372 56932
  5226 14022 56932  6289 13171  3780  4472  4097 13146 12215  5224 14198
  4472   227 10067 13588 56931 56945 56945 56945 56945 56945 56945 56945
 56945 56945]
[3, 0] [ 9528 11211 11127  5226 11120  7508 10067  6319  5692 10291 33119 56946
  4151 10219 56932 10621  1240  6183  1233  8493  3174 32462 56932 29456
 13396 11120  9927 10621 11120 15380  2106 56932 11211   373 13941  5224
 10522  4472 11120 14227 11091 56932 12764  3645  6151 10778 11620  1231
  3474 14687]
[24, 16] [ 5224 12956  4472 10880  4472 14564   498 56932  5226  5051 56932 12492
   217  8493  2749  4472   420 11545  4472  9146 11211 56946 11120  1518
  4472 11120  8069  6151  7423 10067 11827  2067  1997 56931 56945 56945
 56945 56945 56945 56945 56945 56945 56945 56945 56945 56945 56945 56945
 56945 56945]
[27, 16] [ 5224 12956  4472 10880  4472 14564   498 56932  5226  5051 56932 12492
   217  8493  2749  4472   420 11545  4472  9146 11211 56946 11120  1518
  4472 11120  8069  6151  7423 10067 11827  2067  1997 56931 56945 56945
 56945 56945 56945 56945 56945 56945 56945 56945 56945 56945 56945 56945
 56945 56945]
[32, 28] [  420 14058 10067  8778    59 56932 11211  7494 15133  7956  5804 15657
 12854  4472  9146 56932  5714  2890 10500  6165  4472  2890 12956  4472
 11317 11211  8900 11120 13332  4472 11211  1997 12764  5240  8813  3087
 10067  7581  4472  5930 56931 56945 56945 56945 56945 56945 56945 56945
 56945 56945]
[35, 32] [11120  2152 11211   217   402  5226 15230  7780 14391  4151  6630  4472
  8521  1796 56932  6862 56932   494 56932  4472  7898 10700  4472 11120
  2894 56932 13371  4821   848  1884 56932 11211   746  6659 15090  6151
 11120 14564  7563 56931 56945 56945 56945 56945 56945 56945 56945 56945
 56945 56945]
[29, 25] [56946 56932 11211  4161  4550  8946  5224 13488  9823 10067  5342  4217
 56932 14204 11211   134  1633 11120  6805  4472 11791 10212  4472 56946
 56932  3828  3971 11211  3910  5648  8493 16530 15583  7416 10621  8148
  4562  5224  9482  4472 11120  3465  4472  1163 56932 11581 19631 56931
 56945 56945]
[30, 25] [56946 56932 11211  4161  4550  8946  5224 13488  9823 10067  5342  4217
 56932 14204 11211   134  1633 11120  6805  4472 11791 10212  4472 56946
 56932  3828  3971 11211  3910  5648  8493 16530 15583  7416 10621  8148
  4562  5224  9482  4472 11120  3465  4472  1163 56932 11581 19631 56931
 56945 56945]
[19, 17] [ 5804  8011 56946 11120 11311 14260 56932  3416 56932   373 56946 13396
  7919 10067  4942 56932  9000 56946 11211  1231  8033  4562  5224 14358
 11117  6533  1942 10314  5226  5224 56946 10621 11120 15582 56931 56945
 56945 56945 56945 56945 56945 56945 56945 56945 56945 56945 56945 56945
 56945 56945]
[31, 27] [ 8630 11211 56946 10463  5226 56942  4472  6128 56946 56932 13815 56946
  5804 10314 56946 56946 13396 16525 56932 12889  5137 15083 29151 11120
  1903  4472 14233 10621   645  5804 56946 11211 56946  7430 56931 56945
 56945 56945 56945 56945 56945 56945 56945 56945 56945 56945 56945 56945
 56945 56945]
[2, 4] [ 5822 10621 13822 13801  1340  5224 56942 13396 14108  4472  4151  8849
 27434  4472 11120 47676 56932  9000  4779 24075  4472  1231 12135 14260
  4151  2171 10060 12764  5593 11211  8493  9745 56946  5224 13588  4472
   812  5226 13171  4472  8493 14073 56932 10621 11120  3448   635  6197
  7494  5224]
[35, 30] [ 5822 10621 13822 13801  1340  5224 56942 13396 14108  4472  4151  8849
 27434  4472 11120 47676 56932  9000  4779 24075  4472  1231 12135 14260
  4151  2171 10060 12764  5593 11211  8493  9745 56946  5224 13588  4472
   812  5226 13171  4472  8493 14073 56932 10621 11120  3448   635  6197
  7494  5224]
[17, 14] [ 5224  3104  4472 39555 15986  5147 56932  5226  2890 13615 14243 12948
 56932  1231  4670  4472  1920  2890  7346 10291 56940 13018  2826 56946
 10621 12764 56946 56940 56931 56945 56945 56945 56945 56945 56945 56945
 56945 56945 56945 56945 56945 56945 56945 56945 56945 56945 56945 56945
 56945 56945]
[23, 21] [ 5224  3104  4472 39555 15986  5147 56932  5226  2890 13615 14243 12948
 56932  1231  4670  4472  1920  2890  7346 10291 56940 13018  2826 56946
 10621 12764 56946 56940 56931 56945 56945 56945 56945 56945 56945 56945
 56945 56945 56945 56945 56945 56945 56945 56945 56945 56945 56945 56945
 56945 56945]
[35, 28] [ 6151 11120 11311   635 10067  6260 11966 10291  7803 10701 56946 39705
  5226  1713  4472 12031 12506 10621  4472  2496 56932  1240  6299   217
    19  4472  1906  6862  1884 11211  7880 11120 14779  6151  2003  5224
 12869 10291  6226  7944  4472  8165 56932 12889 56940 14931 14184  5226
  7306  5224]
[12, 8] [ 6151 11120 11311   635 10067  6260 11966 10291  7803 10701 56946 39705
  5226  1713  4472 12031 12506 10621  4472  2496 56932  1240  6299   217
    19  4472  1906  6862  1884 11211  7880 11120 14779  6151  2003  5224
 12869 10291  6226  7944  4472  8165 56932 12889 56940 14931 14184  5226
  7306  5224]
[25, 22] [15058  1925 11255 10119  4472  7243  7483 56932 40325 11499 11211  5804
  1954  4472 13111   865 56940 28106 10621 56946 56940 56932 12889   749
 56940 13485 56940  5226  5804 11211  1240  7476  5534  1240 31615  6151
 15336 56932  5226  5224  4492  4472 56940 12764  5240 13554  5224 10778
  3825  4188]
[13, 19] [ 5224 13343 11211 56946  6151 15254 10067  8590  5224 10620  4472  5804
  1163 11211 56946  5226  5224 14555  4842 11085  8984  1240 56946 56940
  6371 14555  4842 56940 10621  6667 13371  1601  4472  9540  5804 56942
 13349 56931 56945 56945 56945 56945 56945 56945 56945 56945 56945 56945
 56945 56945]
[28, 24] [ 7868 15201   217 10867 56946 56932  5992 56940  6070  4151  6557  4472
 36170 10621 56126 13371 16058  4472 29148  5534 13171 56946  4125 13396
 11120 11371  4472 15157  5691  6151  1231 13480 56932 11211 26528 18436
  5226  3396  1231  8108  8008 10291 27741  5226  5224  3104  4472 10050
  4472  1723]
[15, 11] [11120 13724 10067 15175 56932 14545  9083 56932   730 11211  5224 10103
  9768 56940 15588 11120 12895 10621 56946  6151  5804  7691 10067 13857
  4472  9379  1825 56940 56931 56945 56945 56945 56945 56945 56945 56945
 56945 56945 56945 56945 56945 56945 56945 56945 56945 56945 56945 56945
 56945 56945]
[21, 24] [14939  3255 11211 10611  8155 27156  5226 12057  4472 13822 14464 14225
 10621  4562 13649 15354  8426 14128 56932  5224  3719  4472 11120  3852
 54397  6950 10067  6151  2814 12407 16715 21564 11211 13888  4151 14494
 56931 56945 56945 56945 56945 56945 56945 56945 56945 56945 56945 56945
 56945 56945]
[27, 24] [ 8630  1240 55981  5224 12761  6151  5407 12734  4472  5804  5023   721
 11211 12764  9658  9997  1231  3832 56932 12764  3686    52 56946 10291
  6330  5224 12761  6151  5790  4472  4938  9658 56946  4472  5187  6750
 56931 56945 56945 56945 56945 56945 56945 56945 56945 56945 56945 56945
 56945 56945]
[18, 19] [56940 12015  7780 14985  5224  2104  4472  7626 11211  8777  5804  4755
 56932  5224  8254  4472 11426  1925 11211 13512 10621 11120 13636  4562
 11120 11211  1240 13731  5226  5224  5372 13396  5224 13132  4472  1000
  6151 11120  8150  8128  5226  9735 56940 56931 56945 56945 56945 56945
 56945 56945]
[36, 33] [56940 12015  7780 14985  5224  2104  4472  7626 11211  8777  5804  4755
 56932  5224  8254  4472 11426  1925 11211 13512 10621 11120 13636  4562
 11120 11211  1240 13731  5226  5224  5372 13396  5224 13132  4472  1000
  6151 11120  8150  8128  5226  9735 56940 56931 56945 56945 56945 56945
 56945 56945]
[4, 5] [56940 11120 15225 11211 12473  7494  1379 11211  1000  4562  5224  6480
 11211  4365  4449 11788 10621  3245  5207  4473  9677  5224  9591  4472
 11211  5224  9102  4210  2890  9096  9541  5224  6260   972  1633  5224
 56946 56940 56932 12828 56931 56945 56945 56945 56945 56945 56945 56945
 56945 56945]
[30, 26] [  424  8566 14309  6151  5804 15261  6151 12764   341  5224 13440 56946
  5226 11120   445 10471  4161 14442  8493 12921  4693  4472  5804 13283
 56932  5534  8363  1231 13675 56946  2370  5804  9996  4562  8493 14988
  4472  7823 13036  2947  5226  5224  3053 11179 56931 56945 56945 56945
 56945 56945]
[30, 27] [14201  8902 12948 13396 56946  5224 14339  4472 11120 25159  4472  4151
  2677  1791 10621   981  5224 18373  5226  6990  5804  8021  7893  5226
   424  4667  5226  5606  8493  1126  4472 13478  5804  6717 13171 14956
 56931 56945 56945 56945 56945 56945 56945 56945 56945 56945 56945 56945
 56945 56945]
[10, 19] [11120  5474  5226  5804  4185  3861  4472  4151 12938 56932 11211 56946
 10291 17377 56932   672 10621  7874 56932    85 26859 13396  4151 15300
  5224  6260 56942  4472   995 10621 26749  6151  8493   661  5142 13396
 11120 11556  4472 13730  8658  5432 56934 23772 56935  8509  8493  8458
  9887  5226]
[17, 14] [ 5804 13801  4472 11673 11556   746 11682  6151  2259  3104 13595  7956
  8493  1958  4022  4472  5973  3682 13396  4151   739  2291 15023  1127
  5224 11478  4472 14535 56931 56945 56945 56945 56945 56945 56945 56945
 56945 56945 56945 56945 56945 56945 56945 56945 56945 56945 56945 56945
 56945 56945]
[26, 23] [ 5804 13801  4472 11673 11556   746 11682  6151  2259  3104 13595  7956
  8493  1958  4022  4472  5973  3682 13396  4151   739  2291 15023  1127
  5224 11478  4472 14535 56931 56945 56945 56945 56945 56945 56945 56945
 56945 56945 56945 56945 56945 56945 56945 56945 56945 56945 56945 56945
 56945 56945]
[34, 30] [ 6205 11122  5376   217  5804  9135 10067  7450 56940  7346  1095 56940
 56932 15023  8493  6614  4562  5224  2792 10067 14084 56932  2930 48914
 56932 13386 15550 11120  6805 40459 11211 56946  4151 10531 18959 12043
 13396 14009  6051 56931 56945 56945 56945 56945 56945 56945 56945 56945
 56945 56945]
[19, 14] [ 5224  6519 15907 14524 18066 56932  5234  6516  4472 11120 11602 56946
  4472 20120 56932 15201 11211 56940 47496 11211  1469  1452  3693 13371
  9893  4472 12328 56940 10621  2332 56940  5224 29399 11211 56946 10267
  1004 11211  1240  3484  5224 15623  4472  4151 10531 56940 56931 56945
 56945 56945]
[20, 17] [ 5224  6519 15907 14524 18066 56932  5234  6516  4472 11120 11602 56946
  4472 20120 56932 15201 11211 56940 47496 11211  1469  1452  3693 13371
  9893  4472 12328 56940 10621  2332 56940  5224 29399 11211 56946 10267
  1004 11211  1240  3484  5224 15623  4472  4151 10531 56940 56931 56945
 56945 56945]
[13, 9] [ 5224  5097 56932 13396 13676 56932  1240 10823  5226  2370  4472  1836
 14162  4472 13236   848  4472  3641  2848 14931  5224  1803  4472  5804
  3434 56932 10621 11211  5534  1240  3968 12472  2632  1240 56946  6151
  5804  6134  4562  6272  2965 56931 56945 56945 56945 56945 56945 56945
 56945 56945]
[11, 8] [12476 56946 56932 13488  9823  4472 11120 11840 56932 15604 11211  9140
 10621   194 56940  5240  8493 16244  9745  3492  4549 11211  5226  5804
  4393  5137  7780  4380  2861 13290  4472 11120 14623  1801  5226  5804
 13098 15370 56932  7780  1679  6361  3922 10291  5224  3104  4472 13870
 10621   373]
[16, 8] [12476 56946 56932 13488  9823  4472 11120 11840 56932 15604 11211  9140
 10621   194 56940  5240  8493 16244  9745  3492  4549 11211  5226  5804
  4393  5137  7780  4380  2861 13290  4472 11120 14623  1801  5226  5804
 13098 15370 56932  7780  1679  6361  3922 10291  5224  3104  4472 13870
 10621   373]
[47, 40] [13371  5226  5804  5199  2260  4472 14417  8671 10621 12047 56946 56932
  4151 14633  8992  4585  7917  4472  7258 10621  4151  8373  4581 10067
  5076  5597  2890 13056  4472  6101 13802 56932  6221  8493  3933 15526
 56932  3145  5226 14923   436 10291 14500  1925  5622  9809 12118  4472
 11120 13075]
[18, 16] [ 5804 15202  4472 11120  7444  4472 12474   865 16347 16367  6151  5804
 11211 38139  4693  4472 56946 11122  4472 56946 11799  2244 56931 56945
 56945 56945 56945 56945 56945 56945 56945 56945 56945 56945 56945 56945
 56945 56945 56945 56945 56945 56945 56945 56945 56945 56945 56945 56945
 56945 56945]
[14, 12] [ 3919 11211 11120 56737 56946  1925  5718 56932 10621 56946 13487 13396
 56946  3657 14977  6151 11325  7864 10621 10568   254  5224 13440  4562
 11120 12226  4472  2890  4633  4472  9212 56931 56945 56945 56945 56945
 56945 56945 56945 56945 56945 56945 56945 56945 56945 56945 56945 56945
 56945 56945]
[21, 17] [10621  4550 56932 13529 23691 56932 56384  1925 15234  4472 11120 13806
  8503  4472  5804  8373 56946 10621 56946  6151  7922  5224  2220 56931
 56945 56945 56945 56945 56945 56945 56945 56945 56945 56945 56945 56945
 56945 56945 56945 56945 56945 56945 56945 56945 56945 56945 56945 56945
 56945 56945]
[39, 36] [ 5224 56946  7198 10703 56932  9000 17589  1148 14802 56933  5224  5738
 56932 53746 10621 56946 13371 14914 13396  5804 22334 11211 11236  4472
  1231 56946 56946 56932  6950  1240 18541  6151  1168 12675 10621 12764
 37879    13 12479 11211  5224  4472  1231 12759  8284 56932 11372 14102
    19 13277]
[16, 13] [ 5240 13171 11751  9761  5226 14299 13802 14793  5224 11629 14931 11066
 11211 11830  4472 13853  8493  8364  4472  5804  9094 12889 15145  4562
 11066 56931 56945 56945 56945 56945 56945 56945 56945 56945 56945 56945
 56945 56945 56945 56945 56945 56945 56945 56945 56945 56945 56945 56945
 56945 56945]
[15, 13] [ 2890  3612  4472 20513 10648 17609 56932 42415  5595  5226  2972 11211
 11117  4105 54001  6151 13441  6226  5224  1926 56932  2890 22961   504
 10621 11531 56931 56945 56945 56945 56945 56945 56945 56945 56945 56945
 56945 56945 56945 56945 56945 56945 56945 56945 56945 56945 56945 56945
 56945 56945]
[29, 27] [  424 13676  9541 56932 10611  8373 11360 11211  8493  1004 13171  1396
 10611  5804  3243 17530  4472  4151  2022  1250  4472  5764 10621 14406
  4249 56934 12764   753 11753  3091  1925 12764 13765  8493  8200  3733
 15949 56935  3037  2529  4472  5804 11211 19220  6151 11120  7976 56931
 56945 56945]
[11, 8] [10529 56932 27527  4472  9158 56932  5240 41007 13396  2188 18013  6151
 11120 17871  4472  1231  8844 46516 56932 32334  5226  1231 56946 56931
 56945 56945 56945 56945 56945 56945 56945 56945 56945 56945 56945 56945
 56945 56945 56945 56945 56945 56945 56945 56945 56945 56945 56945 56945
 56945 56945]
[21, 19] [56940  2890 12684  4841  4472   425  2142  5240  1920 10621  6714 14304
 28249 11211 56946  6151  5804 13678 56943 56946  6714 11120  7626 12764
 13371  9388 11120  3700 56932 10954 14914 10621 13371  9840  2529  5226
  2890  5509  2138 10067 15991 56932  5226 10025  2611 56932  4562 10025
  4521  6862]
[16, 14] [56946  5226 11120 17057 56932  4151 32757 56946 11120  9049  6272  4472
 21703 10291  2637 11211  4151 56946 10067 22308  1240 56946  5226  8493
 14277  5226  7070 56931 56945 56945 56945 56945 56945 56945 56945 56945
 56945 56945 56945 56945 56945 56945 56945 56945 56945 56945 56945 56945
 56945 56945]
[38, 38] [13396 11120 12673  1569  4314 13396  4151 14633  4472 30827 56932  3245
  5226  1906 56932  2890 15367   284  4472   420   260   935 13396 16190
 16387  3166 56934 56942 12297 56942 56935  5226  5224 11211 12297  5224
 10169 10621  5224 14847  4563  8192 42868 13371  2890  6226 10813 12297
 56933  5240]
[16, 13] [ 6151  2890  2444  4144    44    13 56932 10621    13 13171 56932 56946
  5226   932  5804  4533  4472 11120 12759  7626 56932  5226  8493  2928
 14931   273 56933  5226  8493  2507  4472   545  4472  4151  6144  5226
 11120 11211 11597  8865 10267  1004 13171 10621 13171 13627 56931 56945
 56945 56945]
[6, 4] [ 5217 11211 11120  2142 12739 14184  6151 13588 11120 15426 56932  5804
  9140   746  8192 56932  4562 13822  9105  4472  1728 56932   911   848
 11937 56932  5804  9251  6902  2427 56931 56945 56945 56945 56945 56945
 56945 56945 56945 56945 56945 56945 56945 56945 56945 56945 56945 56945
 56945 56945]
[7, 11] [ 5534  5224 15063 16048 13396  5224 54665 11211  6151 13290  5107  7494
 15630 14802 10621 12684 56932 11120 13450  5240 11227 56933  9000  1233
  5224 56946  6950 16945 11120  2656  5217  8493  1914 10054 56932 27645
 56932 52789  5226  5224  4667  4472 11122 23531 56931 56945 56945 56945
 56945 56945]
[17, 15] [12297 12297  1168 56932  3597 12297 12297 14441  5224 56946 12297 12297
 56933 11211 12764   753  2030  4992 11211  9183  5226  5224 11420 56931
 56945 56945 56945 56945 56945 56945 56945 56945 56945 56945 56945 56945
 56945 56945 56945 56945 56945 56945 56945 56945 56945 56945 56945 56945
 56945 56945]
[3, 5] [12297 11122  7249 11211 10501  5240 11211  8493  1976  1373 11646 11871
  2861 11120  4472  5140  3017  6151  4151  4472 11120  8945 56932 10621
  3694  6151  4151  4472  5804 24959 12297 56932 18451  8503  4472  5804
 32670 10067  4667  4472  5997 12297  1268  4472  9751 56931 56945 56945
 56945 56945]
[4, 5] [12297 11122  7249 11211 10501  5240 11211  8493  1976  1373 11646 11871
  2861 11120  4472  5140  3017  6151  4151  4472 11120  8945 56932 10621
  3694  6151  4151  4472  5804 24959 12297 56932 18451  8503  4472  5804
 32670 10067  4667  4472  5997 12297  1268  4472  9751 56931 56945 56945
 56945 56945]
[24, 21] [ 5804  5234  9491  3018  5226 13822 12517  4472  9424  4472  6041 10621
  5226  5224  8966 11211 12623  5224  7147  4472 15243 11211  4050 12322
 10067  5905  4562  5224  7992 10067  1926 56932  5224  1095  4472  4816
 18059  1925 15018 56932  8955 13396  5224  9283  4472  5234  9491 11211
  1240  9567]
[32, 29] [14496  6151 11120  9231 56932 56946  5226  8493 16198 16092  6151 11120
  9028 10067  3343 10067   864 56932 56946 13396  8493  5918 10540  8819
 56932 14931    13 12684 11211  1720  5804  5286 10067  9472  4472 11273
  6862 18785 56932 18785 10621 13064 56932 13064 10621 11273 56932  8984
  6862 18785]
[6, 7] [11120  7815  4472 15149  4876  6151 13386 13478  7630  1356 13396  5224
    87 12297 12297  4472  5804  3078  4755 12297 12297  1240  5911 13396
    77  7467  6151 11107  5226 11120  1795  6151  8155 14915  5936   272
 13371 14524  4472  5804 12408 56932 14915 56946 10297 13371 12959  9356
 10621 14915]
[22, 19] [ 5226  5224  5009  4472  8493  9888  7626 56932 11120 15474 14442  6750
 11211 56946 13487  6151 13822 12063 56932 11633 11120 23354  4472 10766
  4562  8874  5226  8493  1618 36610 10621 11120  1759  4562  3330  8630
 34756  5224  3185 56931 56945 56945 56945 56945 56945 56945 56945 56945
 56945 56945]
