[2, 1] [ 7418 10470 13981   217  5226 13649  2185  7956 56940 14578 12341  5226
  5224 26862 15227  4472 45366 56940 56932 18776 13396 56946 56934 11556
 10291  5224 11426  4472 11120  5404 56935 10621 15201 11211  4151 10067
  5778  9069  4472  9480  8984 56932 13396 14115 10621 12764 13396  1839
 56932 13280]
[2, 1] [ 6112 10005 56946  6151  5804  4185  9939 11120  5660  4472 13822 14455
  4472 11120  6549  4562  6102 56932  5226 15168  4472 12350  5226  8373
  5137 56932 13371 12833  2890 12301 15231  5226 14724  6260 56932 13002
   217 56932  9544 56932  5224   413  8759  5432 56932 56940  1925 56946
 56940 56931]
[49, 47] [ 5224 11757 13469  3924  4562  5224  3280 11211  1231  7132 10621   160
  4188 30194  4472 14407  4472 10281 56932 18413  6151  1231  8909  9102
 56932   977 11120 14035  4472  5804  4679  4055  4472  2732 56932  3828
  8824  2478 11120  5265  4472  9214 24929  5226 56946  9000  5226   195
 11117   746]
[32, 27] [38526 13530 11984 56942 13349 10621 14560 16163 56932  5224   997 16899
  1706  5886  4562 56942   372 56932  8630 11211 25377 56946 20426 14560
  5681  2396  4472  5804 27613 10621 11581 23175  7623  1231  7811  8600
  4472 56942  1637 56931 56945 56945 56945 56945 56945 56945 56945 56945
 56945 56945]
[49, 49] [56940  6196 12858  9288 10621 12764  5850 11813 14687  5226 56946 56931
  9000 11120  8328  1240  7780    79  4336 56932 13396  2890   515  4472
 42784 56932 10621  7780  7075  5487  4562  6226  5224  1926 10291 12764
  5487  4562 13290 56931  7780  3521  4161  5224 10990 56932 10621  1240
 11120  3648]
[19, 18] [ 9000  5240 56932  7956  6226 56932  2890  6173 56946 56932  5226  5224
 11211  5224  4152 10067  3407 13171  4518 14180  9198 56931 56945 56945
 56945 56945 56945 56945 56945 56945 56945 56945 56945 56945 56945 56945
 56945 56945 56945 56945 56945 56945 56945 56945 56945 56945 56945 56945
 56945 56945]
[49, 40] [ 2890  2595  4472   316 15201  6151 14196 11211  5804 10084  4258 13093
 56946 56932  4472 56942  5137 56933   559  3908 56946 56932  4472 56942
 56932 10621   604  3444 56946 56932  4472 56942 56932  6205 13371  5224
  8016  4264   852 56946 56932  4472 56942 56932 14423 10758  5224   972
 10621 12499]
[23, 20] [ 5224 56946 15919 26690 14817  9541  4472  2890 17789 56932  5224 56946
 16474 56946 56932  5224 10246  2067 10621  5224 24168 56946 19592 30705
 29193 56932 13478 25713 56932 10291 11211  5804 15364  4472  3229 56946
 13396 56946  6151  5804 56946  4472 13998 56931 56945 56945 56945 56945
 56945 56945]
[49, 49] [ 5224  5234  6340 13382 11211  5226  5804  4393  7381  9939  1240 56946
  5226 12424  4649 56932  9000  1040 11211  6197 11122  7780  2779 10621
 11211 11117 56946  1000 11211  1231 16581  5226  5224 11034 12764  7780
  5492 14041  5400 56932 13371 11122  7780  3858  5224  9591  4472 11211
  4151 10201]
[37, 34] [  928 56932 15648 56932 56940  7494  2890 14399 12407 15916  4562  5224
  2693 56933 11120  9893 10478 10621  5224  3835  5769  7364  1240 19220
   264  1925 41555  4562  5224  3835  5769 15164 56934  7843 56935 13371
 11122 11292  9784  4562  5224 56946  5217 13280 56942  5137 56932 13396
 11122 13554]
[3, 2] [ 5224  2445  9193 11562 16908  5589  4571 56932   907  6151  5804 13171
  4472   420  5137  4472 18660 10621  5226 11122 11211  3645  4472  2689
  6197  1240   746 56946 56942 15461 56932  2890 56942 13396 14108 13171
  5226  4262 56946 56931 56945 56945 56945 56945 56945 56945 56945 56945
 56945 56945]
[6, 4] [ 6151 15099 10067 56942 56932  5534 10611  5226 15230 11120 14564  3077
  4472 13276 56932  5224  1989  8378 14378 11871  1555  3894 11211  1240
  2728  4472  9165  6151  5804  4349 10621 11756 11211  5658  5804  1197
  4472  5595 56931 56945 56945 56945 56945 56945 56945 56945 56945 56945
 56945 56945]
