[7, 5] [11664  4518 56932 11372  4855  8399 13396  4397  5226 11120 15100 12112
  4472 56946 56932  1240 20981 25063 56932 18419 56931 56945 56945 56945
 56945 56945 56945 56945 56945 56945 56945 56945 56945 56945 56945 56945
 56945 56945 56945 56945 56945 56945 56945 56945 56945 56945 56945 56945
 56945 56945]
[20, 16] [ 5240  9918 11211 56932  6151 11120 12623   848  6151 11120  2038 56932
   425 13455 37077  6667 11211 22742  5226  8493 11851 12031 10621 11211
  5666  6950  6021 31910  5226  5224 38507  4472  8493  5500  1903  6151
 11120 13553 56946 56931 56945 56945 56945 56945 56945 56945 56945 56945
 56945 56945]
[24, 16] [ 5224 13488  6059 56946 12948  5224  7600  5224   948 13371 11435  5226
 11120  6275  5432 18212 18823  4472  1397  4562  8493 26182  7956  5224
  6251  4472 11120 14088 56931 56945 56945 56945 56945 56945 56945 56945
 56945 56945 56945 56945 56945 56945 56945 56945 56945 56945 56945 56945
 56945 56945]
[29, 23] [ 5224  1827 10246  3667  4233  9920 56932 11211 12212  5226 11120 12613
  9107  4151  2314 56932   198  5451  6151 11120 11093 10241 56932    85
 10659 13396  1231 10056 10291 14254  5224  7950  1633  7874 10621  2370
  8774 56932 13706  6151  4151  9655  3736 13044  1925 56946 56931 56945
 56945 56945]
[15, 12] [ 5224  6783  3667  9909 12321 56932 14454 10067 10982  4274 56932  1240
  1512   217  5226  2283  4472  1231  1431 10067 11255  3786 56932  5224
  6145 13732 56932  1925 11267 12764  5665  5226  4474 13371 56940  5224
  7811  3612 10621 11120  7811 12101 56940  4472  4151  7428 11211 10007
  5226 11120]
[34, 30] [ 5804  5574 10067 12741  7846   217 11211 14575 13135  1925 13732  5226
 11120  7261  4472 11120 13172 10067 11183  5226 15168  4472  5226  4151
  9001 56932 15023   673 12948 12049 11360  6644 10291   425 13046 56931
 56945 56945 56945 56945 56945 56945 56945 56945 56945 56945 56945 56945
 56945 56945]
[9, 9] [ 5804 14048 56932  8271  4562  8493 13133  4562  5224  2519 10067  5982
  2944 56932  1240   107   217 56932  6151  4151 14560  4472 11120 14675
 56932  5226  2890 10803  1925 14854 13373  5226  5224  4252  4472 11120
  5978  4472 13732 56931 56945 56945 56945 56945 56945 56945 56945 56945
 56945 56945]
[43, 37] [ 4472 14399  4562  8857 13004 56932  4151  9684 17167  4472 10766  1218
 18458  4472 56946 56946  4472 56942  6468 10267  8493  5226 14842  4472
 56942  6151 56946 56946  5226  5224 12675  7977  4472   424  2689 56932
  5226 13554 11211  5804  8732 13396  4151  9684 10067  6604 18458  4472
 56942 11804]
[17, 13] [ 5224  3835  4848 56932 15752  6151  6192 10067  1702   394 56932 10651
  5226 56942  5804 12073 10291 10778  8244  5226  5224 10119  1107 14012
 10621  5224  6260  1787  5172  8493  3057 11815 56932 11211  1240  8057
  4550  7638  4562 11120  6569  4472 11120  7442 56940  8281 10309 56940
 10067  3835]
[49, 42] [ 4758 14105 56932 14357  4472  3054 10621  9809  4472 11120 13524  4472
  9192 56932 10024 11120 11798  4472 11120  8069  4472 11304  6151  5804
 56946 10067 56942 56932  3610   217 13396  5224  4556  5226 14975 56934
  9694 56935 56932  4562  8493  2928  4472  7538 56940  5226 11120 11211
 12764  4365]
[29, 24] [ 5224 13883 56940  5224 24172 56940  4472 14381 56932 21537 56940 49718
  3733 56940 10621   668 11211  6151 14849 10067 11575  5224 13057  5831
 38850  1240 14576 56932 15023 16889 11211 56940 11120 31360  4091    52
  8192 13171  5500 56932  4472 12764  2529 13396 11120  5229 10067 13057
 38850 10621]
[47, 43] [ 5224  9243 18024 54591 14773  5226  1231  1800  5226 22947  4562  2890
 56946 56932 56946 10621 56946  1633  5224  6897 56946 56946 10621  5226
 11120  8458  4472  2858  5816  1240  8944  6151 11120 14754  7582 13396
  5804  3947 12140 12338 10621  4345  1725 56932 11211  6151  1231  5995
  1240  7780]
[27, 22] [10041  8902 13371  8493  1958 11851  1925 14687 10067 36745 15907  5224
  4472  7714  5574 13371  8962 15899 56932  3721 56946 10621 31635 10867
  5226  1004  4472  1234  3861  4472 12413 56931 56945 56945 56945 56945
 56945 56945 56945 56945 56945 56945 56945 56945 56945 56945 56945 56945
 56945 56945]
[22, 22] [ 5804  5634 56932  7868  1240 20638  4472  4151 13864  4472  1231 10242
  9823 56932 56946 11211 11148 56946  1925  5328 56932 13371 13280  9222
 56932  7709 12764  2529  5224  7811  7171  4472 56946 11120  9344  9500
 56931 56945 56945 56945 56945 56945 56945 56945 56945 56945 56945 56945
 56945 56945]
[21, 17] [15471 11499 11211 11120 11921 15161  4472   694 13084   582  5471  4562
  2890 56940 10255  3448 56940  5226  5224  4177  4472 15461 56932  9000
 11211  5224 15175  4472  5804  8561   234   582  2037 56940  5226  5046
 56932 12065  4472  4390 13627 56940 56931 56945 56945 56945 56945 56945
 56945 56945]
[33, 28] [ 5224 13343 11211 56946  6151 15254 10067  8590  5224 10620  4472  5804
  1163 11211 56946  5226  5224 14555  4842 11085  8984  1240 56946 56940
  6371 14555  4842 56940 10621  6667 13371  1601  4472  9540  5804 56942
 13349 56931 56945 56945 56945 56945 56945 56945 56945 56945 56945 56945
 56945 56945]
[20, 17] [ 4049 56946 56942  5581 56946 11211   766  1231  1651  4161  5224  2689
 56942 56932  5226  5408  4562  5224 12301 10291  9770  5224 14860 56932
 11120 13107 10621 11120 14327  4472    68  7162 56932  1240 14691   217
 56932 13348 56931 56945 56945 56945 56945 56945 56945 56945 56945 56945
 56945 56945]
[27, 24] [13732  1240  4716 12948 14931 11813  8749  3233  6151 14564 15067 15083
  4472 11211  6151  3382 56946  5224 13676  2625  4472 11120 11840  7511
 14624  1644  4562  3542  6151 11120  5918  9243 56931 56945 56945 56945
 56945 56945 56945 56945 56945 56945 56945 56945 56945 56945 56945 56945
 56945 56945]
[28, 27] [56946  4562  2890  9579  4472 12766 56946 10621  1240 56946  5226 11120
 12281 56934 10621  5226  5047 56935 10067 12270  4472  2805  3814 11211
  8373  1362 13171  8818 16532  1808 56932 11122 11211 11117 13074 11120
 13734  4472 56946  4562 13822  5747  4472 13893  7956  4151 29393 22637
 11211 18988]
[19, 19] [ 5534 11120 32864  9490  8192  4415 56932  5224 36220    65 12761  6151
 11454  1231 12759  8030 56932 11211  4693  4413 56946 56946  5224  2075
  4161 11120 14602 14931 11211  1240 56946  6151 10506  8819 56931 56945
 56945 56945 56945 56945 56945 56945 56945 56945 56945 56945 56945 56945
 56945 56945]
[9, 6] [ 4472  1004  5226  5534 56932  2344  1240 42907 10291 56946  5224 15790
 13396  1233 20258  2317 11120 16348 54812 10067  2294 56931 56945 56945
 56945 56945 56945 56945 56945 56945 56945 56945 56945 56945 56945 56945
 56945 56945 56945 56945 56945 56945 56945 56945 56945 56945 56945 56945
 56945 56945]
