[39, 34] [13396 11122 11211  1240  1626  1925  7944  4472 17255 11211  1240 20616
  5226  1723  4562  4188  3907 56932  5224  5138  5061  1452 11120  3474
 56932  1693  4472 11120   743 10621  5224  4610 56932  5226 16592  4562
 11120 10419  5226  5804  4393  5137  4472 11120  1150  4472    97 56931
 56945 56945]
[40, 34] [13396 11122 11211  1240  1626  1925  7944  4472 17255 11211  1240 20616
  5226  1723  4562  4188  3907 56932  5224  5138  5061  1452 11120  3474
 56932  1693  4472 11120   743 10621  5224  4610 56932  5226 16592  4562
 11120 10419  5226  5804  4393  5137  4472 11120  1150  4472    97 56931
 56945 56945]
[41, 34] [13396 11122 11211  1240  1626  1925  7944  4472 17255 11211  1240 20616
  5226  1723  4562  4188  3907 56932  5224  5138  5061  1452 11120  3474
 56932  1693  4472 11120   743 10621  5224  4610 56932  5226 16592  4562
 11120 10419  5226  5804  4393  5137  4472 11120  1150  4472    97 56931
 56945 56945]
[42, 34] [13396 11122 11211  1240  1626  1925  7944  4472 17255 11211  1240 20616
  5226  1723  4562  4188  3907 56932  5224  5138  5061  1452 11120  3474
 56932  1693  4472 11120   743 10621  5224  4610 56932  5226 16592  4562
 11120 10419  5226  5804  4393  5137  4472 11120  1150  4472    97 56931
 56945 56945]
[43, 34] [13396 11122 11211  1240  1626  1925  7944  4472 17255 11211  1240 20616
  5226  1723  4562  4188  3907 56932  5224  5138  5061  1452 11120  3474
 56932  1693  4472 11120   743 10621  5224  4610 56932  5226 16592  4562
 11120 10419  5226  5804  4393  5137  4472 11120  1150  4472    97 56931
 56945 56945]
[44, 34] [13396 11122 11211  1240  1626  1925  7944  4472 17255 11211  1240 20616
  5226  1723  4562  4188  3907 56932  5224  5138  5061  1452 11120  3474
 56932  1693  4472 11120   743 10621  5224  4610 56932  5226 16592  4562
 11120 10419  5226  5804  4393  5137  4472 11120  1150  4472    97 56931
 56945 56945]
[45, 34] [13396 11122 11211  1240  1626  1925  7944  4472 17255 11211  1240 20616
  5226  1723  4562  4188  3907 56932  5224  5138  5061  1452 11120  3474
 56932  1693  4472 11120   743 10621  5224  4610 56932  5226 16592  4562
 11120 10419  5226  5804  4393  5137  4472 11120  1150  4472    97 56931
 56945 56945]
[46, 34] [13396 11122 11211  1240  1626  1925  7944  4472 17255 11211  1240 20616
  5226  1723  4562  4188  3907 56932  5224  5138  5061  1452 11120  3474
 56932  1693  4472 11120   743 10621  5224  4610 56932  5226 16592  4562
 11120 10419  5226  5804  4393  5137  4472 11120  1150  4472    97 56931
 56945 56945]
[23, 17] [56940 12889  1969  5850  2890  9198  4472  1510 12297  6299 12297 11122
 56946 10621  9373 18884 10291  8740   424   273  4472 12921  6151 11120
  9707 10067   870 56940 56931 56945 56945 56945 56945 56945 56945 56945
 56945 56945 56945 56945 56945 56945 56945 56945 56945 56945 56945 56945
 56945 56945]
[6, 4] [11120  2152 11211   217   402  5226 15230  7780 14391  4151  6630  4472
  8521  1796 56932  6862 56932   494 56932  4472  7898 10700  4472 11120
  2894 56932 13371  4821   848  1884 56932 11211   746  6659 15090  6151
 11120 14564  7563 56931 56945 56945 56945 56945 56945 56945 56945 56945
 56945 56945]
[26, 15] [ 7868 49800 56932  5804  7345 12764 28504 11211  5804  3204  4293 12764
  9444 12195  4472 14001  4472 14399  5226 12672 56940 14915 10506 13371
  2478  5224 12761  6151 11120  7626 10621  6151 11120  4109 56940 56931
 56945 56945 56945 56945 56945 56945 56945 56945 56945 56945 56945 56945
 56945 56945]
[27, 15] [ 7868 49800 56932  5804  7345 12764 28504 11211  5804  3204  4293 12764
  9444 12195  4472 14001  4472 14399  5226 12672 56940 14915 10506 13371
  2478  5224 12761  6151 11120  7626 10621  6151 11120  4109 56940 56931
 56945 56945 56945 56945 56945 56945 56945 56945 56945 56945 56945 56945
 56945 56945]
[28, 15] [ 7868 49800 56932  5804  7345 12764 28504 11211  5804  3204  4293 12764
  9444 12195  4472 14001  4472 14399  5226 12672 56940 14915 10506 13371
  2478  5224 12761  6151 11120  7626 10621  6151 11120  4109 56940 56931
 56945 56945 56945 56945 56945 56945 56945 56945 56945 56945 56945 56945
 56945 56945]
[29, 15] [ 7868 49800 56932  5804  7345 12764 28504 11211  5804  3204  4293 12764
  9444 12195  4472 14001  4472 14399  5226 12672 56940 14915 10506 13371
  2478  5224 12761  6151 11120  7626 10621  6151 11120  4109 56940 56931
 56945 56945 56945 56945 56945 56945 56945 56945 56945 56945 56945 56945
 56945 56945]
[8, 4] [ 6151 15099 10067 56942 56932  5534 10611  5226 15230 11120 14564  3077
  4472 13276 56932  5224  1989  8378 14378 11871  1555  3894 11211  1240
  2728  4472  9165  6151  5804  4349 10621 11756 11211  5658  5804  1197
  4472  5595 56931 56945 56945 56945 56945 56945 56945 56945 56945 56945
 56945 56945]
[5, 3] [10291 13853 11211 46363  5226 11120   704 56932  5804  1046 12171  2495
  8244 17626  5226  2890 15227 56932  2738  8493  1563 56932 39492  1231
  4071 11372 37076 12424  2814  2890 12675 43886 56931 56945 56945 56945
 56945 56945 56945 56945 56945 56945 56945 56945 56945 56945 56945 56945
 56945 56945]
[6, 3] [10291 13853 11211 46363  5226 11120   704 56932  5804  1046 12171  2495
  8244 17626  5226  2890 15227 56932  2738  8493  1563 56932 39492  1231
  4071 11372 37076 12424  2814  2890 12675 43886 56931 56945 56945 56945
 56945 56945 56945 56945 56945 56945 56945 56945 56945 56945 56945 56945
 56945 56945]
[9, 7] [13371 12024 15348 11120  4356 12764  1240 12932  4562 56946 56932  5534
 11117  6122 11149 11117   474  5013 13371  5121  4472  2208 12015 15201
  2861 12672  5267 10621 11211 12015  4526  1379 13132 56931 56945 56945
 56945 56945 56945 56945 56945 56945 56945 56945 56945 56945 56945 56945
 56945 56945]
[23, 21] [10291 12082 12342  7780  8192  5224  7811  9230  4472  9322 11211  7780
 14502 10621  5240  8493 10168 11211 13822  6161  1240  3513  1925 44165
 13396  5224 56946  4472  8127 56931 56945 56945 56945 56945 56945 56945
 56945 56945 56945 56945 56945 56945 56945 56945 56945 56945 56945 56945
 56945 56945]
