[32, 28] [ 6151  2922  4472  5804 14406 56932 13811 14441  6151 13649  7809  7354
 12948 13396  6894 56932 13386  1040  5226 56946 10067 25402 56934 15528
 56935 11211 11120 10714 56946 56940   373 16769 13396  5224 10778 12033
 10291  6162 15600 56940 56931 56945 56945 56945 56945 56945 56945 56945
 56945 56945]
[32, 34] [56940  5224 14687 12764  1240  7709  2791  4562 11122  4472  4550 56932
  9000 12015 11152  1379 14260  1240 34414  1379 56946 10621  1240  5714
  5804  8373  3204  5452 10621  1240 24143  5804 11211  1240 23667  2838
 56940 56932    11 56931 56945 56945 56945 56945 56945 56945 56945 56945
 56945 56945]
[28, 20] [ 5224  1702  5296 56932 13676 10067  8288  5567  4472 11120  8946 15875
 56932 28488  5224 56942  4472   995 56932 10621  4562 12342  1240  8317
  6755  6151 11120 21751  2890 13723  4472  1395  2095 11211  8509 11120
 27599 15515 47306  6151  4151 11817 17255 56932 13554  5226  1723 13371
  5226  5224]
[42, 36] [ 5226  2890 13615 56932  5224 10327  2355  9445 11211  5224  8033 10611
  8468  1723 10621  1877 13732 56932 11211    85  7529  5226 56942 10621
 11211  8902 12121  6151 11120 15582  4472 11120  3174 56946 56932 56940
 12764  6913 14399  4472  5229  2618 10611 11120  9745 15921  4472  8851
  5510 56934]
[37, 35] [ 7868  5489 56932 11120 31789  1925  5875 10067 10752 10067 13857  4472
 13553  7978 13837 10291 10451  5226 11120 15100  4472 13553  7978 10067
  8876 13610 10067  2689 10621 11120  6088  4472 11120 27057  8646  5240
 11122 11211  7780  7683  2890  3269 13857 10067   571 56931 56945 56945
 56945 56945]
[14, 11] [56940 13386  9948 56932 11122  3269  5240 11211  5224  1437  2792 15145
   983  6779 13396  1231  2204 10621 13396 11120 12815  5432 56940 56932
   730  5224  8965 10849  1909 56931 56945 56945 56945 56945 56945 56945
 56945 56945 56945 56945 56945 56945 56945 56945 56945 56945 56945 56945
 56945 56945]
[31, 25] [ 3951  4472 11120  2591 56934 37764 56946 56946 56935  7780  6140  5226
 56946 15422 10621  9521 56946 56934 56510 56946 56946 56935  5226  2589
 56932 15083    52  8192  4472  5804  5843 11211 13171   746  8765 10291
 14184 13822  7258  6151  1601 56931 56945 56945 56945 56945 56945 56945
 56945 56945]
[38, 32] [ 2890  1926 16383 14483 56932  2890  3343 12624  8823 56946 56932  7782
 12752 11120  1476 11211 56946 56934 51198 11120  7645  3733  4562  5224
 10565 56932 56946 11120  3058  1906 11098  4562  5240 14657  2041 56935
 11120 13107  4472 12345 13689 56931 56945 56945 56945 56945 56945 56945
 56945 56945]
[21, 19] [ 6950  5226   424 10386  1240 14343  5804  1163  5489 13371  8493  8046
  6151 11120  4000  4472  2863 56932  9000  5240  1255 13396 14442  2890
  6203  4472  5804 15261 56931 56945 56945 56945 56945 56945 56945 56945
 56945 56945 56945 56945 56945 56945 56945 56945 56945 56945 56945 56945
 56945 56945]
[28, 22] [ 5224 11555  2824 56932 11211  1240 17350  5226 11120 13439  1202  8105
  4472 56946 56932 10621  5804   453  5508  1240 56946 10621 11207  9881
  5226  5224 15817 12152   763 56931 56945 56945 56945 56945 56945 56945
 56945 56945 56945 56945 56945 56945 56945 56945 56945 56945 56945 56945
 56945 56945]
[24, 16] [ 5224  8033  1240  7296  5534   719  5992 56932  5234  2792  4472 56946
 56932  6197  8946  9230 10621  7780  8192  3788  4472  6757  4472 15276
 13396 11120  7384 10212 56931 56945 56945 56945 56945 56945 56945 56945
 56945 56945 56945 56945 56945 56945 56945 56945 56945 56945 56945 56945
 56945 56945]
[15, 13] [ 4562 11120  5474  4472 11360  6361  8428 11211   424  2689 11120  7037
 11120  1396  5979 56942 13763  3947 56932 56942  1332 56932 56942  5696
 10621  5224  7992 56932  5226  8870   661 56932  8100 56932  8487 56932
 13582 56932   663 56932  4161  5307  6151  5804 56942 11211 14605  5226
 15497 56931]
[16, 9] [ 1925   273 10621  1925  9687 56932 13371  5224  7330 12764  5240 13171
 11211  5224  3297 15445  4472 11120  5319  5226  5224 11211  5804 13604
  1240 11120  2751 13396  1231  1618 56932  5224 14938  4472  5804 56946
    85 19384  4562 11120 11213 12544  7436  4472 31305  7162 11211 56946
  1231 13893]
[14, 12] [11581 12764  9490  9228 10621  8596 14321 56946  8993  9198 56932  6205
  5240 11211  2614  5226  2890 56946 56931 56945 56945 56945 56945 56945
 56945 56945 56945 56945 56945 56945 56945 56945 56945 56945 56945 56945
 56945 56945 56945 56945 56945 56945 56945 56945 56945 56945 56945 56945
 56945 56945]
