[31, 29] [10621 56946 56932 16478 10621 10618 56932 10611 10025 56932  1240 14377
  4472 11120 14329 56932  4472  4151 56946 10621 10067 56946 10621 42047
 56946  5226  5224  9541 11211 14817  6151 11120  1691  1925 13242 13171
  5863 12297  7780 14384 13171  4472 56942   340 12297 11211  7780  6260
 13396 11120]
[32, 29] [10621 56946 56932 16478 10621 10618 56932 10611 10025 56932  1240 14377
  4472 11120 14329 56932  4472  4151 56946 10621 10067 56946 10621 42047
 56946  5226  5224  9541 11211 14817  6151 11120  1691  1925 13242 13171
  5863 12297  7780 14384 13171  4472 56942   340 12297 11211  7780  6260
 13396 11120]
[32, 28] [10621  6226  8593  5331 11120  8786 56946   848 56932  6151  2814 56932
  3245 23278 56932  4472 14694  5574 11211 15394 11138 15038 10621  4890
 19859  4472  1163 15404 12764  3645 13171  2315  4472 56946  4151 12314
  4472  1231  8512 56931 56945 56945 56945 56945 56945 56945 56945 56945
 56945 56945]
[33, 28] [10621  6226  8593  5331 11120  8786 56946   848 56932  6151  2814 56932
  3245 23278 56932  4472 14694  5574 11211 15394 11138 15038 10621  4890
 19859  4472  1163 15404 12764  3645 13171  2315  4472 56946  4151 12314
  4472  1231  8512 56931 56945 56945 56945 56945 56945 56945 56945 56945
 56945 56945]
[34, 28] [10621  6226  8593  5331 11120  8786 56946   848 56932  6151  2814 56932
  3245 23278 56932  4472 14694  5574 11211 15394 11138 15038 10621  4890
 19859  4472  1163 15404 12764  3645 13171  2315  4472 56946  4151 12314
  4472  1231  8512 56931 56945 56945 56945 56945 56945 56945 56945 56945
 56945 56945]
[35, 28] [10621  6226  8593  5331 11120  8786 56946   848 56932  6151  2814 56932
  3245 23278 56932  4472 14694  5574 11211 15394 11138 15038 10621  4890
 19859  4472  1163 15404 12764  3645 13171  2315  4472 56946  4151 12314
  4472  1231  8512 56931 56945 56945 56945 56945 56945 56945 56945 56945
 56945 56945]
[36, 28] [10621  6226  8593  5331 11120  8786 56946   848 56932  6151  2814 56932
  3245 23278 56932  4472 14694  5574 11211 15394 11138 15038 10621  4890
 19859  4472  1163 15404 12764  3645 13171  2315  4472 56946  4151 12314
  4472  1231  8512 56931 56945 56945 56945 56945 56945 56945 56945 56945
 56945 56945]
[37, 28] [10621  6226  8593  5331 11120  8786 56946   848 56932  6151  2814 56932
  3245 23278 56932  4472 14694  5574 11211 15394 11138 15038 10621  4890
 19859  4472  1163 15404 12764  3645 13171  2315  4472 56946  4151 12314
  4472  1231  8512 56931 56945 56945 56945 56945 56945 56945 56945 56945
 56945 56945]
[38, 28] [10621  6226  8593  5331 11120  8786 56946   848 56932  6151  2814 56932
  3245 23278 56932  4472 14694  5574 11211 15394 11138 15038 10621  4890
 19859  4472  1163 15404 12764  3645 13171  2315  4472 56946  4151 12314
  4472  1231  8512 56931 56945 56945 56945 56945 56945 56945 56945 56945
 56945 56945]
[46, 42] [   11 11211  5224   653 56940  3686  3245 14184  7121  6151 11122 11211
   373  1452  2890  3053  6151 14198  3733 13371   865  5804 13767  2898
 11211  1396  2831  5804 56946  4472 11120 15426   848  5430 11211   746
  8192  8246 10621 11211  1240 15394  1396  7391  4472 11120  1618  1925
   653 56940]
[16, 14] [ 9000  4550  5850  8493 14564 14623 56932   420 16168 22159 56932 10621
  6226  2087  4770 12407 14427 56931 56945 56945 56945 56945 56945 56945
 56945 56945 56945 56945 56945 56945 56945 56945 56945 56945 56945 56945
 56945 56945 56945 56945 56945 56945 56945 56945 56945 56945 56945 56945
 56945 56945]
[15, 13] [ 9490 11846  5226 13175 11211  8189 14821  8021 10906 56932 56940  9000
 12398  3645 13171  2315  4472  6226 56940 56932  8964 56931 56945 56945
 56945 56945 56945 56945 56945 56945 56945 56945 56945 56945 56945 56945
 56945 56945 56945 56945 56945 56945 56945 56945 56945 56945 56945 56945
 56945 56945]
[16, 13] [ 9490 11846  5226 13175 11211  8189 14821  8021 10906 56932 56940  9000
 12398  3645 13171  2315  4472  6226 56940 56932  8964 56931 56945 56945
 56945 56945 56945 56945 56945 56945 56945 56945 56945 56945 56945 56945
 56945 56945 56945 56945 56945 56945 56945 56945 56945 56945 56945 56945
 56945 56945]
[17, 13] [ 9490 11846  5226 13175 11211  8189 14821  8021 10906 56932 56940  9000
 12398  3645 13171  2315  4472  6226 56940 56932  8964 56931 56945 56945
 56945 56945 56945 56945 56945 56945 56945 56945 56945 56945 56945 56945
 56945 56945 56945 56945 56945 56945 56945 56945 56945 56945 56945 56945
 56945 56945]
[11, 8] [12889  5804   420  2990 11211  3047  9301 12764  5371  4518 13822  8070
 10621 56940  7780  2077  4472  6017  4472 15225 56940 56932  5355 11152
 11211 56940 12764  5240  9329 11211  2831  7397 13667 11120 11786 10067
 11807 10621  6851  1925  5045 13396  5045 56932  1240  1641  6151 11646
 14729 11211]
[15, 11] [ 5224  5806  1240 23804  7956  5224 19645 10067 12908 48585 56946 10621
  8902 11120  7069  4472 11211  5226  1490  3719  9840 56946 10067 12168
 48504 56931 56945 56945 56945 56945 56945 56945 56945 56945 56945 56945
 56945 56945 56945 56945 56945 56945 56945 56945 56945 56945 56945 56945
 56945 56945]
[16, 11] [ 5224  5806  1240 23804  7956  5224 19645 10067 12908 48585 56946 10621
  8902 11120  7069  4472 11211  5226  1490  3719  9840 56946 10067 12168
 48504 56931 56945 56945 56945 56945 56945 56945 56945 56945 56945 56945
 56945 56945 56945 56945 56945 56945 56945 56945 56945 56945 56945 56945
 56945 56945]
[17, 11] [ 5224  5806  1240 23804  7956  5224 19645 10067 12908 48585 56946 10621
  8902 11120  7069  4472 11211  5226  1490  3719  9840 56946 10067 12168
 48504 56931 56945 56945 56945 56945 56945 56945 56945 56945 56945 56945
 56945 56945 56945 56945 56945 56945 56945 56945 56945 56945 56945 56945
 56945 56945]
[18, 11] [ 5224  5806  1240 23804  7956  5224 19645 10067 12908 48585 56946 10621
  8902 11120  7069  4472 11211  5226  1490  3719  9840 56946 10067 12168
 48504 56931 56945 56945 56945 56945 56945 56945 56945 56945 56945 56945
 56945 56945 56945 56945 56945 56945 56945 56945 56945 56945 56945 56945
 56945 56945]
[19, 11] [ 5224  5806  1240 23804  7956  5224 19645 10067 12908 48585 56946 10621
  8902 11120  7069  4472 11211  5226  1490  3719  9840 56946 10067 12168
 48504 56931 56945 56945 56945 56945 56945 56945 56945 56945 56945 56945
 56945 56945 56945 56945 56945 56945 56945 56945 56945 56945 56945 56945
 56945 56945]
[20, 11] [ 5224  5806  1240 23804  7956  5224 19645 10067 12908 48585 56946 10621
  8902 11120  7069  4472 11211  5226  1490  3719  9840 56946 10067 12168
 48504 56931 56945 56945 56945 56945 56945 56945 56945 56945 56945 56945
 56945 56945 56945 56945 56945 56945 56945 56945 56945 56945 56945 56945
 56945 56945]
[21, 11] [ 5224  5806  1240 23804  7956  5224 19645 10067 12908 48585 56946 10621
  8902 11120  7069  4472 11211  5226  1490  3719  9840 56946 10067 12168
 48504 56931 56945 56945 56945 56945 56945 56945 56945 56945 56945 56945
 56945 56945 56945 56945 56945 56945 56945 56945 56945 56945 56945 56945
 56945 56945]
[22, 11] [ 5224  5806  1240 23804  7956  5224 19645 10067 12908 48585 56946 10621
  8902 11120  7069  4472 11211  5226  1490  3719  9840 56946 10067 12168
 48504 56931 56945 56945 56945 56945 56945 56945 56945 56945 56945 56945
 56945 56945 56945 56945 56945 56945 56945 56945 56945 56945 56945 56945
 56945 56945]
[23, 11] [ 5224  5806  1240 23804  7956  5224 19645 10067 12908 48585 56946 10621
  8902 11120  7069  4472 11211  5226  1490  3719  9840 56946 10067 12168
 48504 56931 56945 56945 56945 56945 56945 56945 56945 56945 56945 56945
 56945 56945 56945 56945 56945 56945 56945 56945 56945 56945 56945 56945
 56945 56945]
[24, 11] [ 5224  5806  1240 23804  7956  5224 19645 10067 12908 48585 56946 10621
  8902 11120  7069  4472 11211  5226  1490  3719  9840 56946 10067 12168
 48504 56931 56945 56945 56945 56945 56945 56945 56945 56945 56945 56945
 56945 56945 56945 56945 56945 56945 56945 56945 56945 56945 56945 56945
 56945 56945]
[6, 1] [ 5226 10577  4472 11120 11851  6151   424 14687 56932  5217 13280  7898
  5137  1240   746  2302  5804  4573 56946  5410 12297 56946 56946 12297
   848 12297 56946 12297 56932 11211  5226  6207 10192 14824 13396 12297
  6646 12297 56931 56945 56945 56945 56945 56945 56945 56945 56945 56945
 56945 56945]
[7, 1] [ 5226 10577  4472 11120 11851  6151   424 14687 56932  5217 13280  7898
  5137  1240   746  2302  5804  4573 56946  5410 12297 56946 56946 12297
   848 12297 56946 12297 56932 11211  5226  6207 10192 14824 13396 12297
  6646 12297 56931 56945 56945 56945 56945 56945 56945 56945 56945 56945
 56945 56945]
[4, 2] [ 5534 11122  4844  5226  4109 12554 56931 56945 56945 56945 56945 56945
 56945 56945 56945 56945 56945 56945 56945 56945 56945 56945 56945 56945
 56945 56945 56945 56945 56945 56945 56945 56945 56945 56945 56945 56945
 56945 56945 56945 56945 56945 56945 56945 56945 56945 56945 56945 56945
 56945 56945]
