[10, 7] [10611  4527 56932  1063 56932  7083 10621 13926  4472  3702  4562  5224
 13173 13566 56932  1538 13566  1132  1925  5881 10067 15175  8903 10291
  1712  6151  4151    25  9996  5224 11155  4472  1231 13171  3112  2792
 56931 56945 56945 56945 56945 56945 56945 56945 56945 56945 56945 56945
 56945 56945]
[38, 14] [ 6118  8165 12990 14235 11211  5264  1240 56946  1633  2828  4472 11120
   611 11211  8783  5226  4151  1539  5224  1782 11262 56932 44851 14900
 56932  6151 13386 13897 12898 10067  5072 56932  5226 12135 13396  9292
 13822 13364 15023 11120  5660  5427 10067  6496 56931 56945 56945 56945
 56945 56945]
[4, 2] [ 5226  4794 14773 30652  4472 16070 56932 10621  5226  8837 56932  8236
 56946 56931 56945 56945 56945 56945 56945 56945 56945 56945 56945 56945
 56945 56945 56945 56945 56945 56945 56945 56945 56945 56945 56945 56945
 56945 56945 56945 56945 56945 56945 56945 56945 56945 56945 56945 56945
 56945 56945]
[5, 4] [ 5224 11239  8964 11211  3403  6151  5775  5226 13732 14260 11117  4473
 56940 12090 56940 56931 56945 56945 56945 56945 56945 56945 56945 56945
 56945 56945 56945 56945 56945 56945 56945 56945 56945 56945 56945 56945
 56945 56945 56945 56945 56945 56945 56945 56945 56945 56945 56945 56945
 56945 56945]
[38, 30] [ 5224 14357  5373  4472 13593 56932  5513   580 56932 11499  6151 14196
 11211  1490  1958  8467 56940  1240 56946 20848 10621  1240 26518 11120
  4670 11211 28018 56940 56932 12889 56932 14840 56932  1231 11840 56940
  6950  7494   217 11120 10643  1893 56932  2187 10621   250  4562  8468
 56940 56931]
[34, 30] [ 6205 12675 56932  1240 15590  6151  9292  4151 14477  4562  7741 56932
  5199  6391 56932 11120 15489 56932  1324 56932 10621 16149 56932 10621
  5226  5224 13440  4472 11120 14792  5066 56932 56940 13831  6151  1879
  8509  5804  7381 14117  9939  4472 56942  8493   445 10526  4472  4900
  4472 14914]
[9, 8] [ 5224  8570  5240  2890 56946 10291  8025  1233 12473  5226 14662 11211
  1240   373  9784  9198   848  3260 10291 11211    68  8597  9444  9388
 15554 56931 56945 56945 56945 56945 56945 56945 56945 56945 56945 56945
 56945 56945 56945 56945 56945 56945 56945 56945 56945 56945 56945 56945
 56945 56945]
[2, 18] [ 5224  5799  5226  5224 11211 23429 13371 11061 56932 56940 56946 56940
 56932  4562  4361  4472 21902 56932  9490 56946  4472 16997 56934 14134
 56935  5224  6260 11950 56942  4562  8493  5012  4472 13043  4284  4562
  3542  6151 12379  5452 56932  6862  8057  5224  6260   273  4472 12921
  8493  4903]
[33, 31] [ 3120 11211 56940 19973  2044 11211  9292 11120 13107 56940 12030 56932
  9000 11211 11120  5844 11211 13684 56946 56940 11120 15107  4472  5804
 39755 56940  5402 56932  5804  4705 56932   730 56932  5217 13280  9394
  9939 56940  1396  5226  9734 56940 56931 56945 56945 56945 56945 56945
 56945 56945]
[12, 15] [ 5224  8876  9230 10102 56946  2139 56932 15071   217 56932  8788 56932
  5226  1231  5003 56932  7780  7040  2890 10379  4884 12843  5611  5240
  4472 56942  5137  4472 12843 10621  7780  8449  5226  5224  2880  4472
  5712  6151 56946 56946 56932   997 12033 11211  5676   676 11120  9396
 10151  3682]
[42, 37] [ 1793 56932 29767  5165  6151  9019 11211 39759 11120 12040  4472  8493
  6805 10212  4472 11791 56940 10291 10851   405  8165 56940 10621 15005
  1925   653  4472 11211 10475 56940 56946 56940  6151 11120 14294  4472
  4004 56932  1233 56940 11562 56946 56940  5226 12676  6151  2135  5224
 13004  4472]
[49, 44] [ 6151  5995  4472 14694 15646 56932 11120 14564 12031 10067   653 10291
  4562  5804  3153  4472 56942  5137 13280 15223  5226 11211  9379  3153
  2254 52430  4472  2529  5224  7811  9587  4472  4151 16626  4043  4472
 11120  5089 56932 10621 11211  5226  1231  6971 12669 21976 13396  5804
 24697  6151]
[14, 22] [11120  7002 11211 56946 10621 11120 11211   151  1925 56940 17172 15275
 56940 11211 11117  8057  4562  5224 11629  6151  1231 56946  8734 10067
 12168  8503  4472  5804 13171 56946 10067  6171  9239  4472   778 10621
 36510 11120  2928  4472  1018 56931 56945 56945 56945 56945 56945 56945
 56945 56945]
[19, 22] [11120  7002 11211 56946 10621 11120 11211   151  1925 56940 17172 15275
 56940 11211 11117  8057  4562  5224 11629  6151  1231 56946  8734 10067
 12168  8503  4472  5804 13171 56946 10067  6171  9239  4472   778 10621
 36510 11120  2928  4472  1018 56931 56945 56945 56945 56945 56945 56945
 56945 56945]
[12, 11] [56940 12764  5240 13396 13351 56931  5240 14260  4562  5224 56946  2662
  6151 12735 12024 19488 56940 56932 15648  4562 11120 25691  4472  8993
  5224 56940 14505  6269 56940  4472 11120 10056  1217 56931 56945 56945
 56945 56945 56945 56945 56945 56945 56945 56945 56945 56945 56945 56945
 56945 56945]
[14, 7] [ 1925  9283 56942 56932 13396 11122 13554 56932 11117 56946  1925  8871
  9394  9939  5226 10341 56932  9000 56932  5226  1490 13440 56932  1240
  6760  4472  2890 28721  5226 10107 10855  4472 11120  5918 11211  6118
 11197  5092 11211   229 12407  5267  4472   535 56932 12889   375  4562
  5224 13803]
[48, 39] [15023 16889 11211  5224   273  4472 11120 56940   545  2720 56940 10611
  2434 10621  5224  9638  9288 10067   424 12764 56940 16738  5226  5224
  2218  3676 13767 12046 10291  5804 10700  5226 11627 56940 56932 10545
 11211  5224 15063 56940  7780  8192  6818 13396  8493  2507  4472 45099
 10611  5224]
[22, 16] [56946 15648  6151  1231  4291  6151 15538 11211 56940 11122 13171  3269
  5240 11120  2985 11211  5151  5224   339 10067 13893  4449 56932  5226
  2890  7566  1925 11211  1240  3782 13171  4472  2890  6753  4472   278
  4472  6226  5224 11477 56940 56931 56945 56945 56945 56945 56945 56945
 56945 56945]
[23, 16] [56946 15648  6151  1231  4291  6151 15538 11211 56940 11122 13171  3269
  5240 11120  2985 11211  5151  5224   339 10067 13893  4449 56932  5226
  2890  7566  1925 11211  1240  3782 13171  4472  2890  6753  4472   278
  4472  6226  5224 11477 56940 56931 56945 56945 56945 56945 56945 56945
 56945 56945]
[4, 16] [11120  1620 18142 56932  5226  3983  4472  8354 10621  4562  5224 14746
  7956  4151 14130 56932 15201  1925  1782 13154  2861 56940 12024 18349
  8993  6236 11211  8946  1557  4472  3433 56940 56932  5280 56932 13482
  6151 13822  3010 56932 42348  1925  5689 10067  2792   671 10291 11434
  8493  8230]
[9, 16] [11120  1620 18142 56932  5226  3983  4472  8354 10621  4562  5224 14746
  7956  4151 14130 56932 15201  1925  1782 13154  2861 56940 12024 18349
  8993  6236 11211  8946  1557  4472  3433 56940 56932  5280 56932 13482
  6151 13822  3010 56932 42348  1925  5689 10067  2792   671 10291 11434
  8493  8230]
[15, 7] [ 5224 13343 11211 56946  6151 15254 10067  8590  5224 10620  4472  5804
  1163 11211 56946  5226  5224 14555  4842 11085  8984  1240 56946 56940
  6371 14555  4842 56940 10621  6667 13371  1601  4472  9540  5804 56942
 13349 56931 56945 56945 56945 56945 56945 56945 56945 56945 56945 56945
 56945 56945]
[18, 15] [  731 56932  5226  7809  5226  5804 24135 10067  1950 56932  1694 11211
  4151 10233 11211 15257  2890 13019 13371  5224  4472  4758 10958  9775
  4472 36820 11526 11434 10335  4562 11120  3363 10291 12208  5307  6151
  8493 11851 10236 56931 56945 56945 56945 56945 56945 56945 56945 56945
 56945 56945]
[14, 16] [56940  9000 15083 56932  9068  3597 17811 56932  4562 31964  4472  2890
 11215  4154 56932 12015 11121 56932 13371  8057  4562 13083  8155 56940
 56932  7780 14236 56931 56945 56945 56945 56945 56945 56945 56945 56945
 56945 56945 56945 56945 56945 56945 56945 56945 56945 56945 56945 56945
 56945 56945]
[32, 25] [ 5224  1782 10067 13723 10208 10718  5226 15252 56932  8747   285 56932
 13037   217  5224 11549 10067 11183 14491 13927 10291  2739  2890 14555
   653 56932 15023 11120  6393  4392 10067 10379 11211  4605  5224  9101
 12701  2849 56946 56931 56945 56945 56945 56945 56945 56945 56945 56945
 56945 56945]
[26, 33] [11120 12545  2127 10753  4693  4472 30602 10621   420 11970 15083 11120
 13450 10067 10386 56932 11211  5848  1298 11149 13021   746  8192 19096
 26970 10621  2436   209 13516  5224  8749 56932 12764  7780  5663 12543
  8493 11851 56931 56945 56945 56945 56945 56945 56945 56945 56945 56945
 56945 56945]
[27, 23] [ 1925  6117  4472 11120  1016  4472  4284 56932 11120 11840  7780  5159
  3245 13396 10021 13822 13817  4472  5869  6151 11120  4194  5822 56932
 10621  7780  2729  5226 14390  8493  3723 10291 14342  3245  6151  7608
  4472  1335 56931 56945 56945 56945 56945 56945 56945 56945 56945 56945
 56945 56945]
[17, 13] [ 2067 55193  7534  1691  4472  5589   948 12297 10621 11122  5240 12297
  9000 11117 13295  1231 56946 13371 21304 56931 56945 56945 56945 56945
 56945 56945 56945 56945 56945 56945 56945 56945 56945 56945 56945 56945
 56945 56945 56945 56945 56945 56945 56945 56945 56945 56945 56945 56945
 56945 56945]
[24, 29] [ 4472  9591 56932  1240   746 13771  2983  3316 14931  1856  9384   919
 56932  6197 11211 11120 11066  4472  3132  5226  5804  2164 56934 11122
  7082 56932 13396    19 12135 56932 15394 13280 12407  5539 10291 13822
 13331 56932   830  4472  7415  3494 10291  1231 10139 56935 56932 10621
  4151  4441]
[8, 10] [ 8493 13553  4472 56946 56946  2187  5226 17180  5226 56942 10532 56942
 16176 56932  9000 11813 56946  2861  2890 14315 56946  1240 39463 56942
 16176 56931 56945 56945 56945 56945 56945 56945 56945 56945 56945 56945
 56945 56945 56945 56945 56945 56945 56945 56945 56945 56945 56945 56945
 56945 56945]
[8, 9] [ 5224 11010  4472 11120 11093   545  5972 56932  5226 56942 56932  4810
 12407  9198 15083  6151 11211 11120  3935 56946  4562 13822  1357 14543
  5804  6312 22857  4472  2142 10621   545  2861  5804 56946  4472  5804
 15297  4472  2587 10621  5804   352 15401  4472    21  6105 56946 13396
  2890 14555]
[36, 27] [12764  4413  2529 28759  6151 11120 13877 11938 11211 56946  5237  6151
  8596 38785  4151 33920 56946  4472 11120 11093   207 56932  4562 13822
 10219 56932 13371   746  2729  4472 16212 17478 36495 10067 56946 56932
  5217 29951  4161  3721 56946 56932 10621 13371  1240  5787  5226  5224
 56946  4562]
[8, 6] [  753  8150 11211  8159 11211  6205  7709 12764  6950 28667  4161  5224
 13913 10954  3421  5137 13171 56931 56945 56945 56945 56945 56945 56945
 56945 56945 56945 56945 56945 56945 56945 56945 56945 56945 56945 56945
 56945 56945 56945 56945 56945 56945 56945 56945 56945 56945 56945 56945
 56945 56945]
[25, 27] [11674  2669 13396 56946 11120 13704 56946 10621 49902  6416  8503 13371
 56946  5226 12024 12077 56932  9000 11669 49270 56939 56946 10067 11211
 18199  4693 12015 56946 56931 56945 56945 56945 56945 56945 56945 56945
 56945 56945 56945 56945 56945 56945 56945 56945 56945 56945 56945 56945
 56945 56945]
[1, 2] [11120  8945 18199 14321  5226  1231 17080  4562 56946 15547  2861  6151
  1522 11117 19989 14040  5224  2776  3584 56932 11122 11521 12994   848
 12764 56931 56945 56945 56945 56945 56945 56945 56945 56945 56945 56945
 56945 56945 56945 56945 56945 56945 56945 56945 56945 56945 56945 56945
 56945 56945]
[6, 5] [ 8596  3686 29511 56932 14260  9490 13651  5226  5224  7966 56932 10621
 14931 11744 12171  9490  6229 56946  1633 13822 10664 56932 13732 56932
  5806 56932   119 56932   494 18672  8493  1004 56932  1925  1242 56932
  8493 12921 16635 56932  5534 11120 14851  1240  8057 37077 56931 56945
 56945 56945]
