[17, 17] [ 5226 15805  1240  5050  5224 14600  4472 12336 38839  4472 15232  4562
 14113 10621   658 12297 11211  4563  7660 13822  4173 20924  5226 11120
 10947  4472  5804 16452 56931 56945 56945 56945 56945 56945 56945 56945
 56945 56945 56945 56945 56945 56945 56945 56945 56945 56945 56945 56945
 56945 56945]
[18, 18] [15285  5224 13171 31829  5139  6151 11120 12183 12042 10621 56946  4472
  4151  2171   848  3336  1317 11211 56946  5224 12761  5432  6862 56946
  2570  5226 11853 10700 56931 56945 56945 56945 56945 56945 56945 56945
 56945 56945 56945 56945 56945 56945 56945 56945 56945 56945 56945 56945
 56945 56945]
[23, 22] [15285  5224 13171 31829  5139  6151 11120 12183 12042 10621 56946  4472
  4151  2171   848  3336  1317 11211 56946  5224 12761  5432  6862 56946
  2570  5226 11853 10700 56931 56945 56945 56945 56945 56945 56945 56945
 56945 56945 56945 56945 56945 56945 56945 56945 56945 56945 56945 56945
 56945 56945]
[1, 1] [ 7868 11661 10414 56932 12703  7023  4472 56942 11804  4472  5581 56946
  5226  2890  7249 14408  4472 56942  6149  4472 12980 56932  8493 12238
 12135  4472  4151 11211  1396 26043 13396  5224 11477 56932 11122 11211
  6469  6151  2525  5226  5224  8876  6319 13605 10067  1926 56931 56945
 56945 56945]
[28, 28] [13555  5240 11120 14053  4472  5804  3049  5226 11120 14779 10468 11211
 56932 56946  5804  8561 13396 11950  4472 11120 12921 56932  5804  9446
   865  5804  3861 11211 32449 13171  8440  4472  5804 15148 56931 56945
 56945 56945 56945 56945 56945 56945 56945 56945 56945 56945 56945 56945
 56945 56945]
[3, 3] [ 2488 11122 11211  2488 56931 56945 56945 56945 56945 56945 56945 56945
 56945 56945 56945 56945 56945 56945 56945 56945 56945 56945 56945 56945
 56945 56945 56945 56945 56945 56945 56945 56945 56945 56945 56945 56945
 56945 56945 56945 56945 56945 56945 56945 56945 56945 56945 56945 56945
 56945 56945]
[24, 24] [14315  5226 11120  9868  4472  1231  7415 13439 56932  1240  7997  6151
 11358 48803  7363 51726 15794 13502  4151 12850 18416  5226   587 11211
  4473  1231  7132 12297 12297  4246 13396 11120  4836 10067 11239 56932
 56946 56946 12297 12297 56932  8493 29743  4006  4472  2260 56946 56931
 56945 56945]
[6, 6] [ 5224 12133  4472  4984  6351 11211 13280 11066  2890 10563 11085 11211
  6965  4151 14030  5226 11791 10621 11627 10621  1872  6151 11120 11840
  6151  8877  6151   453  9315 56931 56945 56945 56945 56945 56945 56945
 56945 56945 56945 56945 56945 56945 56945 56945 56945 56945 56945 56945
 56945 56945]
[20, 19] [ 5224 12133  4472  4984  6351 11211 13280 11066  2890 10563 11085 11211
  6965  4151 14030  5226 11791 10621 11627 10621  1872  6151 11120 11840
  6151  8877  6151   453  9315 56931 56945 56945 56945 56945 56945 56945
 56945 56945 56945 56945 56945 56945 56945 56945 56945 56945 56945 56945
 56945 56945]
[9, 9] [ 2200 43862 11120 23351  4472 11120  4687 56932 11211  5582  2890  2445
  4472 14030  4472 56942 11804  4472  5699 56932 10621 15201 11211  5224
 56940 56946 56940  4562  5224 11211  1240  7780   254 26156  6151 15223
  5226 56940 11211  6115 12764 15145 14915 11169 11120  4194 13371  8396
  8606  1000]
[32, 32] [ 5224  3612  9210  8729  1231  2415 10291  1227  5224  9541 56932  9000
  5224  2610 13064  4653  5226  5804 10013  3559  4562  8373   340 10067
  7364 56946  5226 14442  7381 10013 10621  5534 18132 10025   372 10291
  5224  7261 10067 12687 13342 13396  5224  8984  9775 11281 56931 56945
 56945 56945]
[15, 15] [   13  4472  5804  8390  5240 13853 11211  1240 56946  5804 10472 10067
  6260 56932 11211 20859  1925   653  6151   535 11962 55716 13396  2890
  4200  4472 56942 11804  4472  8840 56934   683 56942 11804  4472  5895
 56935 56931 56945 56945 56945 56945 56945 56945 56945 56945 56945 56945
 56945 56945]
[10, 10] [56946  9073  4472 56942  6151 56942  5699 11120  4000  1233 42156 11120
 14804 10067  3612  4472   653 56932 11211  3245  9054  1179 11120 10615
  4472  5660 10067 14293  5226  2890 56946 56932  4562 11122 11211 33218
 54835 56942  5699 56934 13441 56942 13171 11211  5226 11120  5411 56935
 56931 56945]
[12, 12] [56946 56932 11211  6197  2332  5224 14860 10067 14746 56932  8159 11211
   746 14632 10193  5226 11120  9069 56931 56945 56945 56945 56945 56945
 56945 56945 56945 56945 56945 56945 56945 56945 56945 56945 56945 56945
 56945 56945 56945 56945 56945 56945 56945 56945 56945 56945 56945 56945
 56945 56945]
[28, 23] [ 5224   653  4472  4472 11120 13017 56932 11211  3717  5224  6260 56942
  4472   995 56932 15246  5224 15063 10067 10379  2824 56932  3030 13396
  4233 10584 56932 11211  8057 13440 34142  6151  4151   353  4472 11120
  6805 21950  4472 13272   881 56931 56945 56945 56945 56945 56945 56945
 56945 56945]
[13, 12] [ 3022  6211  8650  5226 56942 14931  2135  1231  9555 11372  5224 13305
 11211 11370  6707  5226  1231 12874 56931 56945 56945 56945 56945 56945
 56945 56945 56945 56945 56945 56945 56945 56945 56945 56945 56945 56945
 56945 56945 56945 56945 56945 56945 56945 56945 56945 56945 56945 56945
 56945 56945]
[21, 21] [ 5224   653   104  7780  3609  8676  4151  3336  4472  2496  5226  4151
  5581  4472  6589 10067  6319 56932  5226  4151 11211   746  3848 56942
  8330  5226 13043 11941  5226 11122 11211  3645  4472  2689 56932 13002
   217 13348  5224 56940   413 10067  9925 56940 56931 56945 56945 56945
 56945 56945]
[31, 31] [ 5224   653   104  7780  3609  8676  4151  3336  4472  2496  5226  4151
  5581  4472  6589 10067  6319 56932  5226  4151 11211   746  3848 56942
  8330  5226 13043 11941  5226 11122 11211  3645  4472  2689 56932 13002
   217 13348  5224 56940   413 10067  9925 56940 56931 56945 56945 56945
 56945 56945]
[15, 15] [ 4161 11120 11374 56932 56946  7780 12355 56932  8871 10702 56932 12937
 13822 15090  2861  5210 11120 15582 56932 13868  1925   653  9499 10067
  8876  9230 15220  4967 56932 11120  5660 10067  2792 56946  9520 10621
 11120  6699 56931 56945 56945 56945 56945 56945 56945 56945 56945 56945
 56945 56945]
[19, 19] [37873  7780  6659  2890  1602  4562   425  4022 56932 15231 13396 12342
 12675 10621 10025  1777 10067  4942 11211 16065  6151  4151  8432 13396
  4151 11211 56946  5224 16354 10067  1437 11807 56932 14691   217  5226
  8493  1476  4472  2858  5224 13723 15512  5226  5224 14084 56931 56945
 56945 56945]
[26, 26] [37873  7780  6659  2890  1602  4562   425  4022 56932 15231 13396 12342
 12675 10621 10025  1777 10067  4942 11211 16065  6151  4151  8432 13396
  4151 11211 56946  5224 16354 10067  1437 11807 56932 14691   217  5226
  8493  1476  4472  2858  5224 13723 15512  5226  5224 14084 56931 56945
 56945 56945]
[19, 14] [11120  9745   635 56946   123  5224 56942 13396 14108 10067 13723 48847
 10067 12728 56934 56946 56935 56932 11211 21939 11120  2387  4472  4312
 11211  8497  5199  6391  4562 11120  5918  4472 22374 56932  6151 56942
 10440  4472 11120 14792 14016 56931 56945 56945 56945 56945 56945 56945
 56945 56945]
[20, 19] [ 9909  9502 56932 11211  7780  3030 11120 11093  6614 10067 13723 10067
 14358  5226  5224  9814 15023  4151  4290 56932  7780 56946  5224  9591
  4472 11211  2892   418  5664 13822  1945 13396  5307  6151 15488  4562
  4108  5226  2668 10621  7780 11906 11211 11120  6462  3245  5103  5226
  8876 15168]
[7, 7] [ 5224  3612  5692   373 15009  6151 11211 14098  4472  5950 56932  4472
  5187  7638 56932  4472 56946 10621 13579 13371  5804  8373 14821 10067
   940  8984 56931 56945 56945 56945 56945 56945 56945 56945 56945 56945
 56945 56945 56945 56945 56945 56945 56945 56945 56945 56945 56945 56945
 56945 56945]
[18, 18] [ 4472  8493 13480  3610 10621 11349  4472  1168 12673 56932  6151 11120
 11211 12764 56946  4151 10219 11211  9658 51377  5226  1231  7147 56932
  3047   418 11211  1009 11211  7494 13171  8008 11211  2890  4569  6151
 13576 13396  5224 14358  5226  2555 56931 56945 56945 56945 56945 56945
 56945 56945]
[9, 7] [10621 12764  5240 11211  2273  5226  2370  4472  4938  9658  1653  6151
 11120  4932 56932 11664  9632 11211   865 14915 10936 13371  3125 56932
 13396 11122 11211 12015 56946  4562  8025 10291 11211  1240 10650  1231
  4022  4472 14021  5226 15394 56946 56931 56945 56945 56945 56945 56945
 56945 56945]
[15, 15] [56946  5804 56942 11026  4585  4700  6151 54314 10291 20439 10333  5226
 11120 13870 56932  5231 22662 56932  2762 10621 11263 14210  4562 14304
 10414 56931 56945 56945 56945 56945 56945 56945 56945 56945 56945 56945
 56945 56945 56945 56945 56945 56945 56945 56945 56945 56945 56945 56945
 56945 56945]
[2, 1] [ 5489 56946  2332 11120 56940   399  4472 11120  2656 11211  1240  7780
 14843  5226  6036  6151   424 15623 56940  6862  8057  3196  3238  1925
 13440 10067 14944  4472   376 56932  3951 56946 56932 10067 14358 56932
  6151 13386 12764  1240 11117  7780 20390 11120 15167  4472  4072  4472
 11120   922]
[1, 1] [ 9000  9490 12672 11211 11117 56946 12543 13171  2861 11120 12935  5706
  7898 16320  4472  4151  7203 20482 56931 56945 56945 56945 56945 56945
 56945 56945 56945 56945 56945 56945 56945 56945 56945 56945 56945 56945
 56945 56945 56945 56945 56945 56945 56945 56945 56945 56945 56945 56945
 56945 56945]
[34, 32] [ 5804 15646 13526 11211  5224  9185  5226 11120  6098 10468  6151 15276
  4472 56940 40019 56940 56934 56946 56935  1240   582 56932 10996 56932
  1925 14384 16500 10611  1231   611 10621 11120 10067 11211   375  2792
  5217 11120 10365  4472  9515  4472 11120 15386  7430 15512 13346  5226
 56942 56932]
[15, 15] [ 5224 14479  4113  6151  5487 26931 10621  1231  1437  2048  4550 13396
 11120  6614 11211  6499   424  9544  5224  3104  4472 13870 10067  5076
 56931 56945 56945 56945 56945 56945 56945 56945 56945 56945 56945 56945
 56945 56945 56945 56945 56945 56945 56945 56945 56945 56945 56945 56945
 56945 56945]
[14, 14] [56940  9373  6226  5224 13811 15688  5226  8493  8305 56932 11211  5240
 11122 11211  8057 12342 11169 12135  4472  1231  7626 56932 14261 10621
 56946  6151  2890  3411 27854 56932 11211  9840  2529 56946 11047  5534
  8946 14505 56940 56931 56945 56945 56945 56945 56945 56945 56945 56945
 56945 56945]
[19, 19] [10420 56932  8159 11211  4151 10633  4472 11120  2894  7175 11211 14855
  4472 56946  6151 10555 12432 56932 10621 56946  5226  9766  6151  5804
 10700 10291 13853  6205 56940 33402 56940 54885 56931 56945 56945 56945
 56945 56945 56945 56945 56945 56945 56945 56945 56945 56945 56945 56945
 56945 56945]
[19, 19] [10420 56932  8159 11211  4151 10633  4472 11120  2894  7175 11211 14855
  4472 56946  6151 10555 12432 56932 10621 56946  5226  9766  6151  5804
 10700 10291 13853  6205 56940 33402 56940 54885 56931 56945 56945 56945
 56945 56945 56945 56945 56945 56945 56945 56945 56945 56945 56945 56945
 56945 56945]
[3, 3] [11486 56932 11211  3946  8493  6614  4472  7960  4472  1231 11668  4562
  9711  6151  1920  2890 10327  5530 56932 15201 11211  3524 56940  7780
  3924 56942 11804 10067   653 10621 10097 11316 13171  4472 11120 13524
 56940 56932 10621  9017  5224 13305  8211 13396  5224 14357  5087  4472
 13893 56932]
[19, 19] [11120  1650  4472 11120  8069  4472 10196 11120 12921  6255  9524  2890
  9472  4472   621 10611 12049 12535 11211   981  4472  2047 11120  6544
  4472  8493  9158 10241  5226   425   314 12149  4549 56931 56945 56945
 56945 56945 56945 56945 56945 56945 56945 56945 56945 56945 56945 56945
 56945 56945]
[19, 18] [11117  3226 11211  4210  2890  8558  4472  1231  1094  6151  5804  3807
 10621 11122  7811 56932  7868 15201 56932    85    52  7039 56931 56945
 56945 56945 56945 56945 56945 56945 56945 56945 56945 56945 56945 56945
 56945 56945 56945 56945 56945 56945 56945 56945 56945 56945 56945 56945
 56945 56945]
[29, 27] [11120 14889  1240 13851   217  1925 12956 10291  1942  1925   653  8984
 11211 56940 56946  4562  3572 56932  5226 15168  4472 12095 10413 15090
  4472 14678 56940 56932 10621  7882  6151  4151  6505 15147 11211 56940
  3245 13082  6151  8493 11851  3118  1925 15063  5692  5226 15168  4472
 56946 56940]
[30, 28] [ 5224  6909  2944 10827 36860 56932 40686  5226  4151  4290 10067  6145
 13732 56932 12826 11211 11120 10241 11211 11418 13749  5226 11120  1959
  2106 10067  5076  9840 56946  1233  1503  4204 12342  2792 56932  9000
   373  5403  4472 11211 11120 15380 12764 13261  1958  1233  5804   917
  5226  4151]
[9, 9] [10621  4562   424  9583 56932  4562  2890  3612 11211 10577  5224 56946
 56932 11117  2598  1925  1431 11293 11120 14804 56931 56945 56945 56945
 56945 56945 56945 56945 56945 56945 56945 56945 56945 56945 56945 56945
 56945 56945 56945 56945 56945 56945 56945 56945 56945 56945 56945 56945
 56945 56945]
[21, 19] [11120  1855  1240  2304  6151 15254  4472 11120 10098 11211  8416 56946
 56932 11211  5240 14448 56932 10621 10537 56932 11211  7780  2192  6311
 56932  5534  7422  5226 14564 15067  7305 13371  3738  5226  5224  4126
  5765  4472 15509 56931 56945 56945 56945 56945 56945 56945 56945 56945
 56945 56945]
[19, 18] [11120 14948  4472  5804 14543 56932  4151 13864 56932  5804  6174  4472
  9455 56946  3589  9537  3861 56932  5534  4125  5904 15377 56931 56945
 56945 56945 56945 56945 56945 56945 56945 56945 56945 56945 56945 56945
 56945 56945 56945 56945 56945 56945 56945 56945 56945 56945 56945 56945
 56945 56945]
[11, 11] [12297 12297  1368  8150  3645  6151  1000  8493  1855  6950 14260   373
 13691 56931 56945 56945 56945 56945 56945 56945 56945 56945 56945 56945
 56945 56945 56945 56945 56945 56945 56945 56945 56945 56945 56945 56945
 56945 56945 56945 56945 56945 56945 56945 56945 56945 56945 56945 56945
 56945 56945]
[6, 6] [  505 56932 13396  1231 12135 56932  8902  4151  8552 56940 13396 11120
 13734  4472    52 14069  2890  5071 32977  7956  6373  4160  4472  6098
 56940 56932 10621  5165  5224  1381  6151  5804 56946 56931 56945 56945
 56945 56945 56945 56945 56945 56945 56945 56945 56945 56945 56945 56945
 56945 56945]
[13, 13] [ 5543 14576  5226  8458  4472  2858 15023  5224  6550 11211 56940   753
 11211 12702 56932 13371  8993 56932  6151 10636   434 10291 11211 26282
 10621 15031  1925  5715 56932 11211  5207 15842 56940 56931 56945 56945
 56945 56945 56945 56945 56945 56945 56945 56945 56945 56945 56945 56945
 56945 56945]
[2, 2] [ 4562 11120 10117  4472 11211  5224  7581 56946 13171 10621 56946  8871
 56932  5224  6516 10067   653  1240 19329  5224 16586 12407 56940 12033
 56940  4472 15040  4604 11122 11211  5226  1231 11950  9297  5804  5234
  8876 10050 56946 19944 56946 56934 13386  5226 56942  2340  5224 32313
  5226  2890]
[9, 9] [ 8509 13822 56942  1362 56932  5224 56946 13145 13933  1200  5224  2689
 56942  6151  5804 15611 10700 10067  1926 56932  2721 13396 14564 14557
 10621  2740 56931 56945 56945 56945 56945 56945 56945 56945 56945 56945
 56945 56945 56945 56945 56945 56945 56945 56945 56945 56945 56945 56945
 56945 56945]
[28, 27] [ 1231 14405 12297 12297 11211  7780 11806  6151  9406  4562  2303 12297
 12297 11562 13451  4562 11066  9928 56934 11477 56935 56932  3257  4472
 13822  6261 56932 11211 10823 11120 15583  4472  3592 10621  6478 10611
  2890 11215  2206 10621 11120  4476 11658 11211 11117  1815 56931 56945
 56945 56945]
[7, 7] [56940  7350 15379  8493 11566 12297 12297  8964 12297 12297 11211  7016
   943  6226  5224  1926 56932  5226 11120 11211 10261  4750 56932 12611
 56932  9023 56932  6471 10621  8493  4858   207  4472   424  1926 56932
  5226  5224 11211 13371  8964 12024  7220 11066  9928 56940 56931 56945
 56945 56945]
[11, 11] [56940  7350 15379  8493 11566 12297 12297  8964 12297 12297 11211  7016
   943  6226  5224  1926 56932  5226 11120 11211 10261  4750 56932 12611
 56932  9023 56932  6471 10621  8493  4858   207  4472   424  1926 56932
  5226  5224 11211 13371  8964 12024  7220 11066  9928 56940 56931 56945
 56945 56945]
[20, 20] [56940  7350 15379  8493 11566 12297 12297  8964 12297 12297 11211  7016
   943  6226  5224  1926 56932  5226 11120 11211 10261  4750 56932 12611
 56932  9023 56932  6471 10621  8493  4858   207  4472   424  1926 56932
  5226  5224 11211 13371  8964 12024  7220 11066  9928 56940 56931 56945
 56945 56945]
[32, 32] [11120 11093   455  4472  5804  5341  2370  5804  2992  5226 56942  5137
  4716  5226  2890  8288  2218 56932  7868   424 26166 56932 13396 56940
  5224 10620  4472  5892  4472 56946 38578 11211  9347  8493 13400  4562
 10053  9094 56940 56931 56945 56945 56945 56945 56945 56945 56945 56945
 56945 56945]
[5, 5] [ 5224  5076  7411 56932 11211  8964  6416  5224 15038  4472 11646 11725
 56932 13371  5224  4685   848 11120  5683  3174 56932  2148  5804 13349
  4472  5804  3204 56946 10621  4151 56946 13396  9245  4613 56932 13450
 11211  6894 12572 13371  8493 10266  2861 56940  1240   373   537 11120
 13450  1925]
[11, 10] [  261 56946  5240  5224 14555 22143  4472 11120  1500 11211  4550  6043
  5224 56946 10067  4174  5226 15168 10067  4793 12741 56931 56945 56945
 56945 56945 56945 56945 56945 56945 56945 56945 56945 56945 56945 56945
 56945 56945 56945 56945 56945 56945 56945 56945 56945 56945 56945 56945
 56945 56945]
[23, 22] [  425 10507  4472  4151  1882  2844 15394  6645  2135  5224  4842 10621
 11120  5187  4472  8606 13997  5226 11631  3426 56932 11122 11211 15604
 20509 23256   217 17419  5415  4472 11120  3806 17452 56931 56945 56945
 56945 56945 56945 56945 56945 56945 56945 56945 56945 56945 56945 56945
 56945 56945]
[20, 19] [  907  6151  9379 13767 56932 11120  9158  1606  4472 14030  2844 12764
  7780  3517  4472 13882 14352 13908 56932 13371 15285  5226  1231 13676
 13004  7956  5908 11038 11120  6805  3682 10291 11631  3426 10621  5224
   521 56934 56946 56935 56931 56945 56945 56945 56945 56945 56945 56945
 56945 56945]
[39, 35] [ 5226  1156  6151 11120 11311  4472  3046  7956  5224  7057 14631  4472
  5804 10542 56932  4151  6118 56946  3245 11211  5224 14399  5240  1958
 56932 12889  1240  3731 12543 10722  4160  5226  6036  6151  5804  5126
 13396  5804 11211   582 39277  5224  9283  4472 14072 11211  4026 11211
  3669  6151]
[21, 20] [ 5226 11120  5411 56932  1793  4472 11673  4451 56932  5815  3245 10291
  9428  4151 12336  4472 11120  3737  4562 10700 11211  8396  6416  8493
 15583  4472 12283  4562 11120 10714 14931 11250  6151  8493  9927 56931
 56945 56945 56945 56945 56945 56945 56945 56945 56945 56945 56945 56945
 56945 56945]
[45, 43] [11120 13902  4472 11120  3806  5240  2890  6997  7932  4472 13933  5804
 12379  1340  8493  2507  4472 11752  5432 56932  5226 13554 11211 10291
 56946  8493 13450 11211  7709  8795  6151 10025 12379 56932  1240  1013
  2701  6151 56946  1633  5804 14304  7329 13901 11211 56946  8493 15459
 11211  5226]
[19, 18] [11120 12673  8230  4472  9222 10621   505 10621  4151  8265  4472  1723
 10621 10442  5226 11120 13439 10343 11211  9308 13083 11439  4472  7500
 13280   420  3861 56932  4810  6151 10206 56946  6151 15379 12948  5226
  5224  6319  2861 56940  6021  2529 11211  5224 11660  1240   418  5465
  5226  8493]
[33, 30] [56940 11120 10244   848 11120 56946 22540  2890  2642 10621 13290  1240
  8902 14662 56940 56932  1040 56946 12297  5234   870 10067 24475  7143
 10621  5224 32128 18725 12297 13386 56932  1793 56932   668 11211  5226
  1936  1396 48794  4562 11120 14754 10067  7143 56931 56945 56945 56945
 56945 56945]
[6, 6] [ 5224 56940 16446  4472 56946 56940 10577   775  5224 13192  4472 11120
  5311 10291 11205  8493 23047  2928  4472 13030  8791 10621 16563 56932
 10621  5224  1909  4472 56946 56946  5224  2641  5226   425 13300  5226
  5804  4393  5137 56931 56945 56945 56945 56945 56945 56945 56945 56945
 56945 56945]
[1, 1] [15023  5249 11211 12764  9490  9228  6151 11981  4472  1231    27  5513
 10621  4472  1231  8069  1925  8036 56932 15201  2861 56940 12234 13055
  5240  5224  1387  6151  8798 56940 56932 12889  9445 11211  5226 12379
  5452  5224  7220  4472  4693 11211 13820 56940 12764  9142  6151 13290
 56932 11372]
[26, 25] [ 5224 14357  5373  4472 13593 56932  5513   580 56932 11499  6151 14196
 11211  1490  1958  8467 56940  1240 56946 20848 10621  1240 26518 11120
  4670 11211 28018 56940 56932 12889 56932 14840 56932  1231 11840 56940
  6950  7494   217 11120 10643  1893 56932  2187 10621   250  4562  8468
 56940 56931]
[1, 1] [ 1233  9490  2890  9541 11211 16359 11120  8134  5226  5224  8614  4472
   217  5668  8946  5224 11211  8535  1925  9243  7859   138 10621  1925
 12796 15884 56946 56931 56945 56945 56945 56945 56945 56945 56945 56945
 56945 56945 56945 56945 56945 56945 56945 56945 56945 56945 56945 56945
 56945 56945]
[31, 29] [10420 56932 13625  2890 21862 13004  7956 11120 10794  4472  2390  8597
 10621 13822  3271 29484 56932  6205 13371  4472  4151  7359 12958  1633
  4151  6505 56946 56932  6151  4151 11211 15201    85   885 11120 14678
  4472  5804 56940  1427 56940 10291  2529  8231 13396 11120  5319 13149
 56931 56945]
[13, 13] [56940 12764  9442 11211  1240  8385  1925  3612  4472 11120  8200 56931
  1233   753   577 11211 11606 11211 12764 56946 56932 11117  2662  6151
 14184  4151  3765 13171  4731  4472   425  5187 56940 56932  1603 12948
  1723  5226  2913  1925  8566  4766 12764  6950 10611  5804 12770 10621
  6361 10067]
[13, 13] [ 1233  5224 13365 56932 11211  6226 11122 56946 56932 12764 11117  6984
 11211  8606  5115  1231 56946 44527 11697 56932 56946  5487 56946 56931
 56945 56945 56945 56945 56945 56945 56945 56945 56945 56945 56945 56945
 56945 56945 56945 56945 56945 56945 56945 56945 56945 56945 56945 56945
 56945 56945]
[25, 23] [ 5224 10988  5226 11120  8200  4472  8263 10621  4151 35840 13396  4151
 11211  2049  5224 13732  5226 11120  8200 56932 12672 11211  7780  1108
 14347 11146  5226 11120  1959  7948 10621 12749  5226  9097 32541 56932
   373  2831  2890 13748 12407  2138  1925 11211  1240 10532  5226 11795
  9348 56932]
[21, 20] [56940  4151 22310 11526  9046 11120 14964  1135  4472  5804 13272   881
  5226  5224  1926 56932 10621 12764 39706  8849 11211  9658 56034  5804
  2826  1317 56940 56932  3120  9992 56931 56945 56945 56945 56945 56945
 56945 56945 56945 56945 56945 56945 56945 56945 56945 56945 56945 56945
 56945 56945]
[23, 23] [56940  5240 12246  2738  3336  6151 11120  7440 10067 10620  4472  8373
   848   420  3861  4472  4842 56940 56932 15201 14418 56932 13386 11499
 11211   753 11211 12676  6151 11211  1240  4635  4151  1746  7956  5804
  1610  5226 11120 11259 10366  1217 56934 56942 56935 10621 11120 14277
 10067  4842]
[3, 3] [ 5224 12533 11211   154  3245  5226 14016 56932   658 56932  3222 56932
  9050 56932 14113 56932  1352 10621  1723 56932 14662 10611  5804 13042
 11211 11122  6150  4562  5224 13723  3453 11746 56932 15027 13606  4922
 12807 13891  7365 56932 10621 14097 56943 11145  3892 56932 10611 10025
 56931 56945]
[48, 48] [10291  5224  2792 10067  2931 56932 56940  5240  9918 56940 11211  5224
  4942 12764  1200  6151   453  9097  4472 11120 13553 13396 11122 11211
 56932  5226  1231  6098 56932   582 11434 56940  2890  7415 13803  4472
 12328 56932  4472  9932 56932  4472  7969 11793 10621  4472  1163 11211
  4517 11211]
[8, 7] [40658 56946 56932  8262 10621  8771  4472 12424 15780  5708 56932 15201
  6151 14196 11211 56940  5224 56946  7780 12355  1920 56932 10291  5804
 43127  8871 36538 56932  8493  7626  7811 12297 12213 10471 10067  9541
 12297 10621   217 14694 13171  4007  4562 15426 56932 14746  1606 56932
 10621 14578]
[20, 19] [12764  1240  8777  8834 10013  4472  6480 10621 56946 56946 56932  5224
  7220  4472 11120  3061  4472 11120 12921 56932 15285  7956  5224 12433
  4472  6480 11122 11211  1240 56946  5226 13822 13864  5534  1132  6151
  3969 11211 11120 14299  1940 56932   980 56946 56932  8946 12134  2861
  1231 29212]
[0, 0] [ 3018 14694  4472 12937  4151  2723 12764 11458 56934  4734 56932  6571
 56932  5224  7415  5930 56932  9810  6118 56932 14114 27093 56932  5715
  1384 56932  9586  7411 56935 56932  9000 11349  1240  7780 56946 10025
  8867 56931 56945 56945 56945 56945 56945 56945 56945 56945 56945 56945
 56945 56945]
[0, 0] [23068  1925  9814  4472 14928 13910 54703 10291  9761 14067 56946  3245
  4472 14928 13910  8165 10291 11211 15145 13171 24325 10621 13171  7973
  5226 11122 11211   582  2529  1231  4451 56931 56945 56945 56945 56945
 56945 56945 56945 56945 56945 56945 56945 56945 56945 56945 56945 56945
 56945 56945]
[6, 6] [56940  5207 10293 14260  1240 11122 11828  5224  5879 56932 14260  8396
 11400  2322 10067   552 10291  6551 10621 10291 39850 13822 15562 56940
 56931 56945 56945 56945 56945 56945 56945 56945 56945 56945 56945 56945
 56945 56945 56945 56945 56945 56945 56945 56945 56945 56945 56945 56945
 56945 56945]
[5, 4] [56940  4550 56932 13171 11211 56946 10621 56946 56932 11304  7494 11211
 11148    13  2052 10291  9496  6151 11358 11120  8069 10067 56942 56940
 15201 14105 13386  1015 11211 56940  2044 11211  1000 11149   464   953
   753 11211 12735 10621 12819  4562 11120 12673  5013 10621 10703 11211
 10291  5224]
[26, 26] [13822  3824  1240  5771  5226  5224  1601  9448  6151 11120 14736  6151
  4151  8546  7151 10621  7289  4472 11120  5807  4472 10568  1490  4687
 12740 11211  2017  6151  1231 13789 56931 56945 56945 56945 56945 56945
 56945 56945 56945 56945 56945 56945 56945 56945 56945 56945 56945 56945
 56945 56945]
[28, 28] [11120 11199  5043  4472  1335  4716  5224  4522 13396 11120 14675 10899
  5171 13396 56942 11804  4472 14592 11211   574  8244  5226  5224 12533
  4472   246 56932 11211  6677 11120 11093  4277 10468  4472 11120 11457
  7062  8319 56932 15023 56942  5137  4472 14035 56931 56945 56945 56945
 56945 56945]
[21, 20] [ 6950 56942 11345  9706  5407  5226  3233  5804 56942 10013  4472  7413
 56932  2890  4885  5972  8834  2814 14974  1925 11211  9490  7055   696
  5226  1335 56931 56945 56945 56945 56945 56945 56945 56945 56945 56945
 56945 56945 56945 56945 56945 56945 56945 56945 56945 56945 56945 56945
 56945 56945]
[13, 13] [ 8554 10561  5226  3290  6151 56942  5263  4472 11120  4696  5043 56932
 11211  2348  5804 56942 10440 10067  1863  8310  5226  2890 11554  4472
  8493  4000 56932 56942 10013 10621 56942  5263 56932  4562  8493  2415
  4472 56942  5263  7956 10897 10922 56932 11211   299  6151  9694  4562
  8493  5265]
[21, 21] [ 1719 10621  2722  1240 56946  1925 12675 10843 11211 13822  5747  8509
 11120  4000 10621  5611 11211 11717 11120  9234 11211 13851 13662 10067
  5928 56931 56945 56945 56945 56945 56945 56945 56945 56945 56945 56945
 56945 56945 56945 56945 56945 56945 56945 56945 56945 56945 56945 56945
 56945 56945]
[16, 15] [14190 13371  8485  3904 11211 11120  2894 15137  6151  6416  2890  1673
  6151 13478  5804 11211  7439 13371 14883 56932  9000 11211 12764  1240
  7176 11224 10291 56946  4472  5187 11531 56932 41670  6862 44495  5226
 13478  5804 10700 56931 56945 56945 56945 56945 56945 56945 56945 56945
 56945 56945]
[26, 25] [ 5224   587    85  2519 13280   420  5137 56932  8509  8493  6855  6151
 11120  5918  4472 11134 10067  2792  4472 11120  5956 11703 56946 56932
  1925 11211  4302  5224  9230 56946 56931 56945 56945 56945 56945 56945
 56945 56945 56945 56945 56945 56945 56945 56945 56945 56945 56945 56945
 56945 56945]
[9, 8] [11905 11719  6485 11211 56940 55128  5240 13466 56933  8075 56932 12764
 13554 56940 56931 56945 56945 56945 56945 56945 56945 56945 56945 56945
 56945 56945 56945 56945 56945 56945 56945 56945 56945 56945 56945 56945
 56945 56945 56945 56945 56945 56945 56945 56945 56945 56945 56945 56945
 56945 56945]
[7, 7] [ 4472   425 13030 56932  5804 13042 11211 12199   535  5895 11117 11500
 10267 14519   897 56942  5699 56932  5224 14198 13171  8965  5217 56942
 56931 56945 56945 56945 56945 56945 56945 56945 56945 56945 56945 56945
 56945 56945 56945 56945 56945 56945 56945 56945 56945 56945 56945 56945
 56945 56945]
[0, 0] [ 5240  9918 11211  5224 10454  4868 14066 56932  9000 56936  5217  3286
  6226 11122 11211  5207  7731  1240  7709  9997  4562  8219 17666 56937
 56931 56945 56945 56945 56945 56945 56945 56945 56945 56945 56945 56945
 56945 56945 56945 56945 56945 56945 56945 56945 56945 56945 56945 56945
 56945 56945]
[8, 8] [ 1925 10454   753 11211 27470  6151 15659 10621   753 11211 19550 16802
 12407  8448  4472 14099 56932 56946 10621 56946  5224  3719  4472 21006
  5226 12342  4161 11211  2017 11120   792 11211 11117 56946 56931 56945
 56945 56945 56945 56945 56945 56945 56945 56945 56945 56945 56945 56945
 56945 56945]
[10, 10] [ 1925 10454   753 11211 27470  6151 15659 10621   753 11211 19550 16802
 12407  8448  4472 14099 56932 56946 10621 56946  5224  3719  4472 21006
  5226 12342  4161 11211  2017 11120   792 11211 11117 56946 56931 56945
 56945 56945 56945 56945 56945 56945 56945 56945 56945 56945 56945 56945
 56945 56945]
[5, 5] [  424  8673 56932 10067 11211 11418 11120 13706 10316  5226  8837 56932
  5582  2890  5497  9638  3828  1240 11833  2406  4151 56940 13656  7606
 56940 11211 11120   726   668 12764  8555  5226  5804  6261  4472 13866
 56931 56945 56945 56945 56945 56945 56945 56945 56945 56945 56945 56945
 56945 56945]
[14, 14] [ 4151 11026 56946 56946  4472  4709 14423  4472 12691  7128 56932 10611
  4151 11211 21622 56942 56934 56942 13396 14108 56935 14579 13396 12541
  4472 11120 13107 56932 56942 56934 56942 56935  4472 14088   848 13588
 13016 10621 56942 56934 56942 56935  4472 11554  2815  4472 11231  7128
 56945 56945]
[26, 26] [ 8503  4472  5804  6786   464  5226  5804 11211   753  3754  5240  5226
 11120  7210  4472 56940  4151 26461 56940 56932 14235  4151  2960  6118
 56932 11211  8455 11211  5224  2792  2828  7951  2890  3353 56946  4472
 11120 13450 11211 50341  6151 12379  5452  6151  1720  5224 56946 56931
 56945 56945]
[9, 9] [ 1656  4689  6205  1925  2052  4472  1746  3843 11211 51438  6151  2890
  8033   848 10714  3186 10611 12569 10291  1127 10621 14342 14729  4472
  8561 15244 56934  8415 14746 12906 56935  5226  1723 10621  5226  9394
 10700  8620 56932   980   658 56931 56945 56945 56945 56945 56945 56945
 56945 56945]
[10, 10] [ 9379  8373  8390   865  5804 11282 10067  8614 10471 11211  9201 56946
 56932 13386 56932 14931 11744 56932 12764 11606 11148  2890 14665  6128
 14107  6151  1231   695 10621  8993  4946  5488    63 13396 11120  3778
 10067   653  4472 11120  9849  4472  4421  6151  4151 15090  4472  5804
 13043  9097]
[5, 3] [ 6151 15254  4472  4550 56932  1096 56946 56932 56946 11120 16551  4472
  4151 15090  4472  5804  8011 56932 10621  8509  4151   514 11970  5224
  4569 10621  5804  3618  4472 11120  6462   746  9641  9209 15117  7956
  1231  1436  5229  5226  5224  1950 56931 56945 56945 56945 56945 56945
 56945 56945]
[48, 47] [13371  4569 56932  5224  9582 56946  6485 11211 12764  1240 23853  1925
 12931 10067  5095  4472  7276 10621  1096 56932  1633  4151 15581  4472
  1231 12754  9541 56932 11211   753 10722  3765 11211 12764 10145 56932
 13371 13396  7932 56932 14855  4472  1009 11122 11211  1064 12889 11117
 14941 56946]
[22, 22] [ 2480  1015 11211 12764  1240  7709  6708  5224 56940 14938 56940 13402
  5226 11120  9622  4472 11669  7944  4472  8307 10621 11211   865  6948
  3336 22877 11211 56946 11211  1723  7706 56683  4562  5804 11026 10700
  4472 11120 12613 15161  5226  9049 10621   227 10067  3432 56931 56945
 56945 56945]
[27, 27] [ 2480  1015 11211 12764  1240  7709  6708  5224 56940 14938 56940 13402
  5226 11120  9622  4472 11669  7944  4472  8307 10621 11211   865  6948
  3336 22877 11211 56946 11211  1723  7706 56683  4562  5804 11026 10700
  4472 11120 12613 15161  5226  9049 10621   227 10067  3432 56931 56945
 56945 56945]
[12, 11] [12543  6205 56932 10267  1004   865 13171  5804  1046  4472  9917 11211
  4801 11211 11122  2030 10291 11120 13292 15161  6197  7780  6260 10621
 11211  1231 29934  7709  4087 56932 12889  4562  7898  8603  7681 56931
 56945 56945 56945 56945 56945 56945 56945 56945 56945 56945 56945 56945
 56945 56945]
[16, 14] [ 5226  6098 10067 14358 56932  5240 11120  6462 56946 13386  7494  5224
 56940 31079 56940 10621 56946  6151  1231 40975  5224 56940  5340 23441
 56940 56931 56945 56945 56945 56945 56945 56945 56945 56945 56945 56945
 56945 56945 56945 56945 56945 56945 56945 56945 56945 56945 56945 56945
 56945 56945]
[8, 8] [11120  3795  8321 11211 10753  5226 11669  3719 56946 13396  5224 15168
 56932  6151 56942 10440 13396  4000 56932  5224 19506  4472 11120 56946
 56931 56945 56945 56945 56945 56945 56945 56945 56945 56945 56945 56945
 56945 56945 56945 56945 56945 56945 56945 56945 56945 56945 56945 56945
 56945 56945]
[25, 24] [56940 56946  5226   618  4562 11120 56946 56932 11120 12815 56946  5226
 14564 14557 10621  4562 11646 14218  2649 13901 10291  7303  8493 14329
 11211  5514  5224  4291  4472 11120  7182  6151 11835 56940 56932 15201
  5224  2792  4472 11120 56946 56932 16770 14183 56931 56945 56945 56945
 56945 56945]
[28, 27] [ 5226  2702 56932  1240  4319 11211  5534 11120  4127 12764  7706 11434
   675  5617 13396 11646  6118 56932  5224  7581  5676 13176  6151  6191
  6151  4151  8155 11211  8185  5492  7764 10877   848  1610  5226  1231
 10423 13371 11575  3233  4472  2890   837  4472  8728 56932  6205 13371
  6151  4151]
[28, 27] [56940 11122 56946 56933 12764 11299 11372  2890  2052  5226  4602 56932
 11372  2890  2052 14427 56940 56932  9127 43591  1633  8448  4472 56942
  4472 13822  5747 11211 18000 14931 12686 12552  5217  5224  6260  8788
 56931 56945 56945 56945 56945 56945 56945 56945 56945 56945 56945 56945
 56945 56945]
[2, 2] [56940  1723  5172  4472 11120  2894  8493  8987  1870 11211  7780 11162
 11148  2890  7093 41135 56931   229 12407 10408 23910 11673 12673 13734
  6151 10025 10700 11211 13396 14324  7606  1240   746  8823 46069 16485
  4472  5487 13974 10067 16034  4472 11120  2551  1506 56940 56932  3120
 56931 56945]
[10, 10] [56940  1723  5172  4472 11120  2894  8493  8987  1870 11211  7780 11162
 11148  2890  7093 41135 56931   229 12407 10408 23910 11673 12673 13734
  6151 10025 10700 11211 13396 14324  7606  1240   746  8823 46069 16485
  4472  5487 13974 10067 16034  4472 11120  2551  1506 56940 56932  3120
 56931 56945]
[20, 19] [ 4472  5831 15285  3245 11120  9707 10067   653  6151  3255  8493  1958
 15670 10067  3461 56942 10067 12301 56932 11211  4146 11120 10177  4472
 20107  6151  2890  7581 13396 10918   876 56932 10621  1925 11211 11979
 13371 56940  8493  9160  3537 11211 12764  1240  6125 56940 56931 56945
 56945 56945]
[13, 13] [11669 21137  6950  1240  7709  4383   211  2890 10497 12407 28361 11211
 11122 17018 56931 56945 56945 56945 56945 56945 56945 56945 56945 56945
 56945 56945 56945 56945 56945 56945 56945 56945 56945 56945 56945 56945
 56945 56945 56945 56945 56945 56945 56945 56945 56945 56945 56945 56945
 56945 56945]
[6, 6] [ 9302 13396 12752  8493  2263 11211  8964 11211 56946  8493 12874  5226
  5804 14543 10291 12764  4085  6151 11120   545 56931 56945 56945 56945
 56945 56945 56945 56945 56945 56945 56945 56945 56945 56945 56945 56945
 56945 56945 56945 56945 56945 56945 56945 56945 56945 56945 56945 56945
 56945 56945]
[10, 10] [13396 11529 56932  5226  8567 12764  4770    13 10587 11211 11148 11120
  5272 56931 56945 56945 56945 56945 56945 56945 56945 56945 56945 56945
 56945 56945 56945 56945 56945 56945 56945 56945 56945 56945 56945 56945
 56945 56945 56945 56945 56945 56945 56945 56945 56945 56945 56945 56945
 56945 56945]
[13, 13] [15023  2890  3534  4472  8941 10621 15083  4472 11355  2890 13266 56932
 11211  6278  1231  7300  4562  2890  7415  6949 10067  2792  6235  7797
 56932  5224 14293  1240 19279  5226  2890  9619 15900  4472 14085 56931
 56945 56945 56945 56945 56945 56945 56945 56945 56945 56945 56945 56945
 56945 56945]
[6, 6] [16286 56932  6196 12015 45690  1233 14496  6151 10105  2890 17943   217
  5226 11950 13396  5224 15175  4472 11120  5918 13261 11930 56931 56945
 56945 56945 56945 56945 56945 56945 56945 56945 56945 56945 56945 56945
 56945 56945 56945 56945 56945 56945 56945 56945 56945 56945 56945 56945
 56945 56945]
[17, 16] [12764  2451 56932  5226 56942  1240 37370 13371 12684  5307  1925 56946
  6151  3559  4472  1702 10621 14809  5224 56946 10067 11763  6151  1231
  7243 56931 56945 56945 56945 56945 56945 56945 56945 56945 56945 56945
 56945 56945 56945 56945 56945 56945 56945 56945 56945 56945 56945 56945
 56945 56945]
[11, 11] [56940 15083  4472    52  3521  5804 15888  4472 11120  5187 11211 56946
  5804  8373 56932 11211  5207 56946 56946 56940 56932 15772 56932 56940
 56946 10621 11400  8493  5265  5240  2890   974 25929 56940 56931 56945
 56945 56945 56945 56945 56945 56945 56945 56945 56945 56945 56945 56945
 56945 56945]
[46, 46] [ 9827  5848 12436  6205  1231 56940  3527 56940  1633 11120  6098 10468
 10621 13703 10634  1925  5085  4562  5224  1926  8759 56932  3828 13822
 13864   746 14391  8493   791  4472  9609 56932  4693  4472 11537  5418
  4004  5224 13348  6151  4294 56932 13386 11117 11875 10621  3064  1925
  4152 56931]
[12, 12] [ 9000 11127  5226 11211 56940  2890  3000  4472 11120 12031 11342 56940
  1872  6151 14040 11120  5089  6151  2890 14198  6121  5226 11120  4188
 12135  4472  4151 14625 56932 56940  6151 14849  4472  8493   128   967
  1925  8425  5226  9394 10700 56940 56931 56945 56945 56945 56945 56945
 56945 56945]
[33, 33] [ 5804  1046 12764 56946 13396  5224  9322  4472 11120 12673 56932 13371
  5226  2890  1242  8515  7898  8330 56932  1969  8433 13396  5224 10277
  4472  9985 56932 11211  1240 56946  1925 19767 10621  9122    61 32898
 56932 10621  5804 31955 46932   425 12921 56931 56945 56945 56945 56945
 56945 56945]
[8, 7] [15058  6151 11120  8494  3548  4472 19063 10621 15853  5226 11120  7693
  5226  4151   514 11970  4472  1231 11150 56932  5224 56946  1759 11211
 56940 12764  1240  8057  3260 56121 56940 10621 11211  4125 15009  6151
  7325 56940 13974  4472  2890 13152  7410 56940 12627  9840 10809 10267
  4992 56931]
[2, 2] [11120 56946  1096  5226  1231 13615 11211  5224  2792 56940 12171 56940
  7780   880  3260  5937 10067  5234  2792 10067  7346  4794  4472   348
 10621 14504 11211   420  4472  5804  3421 11360  4472 11093 10241 10394
 11211  5894 11120 15338   865 10856 13396 13822  5286 56932 12764  6950
 13371 11511]
[11, 10] [  731 56932  5226  7809  6151 14374 56942 10368 13396 14196 56932  1040
  1793 11211 56940  5224 56946  5240  2166  5534 11120 13450 10067  9541
  5240  4073 56940 56932 10621  7620 13396 56940  8493  5404  5041 10621
 56946 10291  4746  4472   424 56946  4472 14694  5137 56940 56931 56945
 56945 56945]
[20, 19] [11122 11211 10501  5240 11211  6151   449 12764  8908  4651  4472  8593
 56932 10621 11674 14887  4161 11149  1601 13965 16493  5226 10644  1926
  1152 56931 56945 56945 56945 56945 56945 56945 56945 56945 56945 56945
 56945 56945 56945 56945 56945 56945 56945 56945 56945 56945 56945 56945
 56945 56945]
[2, 2] [ 5534   577  8964  4472 14923  7738 56940  6196  9840 12350 13371 12342
 56940 56932  5240  8493  7525 56573  4472 11211  5224  7738  7780 13848
  5224  9338 13171  3058  4472 13478  2861  5224  9527  4472 11120 21710
 56931 56945 56945 56945 56945 56945 56945 56945 56945 56945 56945 56945
 56945 56945]
[2, 2] [ 5224 11211  5005 56932  9000  3245  5224 11211 27429 56931 56945 56945
 56945 56945 56945 56945 56945 56945 56945 56945 56945 56945 56945 56945
 56945 56945 56945 56945 56945 56945 56945 56945 56945 56945 56945 56945
 56945 56945 56945 56945 56945 56945 56945 56945 56945 56945 56945 56945
 56945 56945]
[8, 8] [ 5224 11211  5005 56932  9000  3245  5224 11211 27429 56931 56945 56945
 56945 56945 56945 56945 56945 56945 56945 56945 56945 56945 56945 56945
 56945 56945 56945 56945 56945 56945 56945 56945 56945 56945 56945 56945
 56945 56945 56945 56945 56945 56945 56945 56945 56945 56945 56945 56945
 56945 56945]
[23, 22] [ 5224  6260  8289  8701  8493  9160  5226 51416 56932  2890  5765  4472
  1147 56946 56933  2890  8288  6411  5226 39812 18276 56932  3828  9661
  4835 10358  4472  6782 56932 10621  8493  7207  9160 56932 11211   343
   420   253  2914 56932  5226  2890 23432  6329  5226  5224 36065 56931
 56945 56945]
[18, 18] [13903 56932 12764  1240  6760  4472  8606  2890 27087  4472 11120   545
 56932  9000  5224  7249 12133 11211 15201 11211  1793  4472  5804   352
  1240    65 11211 11768  7430    85  4575  7799 56931 56945 56945 56945
 56945 56945 56945 56945 56945 56945 56945 56945 56945 56945 56945 56945
 56945 56945]
[10, 10] [ 1233   428  1240 14662  5240 14260  7494  6711 56932  9000  5240  9918
 11211  1233  1240 38079 12764  1240 12826 56931 56945 56945 56945 56945
 56945 56945 56945 56945 56945 56945 56945 56945 56945 56945 56945 56945
 56945 56945 56945 56945 56945 56945 56945 56945 56945 56945 56945 56945
 56945 56945]
[14, 14] [11120    19 10177 56932  4151   243  4472 56946 12297 12297  4562  2890
 56946 11211 13280  5224  1094  5226  3421  1362 12297 12297 56932 12764
  5240  8871 20387 56931 56945 56945 56945 56945 56945 56945 56945 56945
 56945 56945 56945 56945 56945 56945 56945 56945 56945 56945 56945 56945
 56945 56945]
[18, 17] [ 4151  7375  4472 53241  5226 11775   848 10412 12015  5593   217 56946
 12297 12297   848 15145 56946 10621 14855 11211 12015 56946 12297 12297
 56932  4550  6197  4562  5224 14849  4472 11981  4472 12342 15768  5804
 19067  5226  6260 56931 56945 56945 56945 56945 56945 56945 56945 56945
 56945 56945]
[32, 32] [56940 12015  8632  1000  6151 11120 13480  6151 11120 11211 10442  8947
 56942 11804  4472  5895 56934 56942 11804  4472  5699 56935 13396 11120
  5095  4472 10080 56931  1793 56932 56936 13933  8947  5804  8039 13396
 11673  9049 56937 56940 56932  8212  4562  2303 12277 12071 56931 56945
 56945 56945]
[14, 14] [ 5224 14555 10242  9823 12764  1240 33205  4472  5804  1825  1925  4942
 56932 11211 56946  5804  1063 10067 14784 56931 56945 56945 56945 56945
 56945 56945 56945 56945 56945 56945 56945 56945 56945 56945 56945 56945
 56945 56945 56945 56945 56945 56945 56945 56945 56945 56945 56945 56945
 56945 56945]
[16, 16] [ 5804  5634 56932  7868  1240 20638  4472  4151 13864  4472  1231 10242
  9823 56932 56946 11211 11148 56946  1925  5328 56932 13371 13280  9222
 56932  7709 12764  2529  5224  7811  7171  4472 56946 11120  9344  9500
 56931 56945 56945 56945 56945 56945 56945 56945 56945 56945 56945 56945
 56945 56945]
[36, 34] [ 5224 56946  2280 11211 56932 15083 10067 13676 10639 56932 56940 11482
 56946  4472 14555  1231  7415 19630  2861  2890 13441  5999 11484  2106
 13396 11120  9584 56932 13344  1925 21601  4472  5804  4293  7956 13933
 56946 56940 56931 56945 56945 56945 56945 56945 56945 56945 56945 56945
 56945 56945]
[29, 29] [ 4472  4151  3336  3748  5975  1240  1146 11120 10393 56946  4472  5804
 10374 14928  4472  7381  9939 10621  7518  4472 56942 56932 10621  6950
  5226  9537 15657  5226 11211 11626  3455  4472 11211 11120  7132 12764
  7780  5492  5224  9096  4472  4151  6987 27302 56931 56945 56945 56945
 56945 56945]
[9, 8] [12511   730 11211  5224 15548 14012 13396   273 56940  7780  9002  8555
  6151 11120 13480 56932 11211  8159  4562  6221  2496 11211  5240  1231
  3012 56940 56931 56945 56945 56945 56945 56945 56945 56945 56945 56945
 56945 56945 56945 56945 56945 56945 56945 56945 56945 56945 56945 56945
 56945 56945]
[17, 16] [12511   730 11211  5224 15548 14012 13396   273 56940  7780  9002  8555
  6151 11120 13480 56932 11211  8159  4562  6221  2496 11211  5240  1231
  3012 56940 56931 56945 56945 56945 56945 56945 56945 56945 56945 56945
 56945 56945 56945 56945 56945 56945 56945 56945 56945 56945 56945 56945
 56945 56945]
[20, 19] [ 5224   966 10067  2631  5769 56932 11664 56932  5240  5224 12675 11211
  5224 10067  9541  6695 56934 14358 56935  2861 56946  1925  5328  4161
 15335  5226  4151 11003 11120 11920 12031 10067  6319  5692 56931 56945
 56945 56945 56945 56945 56945 56945 56945 56945 56945 56945 56945 56945
 56945 56945]
[0, 0] [ 7393  6151 56946  1925  3070 56932 11122 11100  5240 12764  6708 11211
 56946 13822 31455 56932 56946  5226 11904 56931 56945 56945 56945 56945
 56945 56945 56945 56945 56945 56945 56945 56945 56945 56945 56945 56945
 56945 56945 56945 56945 56945 56945 56945 56945 56945 56945 56945 56945
 56945 56945]
[12, 12] [ 7393  6151 56946  1925  3070 56932 11122 11100  5240 12764  6708 11211
 56946 13822 31455 56932 56946  5226 11904 56931 56945 56945 56945 56945
 56945 56945 56945 56945 56945 56945 56945 56945 56945 56945 56945 56945
 56945 56945 56945 56945 56945 56945 56945 56945 56945 56945 56945 56945
 56945 56945]
[25, 24] [ 8630 56946  5224  8450  7956  5224  5328 56932 13554  9222 13371  4188
 10045 12297 12297  1231 11783  4569  6151 14124 12297 12297 12013 11211
 56932 56946 13386 56946  5226  4151  5839  4290  4934 56932 56946  4472
  5804 10276  1711 10291 10702  5226 11648 56931 56945 56945 56945 56945
 56945 56945]
[15, 14] [ 5224 13576  3384  6118   730  2861 56940 12937  4151  2171   865 56946
 10621 56932  1233   753 14923 12489 56932  6241  5226 11120  7811  9707
 10291  8606  5804 10314 10971 56940 56931 56945 56945 56945 56945 56945
 56945 56945 56945 56945 56945 56945 56945 56945 56945 56945 56945 56945
 56945 56945]
[5, 5] [56936  1240  7709 12002 11149 17375 56937 56931 56945 56945 56945 56945
 56945 56945 56945 56945 56945 56945 56945 56945 56945 56945 56945 56945
 56945 56945 56945 56945 56945 56945 56945 56945 56945 56945 56945 56945
 56945 56945 56945 56945 56945 56945 56945 56945 56945 56945 56945 56945
 56945 56945]
[22, 22] [56946 15201  1925   413 56940 11497 56940 11211 11120 10957 12764   402
  5226  9379  8445  5226 13822 10804 56932  8630 11120  8945  8212  5224
  9591  4472 11211  5224  2197  5078 56932  9591 13280 11970 10621  4161
  4550 12764 12846 56932 14190  2529  8493 56940 56946  4403 56940 56931
 56945 56945]
[44, 44] [56946 15201  1925   413 56940 11497 56940 11211 11120 10957 12764   402
  5226  9379  8445  5226 13822 10804 56932  8630 11120  8945  8212  5224
  9591  4472 11211  5224  2197  5078 56932  9591 13280 11970 10621  4161
  4550 12764 12846 56932 14190  2529  8493 56940 56946  4403 56940 56931
 56945 56945]
[49, 47] [ 5224 10988  4472 11120 10714  7035 10291 11434  4562  5224   653  4472
  4151   420   171  4934 10621  5224  7057  4472  4151 11876  8239  6197
  5773  5226  2890 14175  5935 10611  5224  2792  4472 15610 56932  4233
 15255 56932 10621  5224 10242  9823 56932  7631 12967 56932 11211  7951
  1231  6393]
[47, 47] [ 1240 10566 11211  1233  4151 32558 13835  4472  9540 12764  2182 34335
  2890 14399 12297 12297 10621  1240  5083  3058 11211  6205 15145 12297
 12297 56932  5804  5286 10067 27049   209 10378  5224  5823  4472  5804
  8373  9979 22495  1233  5240  5224 10386 27200  6151 15255 13386 56946
 13822 13835]
[34, 33] [ 5584  9127  6151 14196 11211  5224  4842  5954  4472 10569 56940  5240
  8493 10823 56932 12889 15145  2890 16565 14079 56932  4472 11120 13450
 11697 56932  6197 11211  5226   424  7944  4472  7821 56932  1557 56932
  7956  6226 56932 11120  2749  4472    50 56940 56931 56945 56945 56945
 56945 56945]
[19, 18] [ 5224  5071    85  1231  4348 10291 35704  5804 15611   620  4472  5935
  9254  5226  5224  6319  5692  2861 56940 11526 44074  5224   653 10621
  3572 56932  5224 14124  4562  5804  3204  4293 56932 10621  5488  6655
 10611  1168 56940 56931 56945 56945 56945 56945 56945 56945 56945 56945
 56945 56945]
[12, 12] [ 4343 13382 11211  1969 12764  7780 39039  5224 10119  4472  6480 11211
 13291  8292 12297 56940 12889  5804  5747  2007  8619 13466  6226 13396
  1231   227  7436 56940 12297 56932  9000  6299 11211  7780  4629  4562
  6226  7944  4472  1930 10621 11122 11211 16258  4472  8503  6151    13
  5240 11122]
[43, 43] [ 4343 13382 11211  1969 12764  7780 39039  5224 10119  4472  6480 11211
 13291  8292 12297 56940 12889  5804  5747  2007  8619 13466  6226 13396
  1231   227  7436 56940 12297 56932  9000  6299 11211  7780  4629  4562
  6226  7944  4472  1930 10621 11122 11211 16258  4472  8503  6151    13
  5240 11122]
[40, 39] [ 7868 56946 56932 11120 14753  4472 56946  6524 56946   503  2735 10067
 24742 13396  5224 11211  1240 56946  5804  8834 11804  4472  7872 56934
 56942 11804  4472  5895 56935 50054  6151  4004  5226  9694 10611 56942
 10621 56942 56932  9000 11562 13637  2983 17002 56932 11211  1925  6495
  6950  7709]
[20, 18] [ 5224  9230 11230   730 11211 15520 12764 12677 10621 11211  6950  9779
 10067 10778  5226  1787 10067 56942 56932  5534 12883    40  1231 11150
 10291  5224 11211    85  4204  5226  4151 11003 10621 11211  1240 10651
  5224 56942  4472  8949  4472 56942 56931 56945 56945 56945 56945 56945
 56945 56945]
[17, 17] [15520  6667   424   273  4472 12921  8493  6314  4472  5804 10606 15404
 10621  4472 11120  7384 11211   746 14480 11211 56946 13822   153 10621
  2062  6151 15254  4472 11120 11259 12921 56931 56945 56945 56945 56945
 56945 56945 56945 56945 56945 56945 56945 56945 56945 56945 56945 56945
 56945 56945]
[24, 22] [11120  9654  4472 11120  5001  3703  7780  9312 11120 14768  5748  6151
  9687 13396  5224   413 13661 56932 11211  5226  1231 13844  4472 12948
 10627  2890  2047  5226 15276 10067  6336  9586 11191 56932 12475 13371
  8099  4993  4472  3572 56932  5226  5224 11211  4665 13371  5860 56942
  6361  4472]
[44, 39] [11120  9654  4472 11120  5001  3703  7780  9312 11120 14768  5748  6151
  9687 13396  5224   413 13661 56932 11211  5226  1231 13844  4472 12948
 10627  2890  2047  5226 15276 10067  6336  9586 11191 56932 12475 13371
  8099  4993  4472  3572 56932  5226  5224 11211  4665 13371  5860 56942
  6361  4472]
[12, 12] [ 3245  8321 14855  6997 11211 56940   424   653 11372 11813   653 56940
 12677  6151 11120 55512 10100  4472  6305  6151 11120 10134   635 56940
  5226 14923  3719 56940 56931 56945 56945 56945 56945 56945 56945 56945
 56945 56945 56945 56945 56945 56945 56945 56945 56945 56945 56945 56945
 56945 56945]
[9, 9] [ 5488 15461 18362  6151 35410 11669 14555 12761 11211   582 56946  5804
   464  1345  4472 11120 13902 56931 56945 56945 56945 56945 56945 56945
 56945 56945 56945 56945 56945 56945 56945 56945 56945 56945 56945 56945
 56945 56945 56945 56945 56945 56945 56945 56945 56945 56945 56945 56945
 56945 56945]
[0, 0] [35704  5224 14687 15409 12297 12297  6151 14378  5699   848  6151 14378
 35103  5224 14819 34287 56932  4473    20 12297 12297 56946  2890  4315
 18787 56931 56945 56945 56945 56945 56945 56945 56945 56945 56945 56945
 56945 56945 56945 56945 56945 56945 56945 56945 56945 56945 56945 56945
 56945 56945]
[23, 22] [11120  9168  4472  7774   195  4472 11120  1147  4472  5804  3882 11117
  4105  6151 15424  2958 15242 14931  6403  5226 11120 12031 10621  8826
 11211  1231  6319   373  7446  5226  2890 56940  2241 12033  3314 56940
 56932 10621 11211  5804  3618 56940 14811  2831 11120 12673   309  4472
  4693 56940]
[34, 33] [10291 11120  1500 56932 11120  2280  4413  6416 13371 12684 13853 13554
 56940  4151 10219  4472  1961 10621  5708 56940 11211  4595 11120 14623
 56932 56940  6205 13371 11120  7037  6151 10215 56932  3828   231  1231
  7132 56940 56931 56945 56945 56945 56945 56945 56945 56945 56945 56945
 56945 56945]
[2, 2] [  671 11211  1833 56942   340  5226 11120  1578 56932  9028 12010  6151
 11211 11718 11120  7261   583 56932  5226 11120 11211 13822 13171  8407
  9094  5224  1218 56946 10621  5224  5347 12606   971 56932 12049 10067
 14628 56932 14447 14915 14315 56942 10621 56942   340 56932  8170 56932
 10621  4938]
[18, 17] [ 4337 56946 56934 56946 56935  1240  4810  5224  5551 15083  4472  1879
  7381 11651 10621  2890  6203 56932 13278 14560 17040 56932  8355   420
 56946 56932  3421  2961 56932 12764  8902 27769 20436 10621 18083   420
 48117 56931 56945 56945 56945 56945 56945 56945 56945 56945 56945 56945
 56945 56945]
[23, 22] [ 4550 56932 11120  4691  7780  6260 56932  7868  5224  5373 10067  7901
  5226  2555 56932 15195 12858 56932 11211  1074  5224 14695 11211  1935
  5804  2402 13396 12135  4472 56940  7898  1069  4562  6041  4293 15611
  1925 10067  7901 56940 56931 56945 56945 56945 56945 56945 56945 56945
 56945 56945]
[0, 0] [ 2188 44074  5226 11120 11436 10067    13 12015  4473 11120  7069  4472
 11211 12015 13280 13171 15340 56932   848 13171  6073 10067 15168 56931
 56945 56945 56945 56945 56945 56945 56945 56945 56945 56945 56945 56945
 56945 56945 56945 56945 56945 56945 56945 56945 56945 56945 56945 56945
 56945 56945]
[0, 0] [56946  6151 12592 56932 12015   474 16972  8769  6862 37586 56931 56945
 56945 56945 56945 56945 56945 56945 56945 56945 56945 56945 56945 56945
 56945 56945 56945 56945 56945 56945 56945 56945 56945 56945 56945 56945
 56945 56945 56945 56945 56945 56945 56945 56945 56945 56945 56945 56945
 56945 56945]
[3, 3] [11120  7002 11211 56946 10621 11120 11211   151  1925 56940 17172 15275
 56940 11211 11117  8057  4562  5224 11629  6151  1231 56946  8734 10067
 12168  8503  4472  5804 13171 56946 10067  6171  9239  4472   778 10621
 36510 11120  2928  4472  1018 56931 56945 56945 56945 56945 56945 56945
 56945 56945]
[46, 46] [11437 15005 56932  1793 56932  4472 11211 56940  5804 13171 52661 56932
  1233 56946 11120  4243 56932  6513  5804 10047 10621  5804 11211  8871
  3239 56940 56932 13396 11122 11211  4115  1925  6319  6151  4341  4151
 10531 11211  4275 10291  3825  5804  3639  4562  5804 11211 10677 11120
  8163 11523]
[32, 32] [ 9379  1046  6197   746 15076  5226  5804  4393  3861  6151 13171  4472
 56942  2265 10621  4140 11211 12764 26528  4151  3336 29534  5226  1682
 25519 26022 10621  6151 11646 10413  1730 11211 10935  4284 56946 56932
  5591  4391  4055 10621  9527 25396 56931 56945 56945 56945 56945 56945
 56945 56945]
[12, 11] [56940  5240  3314 11211  5224   653 56946 56932 13396  7932 56932  1233
   753  1427  1658  4472 14122  4004 56940 56932   730 56931 56945 56945
 56945 56945 56945 56945 56945 56945 56945 56945 56945 56945 56945 56945
 56945 56945 56945 56945 56945 56945 56945 56945 56945 56945 56945 56945
 56945 56945]
[32, 31] [ 8630 11211 56946 10463  5226 56942  4472  6128 56946 56932 13815 56946
  5804 10314 56946 56946 13396 16525 56932 12889  5137 15083 29151 11120
  1903  4472 14233 10621   645  5804 56946 11211 56946  7430 56931 56945
 56945 56945 56945 56945 56945 56945 56945 56945 56945 56945 56945 56945
 56945 56945]
[20, 16] [ 5224  5078    85  9591  5224   972  5226 16796  8105 56932 14792 10067
  7581  4472  9249 13977  2553 18348 56932  3828 13073 11120 47676 56932
 13396  5224  2792  4472 56946 56932 15043   576 56932 13386  1040 11211
  5822 10621 13822 13801 21534 11673 11851 10291 14184   273  6151 11120
  4212 10611]
[1, 1] [15023 16889 11211  5224   273  4472 11120 56940   545  2720 56940 10611
  2434 10621  5224  9638  9288 10067   424 12764 56940 16738  5226  5224
  2218  3676 13767 12046 10291  5804 10700  5226 11627 56940 56932 10545
 11211  5224 15063 56940  7780  8192  6818 13396  8493  2507  4472 45099
 10611  5224]
[25, 24] [15471 14840 11211 12764  8159 13256  6151 56946   505  4472  6226 11122
 11211  7780  6260  5226  7224 56932  9000 11211  5804 11545 56946  6151
  2865 56946 13396 11120  9032 12031 10621 13595  4472  5488  4256 56931
 56945 56945 56945 56945 56945 56945 56945 56945 56945 56945 56945 56945
 56945 56945]
[1, 1] [14627  5082 11120  4022 13402  4472  2158  5804  8039 10621  5147  8493
  5908 10468  5226  4803  4472  5609 52140 56931 56945 56945 56945 56945
 56945 56945 56945 56945 56945 56945 56945 56945 56945 56945 56945 56945
 56945 56945 56945 56945 56945 56945 56945 56945 56945 56945 56945 56945
 56945 56945]
[16, 16] [11120  1620 18142 56932  5226  3983  4472  8354 10621  4562  5224 14746
  7956  4151 14130 56932 15201  1925  1782 13154  2861 56940 12024 18349
  8993  6236 11211  8946  1557  4472  3433 56940 56932  5280 56932 13482
  6151 13822  3010 56932 42348  1925  5689 10067  2792   671 10291 11434
  8493  8230]
[19, 19] [56940  4365  4449   683  4393  3204 13171 11211 14382 12889  5804  5286
 12764  2745  8192  5804  8500 56940 56932  1040 56932 10621  6299 11211
 56940  5224  3612  7780 14069  8445 12738  9320 56932  9000 12764  7780
 56946  2890 11575 11211  5207 12098 13171 15225 56940 56931 56945 56945
 56945 56945]
[10, 10] [56946  6950 11828 11211  1231 11163  1240  6963 56940  5534   418  8493
  2440  3052 56940 56932  6197 11211 13822 11699   746 15576  5224 13247
 56931 56945 56945 56945 56945 56945 56945 56945 56945 56945 56945 56945
 56945 56945 56945 56945 56945 56945 56945 56945 56945 56945 56945 56945
 56945 56945]
[14, 13] [11120  6855  4472 13211 12954  1240  4695  4562  8493 11727 56932  6151
 11120 11211 10762   683 56942 14331 10067 14358 56932  1633  4938  1346
  5804  2260  5226 11211 56940  5224  4188  7973  4472   424  9541  8946
  5224  4472 13822 14331 10621   217  8908 12672 12407  3269 10291  5224
  7871 10621]
[26, 25] [ 5224  2595 15512 56946  6151 11120  6393  4472   719 35913 13371  4569
 15512  6151 11120 12695 10067   653 56932 10621  1040 11211 56940  5240
 40397 11211   418 14502  8155 11211  7936 28470  1231  9630 12031  5529
 13396  1231 10098  4562 36170 10621 56126 56932  8630 11211  5992 56932
 11211    85]
[16, 15] [11120 11602 14970  5226 11120  2389  2890 12837 10621 12424  8865  7019
  4472  2452   906 11211   209    52  8192 12922 13396  5224  8099 56946
 10291 12173  6151 13822  3434 56931 56945 56945 56945 56945 56945 56945
 56945 56945 56945 56945 56945 56945 56945 56945 56945 56945 56945 56945
 56945 56945]
[37, 34] [ 5224  4259  4472 11120  8767  4472 56946 56932 12781 10745 56932 16791
 15192 10067 10833  4472 56946 56932 18224  4758  9403 56946 56932  5065
 11120 23419  6151 11120 14508 10621  5666 56946 56932  9000  5534 11120
  7132  8356 11120  1056 10291  5231 11120 49989 56932  5224 10819   981
 11120  1618]
[24, 23] [ 5224  4942  9017 11211  1240   418  4204  5224 15900  4472 11120 14381
 56932  5226 32270 56932 10291 10105  5224  8876 15175 10621  1040 11211
  3686    77  9591  2890 15846  4562  5804  3370 13171  9590 56931 56945
 56945 56945 56945 56945 56945 56945 56945 56945 56945 56945 56945 56945
 56945 56945]
[17, 16] [  217 56932 56942  5137 15083 56932 13684   579 56946 56932  8493  9745
  8104  4562  8493 15446 11211 13046  5804 56942 11804  4472  5699 10621
  2890 14384 12691  5432  2861   373  7871  5226 56942 10700 56931 56945
 56945 56945 56945 56945 56945 56945 56945 56945 56945 56945 56945 56945
 56945 56945]
[16, 16] [ 7868 56946 56932 56940  1240    58  4472 11211  2464 56946  4472 14847
  1925 13105 11085 11211 11606 10290 11120  9849 10621 11211   546  5217
  5224  7560  4472 11120  6275 12957  4472 13732 56934 56946 56935 56932
  6534 13396  5224  3538 11085 10067 25634 56932 11211   373  5226 14614
  4472  9805]
[14, 14] [56940 12889  1490  7944  4472 14399 10611  4151  8373   373  1969 12407
  2199 10621  5240 14844 11211 10499  4693  4472  4151  5839  4290  3496
  5226  1723 56932  4151 14373 13526  5224 13826 10843 11211   753  5226
   424 10386  5226  2551  5226   424  4492 56940 56932  8964  5224   413
 56931 56945]
[5, 5] [56940 13831  6151 12676 11211 56946  9379 16299  3861 56931 56946  6151
 11981  4472 12453  5240 12246 56931 14099 12764  4365  7075 11211   424
 15145  5224 13959  5226 11211  1240 40532 10636 15583  4562  8225 56940
 56932 15201 11120  4949 56931 56945 56945 56945 56945 56945 56945 56945
 56945 56945]
[10, 10] [56940 13831  6151 12676 11211 56946  9379 16299  3861 56931 56946  6151
 11981  4472 12453  5240 12246 56931 14099 12764  4365  7075 11211   424
 15145  5224 13959  5226 11211  1240 40532 10636 15583  4562  8225 56940
 56932 15201 11120  4949 56931 56945 56945 56945 56945 56945 56945 56945
 56945 56945]
[16, 16] [11120 11602  7780  4869  6151   420  8155 56932  4562  5393 13396  3215
 10621  3170 56932 11211 56946  7821 10291 15513 13822 14436 10621 11211
 15083  5804 13758   848 56946 13396  2890  5443 10067  5765  8910 10067
 12037 10291  1838 56931 56945 56945 56945 56945 56945 56945 56945 56945
 56945 56945]
[19, 18] [ 5226  3646 56932 12948  1240  8978  5224 14399 10611  4942 56932  8567
 10621  9541 12776 56934 14363 56935 11211  1670  2890   653   763  4472
  6462 56932 11211 10475  3030 13396  5224 15512  4758  6777 56931 56945
 56945 56945 56945 56945 56945 56945 56945 56945 56945 56945 56945 56945
 56945 56945]
[17, 17] [ 5224 11183  6667   792  4472 19130  6151  5804 14884  5696 15083  4472
    52  3437  5224   695 11211 56946  5224  2792  4472   425   314 56931
 56945 56945 56945 56945 56945 56945 56945 56945 56945 56945 56945 56945
 56945 56945 56945 56945 56945 56945 56945 56945 56945 56945 56945 56945
 56945 56945]
[11, 11] [ 5224 14578  6151  5804  7821  1240 56946   211 50879 25457 11211  7565
  5224 13276  8765  5226 10722  1362 10621  5224  2052  6151 12821 10621
 11345  4472  5804 56946 56931 56945 56945 56945 56945 56945 56945 56945
 56945 56945 56945 56945 56945 56945 56945 56945 56945 56945 56945 56945
 56945 56945]
[17, 16] [ 5226  1316 56932  8630  9302 13396 11120  6962 56932   683 56946 12764
 11138  1283  6151 11122 11211  1013 13822 14543  2861 56940 56936 13691
  5240 56943 56937 56940 56931 56945 56945 56945 56945 56945 56945 56945
 56945 56945 56945 56945 56945 56945 56945 56945 56945 56945 56945 56945
 56945 56945]
[16, 14] [56940 11120  1340 17385  5226  4151 15056 56940 56932  1240 12567  5226
  5609  4472 56946 10621 56946  1925  2792  4472 11120 15661 56931 56945
 56945 56945 56945 56945 56945 56945 56945 56945 56945 56945 56945 56945
 56945 56945 56945 56945 56945 56945 56945 56945 56945 56945 56945 56945
 56945 56945]
[18, 18] [ 2890  6203  4472  5804 56942  9251 11211 14423 14734 13396 12712 10540
  2149 56932  8777  8493  5595 11211  3367  5226 13171  4472 56942 56946
 11120 11160 56931 56945 56945 56945 56945 56945 56945 56945 56945 56945
 56945 56945 56945 56945 56945 56945 56945 56945 56945 56945 56945 56945
 56945 56945]
[24, 24] [  505  7709 13357 11669 12684  5224  8788 56932  5534  1240 56946 14311
  5226  7381 12379 37393 56932   980  9146 56932 10621  7224 56932  3828
   662  1231    27 56946 56931 56945 56945 56945 56945 56945 56945 56945
 56945 56945 56945 56945 56945 56945 56945 56945 56945 56945 56945 56945
 56945 56945]
[24, 22] [ 9000 12889  9792 10621   505  9789 11120  1147  4472  5454 11120 12921
 11259 56932  5224  3172  2622  4161  5224 56942  4472 14724 56932 11664
 10608  5224  7425  4472  5804 14331  9996 10621 15261  5226  2529  8331
 13371  5454 10291  5002  5226 13822 14770 18191  4256 56931 56945 56945
 56945 56945]
[33, 30] [ 5224  1782 10067 13723 10208 10718  5226 15252 56932  8747   285 56932
 13037   217  5224 11549 10067 11183 14491 13927 10291  2739  2890 14555
   653 56932 15023 11120  6393  4392 10067 10379 11211  4605  5224  9101
 12701  2849 56946 56931 56945 56945 56945 56945 56945 56945 56945 56945
 56945 56945]
[8, 8] [ 2890  5078  4472  8593    85 11120 14138 11211 56946  6151   285  4151
 14218  1796  1633  5224  8598 56932  4693  4472  1231   989  4562  5224
 11183 56932  3828 32687  3702  4562 11120  6780  4472 56940 12764  6151
 11120  5769  2358 56940 56932 10621 56946  4009  2370  5224 14555   653
 56931 56945]
[12, 10] [56940  2831  5226 14662  5224 11950 11211  5240 10621  5224 11554 11211
  7780  9591 56932  1469 12407 12018 56940 56932 56946  1925  7261 10067
 11950 28395 12511 56932 13488  4472 56946 33312 56932 30209  4472 11120
  1404 56931 56945 56945 56945 56945 56945 56945 56945 56945 56945 56945
 56945 56945]
[17, 17] [11120 12545  2127 10753  4693  4472 30602 10621   420 11970 15083 11120
 13450 10067 10386 56932 11211  5848  1298 11149 13021   746  8192 19096
 26970 10621  2436   209 13516  5224  8749 56932 12764  7780  5663 12543
  8493 11851 56931 56945 56945 56945 56945 56945 56945 56945 56945 56945
 56945 56945]
[35, 32] [ 5224  6519  9101 14691 11211  2622 26256  4151  3021  4472  5804 15611
  9097 10291 25349  8493  7107 11211 28460  4151  7374  4472  2890 14399
  5226  6036  6151 11120  7891  4472 11120  8709  2230 56932 11211 29407
 11120 15670 10067  3104  4472  2496  3733 10621 10067 12956  3285 56931
 56945 56945]
[7, 7] [ 5226  5224  4842 11690 56946 56932 11211 13073  8493  1004 11211  4151
  8081 13391 13299 56932  4151  8849  4472  9471  2170 39140 56942  5895
  6151 56942  5895 10621  4151  4472  2664  6842 50736 56942  5895  6151
 56942  5895 56931 56945 56945 56945 56945 56945 56945 56945 56945 56945
 56945 56945]
[14, 13] [56940  1925 56946  9394  7290  5226  2890 12675  7174 56932  8902 15168
  6151 11211  2144  2890  1381 10300 11211  4091  2529 15920 13371  5224
 15038  1925  3849 56940 56932 15201  7856 56931 56945 56945 56945 56945
 56945 56945 56945 56945 56945 56945 56945 56945 56945 56945 56945 56945
 56945 56945]
[18, 18] [10291 13853 11211 46363  5226 11120   704 56932  5804  1046 12171  2495
  8244 17626  5226  2890 15227 56932  2738  8493  1563 56932 39492  1231
  4071 11372 37076 12424  2814  2890 12675 43886 56931 56945 56945 56945
 56945 56945 56945 56945 56945 56945 56945 56945 56945 56945 56945 56945
 56945 56945]
[29, 29] [ 4151 14368 56932  8373  4472  4151 13171  2983  4472  1352 56932  1240
 15515  1404  5226  5224 12908 11142 10291  5224 12189  7261  4472  8493
 10509  4255  4472   283 10621 13916 11211  9347  5226  9249  4472  9152
 10621  1446  3673  8509  6221 11120 12921 56931 56945 56945 56945 56945
 56945 56945]
[19, 19] [11120 11140 56946  1240 11220  6151  4151 14633 10621  2622  5226  8493
  2038 12964  4472 11397 56942 12517 11211 56946  5224  4291  6151  1446
  3673 56932  5226  2890  3716  4472  9198 13171  4472 56942 10440 56931
 56945 56945 56945 56945 56945 56945 56945 56945 56945 56945 56945 56945
 56945 56945]
[13, 13] [56940  8908   253  4472 11120  6104 13806 56940 56932  8964  8493  6670
 11211 11152 11211  6197 11514  1170 13396  8493 10157  9096  1457 56931
 56945 56945 56945 56945 56945 56945 56945 56945 56945 56945 56945 56945
 56945 56945 56945 56945 56945 56945 56945 56945 56945 56945 56945 56945
 56945 56945]
[14, 14] [10621 12937  4151 28321 28075  5226 11120 56946  4472 11120  1724 14260
  4472  2317 17681 11120 11169 14564 10621  4151  2123  3039 56931 56945
 56945 56945 56945 56945 56945 56945 56945 56945 56945 56945 56945 56945
 56945 56945 56945 56945 56945 56945 56945 56945 56945 56945 56945 56945
 56945 56945]
[10, 9] [13487  7782 15576  1925 56940  7415 36921 56940 56932 11211  8964  5529
 11211 56946    85 14814  5226 11120  6275  4472 16004 56934 56942 12297
 56942 56935 10621 11211  1240  8057  5901 13396  1231  8293 13466 10621
 11101 56931 56945 56945 56945 56945 56945 56945 56945 56945 56945 56945
 56945 56945]
[0, 0] [14184  6683  5226  5224 13893  5240 56946  6079  2861  4938  5207 56946
  6151  9379 56946 12764  4299  9761 14931 10703 56931 56945 56945 56945
 56945 56945 56945 56945 56945 56945 56945 56945 56945 56945 56945 56945
 56945 56945 56945 56945 56945 56945 56945 56945 56945 56945 56945 56945
 56945 56945]
[7, 7] [13396 11674 56932  1925   224 10703 11211 10532 11122 11211  1240  3064
 12297  8984  4467 12297 56932  9569  4472 13975 13938 12764  6786 13349
  7956  4151  5240 10291 56946  9082 10621 56946  1347 56932  9000 12764
 56946  5226 56946 10889 56931 56945 56945 56945 56945 56945 56945 56945
 56945 56945]
[12, 12] [ 2890 56946 14931 30057  5240 13371  2890  9230   848  2890  8491 11211
  7780  8857 18414  6151 11120 11982   848  1925 11629 56931 56945 56945
 56945 56945 56945 56945 56945 56945 56945 56945 56945 56945 56945 56945
 56945 56945 56945 56945 56945 56945 56945 56945 56945 56945 56945 56945
 56945 56945]
[10, 10] [11120  7833  3727  5240  8493  4986  1570 10621 56946 11211 13938 13822
  2494 11197 10621 13822 56946  3307  1925 13588  4472   425  2507  4472
  9518  3027 56946  5226  5224 11211  4868  7147  4472  5506 56932 12764
  6950  5226 13579 56932 11120  4687 10789 56931 56945 56945 56945 56945
 56945 56945]
[0, 0] [ 2296  4151  6994 56946  7956 13579 13371 14025  4472 13305  4562  2890
  1537   475 13974 56932  5240 11107 11120  2663  4472  5804  8330  5226
  2890 11105 13722 56931 56945 56945 56945 56945 56945 56945 56945 56945
 56945 56945 56945 56945 56945 56945 56945 56945 56945 56945 56945 56945
 56945 56945]
[28, 28] [15394 56946 11211  5224 56946  6197   373  1379  7811 56932  1189  4147
  4472 11120 14614 56946  4472 11120 56946 56932 35591 56946 13396  5224
 10620  4472 14802 10621   207  4562  1231 13676 56946 56934  5804 24092
 25974 56932 13396  1233   577 12764  1240  7780 28117 56935 10621 56946
  4372  4562]
[14, 13] [ 2067 55193  7534  1691  4472  5589   948 12297 10621 11122  5240 12297
  9000 11117 13295  1231 56946 13371 21304 56931 56945 56945 56945 56945
 56945 56945 56945 56945 56945 56945 56945 56945 56945 56945 56945 56945
 56945 56945 56945 56945 56945 56945 56945 56945 56945 56945 56945 56945
 56945 56945]
[9, 9] [13478  8396 12672 10067 25675 56932  9000   788 11122 16998 56931 56945
 56945 56945 56945 56945 56945 56945 56945 56945 56945 56945 56945 56945
 56945 56945 56945 56945 56945 56945 56945 56945 56945 56945 56945 56945
 56945 56945 56945 56945 56945 56945 56945 56945 56945 56945 56945 56945
 56945 56945]
[0, 0] [ 5240 13171 11751  9761  5226 14299 13802 14793  5224 11629 14931 11066
 11211 11830  4472 13853  8493  8364  4472  5804  9094 12889 15145  4562
 11066 56931 56945 56945 56945 56945 56945 56945 56945 56945 56945 56945
 56945 56945 56945 56945 56945 56945 56945 56945 56945 56945 56945 56945
 56945 56945]
[9, 9] [ 5123 15083 11211 12645 55285 11120  7037   229  9388  5123 10540 56931
 56945 56945 56945 56945 56945 56945 56945 56945 56945 56945 56945 56945
 56945 56945 56945 56945 56945 56945 56945 56945 56945 56945 56945 56945
 56945 56945 56945 56945 56945 56945 56945 56945 56945 56945 56945 56945
 56945 56945]
[4, 4] [11514  2890 13723 11211 56946   683 13014 13763  4472  8493  8368  5226
  4534  4472  4163 56932  7450 56940 14573 56940 13396  7898 12495 11211
  5207 18988  8993  7012  5226  5804 13349  4472 12687  6165  6151 11120
 13269  4472  4151   420 14821  4494 56931 56945 56945 56945 56945 56945
 56945 56945]
[0, 0] [ 4770 11120 13675   441 10621  5240 13171 13466 11211  4151 14745 10067
 46968  1240 53444 56932  5226 11120 13675 12921 56932 13171  4231 11211
 11120  8008 10067  9699 56931 56945 56945 56945 56945 56945 56945 56945
 56945 56945 56945 56945 56945 56945 56945 56945 56945 56945 56945 56945
 56945 56945]
[5, 5] [ 4770 11120 13675   441 10621  5240 13171 13466 11211  4151 14745 10067
 46968  1240 53444 56932  5226 11120 13675 12921 56932 13171  4231 11211
 11120  8008 10067  9699 56931 56945 56945 56945 56945 56945 56945 56945
 56945 56945 56945 56945 56945 56945 56945 56945 56945 56945 56945 56945
 56945 56945]
[15, 14] [12948  1240 28627  1379  5226  5224  6319 11674  4472 56940 13396 15398
 56940 56932 11211 11606  1009 56932  7868 13822  5052 17198 56932 56940
  6196  1057 56940 56931 56945 56945 56945 56945 56945 56945 56945 56945
 56945 56945 56945 56945 56945 56945 56945 56945 56945 56945 56945 56945
 56945 56945]
[12, 12] [ 5534   865 45629 13396  4151  4931  1240  3240 56946 10621 56946 11211
  5317  6151   245  5804 15691  7750  4472  4151  1325 11211  1257 11120
  1713 16073 14750 15168  6151 56946 11211  8540  9825  4186 36642 56931
 56945 56945 56945 56945 56945 56945 56945 56945 56945 56945 56945 56945
 56945 56945]
[6, 6] [ 5488 13598 15264   865  4151 11211 56946 12543 13171  5224 12328  4472
  5985  5226  4151 14142  4472  9416 15809 56931 56945 56945 56945 56945
 56945 56945 56945 56945 56945 56945 56945 56945 56945 56945 56945 56945
 56945 56945 56945 56945 56945 56945 56945 56945 56945 56945 56945 56945
 56945 56945]
[11, 11] [ 8493  5980  7709   444  2890  9925 16352  5226   683  5263 56932 20401
 14085 10621   170  9935  6151  1231  2052 56931 56945 56945 56945 56945
 56945 56945 56945 56945 56945 56945 56945 56945 56945 56945 56945 56945
 56945 56945 56945 56945 56945 56945 56945 56945 56945 56945 56945 56945
 56945 56945]
[11, 11] [ 8493  5980  7709   444  2890  9925 16352  5226   683  5263 56932 20401
 14085 10621   170  9935  6151  1231  2052 56931 56945 56945 56945 56945
 56945 56945 56945 56945 56945 56945 56945 56945 56945 56945 56945 56945
 56945 56945 56945 56945 56945 56945 56945 56945 56945 56945 56945 56945
 56945 56945]
[12, 12] [11120  7676  4472   425 14475  5240 11211  1240  9929  2890 12074  3828
  1195  5804 56946 10621  5804 10003  4472  4323  9172 56933 15083   753
 11211 15091 13649 53609 11211 56946  5224  4323  9172  5226  5224  2075
 56931 56945 56945 56945 56945 56945 56945 56945 56945 56945 56945 56945
 56945 56945]
[7, 6] [ 8953  8782 56932 13396  1231 12135 56932  8321 14500  6151 11120 12031
 56932  8057 56946  4472 56946 10621  1321  9418 24952  5226  1231  6325
  4472   245 13396 11120  8728 11120 56946  4472 13822  9778 56931 56945
 56945 56945 56945 56945 56945 56945 56945 56945 56945 56945 56945 56945
 56945 56945]
[17, 17] [ 4161 13280  9198  5804 10810 10621 13618 12764  1240 11177 12407  4518
   425  3874  2861 12297 13933  8946  1958 11211  5224 11925  7426  7016
  6941  4562  5224  8030 10054 13171 10236 10291 10267 13440  6151 10267
  8503  4472 13822  4509 56937 56945 56945 56945 56945 56945 56945 56945
 56945 56945]
[18, 17] [ 5804  5837  1240 44944 56932 10621  5226 56942  5224  9599 12624 18277
 56946  5924  4472  8493 32648 11211 16710 14378 16155  5226  5611  4000
 10621 20638  2890 37077 17827  6151 10634 10621 18246 56931 56945 56945
 56945 56945 56945 56945 56945 56945 56945 56945 56945 56945 56945 56945
 56945 56945]
[39, 35] [13822 13618 10916 56946 11120 13107  4472 16161 56946  4472  8920  4472
 11120 10162 56932 56946 56932 37897 10621 10025  1046 11086 56932 11211
 56932 24280  5226  4151  9601  7747 29939 13927 12297 56942 10621 13927
 12297 56942 56932   209    52 56946 13396  1901  5224  5285  4472 11120
 12615 56931]
[26, 24] [ 1925    20 11211  5226  5804  9140 56932  5226   425 13450 56932 11120
  7038 56934  6151 56935 18012 13371 14022  4472  4151 22731 56946 56932
 11122 11211 15604  3245  5224 12284 56932  4693 16141 10291  5224 12562
 56946 56932  4472  8716  4472 56942  1925 17691 11120 14119 10621 56932
  4562  8596]
[28, 27] [ 4472  9591 56932  5804 17651  1240 17407 56946  4562 56946  5226 56942
 56932 56942 12297 56946 10621  5224 56946  1240 56946  5226  5224 13602
 56946  4562 11122 11211 50677 11120 15910 56946 56931 56945 56945 56945
 56945 56945 56945 56945 56945 56945 56945 56945 56945 56945 56945 56945
 56945 56945]
[20, 19] [11120  8160  4472  5523  7690  5226  5224 12297 10008 12297   551 15168
  6151  8493 12596  4604 11617  5226 11120 11211   229  1958  5224 14659
  4472 14713 56931 56945 56945 56945 56945 56945 56945 56945 56945 56945
 56945 56945 56945 56945 56945 56945 56945 56945 56945 56945 56945 56945
 56945 56945]
[27, 27] [11120 11864  5240 13171 56946 10621 10399 11211  5224  2275   848 11120
 24269 56933 11120  8067 11211 51479  4562 11122 17989  7780  4380 13171
 11211 11120 11211   987  1633 11122  1537 56931 56945 56945 56945 56945
 56945 56945 56945 56945 56945 56945 56945 56945 56945 56945 56945 56945
 56945 56945]
[19, 18] [12297 12297  5240  1925  3472 12297 12297 15201  5224 56946 12297 12297
 56933 11211 13386 16336  8493  1004 56932 26331  6221 11120  7626 56931
 56945 56945 56945 56945 56945 56945 56945 56945 56945 56945 56945 56945
 56945 56945 56945 56945 56945 56945 56945 56945 56945 56945 56945 56945
 56945 56945]
[15, 14] [12297 12297  5240  1925  3472 12297 12297 15201  5224 56946 12297 12297
 56933 11211 13386 16336  8493  1004 56932 26331  6221 11120  7626 56931
 56945 56945 56945 56945 56945 56945 56945 56945 56945 56945 56945 56945
 56945 56945 56945 56945 56945 56945 56945 56945 56945 56945 56945 56945
 56945 56945]
[9, 9] [12764  4413  2529 28759  6151 11120 13877 11938 11211 56946  5237  6151
  8596 38785  4151 33920 56946  4472 11120 11093   207 56932  4562 13822
 10219 56932 13371   746  2729  4472 16212 17478 36495 10067 56946 56932
  5217 29951  4161  3721 56946 56932 10621 13371  1240  5787  5226  5224
 56946  4562]
[17, 17] [ 5850 11401  4472 14496  6151 13439 10621 11293  8493  7626 13171  6806
 56933  4562  4151  8865 12764  4365 13848 11122 11211 56946 56932  6151
  1000  1233  4562 11120  3111  4299 12297 56931 56945 56945 56945 56945
 56945 56945 56945 56945 56945 56945 56945 56945 56945 56945 56945 56945
 56945 56945]
[16, 15] [ 5804  5234  9491  3018  5226 13822 12517  4472  9424  4472  6041 10621
  5226  5224  8966 11211 12623  5224  7147  4472 15243 11211  4050 12322
 10067  5905  4562  5224  7992 10067  1926 56932  5224  1095  4472  4816
 18059  1925 15018 56932  8955 13396  5224  9283  4472  5234  9491 11211
  1240  9567]
[1, 1] [ 9000   753 11211  5527 10621 13831  6151  7803  5224 14282 12297 56931
 56945 56945 56945 56945 56945 56945 56945 56945 56945 56945 56945 56945
 56945 56945 56945 56945 56945 56945 56945 56945 56945 56945 56945 56945
 56945 56945 56945 56945 56945 56945 56945 56945 56945 56945 56945 56945
 56945 56945]
[3, 3] [ 9000   753 11211  5527 10621 13831  6151  7803  5224 14282 12297 56931
 56945 56945 56945 56945 56945 56945 56945 56945 56945 56945 56945 56945
 56945 56945 56945 56945 56945 56945 56945 56945 56945 56945 56945 56945
 56945 56945 56945 56945 56945 56945 56945 56945 56945 56945 56945 56945
 56945 56945]
[3, 3] [  753  8150 11211  8159 11211  6205  7709 12764  6950 28667  4161  5224
 13913 10954  3421  5137 13171 56931 56945 56945 56945 56945 56945 56945
 56945 56945 56945 56945 56945 56945 56945 56945 56945 56945 56945 56945
 56945 56945 56945 56945 56945 56945 56945 56945 56945 56945 56945 56945
 56945 56945]
[7, 6] [ 4550 13261 11120 56946  4969  3993 13386 11707  4151 11488  4472 11120
  1019 10621  1240  6472  5226 11120 56946  4472 13529 18588 11623 56931
 56945 56945 56945 56945 56945 56945 56945 56945 56945 56945 56945 56945
 56945 56945 56945 56945 56945 56945 56945 56945 56945 56945 56945 56945
 56945 56945]
[2, 2] [12297  6196  1659 11211   753 11211  6416  2890  9198  4472  5203 12297
 56932  8964  8928 56946 56931 56945 56945 56945 56945 56945 56945 56945
 56945 56945 56945 56945 56945 56945 56945 56945 56945 56945 56945 56945
 56945 56945 56945 56945 56945 56945 56945 56945 56945 56945 56945 56945
 56945 56945]
[4, 4] [12297  6196  1659 11211   753 11211  6416  2890  9198  4472  5203 12297
 56932  8964  8928 56946 56931 56945 56945 56945 56945 56945 56945 56945
 56945 56945 56945 56945 56945 56945 56945 56945 56945 56945 56945 56945
 56945 56945 56945 56945 56945 56945 56945 56945 56945 56945 56945 56945
 56945 56945]
[11, 11] [10291 12082 12342  7780  8192  5224  7811  9230  4472  9322 11211  7780
 14502 10621  5240  8493 10168 11211 13822  6161  1240  3513  1925 44165
 13396  5224 56946  4472  8127 56931 56945 56945 56945 56945 56945 56945
 56945 56945 56945 56945 56945 56945 56945 56945 56945 56945 56945 56945
 56945 56945]
[17, 17] [ 8493  6670 18785 11117 13497  2890 34435 10621 11117  3623  5224 23852
  4472  5804  2140 54084  3828  2628 11120  6566 56931 56945 56945 56945
 56945 56945 56945 56945 56945 56945 56945 56945 56945 56945 56945 56945
 56945 56945 56945 56945 56945 56945 56945 56945 56945 56945 56945 56945
 56945 56945]
[2, 2] [11120  1748  5240 11211 13290  5762 12889 12764  1240  7709 23910 11211
  5534  1200  5224  4981 13478 19456 11673  3852 13137 11211 12171  8156
  1532 11372 42108 56934  4195  5804 28362 56935  9000 11211 13478 56932
  8355  5804 28362 56932 11292  6151  9687  4562 11120  4188  1502 56931
 56945 56945]
[5, 5] [11120  1748  5240 11211 13290  5762 12889 12764  1240  7709 23910 11211
  5534  1200  5224  4981 13478 19456 11673  3852 13137 11211 12171  8156
  1532 11372 42108 56934  4195  5804 28362 56935  9000 11211 13478 56932
  8355  5804 28362 56932 11292  6151  9687  4562 11120  4188  1502 56931
 56945 56945]
[13, 13] [11120  1748  5240 11211 13290  5762 12889 12764  1240  7709 23910 11211
  5534  1200  5224  4981 13478 19456 11673  3852 13137 11211 12171  8156
  1532 11372 42108 56934  4195  5804 28362 56935  9000 11211 13478 56932
  8355  5804 28362 56932 11292  6151  9687  4562 11120  4188  1502 56931
 56945 56945]
[12, 12] [11120  8818  4472  3498  8361 11581  1240 15002  5226  1231 13439  5534
 13841  5224 15440  4472 11120  3252 56931 56945 56945 56945 56945 56945
 56945 56945 56945 56945 56945 56945 56945 56945 56945 56945 56945 56945
 56945 56945 56945 56945 56945 56945 56945 56945 56945 56945 56945 56945
 56945 56945]
[0, 0] [ 8946  8493  8818 56946 10621 56946 56932 11120 13439  4125  5226  4152
 10621  1522 12764 13859 11149  8606  4562  1231 13480 56931 56945 56945
 56945 56945 56945 56945 56945 56945 56945 56945 56945 56945 56945 56945
 56945 56945 56945 56945 56945 56945 56945 56945 56945 56945 56945 56945
 56945 56945]
[15, 15] [ 8946  8493  8818 56946 10621 56946 56932 11120 13439  4125  5226  4152
 10621  1522 12764 13859 11149  8606  4562  1231 13480 56931 56945 56945
 56945 56945 56945 56945 56945 56945 56945 56945 56945 56945 56945 56945
 56945 56945 56945 56945 56945 56945 56945 56945 56945 56945 56945 56945
 56945 56945]
[4, 3] [ 6151  2814 56932  5534  9490  1855 56932  1522  1240 56946  1925 13259
 10291  1000  4472 11149 13395  8946  5224  3983  4472 11120  7220 56931
 56945 56945 56945 56945 56945 56945 56945 56945 56945 56945 56945 56945
 56945 56945 56945 56945 56945 56945 56945 56945 56945 56945 56945 56945
 56945 56945]
[13, 13] [ 5226  5224  5009  4472  8493  9888  7626 56932 11120 15474 14442  6750
 11211 56946 13487  6151 13822 12063 56932 11633 11120 23354  4472 10766
  4562  8874  5226  8493  1618 36610 10621 11120  1759  4562  3330  8630
 34756  5224  3185 56931 56945 56945 56945 56945 56945 56945 56945 56945
 56945 56945]
