[8, 7] [ 5224 10454  5240  2890  4814  9275 11211 10111  4472 12407  2199 56931
 56945 56945 56945 56945 56945 56945 56945 56945 56945 56945 56945 56945
 56945 56945 56945 56945 56945 56945 56945 56945 56945 56945 56945 56945
 56945 56945 56945 56945 56945 56945 56945 56945 56945 56945 56945 56945
 56945 56945]
[39, 35] [ 5224 12232  2729  7780  8192 10291  5224  2775  4800 35568 56934  8429
 56942  3197 56935 56932  3497  4472  8493  2994 13269 56932  9000  6197
 12764  4091  8606  3260  2370  5804 56946 27998 10621 17899 56932 10621
  5224  7615    85 10291  5224  4978 35377 56946 56934 51185 56946 56946
 56935 56931]
[5, 3] [ 5224 12232  2729  7780  8192 10291  5224  2775  4800 35568 56934  8429
 56942  3197 56935 56932  3497  4472  8493  2994 13269 56932  9000  6197
 12764  4091  8606  3260  2370  5804 56946 27998 10621 17899 56932 10621
  5224  7615    85 10291  5224  4978 35377 56946 56934 51185 56946 56946
 56935 56931]
[15, 12] [ 3919 11211 11120 56737 56946  1925  5718 56932 10621 56946 13487 13396
 56946  3657 14977  6151 11325  7864 10621 10568   254  5224 13440  4562
 11120 12226  4472  2890  4633  4472  9212 56931 56945 56945 56945 56945
 56945 56945 56945 56945 56945 56945 56945 56945 56945 56945 56945 56945
 56945 56945]
