[3, 4] [12015 45690 11149 15394 40864  1233 13822  7864 56932 15794 13822  6295
 56932  9297 11122 12675  4562  8025  5534 10481  6151  8085 56931 56945
 56945 56945 56945 56945 56945 56945 56945 56945 56945 56945 56945 56945
 56945 56945 56945 56945 56945 56945 56945 56945 56945 56945 56945 56945
 56945 56945]
[23, 22] [ 5224 56946  7198 10703 56932  9000 17589  1148 14802 56933  5224  5738
 56932 53746 10621 56946 13371 14914 13396  5804 22334 11211 11236  4472
  1231 56946 56946 56932  6950  1240 18541  6151  1168 12675 10621 12764
 37879    13 12479 11211  5224  4472  1231 12759  8284 56932 11372 14102
    19 13277]
