[5, 4] [ 5224 13242  8159 11211   229  3924 13371  2890  5738  5226 11304 10621
  1240  3623 45317  4562  5224  2703  4472  1231  6319  1233 12764 11117
 14982 10291  5804  4185  3204 56931 56945 56945 56945 56945 56945 56945
 56945 56945 56945 56945 56945 56945 56945 56945 56945 56945 56945 56945
 56945 56945]
[37, 35] [ 5224 14012  4264 56946 10621  5224  2944  3913 10537 56932  4938 12948
  9538  5226 13732  1231 11093  1855 56932 14139  8050 56932 11211  1240
   262  5224  4522 56932  8420 11211   425 12935 11211   746  1602 10621
 13342  1925 13151  5240 56940  8493  3841 56940 56931 56945 56945 56945
 56945 56945]
[21, 19] [ 7868 11499 14106  5226  1668  4472  2858 56932 11122 13171  4415  4472
   425  8665 12764 15593  5240 11211 56940  7780  8192  6891 10621  2183
  5217  5224 12754 14358 56932  4562  6270 10621 10076 13371  1088  4121
  4472   425  4687  5226 11120 11211 12764   746 12490  5226  4303  4472
  5804  7025]
[10, 9] [11122 11211 12764  3159  5240 11211  7906 11122 11211   373 56946  5226
  5224   626  4472  1231 15367 12764 15145  8053  9071 10954  8053 11211
  2343  2890 56946  4472 23420 56931 56945 56945 56945 56945 56945 56945
 56945 56945 56945 56945 56945 56945 56945 56945 56945 56945 56945 56945
 56945 56945]
[29, 27] [56946 56932 12467 10067  1526  4472 11120  2204 16762 56946 56932  7780
 19760  5226 11120  6570  5217 11211  3717  5224  2729 10621 56932   907
  6151  1231   406 56932  5240   985 13371  8493 12031  4472  9205   681
 13396 14694  1388 56931 56945 56945 56945 56945 56945 56945 56945 56945
 56945 56945]
[20, 19] [ 6950  5226   424 10386  1240 14343  5804  1163  5489 13371  8493  8046
  6151 11120  4000  4472  2863 56932  9000  5240  1255 13396 14442  2890
  6203  4472  5804 15261 56931 56945 56945 56945 56945 56945 56945 56945
 56945 56945 56945 56945 56945 56945 56945 56945 56945 56945 56945 56945
 56945 56945]
[3, 0] [10545 11211  5240 56940  9918 56940 11211  8509  5804  4393  9939  5224
  4942  1452  8503  4472  5804  8390  4472 11120  8728  5226  5224  6319
  5692 56932  1346  5804  2347  4472 14524  7668 10621  4472  4758 10958
  9775  4472 36820 56932 10621 19618 11211  1793  4472  9379   949  5804
  9532 15468]
[20, 18] [56416 12758  6151 11120 13812  5226 56942 56932 10621 12752  1240  7780
  9002  1000 11211  6151 15952 11117 14939  5506  5226  5224 14555  9444
 21512 56934  3645 43966  5226 13998 56932  9000 11562 14931 11107  1379
 13171 10067 56942 56943  4472 13822 10430 56935 56932 11211 56946  1240
  3648 16443]
[2, 1] [ 5534   865 45629 13396  4151  4931  1240  3240 56946 10621 56946 11211
  5317  6151   245  5804 15691  7750  4472  4151  1325 11211  1257 11120
  1713 16073 14750 15168  6151 56946 11211  8540  9825  4186 36642 56931
 56945 56945 56945 56945 56945 56945 56945 56945 56945 56945 56945 56945
 56945 56945]
