[28, 25] [ 5224 10246 56932  6197 14337  5224  6260  7977  4472 13330  6151 11294
  5226  5224  4566  4472  4712 10291 14021  4562 11120  5158  8484  4472
 11120  2680 56932 10291  4401 48829  4562  9338  5226  1231 11093  5329
 13371  8086  4472 11120 14443 13344  1925  5347  4758 14781 56932  3828
 14773  8493]
[20, 18] [ 5226  1231 10785 56932  5224 56946  9823  4472  2654  6485  5226   425
   989  6151  5224 13640 11211  1231 10101  3349 14412   853    59  7956
  5804  6361  4472  4276 13371  9852  6151  4151   621 11211 14629  5804
  6829  5217 11120  7070  4472  8945  2370 11120 14611  1912 56931 56945
 56945 56945]
[18, 17] [11120  7253  5226 11120 11093 12135 10454 26292  4472  2890  3928 15175
  4472 56946 56932 11211 30477 56946 56946 10621 16659  5224 11629   375
 56934 56946 56935 56931 56945 56945 56945 56945 56945 56945 56945 56945
 56945 56945 56945 56945 56945 56945 56945 56945 56945 56945 56945 56945
 56945 56945]
[18, 17] [ 1233 12764 56932 12752  1396  4151  1409  4472 13013  8884   848 10630
 11607  6151  4151 11211  3350  3064 14503 12297  9397 12297 56931 56945
 56945 56945 56945 56945 56945 56945 56945 56945 56945 56945 56945 56945
 56945 56945 56945 56945 56945 56945 56945 56945 56945 56945 56945 56945
 56945 56945]
[1, 0] [56416 12758  6151 11120 13812  5226 56942 56932 10621 12752  1240  7780
  9002  1000 11211  6151 15952 11117 14939  5506  5226  5224 14555  9444
 21512 56934  3645 43966  5226 13998 56932  9000 11562 14931 11107  1379
 13171 10067 56942 56943  4472 13822 10430 56935 56932 11211 56946  1240
  3648 16443]
