[14, 11] [10291  5224 12133  8536  5224  8716 10067 11955 11519 56932 11211  3645
  8186  6151  5804  9362 56932 56946 13171  1970 10291  5804  3035 56932
 14260  4550  2495  9724 13822  6159 56932 12735 13822 56946 10621  6416
 15225  5226  4151 14030 56931 56945 56945 56945 56945 56945 56945 56945
 56945 56945]
[19, 11] [ 5224  3835  4848 56932  8503  4472  5804 13171  2741  4472  1723 56932
 14662  5217   217  4562 11120  3057  7638 10291 14342  5226 14016 13371
 15284 13216  5942 56932  1288  5224  3835  5769 10621  6118 10067  3835
 56931 56945 56945 56945 56945 56945 56945 56945 56945 56945 56945 56945
 56945 56945]
[21, 11] [ 5224  3835  4848 56932  8503  4472  5804 13171  2741  4472  1723 56932
 14662  5217   217  4562 11120  3057  7638 10291 14342  5226 14016 13371
 15284 13216  5942 56932  1288  5224  3835  5769 10621  6118 10067  3835
 56931 56945 56945 56945 56945 56945 56945 56945 56945 56945 56945 56945
 56945 56945]
[16, 12] [ 5224 15063  1240  1785  5534  5804  8330 24091  4289  4290  2649 10291
  6416  2890  7346  4472  9745 56931 56945 56945 56945 56945 56945 56945
 56945 56945 56945 56945 56945 56945 56945 56945 56945 56945 56945 56945
 56945 56945 56945 56945 56945 56945 56945 56945 56945 56945 56945 56945
 56945 56945]
[11, 6] [11120  7253  5226 11120 11093 12135 10454 26292  4472  2890  3928 15175
  4472 56946 56932 11211 30477 56946 56946 10621 16659  5224 11629   375
 56934 56946 56935 56931 56945 56945 56945 56945 56945 56945 56945 56945
 56945 56945 56945 56945 56945 56945 56945 56945 56945 56945 56945 56945
 56945 56945]
[12, 6] [11120  7253  5226 11120 11093 12135 10454 26292  4472  2890  3928 15175
  4472 56946 56932 11211 30477 56946 56946 10621 16659  5224 11629   375
 56934 56946 56935 56931 56945 56945 56945 56945 56945 56945 56945 56945
 56945 56945 56945 56945 56945 56945 56945 56945 56945 56945 56945 56945
 56945 56945]
[29, 13] [56946 11949  3772 11120  2280 14260  4151 10624  4472 14122  8589 12707
 12764 10762 12948  6151  8493  1404  3927  5226  5224 15175  4472  3665
  4472 11120  1976  4472 14679  4472  7874 56931 56945 56945 56945 56945
 56945 56945 56945 56945 56945 56945 56945 56945 56945 56945 56945 56945
 56945 56945]
[30, 13] [56946 11949  3772 11120  2280 14260  4151 10624  4472 14122  8589 12707
 12764 10762 12948  6151  8493  1404  3927  5226  5224 15175  4472  3665
  4472 11120  1976  4472 14679  4472  7874 56931 56945 56945 56945 56945
 56945 56945 56945 56945 56945 56945 56945 56945 56945 56945 56945 56945
 56945 56945]
[31, 22] [ 8630  2048 11120 15330 56932  2606  7780  3609 14496  1925  9682 56932
 12889  5804 11211 14423 13822  5747 12013 11211  5224  7247 12764  3645
  6151  2529 13371  5224  8098  4472  5278  2128  1925  7538  4472 11120
  8319 56931 56945 56945 56945 56945 56945 56945 56945 56945 56945 56945
 56945 56945]
