[5, 3] [56940  6226   428 12135 10067   653 56931  1240 11606  2158  1925  9080
  5217  5804  6998 10621 12764  5226  5804  1789  4472  6480 56940 56932
 15201  5224 13488  9823 10067  5076 56932 11211   311 11211 11120 14623
  4308 12764  5240  4518  8819 13396  4151 10191  6151  7198  4472  5804
  2447 11211]
[28, 27] [11120 13445  4472  1925 56946 56932  7442  3245   545  4472 11120 10365
 11272 56932  7780  8109  4151   698 10067 15063  2782  2861 10067  5071
  5226 11120 12077  4472  1539  1240  7780  6260  6151  7584 11039 11211
  5226  2890  2689  1240   746 12940  4151  4232  4472 56942  2709 10621
 56942 56946]
[16, 12] [ 5226 13822 13644  4472  9942  5215 56932  7362  3709  4151 15002  6151
 11120 13269  4472 11120  6288  4472 14378 56932 56946  4472 11279 10621
  4562  5224  6447 10067  3542  5226  5224  7255 56931 56945 56945 56945
 56945 56945 56945 56945 56945 56945 56945 56945 56945 56945 56945 56945
 56945 56945]
