[29, 25] [ 1925  4877   151 12672  4472 32170  4562 22061 27423  5226  4151 11211
 56946 10291  5224  2523   510 10621 16293 10291  5224  1056  6232  6151
  1601   752  4472 14184  5226  2415  6151 13822 11360 56931 56945 56945
 56945 56945 56945 56945 56945 56945 56945 56945 56945 56945 56945 56945
 56945 56945]
[31, 28] [10621  6226  8593  5331 11120  8786 56946   848 56932  6151  2814 56932
  3245 23278 56932  4472 14694  5574 11211 15394 11138 15038 10621  4890
 19859  4472  1163 15404 12764  3645 13171  2315  4472 56946  4151 12314
  4472  1231  8512 56931 56945 56945 56945 56945 56945 56945 56945 56945
 56945 56945]
[30, 26] [12889  5804  4908  8286  3947 12764 12665  3762 56932 13371  4325  5226
 10442 56932  2740 10621  7898 10700  8620 56932  3828  4151  2778  1240
 11398  3260 13171 14001  6151 11120  4194 56932  1361  7780 14043  6151
   465 10621 13940 11211 56946  4151    66 56931 56945 56945 56945 56945
 56945 56945]
[36, 32] [ 4472 14399  4562 11673 15117 56932 11120  1120 56946  4472  2890 23289
  4472 14564  8368 56932 17774  4562  5224  4136  4472 56940 56946 56940
 10621 15111  4472  9514 56942 10440 56932    85 11122 11211 29247  6151
 29668  1925 56940 39584 56940 56931 56945 56945 56945 56945 56945 56945
 56945 56945]
[35, 33] [ 5226  5224  6173  5224 22798  1240  2031  5217 56946 13310  6151 11116
  8426 10621  5224  2610  7494  2890  4323  4472  2010 56934 12297 38528
 10621 35658 35446  4472  4151  9611 13371  6086 15394  8902  6151 10912
 56932  9000 13569  4472 12764 39968 11372  8606  5224 30738 56932 14260
  6197 12764]
