[10, 9] [ 2091   455 11117  1043 56932 12764  2451 56932 10291 11400 15225  4562
 14764  6151  5804  4679  4055 56932  7868 15201  5224 12754  9287 56932
 11211 15083  6950  7780 15328  6151 14244 56942  5056 56931 56945 56945
 56945 56945 56945 56945 56945 56945 56945 56945 56945 56945 56945 56945
 56945 56945]
[24, 23] [15285  5224 13171 31829  5139  6151 11120 12183 12042 10621 56946  4472
  4151  2171   848  3336  1317 11211 56946  5224 12761  5432  6862 56946
  2570  5226 11853 10700 56931 56945 56945 56945 56945 56945 56945 56945
 56945 56945 56945 56945 56945 56945 56945 56945 56945 56945 56945 56945
 56945 56945]
[1, 1] [ 2200 43862 11120 23351  4472 11120  4687 56932 11211  5582  2890  2445
  4472 14030  4472 56942 11804  4472  5699 56932 10621 15201 11211  5224
 56940 56946 56940  4562  5224 11211  1240  7780   254 26156  6151 15223
  5226 56940 11211  6115 12764 15145 14915 11169 11120  4194 13371  8396
  8606  1000]
[39, 34] [ 5224  9211  4472  5319 15201 15058  6151 11120 13675  3820  4472 11120
 11840 11211  5666 12764  7494  5226 14662  5224  9591  4472 11211  1240
  7780 13016 56940 11211  2464  7780  2299 22669 10877  2771  2772 10621
 11211  5240  9369  2003 19886  6741 10291 22548 11120 14653  6862  2637
  2771  2848]
[47, 44] [  424  3430 56932 11211  7780  7575 13371  6425 11120 12815  4472 13579
 56932 13280  3238  5226 11211  5804 56946  7329  4472  4151 14030  5226
 11791 10861   865 56940 12407 11357 56940 56932 10621 11211 56940  5224
 13789 10865  5953  6151  2529 28595  5226 13142 11211  3240 12046 13767
  8509  2890]
[37, 36] [ 5224 11757 13469  3924  4562  5224  3280 11211  1231  7132 10621   160
  4188 30194  4472 14407  4472 10281 56932 18413  6151  1231  8909  9102
 56932   977 11120 14035  4472  5804  4679  4055  4472  2732 56932  3828
  8824  2478 11120  5265  4472  9214 24929  5226 56946  9000  5226   195
 11117   746]
[32, 31] [ 5224 15682  4472  1019 10473  5804 56942 11804  4472  5699 56932  9000
  5226  2890  6669  9823  4472  9205  5645 10621 10219 10291  1593 56932
  6197 11211 11120  4188 12135  4472 11120  8307 18413  6151 14378  1163
  2861  1580 56934 56942 11804 56935 56932  5822 56934 56942 56935 56932
  1397 56934]
[41, 40] [13396  1231 12135 56932 11120 12815  5432  7780  3860  5217  5224  1242
 11120  2725  4660 11211 15331 56946 10621 10700 13371  2740 10621 14564
 14557 56932 10611 10025 56932  1396  6151 11120  9028  4472 11211  5804
   508  9444  9475 10291  6188 12453  2370 11835 13396   782 11120 20732
  4472 11120]
[20, 19] [13095 56946 56932  3608 10067 56946 56932  1630 11211  5804   453  9135
 10067 12638 11526  6416  7460 10291 56940 13791  2826  6403 56940 56932
 10621 11526  2529  8155  4562 10365 10621  4322 56932 56946 10621 16135
  9636  8008 56932 12672 11211    85  2729  5226  3396  4562 11120  2824
  3046 56931]
[0, 0] [13135  6151 14016 56940  5240 11122  7811 11211 11117  7709  2426  6151
 14134 56940 56932  7868  6338 56932 13386  5226  6873  7809  7780 13091
 11211  5224  1431  7494  5574 56940 11996 56940  9000 11211  1231  3612
  3245  7494  5318    61 56932 56940 12889  5226    19 13704 56940 56931
 56945 56945]
[34, 34] [10621   217 56940  1723  5240  2890 10563  4472  6425 56932  2890  6319
  4562  7415 10042  5226 26426 56940 56932 10621 56940  1793 56932  6197
  4365  2729  5804  3758  4562 11921  5226  7949 56932 11211  8946  2890
  1904  4161  4550  4562  9205  7300   635 56940 56932    11 56931 56945
 56945 56945]
[12, 11] [56940 11120 15107 12031  5240 11120 11211  5240 10621  1925  7261  5666
  5240 56946 10621  1240 15683 56940 56932  7780  4845 56932 15083  4472
 13966  5226 12424  4649 11211  5224 13959 12033  8984  7780  8109  4562
 11120  1147   197 10067 14358 10621 11211  8593  4807  3245  6151  2668
 56931 56945]
[7, 7] [56940 11120 15107 12031  5240 11120 11211  5240 10621  1925  7261  5666
  5240 56946 10621  1240 15683 56940 56932  7780  4845 56932 15083  4472
 13966  5226 12424  4649 11211  5224 13959 12033  8984  7780  8109  4562
 11120  1147   197 10067 14358 10621 11211  8593  4807  3245  6151  2668
 56931 56945]
[44, 43] [56940 11120 15107 12031  5240 11120 11211  5240 10621  1925  7261  5666
  5240 56946 10621  1240 15683 56940 56932  7780  4845 56932 15083  4472
 13966  5226 12424  4649 11211  5224 13959 12033  8984  7780  8109  4562
 11120  1147   197 10067 14358 10621 11211  8593  4807  3245  6151  2668
 56931 56945]
[5, 3] [13396 11122 13554 13897 11606 56946 12031   848 18511 10291  1920  8493
 13450 33595 56931 56945 56945 56945 56945 56945 56945 56945 56945 56945
 56945 56945 56945 56945 56945 56945 56945 56945 56945 56945 56945 56945
 56945 56945 56945 56945 56945 56945 56945 56945 56945 56945 56945 56945
 56945 56945]
[44, 44] [ 5226  2890 12036  7956  4151  9643 11211  3315  5226 11120 13476 56932
  5224  8699 10246 15201 11211 11120  5818  1043 10291 11211  5804 10624
  4472  5804 13043 10700  1240  4268  2240 10621 10291 11211  1240 56946
  2890  2445  4561  4472  8493 10947 56932 11211  7494 13371 12684  2230
 11120  1126]
[5, 2] [ 5224  9102  4472 11120 14493    65 11120 13734  4472 56946   264 11120
  8200  6151  1231 15276  5226  5224 12908 10067  9080 13012 56932  9000
 10705    82 56934 56946 56935 10621  8783 12734  5804   541  4472  9338
  4472  5683 13579 56932 13732 10621  5189 56931 56945 56945 56945 56945
 56945 56945]
[28, 26] [11120  1853  3655  5226  2890 13615 11211  5804  1598 56946  8568 10621
 11294 13517 11120  1955 14526  2574  5179  5224  1229  4472  7252 12728
 56932  3828  1240  4301 10333  4472  1420 56932  5534 56932  1925  6495
 56932  5224 11100  4472  9379 56940 11633 14746 10621  1240  6093 56940
 56931 56945]
[35, 33] [13371 13441  8993 56932  5226  5224  3719 12429 10621  5534  2030 11122
  4595  1231  3612 56932  5224 13242 10341 16655  6151 56946 10621  8532
 11120  4622 10067 12168 14045 56932  4562 13478  5804 16904 11211 18243
  5224  5138 10621  5224 12691  4472  2890  7238 11211  6197  7780  9591
  7645  5226]
[15, 15] [12889 12764 12937 15188  5224 12675 14198  4472 13838  4472 15459 56932
  5224  9587 11211   582  2529  6151 15254  4472  4550  5224  7249 56946
 10291 56946 56931 56945 56945 56945 56945 56945 56945 56945 56945 56945
 56945 56945 56945 56945 56945 56945 56945 56945 56945 56945 56945 56945
 56945 56945]
[47, 43] [ 5224  6783  3667  9909 12321 56932 14454 10067 10982  4274 56932  1240
  1512   217  5226  2283  4472  1231  1431 10067 11255  3786 56932  5224
  6145 13732 56932  1925 11267 12764  5665  5226  4474 13371 56940  5224
  7811  3612 10621 11120  7811 12101 56940  4472  4151  7428 11211 10007
  5226 11120]
[47, 41] [ 5224  4332  3268  4472  5804  2402 56946  5226 14123 56932 10827 10867
  8615 56932  6351 12948 11211 56940    85  2890  2642 12764 14566  6151
 11120  4816 12683 56940  5534  5224  9544 13396 11120 14675 11430  8122
  5224 15175  4472 15538  8509 14378  1362  5226  9028  4472 11211 10481
 13822 56946]
[1, 1] [ 1925  2716  2890 12737 15326  4537  5331   683  2704 56932  5804  2402
 56946  5217  4151 56942  6151  4151 56942  1362 11120 12493 14571  4472
 11103  1084 56932   723 10820  5224 13276  4161 11120 15323 10067  3612
  4472 56946 56932 11211  7193 13822 10554  5217 13732 56931 56945 56945
 56945 56945]
[12, 10] [ 5224 14012  4264 56946 10621  5224  2944  3913 10537 56932  4938 12948
  9538  5226 13732  1231 11093  1855 56932 14139  8050 56932 11211  1240
   262  5224  4522 56932  8420 11211   425 12935 11211   746  1602 10621
 13342  1925 13151  5240 56940  8493  3841 56940 56931 56945 56945 56945
 56945 56945]
[40, 27] [ 5224  9307  4177  4472 12340 11449   425 14675  5226  2555  5224   270
  5226  8689  4472   381  3654 56934  3861 14131  4759  3144 56932 12578
  8183  9859 56939 56935 56932  4246  5226  5047 56932 11120  7253 14088
  4472  5441 12290 11211 13851  5904 15377 56931 56945 56945 56945 56945
 56945 56945]
[43, 41] [ 5045  5137 15083 56932 10110 11562 18120  1925  1926  8493 13314 10767
  2861  5224  8105  1611  4472  2689 14555 56932  5040 13396  8493  4472
  4151  3243 18754  5331 11120  5404  4472  2890 39509  2393 53940 56932
 10621 11120  2006  4472  2890  1702 11211  4113  4562  5804  5684  2868
  6862 33064]
[33, 31] [ 6118 10067 10386   746  5664  1231 56946  7956 11120    48  1436  4472
  1756  5226  4756  4472  8493 15284  1106  2982  1925 10386 10067 12649
 56932 11211  4161  4550  1240  7780 13843  6151 38029 12736 10621  7352
 56932 10611 11646  9643 56931 56945 56945 56945 56945 56945 56945 56945
 56945 56945]
[37, 35] [13396    19 12135 56932 15648 11211 11120  4194  4472  2955  1756  6151
  8782  1240   582  6151 11211  1231 12754 10569 56932  5224 56946 56932
 17436  5226  7898  5318  4562  5224 25011  1756 56932    13 10569 11211
  7053 17906 13767  5226 56942 56931 56945 56945 56945 56945 56945 56945
 56945 56945]
[38, 36] [13396    19 12135 56932 15648 11211 11120  4194  4472  2955  1756  6151
  8782  1240   582  6151 11211  1231 12754 10569 56932  5224 56946 56932
 17436  5226  7898  5318  4562  5224 25011  1756 56932    13 10569 11211
  7053 17906 13767  5226 56942 56931 56945 56945 56945 56945 56945 56945
 56945 56945]
[40, 40] [ 5432  5226 56942  4649 10621 12835  4562  5224  2151  4472  8373  5134
 56932  8493 13172 10067 11183 56932  2890 11284  4472  2551 56932  8373
 16288 51274 10621  5544  5134  1791 56932  7780  4472  2529  2890  2792
 14915  1090 13371 11122    85  5226  1231  7802  4472   821 56931 56945
 56945 56945]
[2, 2] [56940  7350 15379  8493 11566 12297 12297  8964 12297 12297 11211  7016
   943  6226  5224  1926 56932  5226 11120 11211 10261  4750 56932 12611
 56932  9023 56932  6471 10621  8493  4858   207  4472   424  1926 56932
  5226  5224 11211 13371  8964 12024  7220 11066  9928 56940 56931 56945
 56945 56945]
[11, 10] [12764  5240  3058 40160  1925 12754 14781 10076 56932 11211  1096  2529
  6750  4472    52  6260  8493 15079 10067 12980 12104  5226  5804  4393
  5137 56932  4562  1231 56946  7220 56931 56945 56945 56945 56945 56945
 56945 56945 56945 56945 56945 56945 56945 56945 56945 56945 56945 56945
 56945 56945]
[20, 18] [ 6151  7171  4472  8558  8964 12764    52 13764 15676  5224 42001  4472
 13822 13364 10621 13938 13371 13300 11120 54808  8284  4472 13822 10555
 56931 56945 56945 56945 56945 56945 56945 56945 56945 56945 56945 56945
 56945 56945 56945 56945 56945 56945 56945 56945 56945 56945 56945 56945
 56945 56945]
[21, 21] [ 5224 13488 10067  1248 15648  6151 14196 11211  5804 15989 10067  1437
 12669 12407 15611  6151  5804 10067  6260 56932 11664  5240 12407  6477
 11211  5224  1387 12764 14856  7409 56932 11372  1240  5207  7871  4562
 14007 14164 56946 56931 56945 56945 56945 56945 56945 56945 56945 56945
 56945 56945]
[1, 1] [13525  5165  1925 10386 15445 11211  2670 11120 11791  7956  5224  6058
 10621  5147 11211  5226  9888 11120 13778  9260  2890 21862 16511  4472
  4151 11622  4472  5804  8014  4472  6058 56931 56945 56945 56945 56945
 56945 56945 56945 56945 56945 56945 56945 56945 56945 56945 56945 56945
 56945 56945]
[19, 18] [13525  5165  1925 10386 15445 11211  2670 11120 11791  7956  5224  6058
 10621  5147 11211  5226  9888 11120 13778  9260  2890 21862 16511  4472
  4151 11622  4472  5804  8014  4472  6058 56931 56945 56945 56945 56945
 56945 56945 56945 56945 56945 56945 56945 56945 56945 56945 56945 56945
 56945 56945]
[5, 4] [12889  6151 47797 56932 10922 14204 11211  6330  2890  6560  4472 56942
 11804  4472 17235  8100 56942 11804  4472  5699 56932 56942 11804  4472
  5669 12297 12297 10621  4161    85  9312 13396  6388 15023 11120  7441
  4472 56942 11804  4472  5699 11211 11120  7070 56946  9490 11014  6151
 56946 56931]
[14, 12] [12889  1969 12764   753  7795 10414 56932  6151  7608  4472  5563 15504
  1240 56946 14513 10067 56942 10621 10067 56942 13396 14108 10621  4161
 10067 56942 13396 14108 56932 15201  6151 14196 11120 13724  4472 11120
 12688 56932 13529  4758 14419 56931 56945 56945 56945 56945 56945 56945
 56945 56945]
[35, 35] [10291  5224 12133  8536  5224  8716 10067 11955 11519 56932 11211  3645
  8186  6151  5804  9362 56932 56946 13171  1970 10291  5804  3035 56932
 14260  4550  2495  9724 13822  6159 56932 12735 13822 56946 10621  6416
 15225  5226  4151 14030 56931 56945 56945 56945 56945 56945 56945 56945
 56945 56945]
[35, 35] [10291  5224 12133  8536  5224  8716 10067 11955 11519 56932 11211  3645
  8186  6151  5804  9362 56932 56946 13171  1970 10291  5804  3035 56932
 14260  4550  2495  9724 13822  6159 56932 12735 13822 56946 10621  6416
 15225  5226  4151 14030 56931 56945 56945 56945 56945 56945 56945 56945
 56945 56945]
[22, 21] [ 5226 11120  5411 56932  1793  4472 11673  4451 56932  5815  3245 10291
  9428  4151 12336  4472 11120  3737  4562 10700 11211  8396  6416  8493
 15583  4472 12283  4562 11120 10714 14931 11250  6151  8493  9927 56931
 56945 56945 56945 56945 56945 56945 56945 56945 56945 56945 56945 56945
 56945 56945]
[29, 27] [ 4472  2890  5689  1240  5924  4472  3806  4922 56932  4472 12761  6151
 11120 12523 56932  4472  8144  5432 56932  4472  6221  8493 14988  4472
 12164  4472 14555 47390 11211 48459  6151 15223  5226 11120 56946  4472
 11120 10134  3733 56931 56945 56945 56945 56945 56945 56945 56945 56945
 56945 56945]
[48, 45] [10621 10958 13529 48297 56932 56946 56932 56946  5226 11120 14251  6151
 12666 13371  1782  4472 11120 56940  3595 56946 56940  1633  3572  2861
 56940  5804 26226 56932  5804 36123 56932  5804 25860 11211  5226 56942
 23667 56946  4472  9996  4472  6221 11120  7626 35562 11211  8946 10493
 11148  8493]
[13, 11] [38526 13530 11984 56942 13349 10621 14560 16163 56932  5224   997 16899
  1706  5886  4562 56942   372 56932  8630 11211 25377 56946 20426 14560
  5681  2396  4472  5804 27613 10621 11581 23175  7623  1231  7811  8600
  4472 56942  1637 56931 56945 56945 56945 56945 56945 56945 56945 56945
 56945 56945]
[20, 20] [ 9222  8159 11211 12764 23054  3260 56940  1528  7956   304   566 11211
 12764  1240 17537  1925  3754  4472  7538 11211  5240 10493 10621 13396
  5224 11211  5224   653 13885 56940 56931 56945 56945 56945 56945 56945
 56945 56945 56945 56945 56945 56945 56945 56945 56945 56945 56945 56945
 56945 56945]
[21, 19] [ 5224 12500  3189 11211   101  9840  4448  8849 10916  5226  1004  4472
  8493   545  1085  4562 29944 56932   848  6115  5947  4087  4562  5804
  4679  4472   545 10291 14040  6151 11120 13476  5226 11120 10280 56931
 56945 56945 56945 56945 56945 56945 56945 56945 56945 56945 56945 56945
 56945 56945]
[2, 2] [56940  6196 12858  9288 10621 12764  5850 11813 14687  5226 56946 56931
  9000 11120  8328  1240  7780    79  4336 56932 13396  2890   515  4472
 42784 56932 10621  7780  7075  5487  4562  6226  5224  1926 10291 12764
  5487  4562 13290 56931  7780  3521  4161  5224 10990 56932 10621  1240
 11120  3648]
[0, 0] [ 1274  6720 56931 15938 15938 56945 56945 56945 56945 56945 56945 56945
 56945 56945 56945 56945 56945 56945 56945 56945 56945 56945 56945 56945
 56945 56945 56945 56945 56945 56945 56945 56945 56945 56945 56945 56945
 56945 56945 56945 56945 56945 56945 56945 56945 56945 56945 56945 56945
 56945 56945]
[17, 17] [ 1233  9490  2890  9541 11211 16359 11120  8134  5226  5224  8614  4472
   217  5668  8946  5224 11211  8535  1925  9243  7859   138 10621  1925
 12796 15884 56946 56931 56945 56945 56945 56945 56945 56945 56945 56945
 56945 56945 56945 56945 56945 56945 56945 56945 56945 56945 56945 56945
 56945 56945]
[23, 20] [ 4562 15058  6151 11120  4687  4472 13760   848   990  4472  4611  2551
  6862 15501 56932  5224  2792 11499 11211 56940 12764  5850 20509  1009
  3260  1925 15058 56932  6197 11211 10267  8503  5240 12407  7376  4472
  7099 13371 18557 56933 12764  2451 12015 11073  5224 15623  4472  5804
 56940 56851]
[13, 13] [ 6927 11211  5224  3597 13811  1240  8210  4472 11401  4472 56946 56932
  1233  5240 11211 12764 11122  7780  9591  6197 56931 56945 56945 56945
 56945 56945 56945 56945 56945 56945 56945 56945 56945 56945 56945 56945
 56945 56945 56945 56945 56945 56945 56945 56945 56945 56945 56945 56945
 56945 56945]
[42, 40] [ 4562  2890 56940  1233  5224 12365   505  5240  2890 33192 56932  6196
 12858 24483 56940 56932  4337  9666 56946  4151 39300   768  4562 11211
  5224 12457 10067  5234  2792 13155   505  1240    96  1633  5804 11545
  6242 10621 11117  6005  4472  1042 41211  2322  9010 13822  1919 13229
 56931 56945]
[19, 18] [56940  4151 22310 11526  9046 11120 14964  1135  4472  5804 13272   881
  5226  5224  1926 56932 10621 12764 39706  8849 11211  9658 56034  5804
  2826  1317 56940 56932  3120  9992 56931 56945 56945 56945 56945 56945
 56945 56945 56945 56945 56945 56945 56945 56945 56945 56945 56945 56945
 56945 56945]
[36, 33] [  217  5226 11950 56932 12764   753  5995 20197  4472 14914  4136 11211
 12764  2050  9394  7969  4472  5916 11690  3828  5224 13256 11122  6722
  6226 14931 11211 17490 19370  5856 11554  6151 56946  4562  8493 37077
  8786  6151  5804 14543 56931 56945 56945 56945 56945 56945 56945 56945
 56945 56945]
[1, 1] [56946 14641 11211 56940  5240 13406 11148 16718  6151  3572  1233 12764
   865 12195  4472  1000 11211 11120  8728  1870  1925  1387 56940 10621
  1603 11211 56940  1233  4801 11211  4562 15581   848  3136 15590  6151
 11293  1925  5328  6151  1231  7057 56932  1944  5224 11554 56932 11674
 12764  3645]
[21, 18] [11120  9745 12764 10272  5224 14906  4472 11120 14397  5226  9042 19164
 56932  9000  5224   413 56940  4676  7741  4784 56940 32736 56940  8373
  6118 56946  4562 11120 13450 56940 11211 14235 11211 11120 13107  1240
  8209  6151 13011  4472 12921  5226 11673  9212 56931 56945 56945 56945
 56945 56945]
[20, 19] [40658 56946 56932  8262 10621  8771  4472 12424 15780  5708 56932 15201
  6151 14196 11211 56940  5224 56946  7780 12355  1920 56932 10291  5804
 43127  8871 36538 56932  8493  7626  7811 12297 12213 10471 10067  9541
 12297 10621   217 14694 13171  4007  4562 15426 56932 14746  1606 56932
 10621 14578]
[46, 45] [56940 12764  8428  3260  9313  5226  8593 56940 56932 11499 56946 56932
 13386 12764  2451  1015 11211 56940  1233 56946 11120   139  4472 12937
  4151  2171 10621  4151 17358 11211  1240 10632  6151  5804 11779 56932
  4299  1009 11211 11120  5012  5240 10534 56932 11122 11211   204  8493
  4472  4151]
[8, 7] [ 3863  5831  8650  5226 14842 10621  1231  3852 47888  4472 10768  6151
 11120 14623 10067   940 56931 56945 56945 56945 56945 56945 56945 56945
 56945 56945 56945 56945 56945 56945 56945 56945 56945 56945 56945 56945
 56945 56945 56945 56945 56945 56945 56945 56945 56945 56945 56945 56945
 56945 56945]
[4, 1] [ 8361  4758 13529  9222  8151 56946  6151 19722  5226  5804 24135 10067
  1950  8630  5226  8493  4472 13822  7048  1240 23700  1180 13578 10621
  6571   731 56932  4562 13822 11360  4472 56940 56946 56940 56932 10291
  5307  6151  2890  8033 56931 56945 56945 56945 56945 56945 56945 56945
 56945 56945]
[21, 20] [10621  6226  8593  5331 11120  8786 56946   848 56932  6151  2814 56932
  3245 23278 56932  4472 14694  5574 11211 15394 11138 15038 10621  4890
 19859  4472  1163 15404 12764  3645 13171  2315  4472 56946  4151 12314
  4472  1231  8512 56931 56945 56945 56945 56945 56945 56945 56945 56945
 56945 56945]
[5, 4] [ 8630 11211  5224  3461 56942  6974 11211   865 56946  4151 11601 56946
 10621 56932 10611 11646 56932  5224  1951   951   425  9168  6151  4151
  5836  2861  4151 11211 56940 15083  4472 28553  3317 11120  6805  4472
  2890   837 56940 56933 56940  4151   849 10937 56940 56933 56940  4151
 11211 56932]
[25, 21] [ 5767 56946 56932 10242  9823  4472 11120  2893  9823  4472  8330 56934
  1489 56932 22718 56935 56932  9490 19623 12948 12675 11211  5224   653
 15542 23428   217  5224 14246 10291  4151  4004  8274 56931 56945 56945
 56945 56945 56945 56945 56945 56945 56945 56945 56945 56945 56945 56945
 56945 56945]
[39, 38] [56940 12764  1469 11721 11813  5542 10291 11211  8945   635 56934  1808
 56935 56946 11120 13300 56932 11372 11211 12403  6151  6226  5224  5972
 56931  5224  2689  6260  6197  5457 12937  4151  2961  6862 56932   494
 56932 12764  8789  6406  8689 10291 11211 11120 14294 12764  2061 13396
 11120 56942]
[22, 18] [ 5217  5224 56942  4472  4709  4472 56942 56932 11374  4472  1274  5226
 15230  4472 11120  7891 13260 56932  1240   746  6154 56946 14210 56946
  6862 56946 56931 56945 56945 56945 56945 56945 56945 56945 56945 56945
 56945 56945 56945 56945 56945 56945 56945 56945 56945 56945 56945 56945
 56945 56945]
[25, 23] [ 5226  2890 13615 56932  5224 10327  2355  9445 11211  5224  8033 10611
  8468  1723 10621  1877 13732 56932 11211    85  7529  5226 56942 10621
 11211  8902 12121  6151 11120 15582  4472 11120  3174 56946 56932 56940
 12764  6913 14399  4472  5229  2618 10611 11120  9745 15921  4472  8851
  5510 56934]
[20, 19] [ 9379  8373  8390   865  5804 11282 10067  8614 10471 11211  9201 56946
 56932 13386 56932 14931 11744 56932 12764 11606 11148  2890 14665  6128
 14107  6151  1231   695 10621  8993  4946  5488    63 13396 11120  3778
 10067   653  4472 11120  9849  4472  4421  6151  4151 15090  4472  5804
 13043  9097]
[12, 12] [ 5224  5806  5783 37406  1231  2972  4562 11120 13269  4472 56946  9000
    85  5224  9328  5224 11211 56932  6151 14849  4472 14254  5226 26469
 21311 56932  4810  5224   911 10067  9541 56931 56945 56945 56945 56945
 56945 56945 56945 56945 56945 56945 56945 56945 56945 56945 56945 56945
 56945 56945]
[16, 15] [ 1793 10067 14339 10426 12297 11120   694  4472  3582  5226 11120 13524
 12297 56932  5666 11949  3544 11120  7261  4472 11120 13172 10067 11183
  5224 56942  4472  4709  6151  4151 56942  1362  5226 56516 56934  5806
 56935 56931 56945 56945 56945 56945 56945 56945 56945 56945 56945 56945
 56945 56945]
[8, 8] [ 5224 12754 38850 13382 11211  1231  3612 56940 11120 18083  4336 56940
 56931 56945 56945 56945 56945 56945 56945 56945 56945 56945 56945 56945
 56945 56945 56945 56945 56945 56945 56945 56945 56945 56945 56945 56945
 56945 56945 56945 56945 56945 56945 56945 56945 56945 56945 56945 56945
 56945 56945]
[9, 7] [13280 56942  3861  1240 11856 11211  7295  1706 12007  4437  6151 15050
 56932  4670 11211  5668 12764 13037 10621 11211  6689  4472  2637  7896
  8493 14564 11593 56931 56945 56945 56945 56945 56945 56945 56945 56945
 56945 56945 56945 56945 56945 56945 56945 56945 56945 56945 56945 56945
 56945 56945]
[40, 37] [11120  4002  5685 56932 56946 56932  3064   217 11120  8134  7956 11120
  6544  5226 11120 12815 12957  5685  4472 56942  7393  4472 13893 14931
  2300  6418  6151 11120 11066  4472  1618  4472 14088 10236 56932  4884
  2684  1925  4842 13260 12780  4151  5008  7956 11120 10615  4472 10292
 10291  5224]
[23, 23] [ 5224 13723 56946  3791  5226 56942  2890  1148  4169  4472 56942 11804
  4472  5699 56934 56942 11804  4472  5669 56935 56932 11122 11211  6913
  2890  5566 10067 56942 13396 14108 15058  1925  3297  2824 56932  8630
 11211 11120  6297  4472 13997  8666  2890 14777 13396 14108 56932  4161
  5804 56942]
[15, 15] [56940 12764  7709  2529  1958 11211  2890  7238 11211  7780 15311  5224
  4415 14687 11211 23158  5224  9076 56932   217  2273 22039  5226  5224
 11034 11211 12342  7709 56946  7827  6151   425  2839 56940 56932 11211
 15062  6151  6226  5224  6319 56940 11211  8946  2839 56940 56931 56945
 56945 56945]
[14, 12] [13554  5966 56946 13371  2890  7580  4472  5804  2140  3911  4472  6600
  8653  6725  2738  3336  2772 10291 13853 11120  4670 10067  9489 56932
  9000 13996  2772  9659  5654 11211  1240  7709 32016  5224  3172 56932
 12889 14190  9198  6477 48968   425  5039 10657 56931 56945 56945 56945
 56945 56945]
[37, 35] [13554  5966 56946 13371  2890  7580  4472  5804  2140  3911  4472  6600
  8653  6725  2738  3336  2772 10291 13853 11120  4670 10067  9489 56932
  9000 13996  2772  9659  5654 11211  1240  7709 32016  5224  3172 56932
 12889 14190  9198  6477 48968   425  5039 10657 56931 56945 56945 56945
 56945 56945]
[40, 38] [13554  5966 56946 13371  2890  7580  4472  5804  2140  3911  4472  6600
  8653  6725  2738  3336  2772 10291 13853 11120  4670 10067  9489 56932
  9000 13996  2772  9659  5654 11211  1240  7709 32016  5224  3172 56932
 12889 14190  9198  6477 48968   425  5039 10657 56931 56945 56945 56945
 56945 56945]
[10, 8] [ 5226  6098 10067 14358 56932  5240 11120  6462 56946 13386  7494  5224
 56940 31079 56940 10621 56946  6151  1231 40975  5224 56940  5340 23441
 56940 56931 56945 56945 56945 56945 56945 56945 56945 56945 56945 56945
 56945 56945 56945 56945 56945 56945 56945 56945 56945 56945 56945 56945
 56945 56945]
[5, 4] [ 5224  8255  5831 56946  5783 11400  5224  7615 56932 11122 11211 13290
  7780  9591 12171 56931 56945 56945 56945 56945 56945 56945 56945 56945
 56945 56945 56945 56945 56945 56945 56945 56945 56945 56945 56945 56945
 56945 56945 56945 56945 56945 56945 56945 56945 56945 56945 56945 56945
 56945 56945]
[14, 13] [ 5224  4569 10067 12328 24312 56932    55 13707 56932 14231 11211  5224
 14555  7901 16175  5179 13439  2861 56940 12764  4146  5224 13296 12407
  3269  4472 12328 56940 56931 56945 56945 56945 56945 56945 56945 56945
 56945 56945 56945 56945 56945 56945 56945 56945 56945 56945 56945 56945
 56945 56945]
[19, 19] [ 5804  5508  4472 11120 12516  4562 11120  3050  4472  2139 10621  5224
 13212 10067  3074 56946  1240  9028 11211  9444 13920  1925  2792  4472
 11120  8847  1976 10067  3360 56932 56946 31671 56932 13396  5224  9230
  2595 10067   653 56946 52889 56932  6151 11093  4000  4472 11120  8818
 56931 56945]
[17, 17] [56940  1723  5172  4472 11120  2894  8493  8987  1870 11211  7780 11162
 11148  2890  7093 41135 56931   229 12407 10408 23910 11673 12673 13734
  6151 10025 10700 11211 13396 14324  7606  1240   746  8823 46069 16485
  4472  5487 13974 10067 16034  4472 11120  2551  1506 56940 56932  3120
 56931 56945]
[4, 3] [ 5224 56946 15919 26690 14817  9541  4472  2890 17789 56932  5224 56946
 16474 56946 56932  5224 10246  2067 10621  5224 24168 56946 19592 30705
 29193 56932 13478 25713 56932 10291 11211  5804 15364  4472  3229 56946
 13396 56946  6151  5804 56946  4472 13998 56931 56945 56945 56945 56945
 56945 56945]
[12, 12] [12764  5240  1958 11211  1240  7706  7530  6205  6151  2890  3187 11211
  7780 56946 10621 18115  1452  8993 15192  1925  7238 56931 56945 56945
 56945 56945 56945 56945 56945 56945 56945 56945 56945 56945 56945 56945
 56945 56945 56945 56945 56945 56945 56945 56945 56945 56945 56945 56945
 56945 56945]
[14, 13] [ 8630 11211 10291  5804 29899 16079 10621 16113 11120  6670  5240  2890
 29585 11211 11910  6151  6086 56931 56945 56945 56945 56945 56945 56945
 56945 56945 56945 56945 56945 56945 56945 56945 56945 56945 56945 56945
 56945 56945 56945 56945 56945 56945 56945 56945 56945 56945 56945 56945
 56945 56945]
[46, 43] [ 2658 10429 56946  5240  8503  4472  5804 18421  8331 10291  3685  4562
  5224  3612  8984  4472 34867  5226 11120  5271  4472 34790  5226  5804
  4679  4055  4472  2732 56932  6722 56932 11211  7494 56940 12407  3058
 56940 12105  6151  8493  5265 56932  9000  1064 11211 56940  8606  8493
 11169 11753]
[15, 15] [ 5226  5847  7564   753  8373  5657 56932  8503  4532 13396 12461  4562
  6661 56932 11211  5240  5224  5987 56932 10621  5224 56946 56932 11211
  1240  5151 13396  4589  5715 10621  7494  2890 11955 14974 56932 11664
  1231  3172  5240 13171 12562 10291  3775  7811  4151  4618  4472  5879
 56932  2711]
[30, 30] [ 5226  5847  7564   753  8373  5657 56932  8503  4532 13396 12461  4562
  6661 56932 11211  5240  5224  5987 56932 10621  5224 56946 56932 11211
  1240  5151 13396  4589  5715 10621  7494  2890 11955 14974 56932 11664
  1231  3172  5240 13171 12562 10291  3775  7811  4151  4618  4472  5879
 56932  2711]
[13, 13] [ 9827  5848 12436  6205  1231 56940  3527 56940  1633 11120  6098 10468
 10621 13703 10634  1925  5085  4562  5224  1926  8759 56932  3828 13822
 13864   746 14391  8493   791  4472  9609 56932  4693  4472 11537  5418
  4004  5224 13348  6151  4294 56932 13386 11117 11875 10621  3064  1925
  4152 56931]
[19, 18] [ 9775 12611  5165  1925 56946  8984 11211  1641  6151  7851 56932 56940
  5226  1527  4472 13910 56940 56932 14352  4657 15058  6151 11646 14729
  4472 11120 14653 56931 56945 56945 56945 56945 56945 56945 56945 56945
 56945 56945 56945 56945 56945 56945 56945 56945 56945 56945 56945 56945
 56945 56945]
[45, 44] [15058  6151 11120  8494  3548  4472 19063 10621 15853  5226 11120  7693
  5226  4151   514 11970  4472  1231 11150 56932  5224 56946  1759 11211
 56940 12764  1240  8057  3260 56121 56940 10621 11211  4125 15009  6151
  7325 56940 13974  4472  2890 13152  7410 56940 12627  9840 10809 10267
  4992 56931]
[10, 8] [ 5226  1156  1925  4842  8984 56932  5224 56942  1240  9028  8147  4562
 56942  5283  5225 10611 28519 10621  7821 11295 56932  4562 11122 11211
  1240 56946  5226  2890  1601 55060 11120 11844  4472  4842 56932 13749
 10067 56942 13396 14108 56932 11122 11211  5240 56940 12672  7475 56940
 56932 15201]
[7, 6] [ 6151 56946 12764 11117  7780  9591 11066 26600 20749 56932  6197 11211
  5804  1170 14051  1240   746 14212  4472 12350 56931 56945 56945 56945
 56945 56945 56945 56945 56945 56945 56945 56945 56945 56945 56945 56945
 56945 56945 56945 56945 56945 56945 56945 56945 56945 56945 56945 56945
 56945 56945]
[24, 23] [ 5226  5224 13440  4472   424 16565 56932 11120   445  9054 11120  7316
  4472 56946  5224  4291  6151  1231  6319  4472 12121   848  4518 12208
 56946  5226  1884  8493  9436   351 10621 11120  6324  4472  2890 13273
 13595  4472  7079 56931 56945 56945 56945 56945 56945 56945 56945 56945
 56945 56945]
[2, 2] [11122 11211 10501  5240 11211  6151   449 12764  8908  4651  4472  8593
 56932 10621 11674 14887  4161 11149  1601 13965 16493  5226 10644  1926
  1152 56931 56945 56945 56945 56945 56945 56945 56945 56945 56945 56945
 56945 56945 56945 56945 56945 56945 56945 56945 56945 56945 56945 56945
 56945 56945]
[23, 23] [56940  1240  3159 11122 11211   753 11211  8606 56931  5224 14687  5240
 11211  1200  5224  3719  4472  2738  2786 56932 10621 11669  3719  5240
 12407 11757 56932 10621  6151  2814 12764  8518  2738  2786 56940 56932
 15201 56931 56945 56945 56945 56945 56945 56945 56945 56945 56945 56945
 56945 56945]
[32, 31] [56940  1240  3159 11122 11211   753 11211  8606 56931  5224 14687  5240
 11211  1200  5224  3719  4472  2738  2786 56932 10621 11669  3719  5240
 12407 11757 56932 10621  6151  2814 12764  8518  2738  2786 56940 56932
 15201 56931 56945 56945 56945 56945 56945 56945 56945 56945 56945 56945
 56945 56945]
[33, 32] [56940  1240  3159 11122 11211   753 11211  8606 56931  5224 14687  5240
 11211  1200  5224  3719  4472  2738  2786 56932 10621 11669  3719  5240
 12407 11757 56932 10621  6151  2814 12764  8518  2738  2786 56940 56932
 15201 56931 56945 56945 56945 56945 56945 56945 56945 56945 56945 56945
 56945 56945]
[0, 0] [13903 56932 12764  1240  6760  4472  8606  2890 27087  4472 11120   545
 56932  9000  5224  7249 12133 11211 15201 11211  1793  4472  5804   352
  1240    65 11211 11768  7430    85  4575  7799 56931 56945 56945 56945
 56945 56945 56945 56945 56945 56945 56945 56945 56945 56945 56945 56945
 56945 56945]
[15, 15] [56940  7780  9228  1368  8150 56946 11211 15394 56946  5224 14181 10067
 14519 56932  9000  5240 56946 13386   582 14326  5224 14687 56932 12764
 14099 56940 56932  3655  8493  3273  4472 15689  8762 56931 56945 56945
 56945 56945 56945 56945 56945 56945 56945 56945 56945 56945 56945 56945
 56945 56945]
[26, 25] [56940 11090 11211 14900 11120 13097 13371  1601  4472  9540 56931 12764
  1240  6760  4472  4831  3260 56932 11664  5240  8493 14804 11211 14915
 14315  5848  3899  4151  7374 11211 42726  4472  6256  6151  4151  1539
  4043 56940 56932 15201 12778  6151   424   413 56932  9650  4472 11211
 56940  1240]
[30, 29] [56940 11090 11211 14900 11120 13097 13371  1601  4472  9540 56931 12764
  1240  6760  4472  4831  3260 56932 11664  5240  8493 14804 11211 14915
 14315  5848  3899  4151  7374 11211 42726  4472  6256  6151  4151  1539
  4043 56940 56932 15201 12778  6151   424   413 56932  9650  4472 11211
 56940  1240]
[23, 20] [ 3667  4233 22418  7780 10844 11211 56940  5224 12788 10067  5589  4750
 12764  5240  5224 14271 56932  5240  5224 11211  7782  8823 11211  7494
   424  3597  4562 13967 56932 11136 56934  4569 10067  5688 56935 56932
  5534  5924  4472  4864  5224 11426 56940 56931 56945 56945 56945 56945
 56945 56945]
[13, 13] [ 5224 15548  6394 12937  4151  2136   321  6151 11120 12536 56932 14122
 11211  1396  8993  4979  5226 11120 14088  4472  5804 14821  2356 56931
 56945 56945 56945 56945 56945 56945 56945 56945 56945 56945 56945 56945
 56945 56945 56945 56945 56945 56945 56945 56945 56945 56945 56945 56945
 56945 56945]
[29, 26] [ 5224  8876  3430  8628 13396 11120  2198 10067 15175 16782  5217  1231
 15323  1925  6319 56932  5226   227  4472    24 13901  4472  4151  4290
 56932  3585 11211 11673 56940 23715 56940 15803  4472 11120 56940 12088
  9742 56940  4472  5804  9135 10067 12638 10621 10067 56940 12869  4472
  1231 10056]
[40, 39] [ 5224  2792 10246 56932 13029 13420 56932 10651  1231   445 13396 11120
 14720  5224  6260 13348 20490  1925  9322 10067  6319  5226  2890  2625
  5942 10621 26284  5226  7821    50 56932  6862 14691  4472 11211  8209
 56932 13396 11122 11211  4770  4472   445 56932 13822 15344  5226 56946
  4472  8851]
[14, 12] [ 5224  2792  7466  6299 11211  1240  5917  6151  9687 10680   465 10291
  3544 11211 11418  8493 15583  4472 15541 10611 11120 11635 56932 11211
  5226 11120  5411  7494 56942  5137 56932 10621  5224  6407 15548 56931
 56945 56945 56945 56945 56945 56945 56945 56945 56945 56945 56945 56945
 56945 56945]
[19, 18] [ 5224  2595  4472 12031 12506 10067 13723 10208 56946 56932 16190 56946
 56932 15201 11211 10611  5804  3034 11211 16884 14233  9490  8971 14914
 16957 11211 10463 10495  1231 12659 56931 56945 56945 56945 56945 56945
 56945 56945 56945 56945 56945 56945 56945 56945 56945 56945 56945 56945
 56945 56945]
[27, 25] [ 5224 12500  5226 12031 12506 10067  9541  7535 56934  5120 56935 56946
 56946  1694 56940 56946 56940 11120 11311  4472 56946 10621  1793 11117
  6005  4472 12208 56946  4151 22310  4472 11120  1391  3469  1925 14233
 56931 56945 56945 56945 56945 56945 56945 56945 56945 56945 56945 56945
 56945 56945]
[40, 40] [ 1240 10566 11211  1233  4151 32558 13835  4472  9540 12764  2182 34335
  2890 14399 12297 12297 10621  1240  5083  3058 11211  6205 15145 12297
 12297 56932  5804  5286 10067 27049   209 10378  5224  5823  4472  5804
  8373  9979 22495  1233  5240  5224 10386 27200  6151 15255 13386 56946
 13822 13835]
[16, 15] [11120  7384 11828  6151 13815 11211 48215 11120 12695 12391  6151 14593
 56946 56932 11211   668  2529  5224 12835  4472  4151  4290 10067  6260
 56942  4472  5385 13396  1147   197 56932 10621 12764  6950 10506 56932
 13371 41295 11120  6805 10471 56931 56945 56945 56945 56945 56945 56945
 56945 56945]
[2, 2] [ 6196  4550  5850  6151 11325 16168 10621 12764 25328 11674 13396  3260
 56931 56945 56945 56945 56945 56945 56945 56945 56945 56945 56945 56945
 56945 56945 56945 56945 56945 56945 56945 56945 56945 56945 56945 56945
 56945 56945 56945 56945 56945 56945 56945 56945 56945 56945 56945 56945
 56945 56945]
[21, 20] [ 5226  1231 10785 56932  5224 56946  9823  4472  2654  6485  5226   425
   989  6151  5224 13640 11211  1231 10101  3349 14412   853    59  7956
  5804  6361  4472  4276 13371  9852  6151  4151   621 11211 14629  5804
  6829  5217 11120  7070  4472  8945  2370 11120 14611  1912 56931 56945
 56945 56945]
[6, 6] [ 5224  9230  6351  4151 10219 11211 23111   424 14339 56932 13396 11120
  4073 10067   653  8984  6151 35964  4855 11120  4904  4472  4151  8373
    21 56932 10621 13382 11211  5224  2631  4472  9222 56940 10608  7323
 11211  8859 10621  3162 11117 16065 56932 10621  5224  7711 56932 13396
  1231 12135]
[13, 12] [10634 11122  7494 15277 13344  6151 17488  4472  1761 10067 13913 56932
  9000  5240  4472  6762 11211  1808  5856  8493 10177  8791 10291  9537
  6151  5804 11211 12764 15394 12384 56946  1685 15404  4472 11120 14443
  4472 56946 10621 34516 56931 56945 56945 56945 56945 56945 56945 56945
 56945 56945]
[31, 27] [ 3667 14114  8568 56932  5217  5224 14451 16950  4472 11120 14571  4472
  1447  3951 56932 14576 11120   681 10067 14399  2861 56940 13938   273
  6151  8493  4472  4151  1088 14971 11211 56946  6151 15986 10621 40058
 56940 13371  5240 56940 11120 16029  4472 11120  6146 56940 56931 56945
 56945 56945]
[27, 27] [ 5224 14883 13064  9017 56940 11120 15485 56940 11211  7780  7581 12892
 11120 12040  4472 11120 11921  1095 15161 56932  1071 10291  5224 56942
 56932 10621 11211   582  5471  4562   683 56942  2851 56931 56945 56945
 56945 56945 56945 56945 56945 56945 56945 56945 56945 56945 56945 56945
 56945 56945]
[23, 21] [13658  7296  4562 11120 15098 15252  4472 11120 11840  7511 56946  2890
  8512  4472   420 11970 11211  7829  5224 56942  4472 13330 10621 16105
  3479  5224 11255  3786 11950 56942 56931 56945 56945 56945 56945 56945
 56945 56945 56945 56945 56945 56945 56945 56945 56945 56945 56945 56945
 56945 56945]
[24, 24] [11122 11211 12764  3159  5240 11211  7906 11122 11211   373 56946  5226
  5224   626  4472  1231 15367 12764 15145  8053  9071 10954  8053 11211
  2343  2890 56946  4472 23420 56931 56945 56945 56945 56945 56945 56945
 56945 56945 56945 56945 56945 56945 56945 56945 56945 56945 56945 56945
 56945 56945]
[34, 31] [ 5224  2595 10067   653  5692 56932  4699 13413  7856 56932 11211  7780
   880  6197  8373  2814  6151  4188 10045 11211 56946  4151 12541 11211
 34754  5224 13019  4472  7668 56932 12828 11211  4151 56946  1790 10067
  9230 28815 11211 56940  1240  8229 56940   853 56931 56945 56945 56945
 56945 56945]
[11, 10] [13280   683  5137  1240  4117  8493  8889  5217  5199  6391 11211 13074
 14662  4472  2890  3179  1139 56931 56945 56945 56945 56945 56945 56945
 56945 56945 56945 56945 56945 56945 56945 56945 56945 56945 56945 56945
 56945 56945 56945 56945 56945 56945 56945 56945 56945 56945 56945 56945
 56945 56945]
[9, 9] [56940  6997 11211  5207  7780  3720  5224  1437 14260  8946 14792  9496
  4562   420 13349 56940 56932  6299  5224 14479 56932 11211  1240  3623
 56940 28983 46063 56940 56931 56945 56945 56945 56945 56945 56945 56945
 56945 56945 56945 56945 56945 56945 56945 56945 56945 56945 56945 56945
 56945 56945]
[21, 16] [ 5224 12956  4472 10880  4472 14564   498 56932  5226  5051 56932 12492
   217  8493  2749  4472   420 11545  4472  9146 11211 56946 11120  1518
  4472 11120  8069  6151  7423 10067 11827  2067  1997 56931 56945 56945
 56945 56945 56945 56945 56945 56945 56945 56945 56945 56945 56945 56945
 56945 56945]
[35, 34] [ 5224 10673  4463  5224  3786  5226 11120 13476  4472 11120   963 56932
  5226 10451 56932  4716 12948 10899  1453 15083  4472    52  5538  6151
 13649 56942  6149  4472  9063  6969 10621  6438 56932 11122 11211  6913
  2890 56946 10067  4065    69 10621  2890 13909 12407 14974  4472  4151
 13720  4562]
[3, 2] [ 5224  3849  3077 15591  8493  4127 13396  5946 10291  5804 14210 10655
 10621  5804 56946 56946  4472  8493  5474  4472 24806 15404 56931 56945
 56945 56945 56945 56945 56945 56945 56945 56945 56945 56945 56945 56945
 56945 56945 56945 56945 56945 56945 56945 56945 56945 56945 56945 56945
 56945 56945]
[15, 14] [ 5224  3849  3077 15591  8493  4127 13396  5946 10291  5804 14210 10655
 10621  5804 56946 56946  4472  8493  5474  4472 24806 15404 56931 56945
 56945 56945 56945 56945 56945 56945 56945 56945 56945 56945 56945 56945
 56945 56945 56945 56945 56945 56945 56945 56945 56945 56945 56945 56945
 56945 56945]
[6, 5] [ 5224 14299  5769 13987  8036 27637  3017  1170  5226  5224 29943 12761
 10621  4161  5224 12675   972 12764  1240 56946 11120  8998  4472  1233
  7334 56932   848 12764 56932  1633  5224 12741 56932 12889  4562  8493
 26036 13328  9840 12350 56931 56945 56945 56945 56945 56945 56945 56945
 56945 56945]
[6, 3] [ 5226 13440  4472 11211   375  9369 11355  1231 14115 56932  5224 19938
   229  5224 15250 11138 56946 56931 56945 56945 56945 56945 56945 56945
 56945 56945 56945 56945 56945 56945 56945 56945 56945 56945 56945 56945
 56945 56945 56945 56945 56945 56945 56945 56945 56945 56945 56945 56945
 56945 56945]
[17, 16] [56940 14931  8998 11325 13430   865  4151  4472 11400 11120  5265  4472
  9214 10621  1659 11211  9388  5850 13010  4472 26954 56940 56932 56946
  5224 14881  5972  4472  7093  8965 56931 56945 56945 56945 56945 56945
 56945 56945 56945 56945 56945 56945 56945 56945 56945 56945 56945 56945
 56945 56945]
[49, 47] [ 5224  2595 15512 56946  6151 11120  6393  4472   719 35913 13371  4569
 15512  6151 11120 12695 10067   653 56932 10621  1040 11211 56940  5240
 40397 11211   418 14502  8155 11211  7936 28470  1231  9630 12031  5529
 13396  1231 10098  4562 36170 10621 56126 56932  8630 11211  5992 56932
 11211    85]
[35, 32] [ 5226  5804  4393  9939   746 17561  8373  2814  4562  6761  5717 11120
 13439 56946  5226 11120 13733  4472 56946 10621  2890  4476    85  4869
  6151 15131  4472  2890 10673  5226  5224  5135  8630  5804 56946 47940
 56931 56945 56945 56945 56945 56945 56945 56945 56945 56945 56945 56945
 56945 56945]
[47, 44] [ 5224  4259  4472 11120  8767  4472 56946 56932 12781 10745 56932 16791
 15192 10067 10833  4472 56946 56932 18224  4758  9403 56946 56932  5065
 11120 23419  6151 11120 14508 10621  5666 56946 56932  9000  5534 11120
  7132  8356 11120  1056 10291  5231 11120 49989 56932  5224 10819   981
 11120  1618]
[15, 14] [56940 11325 27166  5597 10067  2908  4472 16980  8268 56931  6997 11211
 15083  4151  3765 18430 10621  3919 11211  8503 12764  7494 13171 10587
 11211  9483  6151  8606  4472  6226 56940 56932   668   424   948 56932
  8334 13280 56942  5137  5226 14564 14557 56931 56945 56945 56945 56945
 56945 56945]
[4, 3] [11120  4816 12683   915 56946  5226 56946  4472 56946 56934 12334   468
 56935 56931 56945 56945 56945 56945 56945 56945 56945 56945 56945 56945
 56945 56945 56945 56945 56945 56945 56945 56945 56945 56945 56945 56945
 56945 56945 56945 56945 56945 56945 56945 56945 56945 56945 56945 56945
 56945 56945]
[29, 25] [11120 12695   635 56932 11211 12948  6950 14204 11211  8606 13344  6151
  4151  2062  4472  8493 31788  4472  9135  4472  2890 14573 10067  5879
  3733  4472 11602 11211 15130 12732  8274 56932  1240   262  3245  4562
  8493 10507 13396  4151 19704  6047 10621  2131 12732 10291  6824  4151
  3464 56940]
[5, 4] [ 5224 13576 15512 11046 47557  1040 11211  5226  5224  6319  5692 11418
  2890 56940  7581  4472   374 56940  1079 13396  3572 56932 20997 13396
  5227 10621 56940 36733  4562  7646 56940 13396  5224  5328 10621 15610
 56932 10621  1694 11211  5224   653  5692 12764 11606  1338  4290 13396
  2275  6151]
[34, 30] [  731 56932  5226  7809  5226  5804 24135 10067  1950 56932  1694 11211
  4151 10233 11211 15257  2890 13019 13371  5224  4472  4758 10958  9775
  4472 36820 11526 11434 10335  4562 11120  3363 10291 12208  5307  6151
  8493 11851 10236 56931 56945 56945 56945 56945 56945 56945 56945 56945
 56945 56945]
[34, 33] [ 5224  2595 10067  5328 56932 39404 56946 56932  1040 11211 56932  1233
 15206 10621  5227 12764 15690  2254 11211  1340 56940  1863 12033 56940
 10621  7508 10291 56940 15336 10621  5307  6151 15488 11211  9444 56946
  1633  3572 56940 56932  1240 11095  2890 14555 13959  5226  5224 11211
  4151 14862]
[21, 19] [11120  6686  4472  1163  4472  3108  5648   217 56932  8788 56932  8493
   967  6151 11120  5332 10621  1231 13343  9823 56946 29482  6151  4151
 56946 11613 56942 13349 10621  1240 22583  5226 56946 56931 56945 56945
 56945 56945 56945 56945 56945 56945 56945 56945 56945 56945 56945 56945
 56945 56945]
[27, 26] [ 5226  3646 56932 12948  1240  8978  5224 14399 10611  4942 56932  8567
 10621  9541 12776 56934 14363 56935 11211  1670  2890   653   763  4472
  6462 56932 11211 10475  3030 13396  5224 15512  4758  6777 56931 56945
 56945 56945 56945 56945 56945 56945 56945 56945 56945 56945 56945 56945
 56945 56945]
[3, 1] [ 6151   661 11211  2417  5804  3861 56932 11120   445  5061 10621  4151
 13864 31867 10267  1004 13171  9158 56931 56945 56945 56945 56945 56945
 56945 56945 56945 56945 56945 56945 56945 56945 56945 56945 56945 56945
 56945 56945 56945 56945 56945 56945 56945 56945 56945 56945 56945 56945
 56945 56945]
[14, 14] [ 5226 56942 56932 11120 14623  5683  1033  9801  5224 10855  4472  7380
 56932 11211  9490  8192  3853  5226  3320 56931 56945 56945 56945 56945
 56945 56945 56945 56945 56945 56945 56945 56945 56945 56945 56945 56945
 56945 56945 56945 56945 56945 56945 56945 56945 56945 56945 56945 56945
 56945 56945]
[22, 19] [ 7868  5224  5887  9823 10067  7581 56932   736 13396  1231   681 10621
  3907  5804  9138  4472  2281  4472 11120 14623 56932 11211  9652  4151
 56942  3102 56932  4562  2890  8716 10067 56946 56931 56945 56945 56945
 56945 56945 56945 56945 56945 56945 56945 56945 56945 56945 56945 56945
 56945 56945]
[24, 21] [ 5224  1782 10067 13723 10208 10718  5226 15252 56932  8747   285 56932
 13037   217  5224 11549 10067 11183 14491 13927 10291  2739  2890 14555
   653 56932 15023 11120  6393  4392 10067 10379 11211  4605  5224  9101
 12701  2849 56946 56931 56945 56945 56945 56945 56945 56945 56945 56945
 56945 56945]
[7, 5] [56940  2831  5226 14662  5224 11950 11211  5240 10621  5224 11554 11211
  7780  9591 56932  1469 12407 12018 56940 56932 56946  1925  7261 10067
 11950 28395 12511 56932 13488  4472 56946 33312 56932 30209  4472 11120
  1404 56931 56945 56945 56945 56945 56945 56945 56945 56945 56945 56945
 56945 56945]
[47, 46] [13396 13676 56932  5224 13576  6695  1240  8944  6151 11120  7092  4472
  8493 14988  4472  4391  4472 11120  3077 56946 56932 56940 11122 11211
 12764  1240  7709  8606 10380 56940 56932 10621  6299 11211  5226 11122
 11211  1240  1626  6151  5804 13767   848 13857  4472 15446 11211  1340
  5488 14729]
[7, 6] [ 6205 11211 11372  1240  4695  5224 13755  6757 11372 11120  4656 13497
  5804  6724 56931 56945 56945 56945 56945 56945 56945 56945 56945 56945
 56945 56945 56945 56945 56945 56945 56945 56945 56945 56945 56945 56945
 56945 56945 56945 56945 56945 56945 56945 56945 56945 56945 56945 56945
 56945 56945]
[30, 30] [ 5224 12675 12337 11211  1240  6125 10291  9701  4151  3062  4472  8427
   848  4472 11757 56932 10621 11211  4550  1240 35131  3245  4562  5224
  2693 56932  4562  8493 22621 11211  5240  8503  4472  5804   234  7811
 33568 13396  5224  9429 56931 56945 56945 56945 56945 56945 56945 56945
 56945 56945]
[40, 35] [ 5226  5224 10103  4966  3245  2430  3662 56932  5224  4569  4263  6151
  7423 56932 13386 56932  7868  7898 15646  4293  4461 56932  9840  5506
  5226  5224  2792  4472 11120  5956 56940  4472  9591 56940  5226 13440
  4472 11211  5224  2189 12000  5226 11120  8290  7037 56932  6418  6151
 11120 13205]
[14, 14] [10621  5240 11211  4550  5804 23313  6492 15157 10291 29494  5804 56946
 56932 10621   865  5314  5804 11211  5207 18503  1231  8298 56946 56931
 56945 56945 56945 56945 56945 56945 56945 56945 56945 56945 56945 56945
 56945 56945 56945 56945 56945 56945 56945 56945 56945 56945 56945 56945
 56945 56945]
[17, 15] [ 5224 30057  5240 12672 12407  1529 10621 12764  7709  9406  6151 11120
   128 56932 10621  5804 56946 12013  4472 11120 13715  4472  1231 10177
  2861  5224 30057  5240 10291  6221 11120  7626 56931 56945 56945 56945
 56945 56945 56945 56945 56945 56945 56945 56945 56945 56945 56945 56945
 56945 56945]
[2, 2] [ 5224 30057  5240  8493 50195  5226 11120 21362  4472 11120  5272 10621
  1925 56946 11117 10501  3245 11122 11211  6151 11120   520 56946  2861
 11211  1233 11117 56946 11120 50195 12764  1240  6469  5226  8493 27590
 56932 10954 11211  1240  4770 10291  6221 11120  7626 13371  8493 56946
 56946 10621]
[18, 13] [13396  6226   428 11117 15515  5224  5798  9599  4472  4487  4472 11120
  9584  4472 56942  2861 14260   915  2529  8493 13480 56932 12889  3260
  5226  1231  4584  1240 11122 15301 56931 56945 56945 56945 56945 56945
 56945 56945 56945 56945 56945 56945 56945 56945 56945 56945 56945 56945
 56945 56945]
[2, 1] [ 2067 55193  7534  1691  4472  5589   948 12297 10621 11122  5240 12297
  9000 11117 13295  1231 56946 13371 21304 56931 56945 56945 56945 56945
 56945 56945 56945 56945 56945 56945 56945 56945 56945 56945 56945 56945
 56945 56945 56945 56945 56945 56945 56945 56945 56945 56945 56945 56945
 56945 56945]
[33, 30] [15083 10067 12679  7759  4472 11120  2809 56946  1132  5224  7347  1540
  4472 56946 56932 10621 13371  9379  8373 56932   473 10621  6256 56932
 14811 12758   425  1578 56932  5240  8931 11211  1240 31241  4562  8025
  1925  7261 56931 56945 56945 56945 56945 56945 56945 56945 56945 56945
 56945 56945]
[0, 0] [ 5123 15083 11211 12645 55285 11120  7037   229  9388  5123 10540 56931
 56945 56945 56945 56945 56945 56945 56945 56945 56945 56945 56945 56945
 56945 56945 56945 56945 56945 56945 56945 56945 56945 56945 56945 56945
 56945 56945 56945 56945 56945 56945 56945 56945 56945 56945 56945 56945
 56945 56945]
[18, 17] [ 5224  9699 56946  6151  5831   553  5226  1231  5187  4472   378  8493
  4722  4472  8973    97 10621 11949  3775  1231  2415 56931 56945 56945
 56945 56945 56945 56945 56945 56945 56945 56945 56945 56945 56945 56945
 56945 56945 56945 56945 56945 56945 56945 56945 56945 56945 56945 56945
 56945 56945]
[10, 9] [10529 56932 27527  4472  9158 56932  5240 41007 13396  2188 18013  6151
 11120 17871  4472  1231  8844 46516 56932 32334  5226  1231 56946 56931
 56945 56945 56945 56945 56945 56945 56945 56945 56945 56945 56945 56945
 56945 56945 56945 56945 56945 56945 56945 56945 56945 56945 56945 56945
 56945 56945]
[6, 6] [ 4472 10142 56932  5240  6477 11211 15145 13171 13466 11211 11120  8290
 12220  8972  1240  5588  5534 11122 13280 11120 11093 56931 56945 56945
 56945 56945 56945 56945 56945 56945 56945 56945 56945 56945 56945 56945
 56945 56945 56945 56945 56945 56945 56945 56945 56945 56945 56945 56945
 56945 56945]
[44, 41] [56940 11120  1147  4472  5804 18619  4562 13331 14482  2529  1189  3540
  5226  5224  4492  4472 11211  8818   848  9277  1240 56946 56932 56931
   428  5240  6418  6151 11211  1776  4562  4151 17428 10621 56932 13396
 13554  1240 19456  4472 12402 56931 56932  8593 26156  6151 15223 11211
 56932  5226]
[22, 22] [ 5534   865 45629 13396  4151  4931  1240  3240 56946 10621 56946 11211
  5317  6151   245  5804 15691  7750  4472  4151  1325 11211  1257 11120
  1713 16073 14750 15168  6151 56946 11211  8540  9825  4186 36642 56931
 56945 56945 56945 56945 56945 56945 56945 56945 56945 56945 56945 56945
 56945 56945]
[8, 7] [ 8953  8782 56932 13396  1231 12135 56932  8321 14500  6151 11120 12031
 56932  8057 56946  4472 56946 10621  1321  9418 24952  5226  1231  6325
  4472   245 13396 11120  8728 11120 56946  4472 13822  9778 56931 56945
 56945 56945 56945 56945 56945 56945 56945 56945 56945 56945 56945 56945
 56945 56945]
[14, 13] [ 8953  8782 56932 13396  1231 12135 56932  8321 14500  6151 11120 12031
 56932  8057 56946  4472 56946 10621  1321  9418 24952  5226  1231  6325
  4472   245 13396 11120  8728 11120 56946  4472 13822  9778 56931 56945
 56945 56945 56945 56945 56945 56945 56945 56945 56945 56945 56945 56945
 56945 56945]
[17, 14] [ 1925 12691  2069  4472  8216  8865  5466  5226  7415   661  6151   424
 12284  9580 56932 12249 11211 12703 10413   682 13310  4472  2972 11211
  2986 15526  9193 10621  7803 11120 14299 56932 11372  4855  4472  5187
 14474 56931 56945 56945 56945 56945 56945 56945 56945 56945 56945 56945
 56945 56945]
[16, 16] [ 2308 56932   111  7780 14520  2890 13152 10291   877  6108 10401  4472
 56946 56932 11122 11211  6913  2890  9716  3443 56932  1233  4518  9379
  5657  4472  4573   865 10562  8344 56932 12764 14260  1240 56946 56932
 10954 14260  1240  2850  5224 12297 10008 12297  6151  9505  9441 56931
 56945 56945]
[26, 23] [ 5804 14619  6205  1902  3782 56932  1793  4472  5834  8472  5226 14035
  4472    84 11523 56934 12297 10008 12297 56935 56932  8493  4933  4243
  8241 11211  7880  2890  7415  4667  4472  5351  4472   453  4521  4562
  5834 10401 10621  8472 56931 56945 56945 56945 56945 56945 56945 56945
 56945 56945]
[5, 3] [ 5226  6226 13440 56932 14917  7325 56946 11120 14964 10067   175  4472
  6471  6151   273  4472 10667 12764 13554  4151 13993 13939  9254 13371
  5224  7532 10067  2597  5226 11211  1240   746  7683 10621  1231 11977
 11697 56931 56945 56945 56945 56945 56945 56945 56945 56945 56945 56945
 56945 56945]
[22, 21] [ 5804  5234  9491  3018  5226 13822 12517  4472  9424  4472  6041 10621
  5226  5224  8966 11211 12623  5224  7147  4472 15243 11211  4050 12322
 10067  5905  4562  5224  7992 10067  1926 56932  5224  1095  4472  4816
 18059  1925 15018 56932  8955 13396  5224  9283  4472  5234  9491 11211
  1240  9567]
[1, 1] [ 4345  7494 56942  5137 10621  1240 56946 13371  2890 12297 10141  4472
 56946 12297 56932 11211  1240  7780  7980  5226 40449  5217 13280  3421
  5137 12297 13371  1490    13 15308  4472 10454   848  4472  3789 10067
  5765 12297 10621 56932 13396 11674 56932   668 11211  6197 12764  2645
  5224  5407]
[39, 37] [ 5226  6226 13440 56932  1240  1630   264 15526 11211 56932  7878 45451
  4472  3572 11120  8048 56932 11120 12596  2273  5226 13910  4472 56061
 13822  3136  2861 12297 11372  5207 13116 11372 12473  1031  4472 11211
  3572   418 12355 18848  2890  2776  4472 22167 13371  5804 56946  5226
  1787 10067]
[14, 11] [ 4472  1004  5226  5534 56932  2344  1240 42907 10291 56946  5224 15790
 13396  1233 20258  2317 11120 16348 54812 10067  2294 56931 56945 56945
 56945 56945 56945 56945 56945 56945 56945 56945 56945 56945 56945 56945
 56945 56945 56945 56945 56945 56945 56945 56945 56945 56945 56945 56945
 56945 56945]
[2, 2] [ 6196 11122  3291 56932  9000  5240 13741 56946 56931 56945 56945 56945
 56945 56945 56945 56945 56945 56945 56945 56945 56945 56945 56945 56945
 56945 56945 56945 56945 56945 56945 56945 56945 56945 56945 56945 56945
 56945 56945 56945 56945 56945 56945 56945 56945 56945 56945 56945 56945
 56945 56945]
[5, 5] [ 6196 11122  3291 56932  9000  5240 13741 56946 56931 56945 56945 56945
 56945 56945 56945 56945 56945 56945 56945 56945 56945 56945 56945 56945
 56945 56945 56945 56945 56945 56945 56945 56945 56945 56945 56945 56945
 56945 56945 56945 56945 56945 56945 56945 56945 56945 56945 56945 56945
 56945 56945]
[6, 5] [ 2052 13344  6151  4151 11868  3828 12731 14923 12060 10621  5668  1503
  6151 56946 56931 56945 56945 56945 56945 56945 56945 56945 56945 56945
 56945 56945 56945 56945 56945 56945 56945 56945 56945 56945 56945 56945
 56945 56945 56945 56945 56945 56945 56945 56945 56945 56945 56945 56945
 56945 56945]
[4, 3] [56946  4472 14555 13802 15040  5224  6158 11211    65  7928  5226  5224
  2175  4472 11120 12673 13030 11211  1240  2049 11120 12661  4472  2890
  6858 56931 56945 56945 56945 56945 56945 56945 56945 56945 56945 56945
 56945 56945 56945 56945 56945 56945 56945 56945 56945 56945 56945 56945
 56945 56945]
[15, 14] [ 8596  3686 29511 56932 14260  9490 13651  5226  5224  7966 56932 10621
 14931 11744 12171  9490  6229 56946  1633 13822 10664 56932 13732 56932
  5806 56932   119 56932   494 18672  8493  1004 56932  1925  1242 56932
  8493 12921 16635 56932  5534 11120 14851  1240  8057 37077 56931 56945
 56945 56945]
