[10, 7] [ 5224 11183  3667  4233  5388 10067  2625 11211 11122 16738  5217  1352
  4562  2890  3983  4472 13395 16855 10621 11120 13814 10696 10027  2890
 20115   897  6997 56931 56945 56945 56945 56945 56945 56945 56945 56945
 56945 56945 56945 56945 56945 56945 56945 56945 56945 56945 56945 56945
 56945 56945]
[7, 5] [ 5224  3612 11211 13171  4739  7780 18982 10067 37140  9518 11943  4150
  5240  5224  5683 13579 56931 56945 56945 56945 56945 56945 56945 56945
 56945 56945 56945 56945 56945 56945 56945 56945 56945 56945 56945 56945
 56945 56945 56945 56945 56945 56945 56945 56945 56945 56945 56945 56945
 56945 56945]
[25, 24] [ 5226  5224 12675 10103 10471 56932 13707  7780  5664 11120 13908  4472
  1231  9541 13396 11120 56940 24919 56940  4472  9453  3682 11211  1240
 11158  5217  2668  6151 13579 10621  7780 14043  6151 13578 11211 56932
  1233  5240  2792 10067   653 39266 56940 56946  5488 17755 14260  7053
  5226   428]
[27, 26] [56940   603  6151 11120  4988  4562 11120  4188  3288 11211 12171  7782
  8823 56931 12764  5240  2890   821 18068 10291 10809  5226  5804  1304
 56932 11122 56946  4472 12024  7147  1233  7016 56940 56932 11499 56931
 56945 56945 56945 56945 56945 56945 56945 56945 56945 56945 56945 56945
 56945 56945]
[33, 25] [20385 56946 56932 11211   425  1578  7780  8823 14694  3204  5217  5224
 22961 56932  8902  2890  2350  1925  4685  4472  9450 10621  6151 10958
  9502  4562  2890 12168 11211  1043  1925  3612  5692 10291  5606  8493
   455 56946  7956  5224  5576 56934 56946 56935 56931 56945 56945 56945
 56945 56945]
[43, 41] [56946  7780 14264 11397 56942  6149  4472   213 10067 15097 56946 56932
  8493 14364  9898 11211  1240 19636  8415  5226  5224  5609 12728 56932
 10621 11646 56942  6149  4472  6438 52345 56932 11211  1240  7704 13371
 14028  2370  5224 21005 11211  1240 32282  5217  5224 15097 56946 56931
 56945 56945]
[39, 37] [  731 56932  5226  7809  6151 14374 56942 10368 13396 14196 56932  1040
  1793 11211 56940  5224 56946  5240  2166  5534 11120 13450 10067  9541
  5240  4073 56940 56932 10621  7620 13396 56940  8493  5404  5041 10621
 56946 10291  4746  4472   424 56946  4472 14694  5137 56940 56931 56945
 56945 56945]
[47, 45] [11120  3059  1240 10532  6151  4151 56942  1362  4472 11120  1296  6151
 56942 10440  4472 11120  5918  4472 56946  5534  2890   412 56946  6151
  2890 36645  5226  4890 28434  7616  2890 13723  4472 56942  6381 56932
   713 10621 17061 11211 56932 13371 10267  5244 56932  1240 56946  5217
 13822  3034]
[3, 3] [10827 53241  8993 12015  7780  4643  2890 14505 13977 56932 10621  4151
 13961  6801  4472  1231 14088 56932  4151  4472  2890 11435 11211 56932
  5040 13396  5804 12715 56932  7780 14069 11120 12090  4472 12764  5115
  4151 11401  4472 30655 10621  4472 56946 56932 11372 11120  7508  4472
 11789 56932]
[37, 33] [ 5226  1231 10785 56932  5224 56946  9823  4472  2654  6485  5226   425
   989  6151  5224 13640 11211  1231 10101  3349 14412   853    59  7956
  5804  6361  4472  4276 13371  9852  6151  4151   621 11211 14629  5804
  6829  5217 11120  7070  4472  8945  2370 11120 14611  1912 56931 56945
 56945 56945]
[47, 44] [56940 56946 56940 56932 13371  1240 11117  9142  5226 56946 56932  6197
 16738  1925  1883  9222  6151  1231  9925 13280   683  5137 10621   217
  9127 11211 56932  1925 20871  4472 11211 13211 12954 17069  4472 14555
  6151   425  5346 56932  8321  2529 12342 12675 13386 11120 56946  5217
 11120  9639]
[14, 12] [56940  1659 11211  3245 21045 11211 56932  5534  5224 11955 10067  5766
  7780 15566  4472 56942  6151 56942  5895  5224  5766 56932  5240 11120
  1369 11120 11211  7494 11211  7099 56940 56932  3655  5224  8086  4472
  3806 56931 56945 56945 56945 56945 56945 56945 56945 56945 56945 56945
 56945 56945]
[23, 22] [ 7868 56946 56932 56940  1240    58  4472 11211  2464 56946  4472 14847
  1925 13105 11085 11211 11606 10290 11120  9849 10621 11211   546  5217
  5224  7560  4472 11120  6275 12957  4472 13732 56934 56946 56935 56932
  6534 13396  5224  3538 11085 10067 25634 56932 11211   373  5226 14614
  4472  9805]
[21, 18] [12889  5224   864  1373  6111 56932  3245  5466  6151 54399 10646  5804
 17678 56932 56940 12672 11211 15394  2986 13171 12562  6151  5804 10585
 10067  7770  6151 11120  4000  4472 10731 17678  4472  5804 56946 11211
 11597 56940 56932 14504 10215 56931 56945 56945 56945 56945 56945 56945
 56945 56945]
[7, 6] [ 5226  5224  6173  5224 22798  1240  2031  5217 56946 13310  6151 11116
  8426 10621  5224  2610  7494  2890  4323  4472  2010 56934 12297 38528
 10621 35658 35446  4472  4151  9611 13371  6086 15394  8902  6151 10912
 56932  9000 13569  4472 12764 39968 11372  8606  5224 30738 56932 14260
  6197 12764]
[15, 18] [56416 12758  6151 11120 13812  5226 56942 56932 10621 12752  1240  7780
  9002  1000 11211  6151 15952 11117 14939  5506  5226  5224 14555  9444
 21512 56934  3645 43966  5226 13998 56932  9000 11562 14931 11107  1379
 13171 10067 56942 56943  4472 13822 10430 56935 56932 11211 56946  1240
  3648 16443]
[32, 25] [ 4550 11211  4299  1009 56932  6197 11211 12342  5240  5224  2471 10341
 11211  1240  4338  6151 11120 13300 16294  4472  8493  4415 12874 56932
  5207  5317  3245  4151 14596  3039  4472 13916  5217 14564 15067  2861
  1925  8871 56932  8493  9398  4472  4906 11211 13280  8834  3861  4603
 12764 13765]
[11, 8] [ 5224  4154  6201  5224   515  4472  9728 11211  1776  4472  4864  5217
  2890 14293   763 56931 56945 56945 56945 56945 56945 56945 56945 56945
 56945 56945 56945 56945 56945 56945 56945 56945 56945 56945 56945 56945
 56945 56945 56945 56945 56945 56945 56945 56945 56945 56945 56945 56945
 56945 56945]
[5, 4] [ 8596 11122  9490  4492  4746  4472  1231  5879  4562  5224  1405  4472
 29059  4472 12672 11211 12764  8946  7247 56932 10621  9490  5492  5224
 43844  4472  1168 12673  1925  4201 11211 12764 17667  5224  8870 20034
 13396  9068  5000  6151  5804 10229  3861 56932 10621   151 13396  9394
  5137  4562]
