[12, 10] [ 2034  8902 12543 13171  3073  6151  3667 12333 56932  6151 13386  4075
  7423 11100 56932  1793  4472  3676 56931 56945 56945 56945 56945 56945
 56945 56945 56945 56945 56945 56945 56945 56945 56945 56945 56945 56945
 56945 56945 56945 56945 56945 56945 56945 56945 56945 56945 56945 56945
 56945 56945]
[2, 1] [ 8630  5240  9918 11120 11169 15583  4472  2658  4472  4821 10621  1231
 56946  4969  4472   928  4562  4151 21439 44092 10696  4472  1723 56932
 20645  4472 15252 56932 17934  4472  9161 10621  6810  4472  2919 56932
  5240  3058  4592 11120 13171  8484 27326 10611 56946  4472 15252 10621
   184  4472]
[16, 15] [11120  6574  4472 13444  4472  5804  2594  1240  3747  5224 11255  4522
  5226  3108 10621   373  1722 11120  6945  4472 25742 56932 12904 56932
 24165  3752 10621 13983  6338 56931 56945 56945 56945 56945 56945 56945
 56945 56945 56945 56945 56945 56945 56945 56945 56945 56945 56945 56945
 56945 56945]
[33, 32] [ 8409  3156  5226 11211 11120  8139  4472 11120   358   373  5226 11400
  5226 13439 56932 10621  1233  1240  4473   425  3874 10621  4151 56946
 11144  1925 56946 10621  1925  9111 56932 56940  1469  4977 56940 56932
  1117  5224 14479 56931 56945 56945 56945 56945 56945 56945 56945 56945
 56945 56945]
[49, 48] [ 5165  6151 11120  6275 11211  1049  7305  5226 10105  5226 11120  3174
  5224   982  4472 56940 12611 13396  5224 13893  4518  9591 56940 56932
 14260  5226  5804 10700 11211 56946 13396 56940 56946 13822 10555  7956
 11120 11668 10621 11120  6471  1396 28610  1925  5566  3676 10621  6151
 10733  4472]
[46, 44] [12764  1240  8777  8834 10013  4472  6480 10621 56946 56946 56932  5224
  7220  4472 11120  3061  4472 11120 12921 56932 15285  7956  5224 12433
  4472  6480 11122 11211  1240 56946  5226 13822 13864  5534  1132  6151
  3969 11211 11120 14299  1940 56932   980 56946 56932  8946 12134  2861
  1231 29212]
[35, 31] [ 5804  4826 12013 11211  4161 13011 10067  7977  4472  8289 12764 15590
  6151 27842  2890 12232 56946 10621 11211  5224 56946  8533 14963  3119
  9840  2529 11120  7811 10643  6151  3142 11669  2729 11211 14098  7785
 56946 56931 56945 56945 56945 56945 56945 56945 56945 56945 56945 56945
 56945 56945]
[41, 37] [ 2890  9583  5226  5224 11211  9169  5224 13488  4472  2841  4472  8689
 56932  7295 10594 56932  1925   740 11211 11120  7415 12090  4472 11120
 14564 13107  4430  5240 11211  4151 14378 10736 56940  1340  8493  2862
 12407  2059 56940 11211 13280 37193  4151 36700 56931 56945 56945 56945
 56945 56945]
[25, 23] [  731 56932  5226  7809  6151 14374 56942 10368 13396 14196 56932  1040
  1793 11211 56940  5224 56946  5240  2166  5534 11120 13450 10067  9541
  5240  4073 56940 56932 10621  7620 13396 56940  8493  5404  5041 10621
 56946 10291  4746  4472   424 56946  4472 14694  5137 56940 56931 56945
 56945 56945]
[27, 25] [ 5224  2595  4472 12031 12506 10067 13723 10208 56946 56932 16190 56946
 56932 15201 11211 10611  5804  3034 11211 16884 14233  9490  8971 14914
 16957 11211 10463 10495  1231 12659 56931 56945 56945 56945 56945 56945
 56945 56945 56945 56945 56945 56945 56945 56945 56945 56945 56945 56945
 56945 56945]
[36, 35] [ 5224  5373 10067   653  5226  3162 15201 12948 11211  6197  1240   746
 32547 13171  4472 56942 35899  4472 11120 14774 10621 11211  5224  5493
 10291 11120 12815 16987 10291 11120  4916  4472  1231 11140 56940   373
 30387 56940 56931 56945 56945 56945 56945 56945 56945 56945 56945 56945
 56945 56945]
[23, 22] [12889  5217 56942  3222  7780 12190  6151  1723  6151 56942  7496 56932
  5224   653  8984  8159 11211  2890  6753  2041  4472  1427 14811  8605
  5226  5352 17467  6151 11120  9028  4472 11211 11120 12596 15394 56946
  7665 56931 56945 56945 56945 56945 56945 56945 56945 56945 56945 56945
 56945 56945]
[40, 38] [ 7397 56932  5226  5224  7900  4472 12877 10067  7966 56932  8361  7412
  2118 13371  5804  9532  4472  5804 14378  3204 11211  2834 11120 16431
 45319  5226 11963 11211   425 15145 11120  7253  5918  4472 11120  1723
 19588 11211 12764  7494   724 12434  4562 13579 56932 10621 11211  6631
 15145 11120]
[38, 29] [ 4758 13529  8443  4472   671 56932 42069 10067 16772 56932  1040 12948
 11211  5804 10333  1240 56946 10067 56942  4472 14724  1925 56942  4472
 11966 56932 56942  3861 13171  4472 11122  7485 56932 10621 11211  5224
 12684  5240 10021  5224  9283  4472  8330 56934 10611   366 10621  8752
 56935  4161]
[16, 13] [13371  5226  5804  5199  2260  4472 14417  8671 10621 12047 56946 56932
  4151 14633  8992  4585  7917  4472  7258 10621  4151  8373  4581 10067
  5076  5597  2890 13056  4472  6101 13802 56932  6221  8493  3933 15526
 56932  3145  5226 14923   436 10291 14500  1925  5622  9809 12118  4472
 11120 13075]
[20, 19] [ 3919 11211 11120 56737 56946  1925  5718 56932 10621 56946 13487 13396
 56946  3657 14977  6151 11325  7864 10621 10568   254  5224 13440  4562
 11120 12226  4472  2890  4633  4472  9212 56931 56945 56945 56945 56945
 56945 56945 56945 56945 56945 56945 56945 56945 56945 56945 56945 56945
 56945 56945]
[19, 17] [ 8953  8782 56932 13396  1231 12135 56932  8321 14500  6151 11120 12031
 56932  8057 56946  4472 56946 10621  1321  9418 24952  5226  1231  6325
  4472   245 13396 11120  8728 11120 56946  4472 13822  9778 56931 56945
 56945 56945 56945 56945 56945 56945 56945 56945 56945 56945 56945 56945
 56945 56945]
[9, 7] [11120  7815  4472 15149  4876  6151 13386 13478  7630  1356 13396  5224
    87 12297 12297  4472  5804  3078  4755 12297 12297  1240  5911 13396
    77  7467  6151 11107  5226 11120  1795  6151  8155 14915  5936   272
 13371 14524  4472  5804 12408 56932 14915 56946 10297 13371 12959  9356
 10621 14915]
