[13, 12] [ 5804  7596  1902 13396  5224 14358  5226 13579  6955 56940  5224  7811
 11575 10067  9541  5226 13579  5226 56942  5137  4472  7182 56940 56932
 15201  6151 14196  5224  2792 10067 14358  5226 11120 14073 56932  1254
 56946 56932 13386 56946  5224 56940  9338 56940  4472  5804  1305  6151
 11120 56940]
[39, 37] [ 5224  2824 12638 56932  4204  3245 13396 12838 56932  6172  5226 10107
  5224  6260  8590 15023 17251  8493 14950  4472   153 13396  1231 56940
 11066  4472  7460 56940 10621  6151 13822 14378  9135  1240 15394  7780
  7916 11120 13269 10067  6319 56932  8630   865 44977 41635 13396  1231
 10620 56931]
[35, 31] [56940  6950 12015  2582  5224  1242 56932 13487 56932 38770 11120 12341
 10621 56946  6151  4758 13529 14781 16129 56941 15992 11122 11211  1240
 56946 56932  6151 11120  7037  4472 11120 16348 56941 56932 10621 12015
  8057  1368  6711 11120 25464 56940 56932 11152 56931 56945 56945 56945
 56945 56945]
[16, 14] [ 4028 13396  4151   153 10067  2792 10067  5688 56932    55 13707 56932
  6151 11211  1240  3644 10067   552  6151  4151 13551  4472 13823  4472
 11120 12815  4455 14260 56940 56946 56940 14746 56932  4781 15201 11211
 56940   230 11120 10213  4472 11211 12473 11211   324  8493 11851 56940
  6151  5488]
[20, 18] [ 5224  5799  5226  5224 11211 23429 13371 11061 56932 56940 56946 56940
 56932  4562  4361  4472 21902 56932  9490 56946  4472 16997 56934 14134
 56935  5224  6260 11950 56942  4562  8493  5012  4472 13043  4284  4562
  3542  6151 12379  5452 56932  6862  8057  5224  6260   273  4472 12921
  8493  4903]
[5, 4] [  424    85  5224  8876 11575  4472 11120 20387  4687 56932 17606  5224
  6260  3786  5226  5224  9084  4472 53252 13396  2890  3612  5432  4472
 56946   992 56932 26191 10621  9139 10291 14793  5804  4102  4472  5804
 56942  4724 10067 16831 56932  5181  4472 11120  8755  1912 56931 56945
 56945 56945]
[2, 1] [ 5224 11575 10067 12870 56940 12764  6667   739  7956  5224  2693 14260
   928  6950   297  5224 56942 13396 14108 10067  4814  9322  9766 56934
 11763 56935 15164 56940 56932  1040 56931 56945 56945 56945 56945 56945
 56945 56945 56945 56945 56945 56945 56945 56945 56945 56945 56945 56945
 56945 56945]
[6, 5] [ 5226  1231  6098 56932  5224 11575 10067 12870  7364 56940  5240  2890
  2052 14427  5226 11120  9927 15161 56940 11211 56940 10823  5224  2275
  4472 11120 13553  4472  2890  6319 14079 56940  6151 11669  3172 10621
  5240 56940 11120 14022  4472  4151 12453  2282 11211  1240  8269  6151
  7003 56940]
[31, 29] [56940 11090 11211 14900 11120 13097 13371  1601  4472  9540 56931 12764
  1240  6760  4472  4831  3260 56932 11664  5240  8493 14804 11211 14915
 14315  5848  3899  4151  7374 11211 42726  4472  6256  6151  4151  1539
  4043 56940 56932 15201 12778  6151   424   413 56932  9650  4472 11211
 56940  1240]
[8, 6] [ 7793 10118  1346 11211  1231 14623  1240 11220  4472 39816  6151  1447
  3667  4472  7440  5226 13330  4472 56942 10621 11211  2575 10621  5195
 15394 19975  5226 11120 34350 56931 56945 56945 56945 56945 56945 56945
 56945 56945 56945 56945 56945 56945 56945 56945 56945 56945 56945 56945
 56945 56945]
[12, 11] [ 5224  9230 11230   730 11211 15520 12764 12677 10621 11211  6950  9779
 10067 10778  5226  1787 10067 56942 56932  5534 12883    40  1231 11150
 10291  5224 11211    85  4204  5226  4151 11003 10621 11211  1240 10651
  5224 56942  4472  8949  4472 56942 56931 56945 56945 56945 56945 56945
 56945 56945]
[40, 41] [ 5224  9230  6351  4151 10219 11211 23111   424 14339 56932 13396 11120
  4073 10067   653  8984  6151 35964  4855 11120  4904  4472  4151  8373
    21 56932 10621 13382 11211  5224  2631  4472  9222 56940 10608  7323
 11211  8859 10621  3162 11117 16065 56932 10621  5224  7711 56932 13396
  1231 12135]
[10, 9] [ 7868 56946 56932 56940  1240    58  4472 11211  2464 56946  4472 14847
  1925 13105 11085 11211 11606 10290 11120  9849 10621 11211   546  5217
  5224  7560  4472 11120  6275 12957  4472 13732 56934 56946 56935 56932
  6534 13396  5224  3538 11085 10067 25634 56932 11211   373  5226 14614
  4472  9805]
[17, 18] [12889  5224   864  1373  6111 56932  3245  5466  6151 54399 10646  5804
 17678 56932 56940 12672 11211 15394  2986 13171 12562  6151  5804 10585
 10067  7770  6151 11120  4000  4472 10731 17678  4472  5804 56946 11211
 11597 56940 56932 14504 10215 56931 56945 56945 56945 56945 56945 56945
 56945 56945]
[16, 14] [56938  7415  9338 56939 56932 56938 17094  3676 56939 56932 56938  8509
   425  2568  4365  6260  4472  8493 13809 10621  5611  6151  8373 19887
 13396 13480 56939 56945 56945 56945 56945 56945 56945 56945 56945 56945
 56945 56945 56945 56945 56945 56945 56945 56945 56945 56945 56945 56945
 56945 56945]
[11, 10] [12015  7844  2890  9750 11211  9490 12355 11120  3841  4472 32047 10067
  5765 56933  1231 14623  3936 14297  2317 56932  9000 12342  9490 13848
  2890 13893 10621  8493 16919  5226 11120  5918 56931 56945 56945 56945
 56945 56945 56945 56945 56945 56945 56945 56945 56945 56945 56945 56945
 56945 56945]
[24, 24] [ 5224 11131  7780  9002 12002 11211  8361 11581  5088  6151 11755  1883
  5226  9888  4562  8493  8581 10621  8682  4476 56932  6151 11120 11211
  5207  7780  8192 15526  6647 56931 56945 56945 56945 56945 56945 56945
 56945 56945 56945 56945 56945 56945 56945 56945 56945 56945 56945 56945
 56945 56945]
