[22, 19] [ 5224  8876  9230  4472 11120 14248  2775  4472 12272 56932 56946  6344
 56932  7780 13848  2890 11575 10471  6737 10291 14496  6151  1338  6151
  2122 14568  2890 14954  7956 11120 10365 56931 56945 56945 56945 56945
 56945 56945 56945 56945 56945 56945 56945 56945 56945 56945 56945 56945
 56945 56945]
[37, 33] [ 5226 11120 13287  5226 11211 56946 56934 56946 55589 56935 14747 20158
  6151 26574 56934 33407 56946 56935 10621 39232 56934 16252 26387 56935
 56932 11120  8290  4472  4151 12505  4868  8493 18391 13371  1233 11120
  8185  9836  5226  2890 24489 56931 56945 56945 56945 56945 56945 56945
 56945 56945]
[9, 7] [ 5224  3612  5692   373 15009  6151 11211 14098  4472  5950 56932  4472
  5187  7638 56932  4472 56946 10621 13579 13371  5804  8373 14821 10067
   940  8984 56931 56945 56945 56945 56945 56945 56945 56945 56945 56945
 56945 56945 56945 56945 56945 56945 56945 56945 56945 56945 56945 56945
 56945 56945]
[2, 1] [ 2112 12650  2529  5224 15175  4472 15461  4472  5804 11360 10621 13554
  5224 27811 13371  5224 10792 56946   746  9591 56946 13822 15821 13396
  4151 56946  6157  3828  8150 13371 12140 15537   848  9521 46354 56932
  8263  5402  4472 14848 56932  8619 13822 56946  6151  5804  6580  4472
 13822 10876]
[9, 8] [14694 12015  3416 11211  1240 27647 14131  4472 10778  1000  8493 10155
  5226 14915 11227 13450 56931 56945 56945 56945 56945 56945 56945 56945
 56945 56945 56945 56945 56945 56945 56945 56945 56945 56945 56945 56945
 56945 56945 56945 56945 56945 56945 56945 56945 56945 56945 56945 56945
 56945 56945]
[27, 27] [11669  9102 14453  1200   425  8818  6151 13732 56932 10291 13135  1296
  1925 56946 14931  2890  6949  3338 56932  9000  6947  5226  1231  7508
  4472  3825  5199  5286 56931 56945 56945 56945 56945 56945 56945 56945
 56945 56945 56945 56945 56945 56945 56945 56945 56945 56945 56945 56945
 56945 56945]
[21, 19] [11120  1650  4472 11120  8069  4472 10196 11120 12921  6255  9524  2890
  9472  4472   621 10611 12049 12535 11211   981  4472  2047 11120  6544
  4472  8493  9158 10241  5226   425   314 12149  4549 56931 56945 56945
 56945 56945 56945 56945 56945 56945 56945 56945 56945 56945 56945 56945
 56945 56945]
[24, 22] [11120  5319  5066  6197  7780  8628 54004  3348  6151  2983 15090  4472
 14678  9391 13396  1723  2370 10867 14781 56932 12889  5666  6950  6021
  2529 56946  5534  4959  5226  5754  1231  9860  6151  5544  5137  4472
  4123 56931 56945 56945 56945 56945 56945 56945 56945 56945 56945 56945
 56945 56945]
[45, 42] [13744  4327 56932  2890  6239  1604  4472 56942  5137 12873 56934  4472
 14505 14435 11120  9503  4472  8493  1216  1925 56946  2890  1852 13139
 56935 56932  7780  8192  5224 11685  4472 11120 10316 10291 10442  4472
 10665 12845 56932  9367 11211  8509   420  9939  7780  8628 11120 13699
 56932 12889]
[16, 15] [15072 45166  6151  5804  5634  6151 11211 30999  8493  7635  4472  6613
 56932 11211 56946   582 11293 16785 11120  1650  4472  2890  4569 10635
 56931 56945 56945 56945 56945 56945 56945 56945 56945 56945 56945 56945
 56945 56945 56945 56945 56945 56945 56945 56945 56945 56945 56945 56945
 56945 56945]
[13, 12] [56940 11120 10244   848 11120 56946 22540  2890  2642 10621 13290  1240
  8902 14662 56940 56932  1040 56946 12297  5234   870 10067 24475  7143
 10621  5224 32128 18725 12297 13386 56932  1793 56932   668 11211  5226
  1936  1396 48794  4562 11120 14754 10067  7143 56931 56945 56945 56945
 56945 56945]
[26, 25] [ 5804 15292 56932 11211 11292  6197 14777  9289  9773 56934  4885 10067
  3612 56935 56932  1828 13396 56946  6151  5804  7015 56932 11211 14811
 14931 10778  5471  4562 12888 56946 56932 13370 56931 56945 56945 56945
 56945 56945 56945 56945 56945 56945 56945 56945 56945 56945 56945 56945
 56945 56945]
[27, 25] [56940  5240 12246  2738  3336  6151 11120  7440 10067 10620  4472  8373
   848   420  3861  4472  4842 56940 56932 15201 14418 56932 13386 11499
 11211   753 11211 12676  6151 11211  1240  4635  4151  1746  7956  5804
  1610  5226 11120 11259 10366  1217 56934 56942 56935 10621 11120 14277
 10067  4842]
[49, 48] [10111  6151 11174 11120   358  5226 11120  9745  8509   683  9794  5137
   848 56932  5226 10025 15657 56932  6151  1353  5224  3299 13396  8223
 56932  9000  5226 11813 13440  7494  5224 12691  4472  8493  9556 17480
  4472  2890  2445  4472  2677 11211 56946  4151 11211  5226  1231 11950
  7709  6330]
[7, 6] [56946  9801 12948 11120 43817 10291 56940 35588 56940  6151  9222 13371
 56940 53047 10067  8306 10445 56940 56931 56945 56945 56945 56945 56945
 56945 56945 56945 56945 56945 56945 56945 56945 56945 56945 56945 56945
 56945 56945 56945 56945 56945 56945 56945 56945 56945 56945 56945 56945
 56945 56945]
[35, 33] [15256 10341  1040  5226  1668  4472  2858 11211  4562 11120 12267  4472
  5456 13371 14555 10242  9823 10067  4942 56940  1240  7780 11898  5226
  5224  9541  2890 14408  4472  1961  5226  5224 11211  1240 11526 13401
  4151  9552  4472 14623 56940 56932 11122 11211  6151  1231  5995 56932
 13482  4562]
[30, 28] [ 5226   424  4492    11 11211 56940 12764 14190 56940 11211  5224  2631
  5692 56946 10621  6491 11211  1925 18319  4472  2890 14339  4415 56940
  7709 11293   494  6151  6416 11211 14338  4472 12183  4694 18959  5534
  2890   653 17565 12764  4962  4562 13822 17358 56940 56931 56945 56945
 56945 56945]
[9, 8] [ 5224 12754 38850 13382 11211  1231  3612 56940 11120 18083  4336 56940
 56931 56945 56945 56945 56945 56945 56945 56945 56945 56945 56945 56945
 56945 56945 56945 56945 56945 56945 56945 56945 56945 56945 56945 56945
 56945 56945 56945 56945 56945 56945 56945 56945 56945 56945 56945 56945
 56945 56945]
[37, 34] [  930 56932 45009  5224  9322  4562  1870  4472  8493  1976  4472   587
 19014  6151  7608  4472 11120 41669 56932  4161 11211  2890 56946  1909
   915 13498  8244  5217  5224 34080 14777  5226   425  1976 56932  3828
 16105 10809   420 16491 56932  7868 11120  7276  3091 56931 56945 56945
 56945 56945]
[12, 9] [ 5543  9445 56932 15058  6151 23309 56932 11211 11122 11211  4026 11211
  8606  6905  7396  5240  5487 56940 15647 56940 10621  1603 11211 12342
 12171 17182 56940 56946  1925  7238 56940 56931 56945 56945 56945 56945
 56945 56945 56945 56945 56945 56945 56945 56945 56945 56945 56945 56945
 56945 56945]
[32, 30] [  788  4472  5804  4908  7329  4472 11120 56946  8321 38922  7956  1233
 11120  4670 10478  6667   739  5631  5226  9161 10621  5224 13804 11096
 56932 11211  4472  7397  6151  8373  5137 11526 11872  1233  1240 20311
  6151 11120  9893  7253 56931 56945 56945 56945 56945 56945 56945 56945
 56945 56945]
[26, 24] [ 9000  5224  7939  3617 18925 56932 11211 15550 11120  9342  5226 11120
 11093 15458  2370  5224  4817  5226   658 56932  6005  5224  7777   501
  4472 56940 40385 56940  6151 13579 10621  6151  3108  5534   668 11211
  1233  5224  4817 10073  1240 56946  5224  3172    59  5226 14390 56931
 56945 56945]
[46, 42] [ 5226  5224  4768  1749 11120  1971  4472 11120  6805  7956 11120 22750
 10067  2880 56932 41735 50812 56932 13386 15648 11211  4151  8155 11211
 56946  5224 10210  4026  8493 15069 16852 10291  9724  6151 14122   713
 10621  1793 56946  9394 15911 56932  4562  4128  4472 10778 44074  4562
  4151 13387]
[41, 39] [ 7868 56946 56932 11120 14753  4472 56946  6524 56946   503  2735 10067
 24742 13396  5224 11211  1240 56946  5804  8834 11804  4472  7872 56934
 56942 11804  4472  5895 56935 50054  6151  4004  5226  9694 10611 56942
 10621 56942 56932  9000 11562 13637  2983 17002 56932 11211  1925  6495
  6950  7709]
[7, 6] [ 9000  6196  9373  3860  6151 12764 10778  8606 13083  4472  4151  3765
 11211  8619  4151  8155   891 56931 56945 56945 56945 56945 56945 56945
 56945 56945 56945 56945 56945 56945 56945 56945 56945 56945 56945 56945
 56945 56945 56945 56945 56945 56945 56945 56945 56945 56945 56945 56945
 56945 56945]
[35, 34] [ 5224  9230  6351  4151 10219 11211 23111   424 14339 56932 13396 11120
  4073 10067   653  8984  6151 35964  4855 11120  4904  4472  4151  8373
    21 56932 10621 13382 11211  5224  2631  4472  9222 56940 10608  7323
 11211  8859 10621  3162 11117 16065 56932 10621  5224  7711 56932 13396
  1231 12135]
[12, 9] [ 5224  2595 10067   653  5692 56932  4699 13413  7856 56932 11211  7780
   880  6197  8373  2814  6151  4188 10045 11211 56946  4151 12541 11211
 34754  5224 13019  4472  7668 56932 12828 11211  4151 56946  1790 10067
  9230 28815 11211 56940  1240  8229 56940   853 56931 56945 56945 56945
 56945 56945]
[12, 10] [13280   683  5137  1240  4117  8493  8889  5217  5199  6391 11211 13074
 14662  4472  2890  3179  1139 56931 56945 56945 56945 56945 56945 56945
 56945 56945 56945 56945 56945 56945 56945 56945 56945 56945 56945 56945
 56945 56945 56945 56945 56945 56945 56945 56945 56945 56945 56945 56945
 56945 56945]
[12, 10] [56942  4472  8853 56931 12297  5804 13227 12990 40467 56932  5226 11093
  3990 56932  5224 15316  4472 12516  4472   425  1976 56932 15023  2890
 48950   695 10067  1782 10718 56932  5226  5224 11211  1240 10823 15204
  4472  1607  4290 55370 56931 56945 56945 56945 56945 56945 56945 56945
 56945 56945]
[14, 13] [ 5224  7569  8356   420  9669 56946  2370  8373 13709  4472 11120  1500
 11211  5191 14288  1925  4478 11179 10621  2370  5224  2792  4472 11120
 14294  4472 13732 56931 56945 56945 56945 56945 56945 56945 56945 56945
 56945 56945 56945 56945 56945 56945 56945 56945 56945 56945 56945 56945
 56945 56945]
[18, 17] [ 5226  5804  4393  9939  1240   746 56946 56942 11511  9180  5226  5224
  6360  7406 56932 11211 12764  2495 15021  1233 12764 56946  4151 10918
 11283 56932  7868  5224 12616 10067 15166 56932 10827 14322 56931 56945
 56945 56945 56945 56945 56945 56945 56945 56945 56945 56945 56945 56945
 56945 56945]
[24, 20] [11120  7489 12840   960 56934   295 56935  2655 12948  4290 10291  1407
 11120 12866 10067  4419 56932 11211  5226  5804  4185  9939  7494 11211
  7918  1925 14555 12344 56931 56945 56945 56945 56945 56945 56945 56945
 56945 56945 56945 56945 56945 56945 56945 56945 56945 56945 56945 56945
 56945 56945]
[35, 33] [ 5224  5244 12015  4653 56946 10621 15317 56932 56946  9068  5901  1343
  4472  5804  3692 11211  1240  1013 12571  1925  2821  6363  4472  1638
  6151  8503  4472 13822  7864  2861 56940 56936 11267  7780  4472  2529
 56932 11267  7780  4472  2529 56932  6086 14271 56937 56940 56931 56945
 56945 56945]
[40, 38] [ 5224  5244 12015  4653 56946 10621 15317 56932 56946  9068  5901  1343
  4472  5804  3692 11211  1240  1013 12571  1925  2821  6363  4472  1638
  6151  8503  4472 13822  7864  2861 56940 56936 11267  7780  4472  2529
 56932 11267  7780  4472  2529 56932  6086 14271 56937 56940 56931 56945
 56945 56945]
[31, 29] [11120  7833  3727  5240  8493  4986  1570 10621 56946 11211 13938 13822
  2494 11197 10621 13822 56946  3307  1925 13588  4472   425  2507  4472
  9518  3027 56946  5226  5224 11211  4868  7147  4472  5506 56932 12764
  6950  5226 13579 56932 11120  4687 10789 56931 56945 56945 56945 56945
 56945 56945]
[25, 21] [14914  1004 12764  7175  8192 14915 22924  1233 10261 56946  4855 11149
  2199  4125  6917  3958  4472  9537 11661 56946 56932  5534 14442 21590
  6151 53738  5224 12051  4472  2890  1926  5226  5224 11211  6226  4125
  1076 56932  8871 11120 46124 56931 56945 56945 56945 56945 56945 56945
 56945 56945]
[8, 7] [13554 11120  7132 13371 11120 12467  8396 12297  9761 12297 13396   683
  5895 56931 56945 56945 56945 56945 56945 56945 56945 56945 56945 56945
 56945 56945 56945 56945 56945 56945 56945 56945 56945 56945 56945 56945
 56945 56945 56945 56945 56945 56945 56945 56945 56945 56945 56945 56945
 56945 56945]
