[5, 2] [ 5224 11183  3667  4233  5388 10067  2625 11211 11122 16738  5217  1352
  4562  2890  3983  4472 13395 16855 10621 11120 13814 10696 10027  2890
 20115   897  6997 56931 56945 56945 56945 56945 56945 56945 56945 56945
 56945 56945 56945 56945 56945 56945 56945 56945 56945 56945 56945 56945
 56945 56945]
[47, 40] [ 4472 14399  4562  8857 13004 56932  4151  9684 17167  4472 10766  1218
 18458  4472 56946 56946  4472 56942  6468 10267  8493  5226 14842  4472
 56942  6151 56946 56946  5226  5224 12675  7977  4472   424  2689 56932
  5226 13554 11211  5804  8732 13396  4151  9684 10067  6604 18458  4472
 56942 11804]
[27, 23] [ 5224  1782  6128 11499 11211   424  4020 13527  1240 15456  5226  2890
  3719  5226  5224 11211  6846 56940 56946  1925 14124 56940 10621 56940
 10069  1925  5328  4472  4151 10191 56940 56932 11122  7082 56932  6299
 56932 56940  5240  6779  1233  4151  3765  1240  8619 13371  1240   582
 56932  9000]
[4, 1] [11120 13269  4472 56946 10067  6550    85 13171  8493   661  4472 26748
 11211    19  4992 10621  1240 14662  4562  1231 14115  5224  3786  5226
  5224 12908   797  6212 56931 56945 56945 56945 56945 56945 56945 56945
 56945 56945 56945 56945 56945 56945 56945 56945 56945 56945 56945 56945
 56945 56945]
[43, 38] [ 5224 15038  4472  2828  1240  5151  5226  2890  3719  5226 11211 15520
 14190    77 12559 14315 56932 11664  7868  8493 13675 15100  1231 15459
  5240  8803 13396 14442  5224 56942 13396 14108  4472 11120 13553 10621
  2890 56942 13396 14108 11204  1231 13269 10067 10778 56931 56945 56945
 56945 56945]
[5, 2] [ 4562 11120 13269  4472 42718 10067  7057  4472 11120 47676 56932   884
 15175 18348 10621  5804  7568  3911 32541 35683 11120 15459  4472 11120
  9745 13396  2890 14568  4472 56942  3861 56932  1925  9687  4472  5804
  4705  5224  8224  6667 11211  2529 12190  6151  5804   453 13801 33944
 56931 56945]
[17, 18] [56416 12758  6151 11120 13812  5226 56942 56932 10621 12752  1240  7780
  9002  1000 11211  6151 15952 11117 14939  5506  5226  5224 14555  9444
 21512 56934  3645 43966  5226 13998 56932  9000 11562 14931 11107  1379
 13171 10067 56942 56943  4472 13822 10430 56935 56932 11211 56946  1240
  3648 16443]
