[30, 26] [ 2091   455 11117  1043 56932 12764  2451 56932 10291 11400 15225  4562
 14764  6151  5804  4679  4055 56932  7868 15201  5224 12754  9287 56932
 11211 15083  6950  7780 15328  6151 14244 56942  5056 56931 56945 56945
 56945 56945 56945 56945 56945 56945 56945 56945 56945 56945 56945 56945
 56945 56945]
[22, 20] [56940  5224 56946 14423 13396 12898  4472 56946 56932 11066  4472  2714
 10621  4472  3336  4472  2496 56931  9379 15543  1240  8662    52 33575
 56940 56932  7087 56946 56931 56945 56945 56945 56945 56945 56945 56945
 56945 56945 56945 56945 56945 56945 56945 56945 56945 56945 56945 56945
 56945 56945]
[12, 11] [  428  3585 11211  4151  6734  7788  4472 11646 11899 10067 11925  8540
  5307  1925  8351 10621 47364 13371  1233 13892  4931 34760 56931 56945
 56945 56945 56945 56945 56945 56945 56945 56945 56945 56945 56945 56945
 56945 56945 56945 56945 56945 56945 56945 56945 56945 56945 56945 56945
 56945 56945]
[20, 15] [ 5224  9211  4472  5319 15201 15058  6151 11120 13675  3820  4472 11120
 11840 11211  5666 12764  7494  5226 14662  5224  9591  4472 11211  1240
  7780 13016 56940 11211  2464  7780  2299 22669 10877  2771  2772 10621
 11211  5240  9369  2003 19886  6741 10291 22548 11120 14653  6862  2637
  2771  2848]
[40, 37] [  424  3430 56932 11211  7780  7575 13371  6425 11120 12815  4472 13579
 56932 13280  3238  5226 11211  5804 56946  7329  4472  4151 14030  5226
 11791 10861   865 56940 12407 11357 56940 56932 10621 11211 56940  5224
 13789 10865  5953  6151  2529 28595  5226 13142 11211  3240 12046 13767
  8509  2890]
[12, 11] [ 5224 12687  4472 11120  4431 13346 11562  1925  5078  4472 11211 10442
  7780  1266  5226  1231 56942  7977  4472  5566  3676  1591 56932  5226
 11120 11369 13171  2748  4472  1231  7645 56932  5116  4472  5089 10621
   571 14956 10621 10703  5226  5804  9315  7254 56931 56945 56945 56945
 56945 56945]
[15, 13] [14931 11744 56932  5224  4154  4472  4345  9792 56932 10067 12675  4136
 56932  1132  6151  2529  6519 56931 56945 56945 56945 56945 56945 56945
 56945 56945 56945 56945 56945 56945 56945 56945 56945 56945 56945 56945
 56945 56945 56945 56945 56945 56945 56945 56945 56945 56945 56945 56945
 56945 56945]
[26, 25] [13095 56946 56932  3608 10067 56946 56932  1630 11211  5804   453  9135
 10067 12638 11526  6416  7460 10291 56940 13791  2826  6403 56940 56932
 10621 11526  2529  8155  4562 10365 10621  4322 56932 56946 10621 16135
  9636  8008 56932 12672 11211    85  2729  5226  3396  4562 11120  2824
  3046 56931]
[33, 32] [ 7023  4472 56942  3985 10621 10025  6928  1046  4472  2496  1317 10621
  1551  4779  7914 13396 11120  2496  4472  5804 14101 10621  1925 11554
  9046  5224  5104  4472  5804  7345 10291 11211  9658 26622  4472 13822
  1919 11750 56932 13371  4151  2983  6535  7923 18776 13396  1231 11950
  5972 56931]
[27, 23] [ 5240  9918 11211 56932  6151 11120 12623   848  6151 11120  2038 56932
   425 13455 37077  6667 11211 22742  5226  8493 11851 12031 10621 11211
  5666  6950  6021 31910  5226  5224 38507  4472  8493  5500  1903  6151
 11120 13553 56946 56931 56945 56945 56945 56945 56945 56945 56945 56945
 56945 56945]
[10, 8] [10621 12764  5240 11211  2273  5226  2370  4472  4938  9658  1653  6151
 11120  4932 56932 11664  9632 11211   865 14915 10936 13371  3125 56932
 13396 11122 11211 12015 56946  4562  8025 10291 11211  1240 10650  1231
  4022  4472 14021  5226 15394 56946 56931 56945 56945 56945 56945 56945
 56945 56945]
[18, 14] [56946  1749  5226 11120  5288 12689  4472 11120  6686 15268  4472  1163
 56934  9879 56935 56932 11211  1240  4868  6151  9687  5226 11120  5918
  4472  3222 56932  3828 11499 11211 56932  1925 10946 15017  4151 14729
 11959  5226  5224  4842  4472  8849 56932 56940  5240  8493  2415  5534
 12703 10130]
[20, 19] [11117  3226 11211  4210  2890  8558  4472  1231  1094  6151  5804  3807
 10621 11122  7811 56932  7868 15201 56932    85    52  7039 56931 56945
 56945 56945 56945 56945 56945 56945 56945 56945 56945 56945 56945 56945
 56945 56945 56945 56945 56945 56945 56945 56945 56945 56945 56945 56945
 56945 56945]
[34, 27] [ 5224  5347  3667 14114  5355 56932  5226  5224  1030 56942 56932 10621
  5224 15914  5513 56946 56932  5226  5224 56942 56932 56946 10291  5224
  2523   510 56932  8630 11211  5224 53270  3667 10318 14812  6747 10291
  5224  1056  6232  5226  5224 56942 56931 56945 56945 56945 56945 56945
 56945 56945]
[13, 11] [ 9545  7780  2729  5226 14390   425  4687 10291  1916  4472  1756 15023
 14375   798 10067  4152  4472  5804 56942 11804  4472  5669  5217  1231
 13786  5226 56942 56931 56945 56945 56945 56945 56945 56945 56945 56945
 56945 56945 56945 56945 56945 56945 56945 56945 56945 56945 56945 56945
 56945 56945]
[5, 4] [ 5224 11964 15164 15464 12424  8960 10291  6824  6151  5804 15544  2370
  5804 12822 11211  1340   424  7944  4472 14030 14260 56932 13371 14641
  5224  1456  6695  4758  9810 56946 56932 56940  1257   217 11950  5224
  8876 13645  4472  4052 56940 10621 11211   753 11211 56940  6007  9000
  4562  9197]
[40, 39] [  425  9168    85  6811  5226 11120  1147  4472  5804  8561 15244 11211
 14423  8246  5226 11120 10947  6255 10291  6416  2890 16571  6151 11120
  4000  4472  2403  4151  6530 56932  9000  4550  5224   653  4472  5199
  6391  8159 11211 11674    85  2890 56940 56946 56940 56931 56945 56945
 56945 56945]
[13, 10] [ 7868 21653 56946 56932 23805  4472   238  4217 10291 11631  3426 56932
 12393  2786  4472  4151 14729  2844   746 14069  7528 24911  5226  5804
  9315  8620 56931 56945 56945 56945 56945 56945 56945 56945 56945 56945
 56945 56945 56945 56945 56945 56945 56945 56945 56945 56945 56945 56945
 56945 56945]
[40, 36] [ 5226  1156  6151 11120 11311  4472  3046  7956  5224  7057 14631  4472
  5804 10542 56932  4151  6118 56946  3245 11211  5224 14399  5240  1958
 56932 12889  1240  3731 12543 10722  4160  5226  6036  6151  5804  5126
 13396  5804 11211   582 39277  5224  9283  4472 14072 11211  4026 11211
  3669  6151]
[48, 44] [ 5226  1156  6151 11120 11311  4472  3046  7956  5224  7057 14631  4472
  5804 10542 56932  4151  6118 56946  3245 11211  5224 14399  5240  1958
 56932 12889  1240  3731 12543 10722  4160  5226  6036  6151  5804  5126
 13396  5804 11211   582 39277  5224  9283  4472 14072 11211  4026 11211
  3669  6151]
[17, 13] [ 5224  4752  4472 11120  2591   915  7381  9397  5226 11120  8290 12135
 15083  4472    77  5241  1925 12413  6197  4562  2890  6997 56946  6151
  1231 15276 56931 56945 56945 56945 56945 56945 56945 56945 56945 56945
 56945 56945 56945 56945 56945 56945 56945 56945 56945 56945 56945 56945
 56945 56945]
[31, 29] [ 4472  2890  5689  1240  5924  4472  3806  4922 56932  4472 12761  6151
 11120 12523 56932  4472  8144  5432 56932  4472  6221  8493 14988  4472
 12164  4472 14555 47390 11211 48459  6151 15223  5226 11120 56946  4472
 11120 10134  3733 56931 56945 56945 56945 56945 56945 56945 56945 56945
 56945 56945]
[38, 36] [11120 13902  4472 11120  3806  5240  2890  6997  7932  4472 13933  5804
 12379  1340  8493  2507  4472 11752  5432 56932  5226 13554 11211 10291
 56946  8493 13450 11211  7709  8795  6151 10025 12379 56932  1240  1013
  2701  6151 56946  1633  5804 14304  7329 13901 11211 56946  8493 15459
 11211  5226]
[23, 21] [ 6205 13396  7932 56932 15556  1004  5804 56946 13901  1776  4562  5804
 15400 56946 10621 11120  3671 12133  5226    68 15400 12764 12650 14375
  4151   739  4472  5804 56946 56931 56945 56945 56945 56945 56945 56945
 56945 56945 56945 56945 56945 56945 56945 56945 56945 56945 56945 56945
 56945 56945]
[33, 31] [11120 12673  8230  4472  9222 10621   505 10621  4151  8265  4472  1723
 10621 10442  5226 11120 13439 10343 11211  9308 13083 11439  4472  7500
 13280   420  3861 56932  4810  6151 10206 56946  6151 15379 12948  5226
  5224  6319  2861 56940  6021  2529 11211  5224 11660  1240   418  5465
  5226  8493]
[41, 38] [11120 12673  8230  4472  9222 10621   505 10621  4151  8265  4472  1723
 10621 10442  5226 11120 13439 10343 11211  9308 13083 11439  4472  7500
 13280   420  3861 56932  4810  6151 10206 56946  6151 15379 12948  5226
  5224  6319  2861 56940  6021  2529 11211  5224 11660  1240   418  5465
  5226  8493]
[23, 21] [10291 13487 56932  6151 14378  3861  8819 56932  5224  8614  6197    65
  4388 11120  7300  4472 12035 10867 56946 56932 11211  5088  6151  2478
 11120  4109 10067 10527  4472 11120  5158   635 10291 11755  1883  4562
  2865 12342  3023 56931 56945 56945 56945 56945 56945 56945 56945 56945
 56945 56945]
[17, 15] [ 5226  1156  6151  4151 56946  4472  3821 56932  5224  2792 15201 11211
  5224  2689 11211 10111 11117 56946 56942 11804  4472  5669 56932 56940
  5224  7372  6151  4151 10633 10067  7581  6151 14229 56940 56932 11211
  2850 10267  2689   683 56942 11804  4472  5669 10621  6267  8493  8163
  4472 56942]
[45, 41] [15023  5249 11211 12764  9490  9228  6151 11981  4472  1231    27  5513
 10621  4472  1231  8069  1925  8036 56932 15201  2861 56940 12234 13055
  5240  5224  1387  6151  8798 56940 56932 12889  9445 11211  5226 12379
  5452  5224  7220  4472  4693 11211 13820 56940 12764  9142  6151 13290
 56932 11372]
[35, 32] [ 6205 12675 56932  1240 15590  6151  9292  4151 14477  4562  7741 56932
  5199  6391 56932 11120 15489 56932  1324 56932 10621 16149 56932 10621
  5226  5224 13440  4472 11120 14792  5066 56932 56940 13831  6151  1879
  8509  5804  7381 14117  9939  4472 56942  8493   445 10526  4472  4900
  4472 14914]
[36, 35] [ 6118 10067 10386   201  4472   641 56932 14473 11211  5224 56940 13469
  4472 12284 56940  4472 28395  7780 15076 34275 56932  6197 11211 56946
 11120 13450  4037  5179  2890 14555 13959  5226  5224 11211  1240  8540
 26702  7811  4151 11817 56946 10067  9541 56931 56945 56945 56945 56945
 56945 56945]
[35, 34] [11062  3655  1793 11211 10291 11211 11120 13902  5856  9338  5240 10493
 11211  5804  2133  5855  8493  4212 10611 11120 12031 10621 11120  3806
 56932  6197 11211  4151  2786 14820 10291  2890  6319 12764  8540 14865
  4472  2826 11448 56931 56945 56945 56945 56945 56945 56945 56945 56945
 56945 56945]
[34, 33] [ 5224  3353  1604 11211 15550  5224 13064  7000 56946  4716  5226  8163
  4562 13822 10053  4938  7936 11211  1231  3612 56932  8503  4472  5804
 13171  8936 10067 11284  4472 10043   501 56932 14442  4091 11141  6151
  2890   797 18966 56932 56946 13396 11120  5243  4472  8373  4472 13822
  3243  5574]
[22, 21] [56940  4151 22310 11526  9046 11120 14964  1135  4472  5804 13272   881
  5226  5224  1926 56932 10621 12764 39706  8849 11211  9658 56034  5804
  2826  1317 56940 56932  3120  9992 56931 56945 56945 56945 56945 56945
 56945 56945 56945 56945 56945 56945 56945 56945 56945 56945 56945 56945
 56945 56945]
[31, 28] [ 9631  7780  8192  8493  3680  4472   424  8370 15120 11211 56932  4472
 14399  4562 11120  1239 17219  4562 11211 11120 13870 12650  5620  9379
   177  5226 10442 56932  4868  7147  4472 56946  6151  8493  3174 11211
 46008 10267 11950 13171  4472 56942 11804  4472  7969  6252 56932  6950
  5226  5224]
[6, 4] [  217  5226 11950 56932 12764   753  5995 20197  4472 14914  4136 11211
 12764  2050  9394  7969  4472  5916 11690  3828  5224 13256 11122  6722
  6226 14931 11211 17490 19370  5856 11554  6151 56946  4562  8493 37077
  8786  6151  5804 14543 56931 56945 56945 56945 56945 56945 56945 56945
 56945 56945]
[29, 26] [  217  5226 11950 56932 12764   753  5995 20197  4472 14914  4136 11211
 12764  2050  9394  7969  4472  5916 11690  3828  5224 13256 11122  6722
  6226 14931 11211 17490 19370  5856 11554  6151 56946  4562  8493 37077
  8786  6151  5804 14543 56931 56945 56945 56945 56945 56945 56945 56945
 56945 56945]
[32, 29] [  217  5226 11950 56932 12764   753  5995 20197  4472 14914  4136 11211
 12764  2050  9394  7969  4472  5916 11690  3828  5224 13256 11122  6722
  6226 14931 11211 17490 19370  5856 11554  6151 56946  4562  8493 37077
  8786  6151  5804 14543 56931 56945 56945 56945 56945 56945 56945 56945
 56945 56945]
[21, 18] [ 5226  7809  6151  8945   635 56932  2004  3449 15201 11211  4472 11120
  6614 11211  3747  1296  5224  7346 13346 56940   582   280  8493  5404
 12031 11211  5856 56932 13371  7415 12684 56932 11358  5224  1950 56932
 11211  2967 11211  2529  4693 10067 13913 56932 10291 12764  9408 10540
  5224  3172]
[37, 36] [56940 12764  8428  3260  9313  5226  8593 56940 56932 11499 56946 56932
 13386 12764  2451  1015 11211 56940  1233 56946 11120   139  4472 12937
  4151  2171 10621  4151 17358 11211  1240 10632  6151  5804 11779 56932
  4299  1009 11211 11120  5012  5240 10534 56932 11122 11211   204  8493
  4472  4151]
[27, 24] [ 5224  1702  5296 56932 13676 10067  8288  5567  4472 11120  8946 15875
 56932 28488  5224 56942  4472   995 56932 10621  4562 12342  1240  8317
  6755  6151 11120 21751  2890 13723  4472  1395  2095 11211  8509 11120
 27599 15515 47306  6151  4151 11817 17255 56932 13554  5226  1723 13371
  5226  5224]
[5, 2] [ 8361  4758 13529  9222  8151 56946  6151 19722  5226  5804 24135 10067
  1950  8630  5226  8493  4472 13822  7048  1240 23700  1180 13578 10621
  6571   731 56932  4562 13822 11360  4472 56940 56946 56940 56932 10291
  5307  6151  2890  8033 56931 56945 56945 56945 56945 56945 56945 56945
 56945 56945]
[15, 10] [11120 41753  9823 10067  2880  4472 13893  1240  7780 13381  5226  4492
  5545  6151  8850 10793 56932  1233  4518 12764  7780  9591 11932  5224
 12939  4472  2091 56932 11211  8783 11120  5807  4472 56946 16027 15505
   211 11120 23290  4472  2890  8512  4472  6927   848  2890  2445  4472
  2677 56931]
[13, 11] [ 5804  4826 12013 11211  4161 13011 10067  7977  4472  8289 12764 15590
  6151 27842  2890 12232 56946 10621 11211  5224 56946  8533 14963  3119
  9840  2529 11120  7811 10643  6151  3142 11669  2729 11211 14098  7785
 56946 56931 56945 56945 56945 56945 56945 56945 56945 56945 56945 56945
 56945 56945]
[25, 22] [ 5804  4826 12013 11211  4161 13011 10067  7977  4472  8289 12764 15590
  6151 27842  2890 12232 56946 10621 11211  5224 56946  8533 14963  3119
  9840  2529 11120  7811 10643  6151  3142 11669  2729 11211 14098  7785
 56946 56931 56945 56945 56945 56945 56945 56945 56945 56945 56945 56945
 56945 56945]
[5, 4] [ 5224 13576 15512   780 56946  1630 11211 56940 11120  7300  4472 15072
  5226 11120  1724  7780  8192  5667 10291  1443 56946  6128 56940 10621
  1630 11211  5224   653 10067 14124  5240 56940 33563 56940 56931 56945
 56945 56945 56945 56945 56945 56945 56945 56945 56945 56945 56945 56945
 56945 56945]
[20, 19] [ 6299  5226  7809  6151 11120  1255   922 11211  5226  5224  6319  5692
 56932 56940  4562 11673 12031 12764  1240  7709  4530 56932 10621 12024
 21784  5240 12407 37419 56940 56931 56945 56945 56945 56945 56945 56945
 56945 56945 56945 56945 56945 56945 56945 56945 56945 56945 56945 56945
 56945 56945]
[22, 18] [11120  5532 13006  4562 11120  4670 11211 17706  6151 11120 12394  4472
  8365 56934  1189 33595 56932 13396    19 12135 56935  1925  4189 11120
 17739  4472   713 56931 56945 56945 56945 56945 56945 56945 56945 56945
 56945 56945 56945 56945 56945 56945 56945 56945 56945 56945 56945 56945
 56945 56945]
[13, 10] [ 5224  6260  3786 56942  4472  4709 13396 11120  8818 56932 12015 56946
  6151 10202  5224  7900 10067 12649 56931 56945 56945 56945 56945 56945
 56945 56945 56945 56945 56945 56945 56945 56945 56945 56945 56945 56945
 56945 56945 56945 56945 56945 56945 56945 56945 56945 56945 56945 56945
 56945 56945]
[9, 8] [14190 13371  8485  3904 11211 11120  2894 15137  6151  6416  2890  1673
  6151 13478  5804 11211  7439 13371 14883 56932  9000 11211 12764  1240
  7176 11224 10291 56946  4472  5187 11531 56932 41670  6862 44495  5226
 13478  5804 10700 56931 56945 56945 56945 56945 56945 56945 56945 56945
 56945 56945]
[27, 26] [14190 13371  8485  3904 11211 11120  2894 15137  6151  6416  2890  1673
  6151 13478  5804 11211  7439 13371 14883 56932  9000 11211 12764  1240
  7176 11224 10291 56946  4472  5187 11531 56932 41670  6862 44495  5226
 13478  5804 10700 56931 56945 56945 56945 56945 56945 56945 56945 56945
 56945 56945]
[21, 20] [14931 11744 56932 10291 11211  1240 11117 12452 11120  5157 13396  8373
  5137 11211  1240 11117 41295 13280  5544  9939   582  7099 12543 11120
  5311 10621  1231  4670  9840 56946 12543 12424 11970 56931 56945 56945
 56945 56945 56945 56945 56945 56945 56945 56945 56945 56945 56945 56945
 56945 56945]
[29, 28] [14931 11744 56932 10291 11211  1240 11117 12452 11120  5157 13396  8373
  5137 11211  1240 11117 41295 13280  5544  9939   582  7099 12543 11120
  5311 10621  1231  4670  9840 56946 12543 12424 11970 56931 56945 56945
 56945 56945 56945 56945 56945 56945 56945 56945 56945 56945 56945 56945
 56945 56945]
[7, 6] [14931 11744 56932 10291 11211  1240 11117 12452 11120  5157 13396  8373
  5137 11211  1240 11117 41295 13280  5544  9939   582  7099 12543 11120
  5311 10621  1231  4670  9840 56946 12543 12424 11970 56931 56945 56945
 56945 56945 56945 56945 56945 56945 56945 56945 56945 56945 56945 56945
 56945 56945]
[22, 18] [ 5224  9230  4472 13893 10621 13424 15404 56932  9810 13317 56932  3120
   217 11211  5224  1958  8033 10611  5224  4942  6862  8567   753 11211
  3116 13371 56940  8493  4687 12031 56932 11211 12764 12015 14190 10291
  4188   207 11372   430 10954 11211   373  5226  1231  7376  1903 10621
 13396 13554]
[24, 20] [ 5224  9230  4472 13893 10621 13424 15404 56932  9810 13317 56932  3120
   217 11211  5224  1958  8033 10611  5224  4942  6862  8567   753 11211
  3116 13371 56940  8493  4687 12031 56932 11211 12764 12015 14190 10291
  4188   207 11372   430 10954 11211   373  5226  1231  7376  1903 10621
 13396 13554]
[34, 30] [ 5224  9230  4472 13893 10621 13424 15404 56932  9810 13317 56932  3120
   217 11211  5224  1958  8033 10611  5224  4942  6862  8567   753 11211
  3116 13371 56940  8493  4687 12031 56932 11211 12764 12015 14190 10291
  4188   207 11372   430 10954 11211   373  5226  1231  7376  1903 10621
 13396 13554]
[36, 34] [13396    19 12135 56932 11120 13675  4722  4472  8200  9840 56946  1925
  3786 10621  7898  3204  1925  4522 56932 10291 11211  6205  5224  7580
   848 10624  3947  5226 11120  7261  4472 11120  8200  4472  8263 10315
  6416 13171 11554 10291 11358 11120  7261 15161 56931 56945 56945 56945
 56945 56945]
[35, 30] [ 5224 13883 56940  5224 24172 56940  4472 14381 56932 21537 56940 49718
  3733 56940 10621   668 11211  6151 14849 10067 11575  5224 13057  5831
 38850  1240 14576 56932 15023 16889 11211 56940 11120 31360  4091    52
  8192 13171  5500 56932  4472 12764  2529 13396 11120  5229 10067 13057
 38850 10621]
[28, 27] [12543  6205 56932 10267  1004   865 13171  5804  1046  4472  9917 11211
  4801 11211 11122  2030 10291 11120 13292 15161  6197  7780  6260 10621
 11211  1231 29934  7709  4087 56932 12889  4562  7898  8603  7681 56931
 56945 56945 56945 56945 56945 56945 56945 56945 56945 56945 56945 56945
 56945 56945]
[5, 4] [ 5224  9243  6690  1717  9840 14496  6151 11120  1562  4472  3740  5574
 56932  6197 11211  5226  9379  8445   865  8089  5226 11120 12101 10621
 10291  5224 12687  2370  5804 13358  8503  4472  8025  1240  7494 11211
  5014   375 56932 10291 11122  7082  7494 13171  3615  3667 13532 56931
 56945 56945]
[36, 34] [ 5224  9243  6690  1717  9840 14496  6151 11120  1562  4472  3740  5574
 56932  6197 11211  5226  9379  8445   865  8089  5226 11120 12101 10621
 10291  5224 12687  2370  5804 13358  8503  4472  8025  1240  7494 11211
  5014   375 56932 10291 11122  7082  7494 13171  3615  3667 13532 56931
 56945 56945]
[32, 30] [13554  5966 56946 13371  2890  7580  4472  5804  2140  3911  4472  6600
  8653  6725  2738  3336  2772 10291 13853 11120  4670 10067  9489 56932
  9000 13996  2772  9659  5654 11211  1240  7709 32016  5224  3172 56932
 12889 14190  9198  6477 48968   425  5039 10657 56931 56945 56945 56945
 56945 56945]
[20, 17] [11120 14476  6393  4472 56946 56932  4472 56942  5137 56932  1240  2313
 15083  4472 11211 11120 14611  9823 10067  7581  3855  4562  1807  5224
  9591  4472 11211  5224  2792  6309  5892  4472  9424  4472  5895  4472
  5121  4472  9220 56932  8630  5016 13098 15244 56932 11211 12764 10376
 56931 56945]
[21, 20] [ 5226  2702 56932  1240  4319 11211  5534 11120  4127 12764  7706 11434
   675  5617 13396 11646  6118 56932  5224  7581  5676 13176  6151  6191
  6151  4151  8155 11211  8185  5492  7764 10877   848  1610  5226  1231
 10423 13371 11575  3233  4472  2890   837  4472  8728 56932  6205 13371
  6151  4151]
[11, 10] [ 5226  2702 56932  1240  4319 11211  5534 11120  4127 12764  7706 11434
   675  5617 13396 11646  6118 56932  5224  7581  5676 13176  6151  6191
  6151  4151  8155 11211  8185  5492  7764 10877   848  1610  5226  1231
 10423 13371 11575  3233  4472  2890   837  4472  8728 56932  6205 13371
  6151  4151]
[11, 9] [56940  3222   373  5226 21601  4562 11211  4151 14030 56940  9658 32047
 56940 12764 13396 14324  5989   848 25502 56932 10954 13396 14324  4472
 14653 56940 56932  9528 11120  4332  7778 56932 11211  6299 11211 11674
 12764 14067 11211  1231  6319 12764   373 14612  4562  5224  4765  4472
  4151 11656]
[33, 30] [ 9371 11211 11120  8001  5660  4472 11120 12031  7978 10067  5234 14357
  4472  3054 10621   965 10621  7423 10067   653  5226 11120  6255  2568
 56932  9390 56946 56932  1240   585  6151 11211  7706  2529  4332  4472
 10193  5226  5224 14239  4472 56946 56932 10621 11711  1231 14390  6151
 56940 11120]
[22, 18] [ 5224 14651  5224  2125  6542 12316  8493 11093  4722 12297 11950 56942
 12297  4472 56946 15248 10621 13906 56932 10621  8373  4472 10185 56931
 56945 56945 56945 56945 56945 56945 56945 56945 56945 56945 56945 56945
 56945 56945 56945 56945 56945 56945 56945 56945 56945 56945 56945 56945
 56945 56945]
[46, 45] [15058  6151 11120  8494  3548  4472 19063 10621 15853  5226 11120  7693
  5226  4151   514 11970  4472  1231 11150 56932  5224 56946  1759 11211
 56940 12764  1240  8057  3260 56121 56940 10621 11211  4125 15009  6151
  7325 56940 13974  4472  2890 13152  7410 56940 12627  9840 10809 10267
  4992 56931]
[15, 13] [ 5224  9243 44723 56946 18433 56932 12407 16092  5226 11120 11093 14602
 56932  8642  6151 39027  5226  5804  8373  2627  3559 10621  6870 13974
 10067  9541  6151  2890 15805  9865 11379  5331  5804 32511 56932  3828
 20426 56942 16163 13396 56942 10067  9450  9115 56931 56945 56945 56945
 56945 56945]
[48, 45] [ 5224  9230 12624  4472 14299 56932 15082 56946 56932 11499 56932  6151
  1231  1004 56932 11211  5224 14399  4472 46989 11562  1452  2890  5589
  1601  4472  9540 56932 12889 13382 11211 56932  6151 11120  7440  4472
  5804  5470 56932 11120 12135 11211  4807  1925   667  4472 14233  7709
    52  8109]
[11, 9] [ 5226  4451  4472  4151 12541 10067 13440 56932  4151 13910  8540  2529
 24684 56931 56945 56945 56945 56945 56945 56945 56945 56945 56945 56945
 56945 56945 56945 56945 56945 56945 56945 56945 56945 56945 56945 56945
 56945 56945 56945 56945 56945 56945 56945 56945 56945 56945 56945 56945
 56945 56945]
[10, 7] [11673  3778 10067   753 11211  8606 12672  5207  4868  6151 13251 11211
 12171 11122   865 56932  9000 11211  5207 56946  4161  5224 11255 56946
  4472 11120 32827 56931 56945 56945 56945 56945 56945 56945 56945 56945
 56945 56945 56945 56945 56945 56945 56945 56945 56945 56945 56945 56945
 56945 56945]
[19, 16] [11673  3778 10067   753 11211  8606 12672  5207  4868  6151 13251 11211
 12171 11122   865 56932  9000 11211  5207 56946  4161  5224 11255 56946
  4472 11120 32827 56931 56945 56945 56945 56945 56945 56945 56945 56945
 56945 56945 56945 56945 56945 56945 56945 56945 56945 56945 56945 56945
 56945 56945]
[29, 28] [13903 56932 12764  1240  6760  4472  8606  2890 27087  4472 11120   545
 56932  9000  5224  7249 12133 11211 15201 11211  1793  4472  5804   352
  1240    65 11211 11768  7430    85  4575  7799 56931 56945 56945 56945
 56945 56945 56945 56945 56945 56945 56945 56945 56945 56945 56945 56945
 56945 56945]
[27, 26] [13903 56932 12764  1240  6760  4472  8606  2890 27087  4472 11120   545
 56932  9000  5224  7249 12133 11211 15201 11211  1793  4472  5804   352
  1240    65 11211 11768  7430    85  4575  7799 56931 56945 56945 56945
 56945 56945 56945 56945 56945 56945 56945 56945 56945 56945 56945 56945
 56945 56945]
[22, 21] [11120  3059  1240 10532  6151  4151 56942  1362  4472 11120  1296  6151
 56942 10440  4472 11120  5918  4472 56946  5534  2890   412 56946  6151
  2890 36645  5226  4890 28434  7616  2890 13723  4472 56942  6381 56932
   713 10621 17061 11211 56932 13371 10267  5244 56932  1240 56946  5217
 13822  3034]
[21, 20] [ 4151  7375  4472 53241  5226 11775   848 10412 12015  5593   217 56946
 12297 12297   848 15145 56946 10621 14855 11211 12015 56946 12297 12297
 56932  4550  6197  4562  5224 14849  4472 11981  4472 12342 15768  5804
 19067  5226  6260 56931 56945 56945 56945 56945 56945 56945 56945 56945
 56945 56945]
[21, 19] [ 6988  9083 10621 13694 10594 56946  5224  1381  1925 56946  6151 11211
  5224 14358  2035  5804 56942  5739 11211  1240  6846  7617 10067   552
 56931 56945 56945 56945 56945 56945 56945 56945 56945 56945 56945 56945
 56945 56945 56945 56945 56945 56945 56945 56945 56945 56945 56945 56945
 56945 56945]
[7, 6] [15058  6151 11120  7316  4472 11211 12071 15145  2342 13396  5224 12956
  4472 11120   418 56932 12277    85  6454  2861 56940 12024  8024 12764
  6485  6151 11669 12956 56932 13396 11122 11211 12764  7709  2529  6444
 13396 12342 11372  7709   134  5226   227  4472  4656 56940 56931 56945
 56945 56945]
[34, 30] [15058  6151 11120  7316  4472 11211 12071 15145  2342 13396  5224 12956
  4472 11120   418 56932 12277    85  6454  2861 56940 12024  8024 12764
  6485  6151 11669 12956 56932 13396 11122 11211 12764  7709  2529  6444
 13396 12342 11372  7709   134  5226   227  4472  4656 56940 56931 56945
 56945 56945]
[40, 36] [15058  6151 11120  7316  4472 11211 12071 15145  2342 13396  5224 12956
  4472 11120   418 56932 12277    85  6454  2861 56940 12024  8024 12764
  6485  6151 11669 12956 56932 13396 11122 11211 12764  7709  2529  6444
 13396 12342 11372  7709   134  5226   227  4472  4656 56940 56931 56945
 56945 56945]
[35, 29] [ 5224   870 10067  5683 13579 56932 13662 10067  5928 56932 11117 14039
   375  4472 11120  1562 11211  1240 12765  1296  3786  1925  9102 27155
  6151 13686  6894 10621 14524 15105 56932  6151  5804 11211  4473 12413
  5226 13072 10067  9541  4472 16932 10067 11255  8788 56931 56945 56945
 56945 56945]
[35, 32] [ 1925  2792  4472  4650 56946 56934 15610 56935 56932  4233 15255 56932
 11117  7780 13271  2890 10386   201  5155 13396  5224 14357  4472  2389
 10067   653  5692 56932  5876 56946 56932 11211  7780  2729 11120  8819
  5226  5224 11255  1950 10067  9541 11211  6667 15168   424  7977  5226
  8302 56934]
[20, 19] [ 5224  5071    85  1231  4348 10291 35704  5804 15611   620  4472  5935
  9254  5226  5224  6319  5692  2861 56940 11526 44074  5224   653 10621
  3572 56932  5224 14124  4562  5804  3204  4293 56932 10621  5488  6655
 10611  1168 56940 56931 56945 56945 56945 56945 56945 56945 56945 56945
 56945 56945]
[18, 16] [11120  1147  1064 11211  5224  7966  4472 45431 10621 11120 11602 56932
 11211  2215  4151  3136 56932 16105    52 44123  6151 11120 13553 56931
 56945 56945 56945 56945 56945 56945 56945 56945 56945 56945 56945 56945
 56945 56945 56945 56945 56945 56945 56945 56945 56945 56945 56945 56945
 56945 56945]
[2, 1] [  261 14201 11849  5226  5804  5802  4472 56946  8509  5224  7977  4472
 11966  8509  2890  4065  4472 56942 10013 10621 56942  5263 56932  8630
 11211  5224 11554  6010  6151    55 13707    85  4472 56942 10013 10621
 56942  5263 56931 56945 56945 56945 56945 56945 56945 56945 56945 56945
 56945 56945]
[18, 16] [ 5804  8330  4472  3703  3982 11211 12764   746 15231  3260  5226 15583
  4562 11191 10621   470 11211  8993   746  3860  4151   621 10621  4304
  4472  5668 56932 13396 11122 11211 11242  6151 13661 11211 56946 56931
 56945 56945 56945 56945 56945 56945 56945 56945 56945 56945 56945 56945
 56945 56945]
[16, 12] [ 4758 13529  9222 53601 12948  4562  3667  4758 15072  5226 11211  5224
   653  5692 56940   582 11216 13822   405 56940 10291 12208 11211  3572
 12764 43331  5224  8965  5224 12479 56932  7868  1288  6118  7873 56931
 56945 56945 56945 56945 56945 56945 56945 56945 56945 56945 56945 56945
 56945 56945]
[36, 33] [12889  5217 56942  3222  7780 12190  6151  1723  6151 56942  7496 56932
  5224   653  8984  8159 11211  2890  6753  2041  4472  1427 14811  8605
  5226  5352 17467  6151 11120  9028  4472 11211 11120 12596 15394 56946
  7665 56931 56945 56945 56945 56945 56945 56945 56945 56945 56945 56945
 56945 56945]
[6, 5] [14931 11744 56932 11120  9028  7709  2529  2038 56932 11664 11120  6098
 20793 10611  5804 19426 10621 13996  5226   177  7312  5240 11211  6950
 11120  3852  4472  3433   671 56946  4151 12336 11295 10611 15232 10621
 12379  5452 56931 56945 56945 56945 56945 56945 56945 56945 56945 56945
 56945 56945]
[15, 13] [11120  9011 14571 11562  5226 10778 10067  5576 56932  9000  5224  3612
  7682  5061  1231 14390 14939  6551 10621 56932 15023  2678    82  1633
  5224  9080 13012 56934 56946 56935 56932   373  6151 14777 13349 10067
  9102 56932 11120 12673  5532 11211 13008 10067 38963  6151 27155 10621
  4685  4472]
[21, 18] [ 5224  4685  4472  9450 56932  8552  6151  2890 12168  5226 12759  3252
  4472 56946  5226  5224  1030 56942 56932  7578  6151  5487  5226  4932
 15161 56932  5226  5224  7615 56014  4472 11120 11753 56932 15023 11141
 13396 56946  6151  2890  9328 11211 10360  1231 17187  7838  4472 11120
  8200 56946]
[34, 30] [ 5224  9080 13012   981   273  6151  8493 11303  4472   420  2185 14931
 11141 56932  5226  4151 11211  6950  9490  5951  2890  1601 56932  4562
  2890  5551 13396 56946  7956  2890  5576  4472   119 11211 11562 14931
  8555 11120 13030  4472 14496  6151  2529  5224 11211    85 13280  2890
  9579  4472]
[36, 32] [ 5224  9080 13012   981   273  6151  8493 11303  4472   420  2185 14931
 11141 56932  5226  4151 11211  6950  9490  5951  2890  1601 56932  4562
  2890  5551 13396 56946  7956  2890  5576  4472   119 11211 11562 14931
  8555 11120 13030  4472 14496  6151  2529  5224 11211    85 13280  2890
  9579  4472]
[42, 38] [ 5224  9080 13012   981   273  6151  8493 11303  4472   420  2185 14931
 11141 56932  5226  4151 11211  6950  9490  5951  2890  1601 56932  4562
  2890  5551 13396 56946  7956  2890  5576  4472   119 11211 11562 14931
  8555 11120 13030  4472 14496  6151  2529  5224 11211    85 13280  2890
  9579  4472]
[32, 28] [ 8630 11211  2640  6006  4472 11120  6544  4472  2890 56940  2444 56940
 56932  5226  2913  1925 10386   201 56932 56946 56946  1240  8944  6151
  2890 56940  1852 13139 56940 11211  1240   582 56946 56931 56945 56945
 56945 56945 56945 56945 56945 56945 56945 56945 56945 56945 56945 56945
 56945 56945]
[6, 4] [ 5224 13723 10208  6695 14204 11211 13798  1793  4562 17998  6151  4151
  8155 11211 56946  6151  5513 56946 56932  3951 11581  2462 13532 10621
 12909 10172 15341 56931 56945 56945 56945 56945 56945 56945 56945 56945
 56945 56945 56945 56945 56945 56945 56945 56945 56945 56945 56945 56945
 56945 56945]
[36, 33] [12379  5452 15285   217  1231  2985 13396 11120  4670 10067   653  8984
  4472  8663 56942 11804  4472  5895  1925  2445  4472  9584  4472 14113
 56932  1925    20 11211 13396 11120  4472 10025 10700  3462 11211  3245
  5129  6151  4151  6505  3436 56931 56945 56945 56945 56945 56945 56945
 56945 56945]
[6, 5] [ 1925  6495 56932  5224 10673  4091 13807  6151 11120 24585  4472  2890
  4748 10621 11211  1240 41218  6418  1925  9158  1695 56931 56945 56945
 56945 56945 56945 56945 56945 56945 56945 56945 56945 56945 56945 56945
 56945 56945 56945 56945 56945 56945 56945 56945 56945 56945 56945 56945
 56945 56945]
[3, 2] [ 8630 11211 56946 10463  5226 56942  4472  6128 56946 56932 13815 56946
  5804 10314 56946 56946 13396 16525 56932 12889  5137 15083 29151 11120
  1903  4472 14233 10621   645  5804 56946 11211 56946  7430 56931 56945
 56945 56945 56945 56945 56945 56945 56945 56945 56945 56945 56945 56945
 56945 56945]
[41, 37] [ 4562 11120 13269  4472 42718 10067  7057  4472 11120 47676 56932   884
 15175 18348 10621  5804  7568  3911 32541 35683 11120 15459  4472 11120
  9745 13396  2890 14568  4472 56942  3861 56932  1925  9687  4472  5804
  4705  5224  8224  6667 11211  2529 12190  6151  5804   453 13801 33944
 56931 56945]
[24, 22] [ 5224 11390   501  5226  1723 56932  8748 12757 56932 10376 12948  5226
 10792 11211 56932  8493  1004  5224  5234  4817 11513 13952  7780  9002
  7665  6151  1231  6319 56932  5224   653   501  7494 56940  1379  7425
 56940  5226 12836 13822 12336  4562  1723 56931 56945 56945 56945 56945
 56945 56945]
[2, 1] [ 1793  4472  5487 11898  6151  5804 25100 10842 56932  1254  8560 12305
  1231 25241  4562 14821 10555 10291 10530  5224 17693 56932 14184  4152
  6151 11120  7308 30007 10621  3341  4151 11001 20686 56931 56945 56945
 56945 56945 56945 56945 56945 56945 56945 56945 56945 56945 56945 56945
 56945 56945]
[39, 38] [ 5224 14299  5769 13987  8036 27637  3017  1170  5226  5224 29943 12761
 10621  4161  5224 12675   972 12764  1240 56946 11120  8998  4472  1233
  7334 56932   848 12764 56932  1633  5224 12741 56932 12889  4562  8493
 26036 13328  9840 12350 56931 56945 56945 56945 56945 56945 56945 56945
 56945 56945]
[29, 21] [15083 56932  6870  2890 12687  4562 11120 13524  3046 15227  4472 11120
 11556  4472   713 10621  3491 10067 56946  3934 56934 56946 56935 56932
  4884  1971 12905 16394 11117  5165 11211 13143  1925   653  1231 22306
  4472  8493  1126  4472  4151  4803 56932 56940 13371  5609 10291  2188
  8493  4188]
[11, 10] [ 5224 14749 16594 56946 56932  8993 14915 56946 56932 12764  4091   705
  1231 39781 10621 15023  2678  2370  5224 12796 15884 56946  3502  1231
 53391 56932  9000  2370  1231 11765  8374 56931 56945 56945 56945 56945
 56945 56945 56945 56945 56945 56945 56945 56945 56945 56945 56945 56945
 56945 56945]
[28, 26] [ 5804 11360 56946 10621 19162 56946  3245  1240  9567  4979  5226  8325
 56932 12889  5226   425 11093  4722 13822  5843 12764  1240 12813  6151
  7538 10621 30235  3361 12128  1925  6812 56931 56945 56945 56945 56945
 56945 56945 56945 56945 56945 56945 56945 56945 56945 56945 56945 56945
 56945 56945]
[26, 23] [ 5224 12232  2729  7780  8192 10291  5224  2775  4800 35568 56934  8429
 56942  3197 56935 56932  3497  4472  8493  2994 13269 56932  9000  6197
 12764  4091  8606  3260  2370  5804 56946 27998 10621 17899 56932 10621
  5224  7615    85 10291  5224  4978 35377 56946 56934 51185 56946 56946
 56935 56931]
[17, 16] [11120 11602 14970  5226 11120  2389  2890 12837 10621 12424  8865  7019
  4472  2452   906 11211   209    52  8192 12922 13396  5224  8099 56946
 10291 12173  6151 13822  3434 56931 56945 56945 56945 56945 56945 56945
 56945 56945 56945 56945 56945 56945 56945 56945 56945 56945 56945 56945
 56945 56945]
[22, 21] [ 5226  5804  4393  9939   746 17561  8373  2814  4562  6761  5717 11120
 13439 56946  5226 11120 13733  4472 56946 10621  2890  4476    85  4869
  6151 15131  4472  2890 10673  5226  5224  5135  8630  5804 56946 47940
 56931 56945 56945 56945 56945 56945 56945 56945 56945 56945 56945 56945
 56945 56945]
[28, 27] [11120  1578  8925  4562 11120 13916  4472 11211  1240 28842 10314  5226
 11120 17238 10621  1793  4472  5804  5843  4472  4151 56946 56946 10621
 17899 56932 10025  9658  8244  5226 11120 10509 13396  5224  1673 56931
 56945 56945 56945 56945 56945 56945 56945 56945 56945 56945 56945 56945
 56945 56945]
[25, 24] [ 5224  4942  9017 11211  1240   418  4204  5224 15900  4472 11120 14381
 56932  5226 32270 56932 10291 10105  5224  8876 15175 10621  1040 11211
  3686    77  9591  2890 15846  4562  5804  3370 13171  9590 56931 56945
 56945 56945 56945 56945 56945 56945 56945 56945 56945 56945 56945 56945
 56945 56945]
[7, 4] [11120  9212  4472 11120  9893 14102  4472  9701  5699   424 13610 56931
 56945 56945 56945 56945 56945 56945 56945 56945 56945 56945 56945 56945
 56945 56945 56945 56945 56945 56945 56945 56945 56945 56945 56945 56945
 56945 56945 56945 56945 56945 56945 56945 56945 56945 56945 56945 56945
 56945 56945]
[10, 9] [ 5226 12328 56932  4562 11120 14564 14779   424 11554  6021 10364  4161
  5014  5226 56942 10013 56931 56945 56945 56945 56945 56945 56945 56945
 56945 56945 56945 56945 56945 56945 56945 56945 56945 56945 56945 56945
 56945 56945 56945 56945 56945 56945 56945 56945 56945 56945 56945 56945
 56945 56945]
[16, 14] [ 5226  5224 30287 10501    13 13554  4472 11122 12675 56932  9000  5224
  2610  4472 17367 56946  5061 15192  1925 12675  2908  4472  6480  5226
 13822 21879 56931 56945 56945 56945 56945 56945 56945 56945 56945 56945
 56945 56945 56945 56945 56945 56945 56945 56945 56945 56945 56945 56945
 56945 56945]
[38, 30] [ 4758 13529  8443  4472   671 56932 42069 10067 16772 56932  1040 12948
 11211  5804 10333  1240 56946 10067 56942  4472 14724  1925 56942  4472
 11966 56932 56942  3861 13171  4472 11122  7485 56932 10621 11211  5224
 12684  5240 10021  5224  9283  4472  8330 56934 10611   366 10621  8752
 56935  4161]
[32, 31] [ 4151  2295 13171  9441   746  8192  5282  6151  4151  8589 25127 56934
 13723 56946 56935 56932 30806 56934 56946 56935 56932 56946 56932 56946
 56932 17782 23263 10621 50169 56932 11211  4779  2550  1925 51684 14802
 56942 11804  4472  5699 56932 56942 56932 56942 56932 56942 56932 56942
 10621 56942]
[27, 23] [  731 56932  5226  7809  5226  5804 24135 10067  1950 56932  1694 11211
  4151 10233 11211 15257  2890 13019 13371  5224  4472  4758 10958  9775
  4472 36820 11526 11434 10335  4562 11120  3363 10291 12208  5307  6151
  8493 11851 10236 56931 56945 56945 56945 56945 56945 56945 56945 56945
 56945 56945]
[23, 21] [12543  6205 56932  6470 56946 56932 13386 14576 11120   681  4472  4151
  8373  5839  2185  4472  8200 12297  6197 11211  5224  9102   582  5231
  1925  5806 10621  9901  1925   468  5206 12297  8159 11211  5224  3612
  4794 13261 13980  4472 11400  9379  8373  3204 56931 56945 56945 56945
 56945 56945]
[19, 17] [ 5224  9750    85  4869  8373  3861 15083  5226 11120  9639  4472 12929
  4472  1041 15023   535  2890 14519  4562  3542  6151 13732 56931 56945
 56945 56945 56945 56945 56945 56945 56945 56945 56945 56945 56945 56945
 56945 56945 56945 56945 56945 56945 56945 56945 56945 56945 56945 56945
 56945 56945]
[13, 11] [ 5224  6260 56942  4472  8289 56932 10025 14378  9271  1487 11120  7626
  1925  2678  5224 15018  5226  5224 11211 26488 13396  2890 42931  4472
   683 56942  5056  5226 11120 14248  4472 20094 56931 56945 56945 56945
 56945 56945 56945 56945 56945 56945 56945 56945 56945 56945 56945 56945
 56945 56945]
[13, 11] [ 6151   661 11211  2417  5804  3861 56932 11120   445  5061 10621  4151
 13864 31867 10267  1004 13171  9158 56931 56945 56945 56945 56945 56945
 56945 56945 56945 56945 56945 56945 56945 56945 56945 56945 56945 56945
 56945 56945 56945 56945 56945 56945 56945 56945 56945 56945 56945 56945
 56945 56945]
[35, 31] [ 5804 10585 47731  1396  4472 14399  5226 12486  5804   620  4472 17678
 56932 11211 13396    19 12135 12171   746 12249  1170  5226 11120 13107
 56946  4472 11120  4932 56932  9000 14343 11211 11673  5474   582  2529
 32694 10621 56946  4562 11554  4693  4472 11120  7361  7638  4472  5804
  4284 56931]
[18, 17] [56946  5147 11211  5224   653 11606  7775  5224  5683  3849 13396 11120
 14779  4472 10816 10291 11211  7706  2529  8806 13396  5224  3104  4472
 10050  4693 10067 56942  4472 14842 56931 56945 56945 56945 56945 56945
 56945 56945 56945 56945 56945 56945 56945 56945 56945 56945 56945 56945
 56945 56945]
[27, 26] [13396 13676 56932  5224 13576  6695  1240  8944  6151 11120  7092  4472
  8493 14988  4472  4391  4472 11120  3077 56946 56932 56940 11122 11211
 12764  1240  7709  8606 10380 56940 56932 10621  6299 11211  5226 11122
 11211  1240  1626  6151  5804 13767   848 13857  4472 15446 11211  1340
  5488 14729]
[38, 35] [ 2890  5322 10067  1651 10067  4323 56932  4337 56946 56932 10376 11211
  8834 13021 13171 11211 56798  5226 17852   746  8192  2701  6151 14021
  5226 15243 10621  1240 15394  7780  3009  6151  2890  9763  7903 56932
  9000  4779 12676  6151 11211 11120  8108 10291 11120  2496  4472 11120
 12460 12683]
[23, 20] [ 2890  5322 10067  1651 10067  4323 56932  4337 56946 56932 10376 11211
  8834 13021 13171 11211 56798  5226 17852   746  8192  2701  6151 14021
  5226 15243 10621  1240 15394  7780  3009  6151  2890  9763  7903 56932
  9000  4779 12676  6151 11211 11120  8108 10291 11120  2496  4472 11120
 12460 12683]
[14, 12] [ 5226  5224  4842 11690 56946 56932 11211 13073  8493  1004 11211  4151
  8081 13391 13299 56932  4151  8849  4472  9471  2170 39140 56942  5895
  6151 56942  5895 10621  4151  4472  2664  6842 50736 56942  5895  6151
 56942  5895 56931 56945 56945 56945 56945 56945 56945 56945 56945 56945
 56945 56945]
[23, 19] [ 2890 13723  4472 12770 14662  5226 15445 11211  5224 10242  4472  7581
  4472  6467 56932 11966  2128  4472 14393 56932  7780 15328  6151  3969
 11211 56940  1233  5226 11120  3174   635  5224 14358  7494  5224 56946
  4472  5804  2322 56932  3245 11117  4346  5224 56946  4472  5804 12770
 56940 56932]
[17, 15] [11120  1489  5360 11120  1650  4472  2890  4666    59  2370  5224  2445
  4472  9961  9301 14440  1925 14338 11211 11120 11840 12764  7780 21652
 11120  5807  4472  6663  4562  2965  6151  5804  8330 56931 56945 56945
 56945 56945 56945 56945 56945 56945 56945 56945 56945 56945 56945 56945
 56945 56945]
[21, 20] [ 5224  5806  1240 23804  7956  5224 19645 10067 12908 48585 56946 10621
  8902 11120  7069  4472 11211  5226  1490  3719  9840 56946 10067 12168
 48504 56931 56945 56945 56945 56945 56945 56945 56945 56945 56945 56945
 56945 56945 56945 56945 56945 56945 56945 56945 56945 56945 56945 56945
 56945 56945]
[20, 19] [56940  1925 56946  9394  7290  5226  2890 12675  7174 56932  8902 15168
  6151 11211  2144  2890  1381 10300 11211  4091  2529 15920 13371  5224
 15038  1925  3849 56940 56932 15201  7856 56931 56945 56945 56945 56945
 56945 56945 56945 56945 56945 56945 56945 56945 56945 56945 56945 56945
 56945 56945]
[28, 25] [ 2890 16931  4884 21425 12764  5240    19 11211 10644 12754 42520  2861
  6151 11122  7811  5240 13396 11674 13396 11122 11211  4151 46083  4472
  4151    21  1240  5207  4982 13371  8493 10236  4303 10067 42520  8722
 56932 14915 25602 12342 10621 14915 15864 56943 56945 56945 56945 56945
 56945 56945]
[8, 7] [14260  5804 19211  4472 18789 23171 12764  8540  6289 11211   418  9662
  4607 56931 56945 56945 56945 56945 56945 56945 56945 56945 56945 56945
 56945 56945 56945 56945 56945 56945 56945 56945 56945 56945 56945 56945
 56945 56945 56945 56945 56945 56945 56945 56945 56945 56945 56945 56945
 56945 56945]
[7, 5] [13396 10711 56932  5224  5683 13579  7709  8606    19  1004  5224 30738
  5224   972 11211 10111 56932 14260   424  5683 13579 12764  5240  4472
 56946 56932  9000  1925  8871  4392    85 15111  4472  7291  5224 46871
 56946 10621 11120 11529 56946  4472  5804 19287 56931 56945 56945 56945
 56945 56945]
[28, 24] [11604  1009 11211 56932 13371 12013 56932  5224  3104  4472 10050  2669
  4472  4189  2890 15316  4472  3077  4472  7891 10067  1951 12683 10291
 11211  5804  3692  9658  9232  6151 13822  7864  4562  1490  4136 56932
   494   957 56932 12889 12543    60 10722  5414 56932 11149 10166 56931
 56945 56945]
[26, 23] [13396  7932  2861  5224 11255 11281  4472 11120  7833  8576  3686 14356
 56946  1002 56932 10621  5400  4472  5804 50179 16044 10067  3597 15894
 21442  9840 14356 19101  4562  8874 56931 56945 56945 56945 56945 56945
 56945 56945 56945 56945 56945 56945 56945 56945 56945 56945 56945 56945
 56945 56945]
[35, 33] [ 5226  1231 13676 12297  7618 12297 56932 12024 15340 12297 10621 12342
  3159 11211 11122  5240 12297  4758 13529 44106 56932  1240 10463  5230
 14260 56932 15328   424  3719  4472 11120  7645 56932  1240  7016 56946
 11120 11213   545  2720 56932  5534  4151  8373  3342 37967  5224  1926
 56931 56945]
[7, 5] [ 5226 13554 11211    12 56932  6196 12913 32899 11211 11673  2809 56946
  5137 10621  5137  5226 11120  5404 10067  7249  3612  4472  5138 11211
 13280 44153 13821  1925 56946 56931 56945 56945 56945 56945 56945 56945
 56945 56945 56945 56945 56945 56945 56945 56945 56945 56945 56945 56945
 56945 56945]
[11, 9] [ 5226 13554 11211    12 56932  6196 12913 32899 11211 11673  2809 56946
  5137 10621  5137  5226 11120  5404 10067  7249  3612  4472  5138 11211
 13280 44153 13821  1925 56946 56931 56945 56945 56945 56945 56945 56945
 56945 56945 56945 56945 56945 56945 56945 56945 56945 56945 56945 56945
 56945 56945]
[34, 32] [56940  2890 12684  4841  4472   425  2142  5240  1920 10621  6714 14304
 28249 11211 56946  6151  5804 13678 56943 56946  6714 11120  7626 12764
 13371  9388 11120  3700 56932 10954 14914 10621 13371  9840  2529  5226
  2890  5509  2138 10067 15991 56932  5226 10025  2611 56932  4562 10025
  4521  6862]
[32, 31] [ 5534   865 45629 13396  4151  4931  1240  3240 56946 10621 56946 11211
  5317  6151   245  5804 15691  7750  4472  4151  1325 11211  1257 11120
  1713 16073 14750 15168  6151 56946 11211  8540  9825  4186 36642 56931
 56945 56945 56945 56945 56945 56945 56945 56945 56945 56945 56945 56945
 56945 56945]
[15, 13] [ 1793 11120  7132 12764  7709  8606  1379  5226  1156  1925 13730 56932
 11664  7494 11211  5527  5224 13314  4472 11122  9329 10291  4425  6272
  8874 56931 56945 56945 56945 56945 56945 56945 56945 56945 56945 56945
 56945 56945 56945 56945 56945 56945 56945 56945 56945 56945 56945 56945
 56945 56945]
[40, 36] [13822 13618 10916 56946 11120 13107  4472 16161 56946  4472  8920  4472
 11120 10162 56932 56946 56932 37897 10621 10025  1046 11086 56932 11211
 56932 24280  5226  4151  9601  7747 29939 13927 12297 56942 10621 13927
 12297 56942 56932   209    52 56946 13396  1901  5224  5285  4472 11120
 12615 56931]
[35, 33] [ 9000  1233 11120 12596  6636 13171  8973   373  4604 11617 56932 12703
 12379  6252 25317 34777  4185  1925 14198  4472 39278 56934  1925  7581
 16130 13171  8965 56935 56932  4472  7171 11211    68  5523  8540  2738
 12135  5226 11120  7038  2358  5226   425 12596  4472 11419 56931 56945
 56945 56945]
[41, 38] [14931 11744 56932  5224  9591 13171  3269  4550  5240  5224 10729  4766
 10611 15686  4472 47233 56932  4884  5532  5240  8870 11211 11120  1781
  4472  5804  2237  4472 15590 10064 56946 56932  4562 11122 11211  5226
   424 13440  9379 14619  8540  2529  9251 28414   848 34922 56931 56945
 56945 56945]
[33, 32] [ 5226 10577  4472 11120 11851  6151   424 14687 56932  5217 13280  7898
  5137  1240   746  2302  5804  4573 56946  5410 12297 56946 56946 12297
   848 12297 56946 12297 56932 11211  5226  6207 10192 14824 13396 12297
  6646 12297 56931 56945 56945 56945 56945 56945 56945 56945 56945 56945
 56945 56945]
[38, 36] [ 4264  1167 56932  5234 12365 12683  4472  2074 56932 39463  4562  2606
 13280 13649 11970 10621    85  1231  8272  5226  8493  9540  4472 23673
 11211  1487 56932 12297 11767 12297  8964  1167 12297 13396 12024 12898
 14260 12342  7334 12407  4518 56932  4562  1379 12691 56932    20 11211
  5226 12031]
[20, 19] [ 5207 13126 11120   207 21244 56932  9000 14914  1004 56946 11267  5240
 11120 12191 10067 11555 10621  1233   428  7709 17339  1925  9843  1233
  1240 56946  4472 11120 20858 56931 56945 56945 56945 56945 56945 56945
 56945 56945 56945 56945 56945 56945 56945 56945 56945 56945 56945 56945
 56945 56945]
[10, 7] [ 5226  6226 13440 56932  5224  1883 16477  4472  6917  3958  9490 41676
 11122 11211  5224  1094  4472  1524 56932 10621  5224  7249 11211  4413
 34204  6151  2637  5224 12664  7261  4125  4465  4472  4945  1633 11120
 22425  4472 11120  7132 56931 56945 56945 56945 56945 56945 56945 56945
 56945 56945]
[24, 21] [ 5226  6226 13440 56932  5224  1883 16477  4472  6917  3958  9490 41676
 11122 11211  5224  1094  4472  1524 56932 10621  5224  7249 11211  4413
 34204  6151  2637  5224 12664  7261  4125  4465  4472  4945  1633 11120
 22425  4472 11120  7132 56931 56945 56945 56945 56945 56945 56945 56945
 56945 56945]
[2, 2] [ 8596 11122  9490  4492  4746  4472  1231  5879  4562  5224  1405  4472
 29059  4472 12672 11211 12764  8946  7247 56932 10621  9490  5492  5224
 43844  4472  1168 12673  1925  4201 11211 12764 17667  5224  8870 20034
 13396  9068  5000  6151  5804 10229  3861 56932 10621   151 13396  9394
  5137  4562]
[11, 10] [ 2052 13344  6151  4151 11868  3828 12731 14923 12060 10621  5668  1503
  6151 56946 56931 56945 56945 56945 56945 56945 56945 56945 56945 56945
 56945 56945 56945 56945 56945 56945 56945 56945 56945 56945 56945 56945
 56945 56945 56945 56945 56945 56945 56945 56945 56945 56945 56945 56945
 56945 56945]
