[31, 29] [ 9000  3260  4472   428  9073  4161 11211 56946 11211  6373 10355 12297
 12297  7453 56932 13849 56932 56946 12297 12297   865  6950 41684 56946
  4472 10630 11211  5224  7238  7180 10291 12936  5534  5224  9084  8946
  8503 10621 13074 10291 13478 56931 56945 56945 56945 56945 56945 56945
 56945 56945]
[16, 14] [ 5224 14573  4472  5814 10621  5804 10624  4472  4151  8929  4472  8285
 14722  4151 14373 10291  9514  2890 14399 11211  4106 11263  5224 14555
 12886  4472  5804 14650 56931 56945 56945 56945 56945 56945 56945 56945
 56945 56945 56945 56945 56945 56945 56945 56945 56945 56945 56945 56945
 56945 56945]
[44, 40] [13095 56946 56932  3608 10067 56946 56932  1630 11211  5804   453  9135
 10067 12638 11526  6416  7460 10291 56940 13791  2826  6403 56940 56932
 10621 11526  2529  8155  4562 10365 10621  4322 56932 56946 10621 16135
  9636  8008 56932 12672 11211    85  2729  5226  3396  4562 11120  2824
  3046 56931]
[38, 32] [ 5804 15646 13526 11211  5224  9185  5226 11120  6098 10468  6151 15276
  4472 56940 40019 56940 56934 56946 56935  1240   582 56932 10996 56932
  1925 14384 16500 10611  1231   611 10621 11120 10067 11211   375  2792
  5217 11120 10365  4472  9515  4472 11120 15386  7430 15512 13346  5226
 56942 56932]
[36, 32] [56940  5240  2890  1094  8148 13396 11122 11211    85  1231  7626 10621
  1231 14088 56932  6151  6256  4472  5615 56946 13396 12082  7956 11896
 12764 16953  4472 11047  2861 12766 56932  4391 10621  8493  8106  4472
   587 56932  4472  3421  1362  4472 11231 56932  9592 13396 11120  7489
  4472 15394]
[43, 40] [ 5432  5226 56942  4649 10621 12835  4562  5224  2151  4472  8373  5134
 56932  8493 13172 10067 11183 56932  2890 11284  4472  2551 56932  8373
 16288 51274 10621  5544  5134  1791 56932  7780  4472  2529  2890  2792
 14915  1090 13371 11122    85  5226  1231  7802  4472   821 56931 56945
 56945 56945]
[15, 15] [ 5226  1156  6151  4151 56946  4472  3821 56932  5224  2792 15201 11211
  5224  2689 11211 10111 11117 56946 56942 11804  4472  5669 56932 56940
  5224  7372  6151  4151 10633 10067  7581  6151 14229 56940 56932 11211
  2850 10267  2689   683 56942 11804  4472  5669 10621  6267  8493  8163
  4472 56942]
[27, 25] [14735  1240 56946 10621 56946  4562 11120 12767 10621  5224 13741 26430
  4472  8328 10291 11184  6151  5489 11211  1240  4716 14931 11921 10291
 12049  3479 14931  4323  9000  5226 11765 56932  1633  5224 27908  4472
  5804  9163 56931 56945 56945 56945 56945 56945 56945 56945 56945 56945
 56945 56945]
[36, 33] [56946  7780 14264 11397 56942  6149  4472   213 10067 15097 56946 56932
  8493 14364  9898 11211  1240 19636  8415  5226  5224  5609 12728 56932
 10621 11646 56942  6149  4472  6438 52345 56932 11211  1240  7704 13371
 14028  2370  5224 21005 11211  1240 32282  5217  5224 15097 56946 56931
 56945 56945]
[31, 29] [ 4562 56946 12557 10949  5226 10554 12392 56932 14423  2917 56946 10621
 56946  5804  5574 11211 35683 11120 11752  5226  5224  3612  4472   719
 13529  8374 11211 56932  8552  6151   425   455 56932 12045  8493 13450
  7383  5226  5224 11284 56931 56945 56945 56945 56945 56945 56945 56945
 56945 56945]
[32, 32] [15256 10341 15648 11211  4562 11120 56940  7037 10621  5611 56940 11117
  7780 12559  2890 56940   982 14175 56940 14260  1630 11211 56932 56940
  5226   919   661 56940 56932  4562  5224  1381 10124  7780 56940 12559
 56946   184  9502 56940 56932  8637 13396 11120 11211  2132  1240  9490
  7723  5224]
[3, 0] [ 7930 56932 15023 56946  2890 56946 56932  2529  9288 56933 15201 11211
  7494  8493 56940  7415 10098 56940  4562  3433   671 56932 13171 11211
  9937 13396 12342 56933  6299 11211  3245  5240 15340 10067  2792  4472
  1352 56932 14524 15043 14751 56932   848 13396   377 56932 10621 15201
 11211  4562]
[28, 28] [11120  3059  1240 10532  6151  4151 56942  1362  4472 11120  1296  6151
 56942 10440  4472 11120  5918  4472 56946  5534  2890   412 56946  6151
  2890 36645  5226  4890 28434  7616  2890 13723  4472 56942  6381 56932
   713 10621 17061 11211 56932 13371 10267  5244 56932  1240 56946  5217
 13822  3034]
[41, 38] [10420 56932  5224 12133  6695  7780  6444  6151  2892  4472 56940 30043
  1231  6153  6151 13907  4562  5224  4942 56940 56932 10621  7780 56946
  1925 56940  1381 10124 10621  6750 56940 14260 56940  5226  2668  6950
   753  8373  3615  5226  5488  4290 56932  9222   848 13578 56940 56931
 56945 56945]
[8, 8] [  513  5835 11211  5226  5224  6669  4964  4472 15038 56946  1240 56946
  2890  8614  6816  1925 56946 56946 56932  8806  5226  5224  2824  6669
  4472 15038 10621  4884 20247  4472 56942 11804  1240 30496  6151 11120
 25452  4472  1877 10621  6151 11120 37289  4472  4151  1877 13949 56931
 56945 56945]
[13, 13] [56940  2831  5226 14662  5224 11950 11211  5240 10621  5224 11554 11211
  7780  9591 56932  1469 12407 12018 56940 56932 56946  1925  7261 10067
 11950 28395 12511 56932 13488  4472 56946 33312 56932 30209  4472 11120
  1404 56931 56945 56945 56945 56945 56945 56945 56945 56945 56945 56945
 56945 56945]
[11, 7] [11120  7489 12840   960 56934   295 56935  2655 12948  4290 10291  1407
 11120 12866 10067  4419 56932 11211  5226  5804  4185  9939  7494 11211
  7918  1925 14555 12344 56931 56945 56945 56945 56945 56945 56945 56945
 56945 56945 56945 56945 56945 56945 56945 56945 56945 56945 56945 56945
 56945 56945]
[32, 32] [ 5224  5097 56932 13396 13676 56932  1240 10823  5226  2370  4472  1836
 14162  4472 13236   848  4472  3641  2848 14931  5224  1803  4472  5804
  3434 56932 10621 11211  5534  1240  3968 12472  2632  1240 56946  6151
  5804  6134  4562  6272  2965 56931 56945 56945 56945 56945 56945 56945
 56945 56945]
[10, 8] [ 6997 11211  5534  7412  6894 56934 11211  6151 11122 11211 14190 12764
  7780  3521 10067  6226  5224  7473  9068 11211 14204 56935 14747 56946
  6151  9222 56932 10621 11117 47234  4562 40453 10621  2554 10621 11122
 26442  4472  7001 10643 56934 14686  3245  5226  5224 10235  4492  4472
  6997  4759]
[48, 46] [21258 12764  1240 56946 56932 16738  6151  2890 13723  4472 17370  4472
 11169 16581  9000  6578  7460 56932 10621  4472  1274  5224  3612  5371
  1925  8871 14915  4518 13371  5224  4472  5804  5710  2861 13512  4161
  5804 12297 17090 56942 12297 10067  6171  4472 11120 11528 10621  5226
  8025  1487]
[25, 22] [14352 10213  3389 10067 13893 13371  3077 16294 34224   494  5226  4151
 13728 25818  4472  7821 11211 56932 53426  2370 53426 56932 16761 15023
  5224   273  4472 12921 56931 56945 56945 56945 56945 56945 56945 56945
 56945 56945 56945 56945 56945 56945 56945 56945 56945 56945 56945 56945
 56945 56945]
