[15, 15] [12049  7422  5226  1884 56932  5226  1231  7802  5226 11120 56946 56932
 10621  5217 13487   746  8449  7096 16664 56931 56945 56945 56945 56945
 56945 56945 56945 56945 56945 56945 56945 56945 56945 56945 56945 56945
 56945 56945 56945 56945 56945 56945 56945 56945 56945 56945 56945 56945
 56945 56945]
[38, 38] [ 9000  3260  4472   428  9073  4161 11211 56946 11211  6373 10355 12297
 12297  7453 56932 13849 56932 56946 12297 12297   865  6950 41684 56946
  4472 10630 11211  5224  7238  7180 10291 12936  5534  5224  9084  8946
  8503 10621 13074 10291 13478 56931 56945 56945 56945 56945 56945 56945
 56945 56945]
[22, 22] [56946  1117 11211 13327 12764    65 13396 11149  2529 11120 18121 56932
 14260 13554 18725 13371  4151  7568  1340 10555    61 10621   865 14821
    21 56931 56945 56945 56945 56945 56945 56945 56945 56945 56945 56945
 56945 56945 56945 56945 56945 56945 56945 56945 56945 56945 56945 56945
 56945 56945]
[4, 4] [56940  1233  2850 56932 10608 56940 56932   730  5226  5224  8614 11120
 56946  4472 11120  7070  2529 56931 56945 56945 56945 56945 56945 56945
 56945 56945 56945 56945 56945 56945 56945 56945 56945 56945 56945 56945
 56945 56945 56945 56945 56945 56945 56945 56945 56945 56945 56945 56945
 56945 56945]
[29, 29] [ 4472  8493 13480  3610 10621 11349  4472  1168 12673 56932  6151 11120
 11211 12764 56946  4151 10219 11211  9658 51377  5226  1231  7147 56932
  3047   418 11211  1009 11211  7494 13171  8008 11211  2890  4569  6151
 13576 13396  5224 14358  5226  2555 56931 56945 56945 56945 56945 56945
 56945 56945]
[4, 4] [10621 12764  5240 11211  2273  5226  2370  4472  4938  9658  1653  6151
 11120  4932 56932 11664  9632 11211   865 14915 10936 13371  3125 56932
 13396 11122 11211 12015 56946  4562  8025 10291 11211  1240 10650  1231
  4022  4472 14021  5226 15394 56946 56931 56945 56945 56945 56945 56945
 56945 56945]
[4, 4] [ 5224  1602 29087 12627 12731 56932 11149 18698 56932  5224  4200  4472
  5804  2326 10621  5224  5003 11211 14204  4562  8995 56931 56945 56945
 56945 56945 56945 56945 56945 56945 56945 56945 56945 56945 56945 56945
 56945 56945 56945 56945 56945 56945 56945 56945 56945 56945 56945 56945
 56945 56945]
[18, 18] [ 5224  1602 29087 12627 12731 56932 11149 18698 56932  5224  4200  4472
  5804  2326 10621  5224  5003 11211 14204  4562  8995 56931 56945 56945
 56945 56945 56945 56945 56945 56945 56945 56945 56945 56945 56945 56945
 56945 56945 56945 56945 56945 56945 56945 56945 56945 56945 56945 56945
 56945 56945]
[1, 1] [56940  5240  2890  1094  8148 13396 11122 11211    85  1231  7626 10621
  1231 14088 56932  6151  6256  4472  5615 56946 13396 12082  7956 11896
 12764 16953  4472 11047  2861 12766 56932  4391 10621  8493  8106  4472
   587 56932  4472  3421  1362  4472 11231 56932  9592 13396 11120  7489
  4472 15394]
[16, 16] [56946 56932  6151 13386  5804  5133  2754  2890 10620 56940 56946 56940
 56932  9169  5226 11211   373 56940 11898  6151  1490  1019 56940  4562
 11120  7384  4562  5224   273  4472 56940  8555  8493 11851 11211 56946
  1925  6319 56940 56931 56945 56945 56945 56945 56945 56945 56945 56945
 56945 56945]
[18, 17] [ 8552  6151  1231   455  5226  5189 56934 56946 56935 56932  4562  2890
 12168  4472  8303  4472 13686 56932  3387  1925  8288  2729 10621 36874
  6151  1231 18096  1431 56932  5224  6145 13732 56932 11211 42317  5226
 12433 10067 13085 56934 56946 56935 56931 56945 56945 56945 56945 56945
 56945 56945]
[0, 0] [ 7952  5226  5804  8373   340 10067   468  5206 10621  4392   915  2890
 13554 12996 10291 14335  4151   471  1925 56946 56931 56945 56945 56945
 56945 56945 56945 56945 56945 56945 56945 56945 56945 56945 56945 56945
 56945 56945 56945 56945 56945 56945 56945 56945 56945 56945 56945 56945
 56945 56945]
[34, 30] [ 5224  4332  3268  4472  5804  2402 56946  5226 14123 56932 10827 10867
  8615 56932  6351 12948 11211 56940    85  2890  2642 12764 14566  6151
 11120  4816 12683 56940  5534  5224  9544 13396 11120 14675 11430  8122
  5224 15175  4472 15538  8509 14378  1362  5226  9028  4472 11211 10481
 13822 56946]
[6, 6] [13478  5804 12160  1240  6728 56932   865  5804 22955  4472 11120  3174
  4100 56931 56945 56945 56945 56945 56945 56945 56945 56945 56945 56945
 56945 56945 56945 56945 56945 56945 56945 56945 56945 56945 56945 56945
 56945 56945 56945 56945 56945 56945 56945 56945 56945 56945 56945 56945
 56945 56945]
[30, 30] [10291 11211  5224  4885   375  7894 14204 11211 56946  6151 13649  9339
 28394  2861 12171  4413    52  2890  1566  4472 13171  4472 56942  5263
  8630 45396 10621 10267  3421  1362  2967  2890 12413  4472 14378 10013
 56933 10267 14777 56932  8503  4472  8834 56931 56945 56945 56945 56945
 56945 56945]
[32, 28] [56940 11120  7626  5240  2890  3343 56940 56932 56946  5224 56946  9909
 56946 56932  9253 10067  8435  1925  2792  4472 11120  5956 56932 10928
  8712 13824 56932 11211  4562  1231  4836 19600 16584  1925  5234  9736
  3091  4472 11120 16776 10155 56931 56945 56945 56945 56945 56945 56945
 56945 56945]
[13, 13] [10621  6108 13371 12024 15225   746  8192  4731  4472 11022 56932  8630
 11211 16972 12015  1677 13171 12297 12297 56931 56945 56945 56945 56945
 56945 56945 56945 56945 56945 56945 56945 56945 56945 56945 56945 56945
 56945 56945 56945 56945 56945 56945 56945 56945 56945 56945 56945 56945
 56945 56945]
[1, 1] [56940  7494 12424  6046 56932  8493  3475  1975 10621  5224 16090  4472
  8493  3174 56932 11211  5240 11120 10636 56931  3245   753 12424  8279
  4472 12611 56931  3650 11211 13478    68  5318  5597 12407 12978 56940
 56931 56945 56945 56945 56945 56945 56945 56945 56945 56945 56945 56945
 56945 56945]
[3, 3] [56940  5226 11674 14394  1379  5226  4561 56940 56932  1346 12810 56946
 56932   198 15328  4472  3222 10291  5002  5226  5224 10103  2433 10291
 56940 11669  4624  4047 11211    85  1032 56940 56931 56945 56945 56945
 56945 56945 56945 56945 56945 56945 56945 56945 56945 56945 56945 56945
 56945 56945]
[32, 29] [ 5224 11964 15164 15464 12424  8960 10291  6824  6151  5804 15544  2370
  5804 12822 11211  1340   424  7944  4472 14030 14260 56932 13371 14641
  5224  1456  6695  4758  9810 56946 56932 56940  1257   217 11950  5224
  8876 13645  4472  4052 56940 10621 11211   753 11211 56940  6007  9000
  4562  9197]
[1, 1] [56940  4868  8373 11970 14931 14254 56932  9000 12764 13396  5224 15623
  4472  5804   478 56940 56932 15201 13643 56931 56945 56945 56945 56945
 56945 56945 56945 56945 56945 56945 56945 56945 56945 56945 56945 56945
 56945 56945 56945 56945 56945 56945 56945 56945 56945 56945 56945 56945
 56945 56945]
[45, 41] [14931 11744 56932 23247  8159 11211 56940  5804   453 16747  4472  3432
 56932  8216 13371  5224 56946 56932  4151  3713 21267   848  4151  3713
 21426  5989 56946  5226  5224  1702 12482  5224 10107  3432  4472 11120
  6670 56932   907  6151 11211  1240 12015  2488 11211  5240  8493 24058
 56940 56931]
[8, 8] [11120 13672  4549  2443 12948 11120 11058  3828  9490 11969  4472 29265
  5224 56942  4472  8289 56946  4472   481 18585 56931 56945 56945 56945
 56945 56945 56945 56945 56945 56945 56945 56945 56945 56945 56945 56945
 56945 56945 56945 56945 56945 56945 56945 56945 56945 56945 56945 56945
 56945 56945]
[20, 20] [ 1352 52858 10291 56942  8493 10366  4472 13171  4472 56942 11804  4472
 56946  4472 56942  6468 56932  4472  4151 11211    65 21572 22519 56942
 11804 56931 56945 56945 56945 56945 56945 56945 56945 56945 56945 56945
 56945 56945 56945 56945 56945 56945 56945 56945 56945 56945 56945 56945
 56945 56945]
[19, 18] [ 2890 10772 56932  5226  7638 56932  3058  4472 24408 10621  4472 17810
 56932  9000 13466  4472 17123 12297 12297 10475  5226  5224  4107  4161
  5224   972 12297 12297 14260 10780  1925  6480 56932 22591  5226  4151
 12950 10621 56932  7956  6226 56932 14260 56932  5591  5224  4750 10621
 11120  3376]
[31, 29] [11562  4151 22534 10067 11211 19939 17863  5226 16546 16615  4562  5224
  3411  4472 56946 56932  8493 11635 21857  4562 56946 16536 11211 44830
  1925   865 10067   821 56932  6862  5582   700  4472 11120 14157 10621
  5623  4472 13822 16754 56931 56945 56945 56945 56945 56945 56945 56945
 56945 56945]
[24, 24] [ 5240  1225  2861 13371  5226 56946 12764 11117 10065 11372  7742 56932
 10291  8493  1004 11211 11117  3014  1808 56932 11664 56932 12738 56932
  7780 14069  8493  2416 56931 56945 56945 56945 56945 56945 56945 56945
 56945 56945 56945 56945 56945 56945 56945 56945 56945 56945 56945 56945
 56945 56945]
[39, 37] [11120  9421 13355  5611 10295  7476  5226  5224  4842  4566  4472 13817
  7060  5226  5224 56942 15023 11120  2684  4472  5822  6151  1231  1224
 56932  7868  5804 10804  4472 11120  3174 27906  6151 14196 13396  1231
 13488  4472 11369 23178 56932  3908  9502 56946 56931 56945 56945 56945
 56945 56945]
[7, 7] [56940 11120  8955  5240  2861 56936 11149 18975 15009  6151 13278 10291
  5307  6151  2529 13171  6695 56937 56931 10621  6196 12764 56946  3260
 14260 12764  5850 13396 11149 13278 56931 56936  2865  9929  6151  4151
 22008 56937 56940 56932  1240  3484 56931 56945 56945 56945 56945 56945
 56945 56945]
[41, 41] [ 5165  6151 11120  6275 11211  1049  7305  5226 10105  5226 11120  3174
  5224   982  4472 56940 12611 13396  5224 13893  4518  9591 56940 56932
 14260  5226  5804 10700 11211 56946 13396 56940 56946 13822 10555  7956
 11120 11668 10621 11120  6471  1396 28610  1925  5566  3676 10621  6151
 10733  4472]
[16, 16] [ 5263 15083 56932  1240  1441 11120 14402  1925  4667  5226  5793 13396
 11122 11211  7630 11211  8946  2890 56940  1533 56940 10067  9541 56931
 56945 56945 56945 56945 56945 56945 56945 56945 56945 56945 56945 56945
 56945 56945 56945 56945 56945 56945 56945 56945 56945 56945 56945 56945
 56945 56945]
[11, 11] [  311 11211  5224 56946 56940 12764  5207 13126 56940 14260 56940   373
   440  7253 10621  7133  6151  4151  6731  5226 14088 21617 56932  7253
 10621  7133  5226  8493 11623  2700 56932 11120 10067   552 56940 56932
  5226 15168  4472  8606 56940  2890  8907 10067  2610 10067  7581 56940
 10621  4472]
[11, 8] [ 5224  2880 10067  5609  5509  1841 15038  3405 10621 14479 10621 13261
  5224 35507  1633  4151 11725 10067 10963 10291  5620  4151  4968  4472
   853 56931 56945 56945 56945 56945 56945 56945 56945 56945 56945 56945
 56945 56945 56945 56945 56945 56945 56945 56945 56945 56945 56945 56945
 56945 56945]
[46, 45] [13420 12764  8321  4421 56932 13396 56946 56932  6151  4151  1347  4472
  4295  4472 11211  1231  4670  4472  9770  5224 56946  5226  1231  5352
  4472  3628 15312  5226  4151  8849 11730  7175 14843  2890 56940 14606
 11279 56940  5226 11120 15249    36 11211  5804 13452 56946   775 56931
 56945 56945]
[20, 19] [ 5804 13171 15612 47576 56934 21018  4472 23855 56935 10067  1926  1240
 11138  1404  5217 12948  5226  5806 10291  5418 16584  6151  5804  9964
  4472  2576 56931 56945 56945 56945 56945 56945 56945 56945 56945 56945
 56945 56945 56945 56945 56945 56945 56945 56945 56945 56945 56945 56945
 56945 56945]
[43, 43] [56946 14641 11211 56940  5240 13406 11148 16718  6151  3572  1233 12764
   865 12195  4472  1000 11211 11120  8728  1870  1925  1387 56940 10621
  1603 11211 56940  1233  4801 11211  4562 15581   848  3136 15590  6151
 11293  1925  5328  6151  1231  7057 56932  1944  5224 11554 56932 11674
 12764  3645]
[29, 29] [10111  6151 11174 11120   358  5226 11120  9745  8509   683  9794  5137
   848 56932  5226 10025 15657 56932  6151  1353  5224  3299 13396  8223
 56932  9000  5226 11813 13440  7494  5224 12691  4472  8493  9556 17480
  4472  2890  2445  4472  2677 11211 56946  4151 11211  5226  1231 11950
  7709  6330]
[15, 13] [ 5224  8979  4472  5804  4826  4271 11211 14914  1004 56946 16160 10534
 14329  6862  5848  5606 11211 10267   623 15145  5224 12547 56931 56945
 56945 56945 56945 56945 56945 56945 56945 56945 56945 56945 56945 56945
 56945 56945 56945 56945 56945 56945 56945 56945 56945 56945 56945 56945
 56945 56945]
[43, 38] [ 5224  3835  9551  4472 14134 56932 56946  1283   826 10621 11646 13858
 12947  6151  5804  2140 11779  6151  7608 10067  8614 12255 56940 11120
 56946 56940 56932  8493  2507  4472  3657  4472  1283 11211  4473  4200
  6151  4151  8155 56940 13396 11122 11211   865 10621 12764 13396 11122
 11211  1340]
[21, 21] [  894 15648   217 11211  5224   821 12727  8493   659 10067  1698 56946
 10621 11211 56940  6950  7494  8493 11851  2861 11211 15145  6404  5981
  5224 11255 13348  5226 13732 56940 56931 56945 56945 56945 56945 56945
 56945 56945 56945 56945 56945 56945 56945 56945 56945 56945 56945 56945
 56945 56945]
[1, 1] [56940 56946  1379  6151  4151   713 10621 13261  4472  4543  2910 10291
  5804  6381 56940 56932   730  5224 13488  4472  1414  4472 56946 56932
  5067 23839 56932  1362  4693  4472 11211  1240 12452  5224 14969 10621
  5804  6062 56946  6151 33288 56931 56945 56945 56945 56945 56945 56945
 56945 56945]
[7, 7] [56940 56946  1379  6151  4151   713 10621 13261  4472  4543  2910 10291
  5804  6381 56940 56932   730  5224 13488  4472  1414  4472 56946 56932
  5067 23839 56932  1362  4693  4472 11211  1240 12452  5224 14969 10621
  5804  6062 56946  6151 33288 56931 56945 56945 56945 56945 56945 56945
 56945 56945]
[5, 5] [11905 11719  6485 11211 56940 55128  5240 13466 56933  8075 56932 12764
 13554 56940 56931 56945 56945 56945 56945 56945 56945 56945 56945 56945
 56945 56945 56945 56945 56945 56945 56945 56945 56945 56945 56945 56945
 56945 56945 56945 56945 56945 56945 56945 56945 56945 56945 56945 56945
 56945 56945]
[1, 1] [56940  8908 43639 56932  8908  3947 10621  8908  3462 10621 10291 12082
  5240  1189 10621 12764 33207 13171 56940 56932  1015 56931 56945 56945
 56945 56945 56945 56945 56945 56945 56945 56945 56945 56945 56945 56945
 56945 56945 56945 56945 56945 56945 56945 56945 56945 56945 56945 56945
 56945 56945]
[4, 4] [56940  8908 43639 56932  8908  3947 10621  8908  3462 10621 10291 12082
  5240  1189 10621 12764 33207 13171 56940 56932  1015 56931 56945 56945
 56945 56945 56945 56945 56945 56945 56945 56945 56945 56945 56945 56945
 56945 56945 56945 56945 56945 56945 56945 56945 56945 56945 56945 56945
 56945 56945]
[12, 12] [56940  8908 43639 56932  8908  3947 10621  8908  3462 10621 10291 12082
  5240  1189 10621 12764 33207 13171 56940 56932  1015 56931 56945 56945
 56945 56945 56945 56945 56945 56945 56945 56945 56945 56945 56945 56945
 56945 56945 56945 56945 56945 56945 56945 56945 56945 56945 56945 56945
 56945 56945]
[18, 17] [ 5804  8752 10621  5804  1169 11959   746 14480 11211   217  9544 56932
  8290  4722  4472  2062 56932 56946  2193  5226  6226  5224  6319 56932
  4562  5224 14906  4472  6157 10621 19124  5226  4151  1088    21 56931
 56945 56945 56945 56945 56945 56945 56945 56945 56945 56945 56945 56945
 56945 56945]
[25, 24] [ 1793 56932  4151  3336  5708 56932   865  2258 10067  1403 10291 56946
 56942 11804  4472  5895  5226  5804  4185  3740  9939 56932  4890   273
 20445 56946  4151  5712 11458 10621  9812 11120 24490 56931 56945 56945
 56945 56945 56945 56945 56945 56945 56945 56945 56945 56945 56945 56945
 56945 56945]
[9, 9] [ 7956 11120  7167 10067 56942 56932 15201 11211 56940 13261 13371 11120
 11211  7782  9228  9784  4161  4550  2861  4987 56932 12353 10621 27164
 56940  6862  3655 11211 56940 11120  2457 18142  6151 11120 13902 13261
  5224 13132 10621  5224 13395 11211  3645  4562 10636  5187  4472  2529
 56932 11122]
[1, 1] [56940  1469  5226  2890  3719  4911 56940 56932 10376  5224 14299  1218
 56931 56945 56945 56945 56945 56945 56945 56945 56945 56945 56945 56945
 56945 56945 56945 56945 56945 56945 56945 56945 56945 56945 56945 56945
 56945 56945 56945 56945 56945 56945 56945 56945 56945 56945 56945 56945
 56945 56945]
[1, 1] [56940  5240  2890  3612  2890  9198 11515 56932  9000  7334  2890  7415
  5138 10621  7494  8150 12407 13747 56931 12473 11211 10677  5224  9541
  4562  1379 10647 14260  1233 12764 56932  5207 56946 56932  6927 56940
 56932 15005 10180 56931 56945 56945 56945 56945 56945 56945 56945 56945
 56945 56945]
[43, 43] [56940 12764  7709  2529  1958 11211  2890  7238 11211  7780 15311  5224
  4415 14687 11211 23158  5224  9076 56932   217  2273 22039  5226  5224
 11034 11211 12342  7709 56946  7827  6151   425  2839 56940 56932 11211
 15062  6151  6226  5224  6319 56940 11211  8946  2839 56940 56931 56945
 56945 56945]
[18, 16] [ 5224  9243  6690  1717  9840 14496  6151 11120  1562  4472  3740  5574
 56932  6197 11211  5226  9379  8445   865  8089  5226 11120 12101 10621
 10291  5224 12687  2370  5804 13358  8503  4472  8025  1240  7494 11211
  5014   375 56932 10291 11122  7082  7494 13171  3615  3667 13532 56931
 56945 56945]
[25, 19] [ 3951  7653 56946   425 14675  1231  8876  2871  4472   445  5226  5224
 15175  4472  8808  4472  8325  4472 11120  6549 56932  5918  4472 11120
 11211  5240 14944  5217 13280 56942  5137 56931 56945 56945 56945 56945
 56945 56945 56945 56945 56945 56945 56945 56945 56945 56945 56945 56945
 56945 56945]
[31, 29] [56940 11122 56946 56933 12764 11299 11372  2890  2052  5226  4602 56932
 11372  2890  2052 14427 56940 56932  9127 43591  1633  8448  4472 56942
  4472 13822  5747 11211 18000 14931 12686 12552  5217  5224  6260  8788
 56931 56945 56945 56945 56945 56945 56945 56945 56945 56945 56945 56945
 56945 56945]
[47, 47] [ 5224 10242  4472  7581 56946 11211 11120  1274  5226 11120  2894  4472
  9394 10700 10067   424  6913 10291  1723  8493 10177 56940  7253 56940
  4472 10147 56940  4173 56940 56932 15083  4472 11211 13396 56940 14324
  7606  5226  5224  6260 10621  8165  5226  5137  4979 56940 56932   418
  7581 56940]
[26, 24] [ 5543  9445 56932 15058  6151 23309 56932 11211 11122 11211  4026 11211
  8606  6905  7396  5240  5487 56940 15647 56940 10621  1603 11211 12342
 12171 17182 56940 56946  1925  7238 56940 56931 56945 56945 56945 56945
 56945 56945 56945 56945 56945 56945 56945 56945 56945 56945 56945 56945
 56945 56945]
[13, 11] [ 5543  3655 11211  5224 14479 10067 13477 56932 14524  7418 56932 56940
   915 14793  6151  6381    61 56932 13371 56946 56932 23733   848 22670
 56940 56932 10621  1694  3269 11211  5224  9102 12764  2846  1296 11120
  1596  6151 11120  4000  4472  2259  5224 12168 10621 56940  4865 11120
 14804  5226]
[7, 7] [ 5224 13004   668 11211 13280  8373  5137  8946  5224 56946 10621 11211
  1925 12362  7780  9511  8493  4188 56940 45685 56940 56931 56945 56945
 56945 56945 56945 56945 56945 56945 56945 56945 56945 56945 56945 56945
 56945 56945 56945 56945 56945 56945 56945 56945 56945 56945 56945 56945
 56945 56945]
[20, 19] [ 3245 56946  6151 11120 56940  2176 15459 56940  4472 11120 15284 10468
 20416 56932  6151 11120 11211  6005  4472 12208 25224  6151 11120 14294
  4472  4004  5534   424  3900  4870  6151  9687  8493 13384  4472 11120
 12673 56931 56945 56945 56945 56945 56945 56945 56945 56945 56945 56945
 56945 56945]
[36, 36] [ 5226  1231  6098 56932  5224 11575 10067 12870  7364 56940  5240  2890
  2052 14427  5226 11120  9927 15161 56940 11211 56940 10823  5224  2275
  4472 11120 13553  4472  2890  6319 14079 56940  6151 11669  3172 10621
  5240 56940 11120 14022  4472  4151 12453  2282 11211  1240  8269  6151
  7003 56940]
[4, 4] [ 1233   428  1240 14662  5240 14260  7494  6711 56932  9000  5240  9918
 11211  1233  1240 38079 12764  1240 12826 56931 56945 56945 56945 56945
 56945 56945 56945 56945 56945 56945 56945 56945 56945 56945 56945 56945
 56945 56945 56945 56945 56945 56945 56945 56945 56945 56945 56945 56945
 56945 56945]
[25, 22] [ 5224  7011 10067  9322 56932  4179 12528 56932  5147 12948 11211  1490
  8888  4472 15460 10621  4109  5153 56940   375  4472 11120  3077 56940
 10621   229  4128  4472 56940 12937  4151  4694  2772 56940 56931 56945
 56945 56945 56945 56945 56945 56945 56945 56945 56945 56945 56945 56945
 56945 56945]
[48, 44] [ 5224  9230  4472 13893 56932  3667  4233 22418 56932  7780  3805 11211
 12764  1240  7709 14184 11813  7932  4472 11211  5224 14358   418 32684
 11120 14028  2106 10621  7780  7699 56932 19204  6151  8502 11136 56932
  6151  9537 11211 56940  6846  4864 11426 14931 11211  2745 11289  1920
  3432 56940]
[17, 14] [ 3667  4233 22418  7780 10844 11211 56940  5224 12788 10067  5589  4750
 12764  5240  5224 14271 56932  5240  5224 11211  7782  8823 11211  7494
   424  3597  4562 13967 56932 11136 56934  4569 10067  5688 56935 56932
  5534  5924  4472  4864  5224 11426 56940 56931 56945 56945 56945 56945
 56945 56945]
[16, 13] [15058  6151 11120  7316  4472 11211 12071 15145  2342 13396  5224 12956
  4472 11120   418 56932 12277    85  6454  2861 56940 12024  8024 12764
  6485  6151 11669 12956 56932 13396 11122 11211 12764  7709  2529  6444
 13396 12342 11372  7709   134  5226   227  4472  4656 56940 56931 56945
 56945 56945]
[32, 29] [ 5224 15250  5247 12135  4472 11120  9245  8086 10067 27155  1633  5224
  3612 43726 56932  9000    85  2853 13396  5224 33974  6621 56946 56946
  5226 11120  8290 12135 56932 13396 11122 11211  7780  8192 15156  4562
  2890  9541  4472  5157 56931 56945 56945 56945 56945 56945 56945 56945
 56945 56945]
[5, 5] [56940 15083  4472  6226 56932  5240  2890  1651 56946 10621 12764 15394
 13126 11122 11211 10501  5226 14233 56940 56932 15201 56931 56945 56945
 56945 56945 56945 56945 56945 56945 56945 56945 56945 56945 56945 56945
 56945 56945 56945 56945 56945 56945 56945 56945 56945 56945 56945 56945
 56945 56945]
[10, 10] [56940 12764 14394  1368 15583  4562  5804 10025 11516 56931 56946 16109
 13371  8150 11211 10463  1231  7626 56940 56932 10395 56931 56945 56945
 56945 56945 56945 56945 56945 56945 56945 56945 56945 56945 56945 56945
 56945 56945 56945 56945 56945 56945 56945 56945 56945 56945 56945 56945
 56945 56945]
[13, 13] [ 7868  5224 15548 56932 56940 11120 13480 11211 40292  3241  5226  9050
 56932 12731  5226  9050 10621  5240 12407  7074 13396 13822  3692  7539
 56940 56931 56945 56945 56945 56945 56945 56945 56945 56945 56945 56945
 56945 56945 56945 56945 56945 56945 56945 56945 56945 56945 56945 56945
 56945 56945]
[34, 33] [ 8630 56946  5224  8450  7956  5224  5328 56932 13554  9222 13371  4188
 10045 12297 12297  1231 11783  4569  6151 14124 12297 12297 12013 11211
 56932 56946 13386 56946  5226  4151  5839  4290  4934 56932 56946  4472
  5804 10276  1711 10291 10702  5226 11648 56931 56945 56945 56945 56945
 56945 56945]
[12, 11] [56940  1233  1240 10261 32582  6151 11120  8150  4472 11211 12764 56946
 10370  2179 56932 12764 10261  3848  9068 17811 56940 56932  1096  3333
 56932  5226  6425  6151  3667  9810 16819 56932  5224 35387  1428  5224
 11950 56942  1925 15222  2890  6411 11211  9490  5663  5226 11120  6962
  4472 56946]
[4, 4] [12764 11122 41480 56932  5240  2890 14230 56931 56945 56945 56945 56945
 56945 56945 56945 56945 56945 56945 56945 56945 56945 56945 56945 56945
 56945 56945 56945 56945 56945 56945 56945 56945 56945 56945 56945 56945
 56945 56945 56945 56945 56945 56945 56945 56945 56945 56945 56945 56945
 56945 56945]
[10, 10] [12889  5804  4908  8286  3947 12764 12665  3762 56932 13371  4325  5226
 10442 56932  2740 10621  7898 10700  8620 56932  3828  4151  2778  1240
 11398  3260 13171 14001  6151 11120  4194 56932  1361  7780 14043  6151
   465 10621 13940 11211 56946  4151    66 56931 56945 56945 56945 56945
 56945 56945]
[13, 13] [56940  1233  5224  9925 13280 11122 11211  1659 11211  3645  6151  8606
 56932 15360 12994  1925 11255  2792  4472 12379  5452 56940 56932  1243
   505  5226 11120  7442 56940 11140  4472  6976 56940 15023  5224  7261
  4472  8493  1300   445 56931 56945 56945 56945 56945 56945 56945 56945
 56945 56945]
[38, 34] [ 3667 14114  8568 56932  5217  5224 14451 16950  4472 11120 14571  4472
  1447  3951 56932 14576 11120   681 10067 14399  2861 56940 13938   273
  6151  8493  4472  4151  1088 14971 11211 56946  6151 15986 10621 40058
 56940 13371  5240 56940 11120 16029  4472 11120  6146 56940 56931 56945
 56945 56945]
[17, 16] [35704  5224 14687 15409 12297 12297  6151 14378  5699   848  6151 14378
 35103  5224 14819 34287 56932  4473    20 12297 12297 56946  2890  4315
 18787 56931 56945 56945 56945 56945 56945 56945 56945 56945 56945 56945
 56945 56945 56945 56945 56945 56945 56945 56945 56945 56945 56945 56945
 56945 56945]
[12, 12] [ 1240  9490  4472  4085  6151 11120 13745  6151 13396 14746 10621  4550
  1503 10067 34874 56931 56945 56945 56945 56945 56945 56945 56945 56945
 56945 56945 56945 56945 56945 56945 56945 56945 56945 56945 56945 56945
 56945 56945 56945 56945 56945 56945 56945 56945 56945 56945 56945 56945
 56945 56945]
[4, 3] [56946 56946  2332 11211  9490  8192  1864 10621  4745 13396 56946 56946
  8509  4151 10664  4472 11120  4836 56931 56945 56945 56945 56945 56945
 56945 56945 56945 56945 56945 56945 56945 56945 56945 56945 56945 56945
 56945 56945 56945 56945 56945 56945 56945 56945 56945 56945 56945 56945
 56945 56945]
[43, 38] [ 5224  2595 10067   653  5692 56932  4699 13413  7856 56932 11211  7780
   880  6197  8373  2814  6151  4188 10045 11211 56946  4151 12541 11211
 34754  5224 13019  4472  7668 56932 12828 11211  4151 56946  1790 10067
  9230 28815 11211 56940  1240  8229 56940   853 56931 56945 56945 56945
 56945 56945]
[18, 18] [11120  9049  4550  9449  5240  4472 56942 11804  4472  5669 56934 56942
 11804  4472  5699 56935 10621  4693  9354  6151 56942 11804  4472  5669
 56934 56942 11804  4472  5699 56935 56931 56945 56945 56945 56945 56945
 56945 56945 56945 56945 56945 56945 56945 56945 56945 56945 56945 56945
 56945 56945]
[6, 6] [ 1925 10809  2890 19441  4562 10025 10823 16444  4472   339 10621  2416
  5179  5804 14684  5137 14427 56932 10621  1240 10823 21134  4562  5804
  9171 56931 56945 56945 56945 56945 56945 56945 56945 56945 56945 56945
 56945 56945 56945 56945 56945 56945 56945 56945 56945 56945 56945 56945
 56945 56945]
[31, 27] [11120  9011 14571 11562  5226 10778 10067  5576 56932  9000  5224  3612
  7682  5061  1231 14390 14939  6551 10621 56932 15023  2678    82  1633
  5224  9080 13012 56934 56946 56935 56932   373  6151 14777 13349 10067
  9102 56932 11120 12673  5532 11211 13008 10067 38963  6151 27155 10621
  4685  4472]
[6, 6] [56940 12764  5240 13396 13351 56931  5240 14260  4562  5224 56946  2662
  6151 12735 12024 19488 56940 56932 15648  4562 11120 25691  4472  8993
  5224 56940 14505  6269 56940  4472 11120 10056  1217 56931 56945 56945
 56945 56945 56945 56945 56945 56945 56945 56945 56945 56945 56945 56945
 56945 56945]
[1, 1] [56940 14394 27445 10621   424  3534  4603  5224 16907 56940 56931 56945
 56945 56945 56945 56945 56945 56945 56945 56945 56945 56945 56945 56945
 56945 56945 56945 56945 56945 56945 56945 56945 56945 56945 56945 56945
 56945 56945 56945 56945 56945 56945 56945 56945 56945 56945 56945 56945
 56945 56945]
[1, 1] [56940  1469  5235  4562 11120  2457 10067   653  4472  1723  1925  2445
  4472 14113  4562 56942 11804  4472  5895 56940 56932 15201   217  2067
 14740 56932  2595 10067  9211  4472  7581 56931 56945 56945 56945 56945
 56945 56945 56945 56945 56945 56945 56945 56945 56945 56945 56945 56945
 56945 56945]
[9, 9] [ 5804  8011 56946 11120 11311 14260 56932  3416 56932   373 56946 13396
  7919 10067  4942 56932  9000 56946 11211  1231  8033  4562  5224 14358
 11117  6533  1942 10314  5226  5224 56946 10621 11120 15582 56931 56945
 56945 56945 56945 56945 56945 56945 56945 56945 56945 56945 56945 56945
 56945 56945]
[27, 26] [ 5804  8011 56946 11120 11311 14260 56932  3416 56932   373 56946 13396
  7919 10067  4942 56932  9000 56946 11211  1231  8033  4562  5224 14358
 11117  6533  1942 10314  5226  5224 56946 10621 11120 15582 56931 56945
 56945 56945 56945 56945 56945 56945 56945 56945 56945 56945 56945 56945
 56945 56945]
[33, 31] [ 8630 11211 56946 10463  5226 56942  4472  6128 56946 56932 13815 56946
  5804 10314 56946 56946 13396 16525 56932 12889  5137 15083 29151 11120
  1903  4472 14233 10621   645  5804 56946 11211 56946  7430 56931 56945
 56945 56945 56945 56945 56945 56945 56945 56945 56945 56945 56945 56945
 56945 56945]
[12, 12] [11120  5611  4965  5240  4472 56942  5699 13396 56946 12889  5226  5754
  1200  6151 56942  5699 10621  5226   140  6151 56942  5699 56931 56945
 56945 56945 56945 56945 56945 56945 56945 56945 56945 56945 56945 56945
 56945 56945 56945 56945 56945 56945 56945 56945 56945 56945 56945 56945
 56945 56945]
[10, 8] [ 6151 11120 11311   635 10067  6260 11966 10291  7803 10701 56946 39705
  5226  1713  4472 12031 12506 10621  4472  2496 56932  1240  6299   217
    19  4472  1906  6862  1884 11211  7880 11120 14779  6151  2003  5224
 12869 10291  6226  7944  4472  8165 56932 12889 56940 14931 14184  5226
  7306  5224]
[8, 8] [56936 31611   848 56946 56932 11120  5918  3828  3241 56937 56945 56945
 56945 56945 56945 56945 56945 56945 56945 56945 56945 56945 56945 56945
 56945 56945 56945 56945 56945 56945 56945 56945 56945 56945 56945 56945
 56945 56945 56945 56945 56945 56945 56945 56945 56945 56945 56945 56945
 56945 56945]
[42, 41] [11120  6855  4472 13211 12954  1240  4695  4562  8493 11727 56932  6151
 11120 11211 10762   683 56942 14331 10067 14358 56932  1633  4938  1346
  5804  2260  5226 11211 56940  5224  4188  7973  4472   424  9541  8946
  5224  4472 13822 14331 10621   217  8908 12672 12407  3269 10291  5224
  7871 10621]
[11, 10] [11120  7811   989  2861 11120  4472 18024 54591 10291  7325 13933 38836
  4562  4151  7764 10621  4562 11120 23877 10722  2814 56931 56945 56945
 56945 56945 56945 56945 56945 56945 56945 56945 56945 56945 56945 56945
 56945 56945 56945 56945 56945 56945 56945 56945 56945 56945 56945 56945
 56945 56945]
[20, 17] [42385 56946 14039  4472  2529  5224 17371 19418  5534 56932  6151 13011
  4472 13330 56932  5224  9120 56946  8037 11211  5240    27 13396 12135
  4472  7132 10067  6340 56932 11211  7952  5226  5224 10292  9394  5137
 10621 11211 14717 56942  5699  2102  1925  7977 13396  9916 25873 56931
 56945 56945]
[30, 25] [42385 56946 14039  4472  2529  5224 17371 19418  5534 56932  6151 13011
  4472 13330 56932  5224  9120 56946  8037 11211  5240    27 13396 12135
  4472  7132 10067  6340 56932 11211  7952  5226  5224 10292  9394  5137
 10621 11211 14717 56942  5699  2102  1925  7977 13396  9916 25873 56931
 56945 56945]
[22, 21] [ 7868 15201   217 10867 56946 56932  5992 56940  6070  4151  6557  4472
 36170 10621 56126 13371 16058  4472 29148  5534 13171 56946  4125 13396
 11120 11371  4472 15157  5691  6151  1231 13480 56932 11211 26528 18436
  5226  3396  1231  8108  8008 10291 27741  5226  5224  3104  4472 10050
  4472  1723]
[1, 1] [56940  5240  2890  6812 11211 12015 13126  1379 10621 10067 11211  5850
 12407  5199  6174 56932 11664  7397 56946 12024  8876 11284 56932  5224
  4472 11778 18242  8503  5226 56942 56940 56932 14641  5224 10249  4472
 37764 56932 11211  4159  4562  5224 37764 56946  5226 11120 11093 10621
  8290  4722]
[6, 5] [56940  5226 12024  7667 15676  7952  9703 56932 10954 41989 10291 11211
 11120  8150 56946  1925 12433  4472  6480 56940 56932  6299  5224 14479
 56931 56945 56945 56945 56945 56945 56945 56945 56945 56945 56945 56945
 56945 56945 56945 56945 56945 56945 56945 56945 56945 56945 56945 56945
 56945 56945]
[20, 17] [ 5224 10242  9823  4472 11120  4002 56932  5831  5355  8833 56932 15625
  3245 11120 13408  4472 11120  3077  4472  2907 11295  4472 11120  9849
 56932  2152 11211  6043 10621  7472 11120  8467  5942  5226  8689 56932
 13371 14022  4472  5804 10314 15436 13396  5224  2220 10067  3235  9923
 56931 56945]
[17, 17] [56940 12889  1490  7944  4472 14399 10611  4151  8373   373  1969 12407
  2199 10621  5240 14844 11211 10499  4693  4472  4151  5839  4290  3496
  5226  1723 56932  4151 14373 13526  5224 13826 10843 11211   753  5226
   424 10386  5226  2551  5226   424  4492 56940 56932  8964  5224   413
 56931 56945]
[11, 11] [56940 12473  4937  1711 56932 10621  5534  5207 56946  6075 56932 36599
  4562  5804  4472 10025 15802   848 10067  5879  4472 15148 56932 11211
  3245  1396 39047 56940 56932 15353 56931 56945 56945 56945 56945 56945
 56945 56945 56945 56945 56945 56945 56945 56945 56945 56945 56945 56945
 56945 56945]
[25, 24] [15023 11673   455  5224 15494 16392    85  6154  5226 11120  7276  4472
 56946  4472  5804  3243 12804  4562  5224  9283   748 10621  5226 56942
 11949  2426  6151 11120 14443 17311  5226 11120 11211 45166  1925 11203
 10067  1926 56932  5224  6821 56946 56946  4562  5224 11211  1765 56931
 56945 56945]
[24, 24] [15676 14204  8493  1476 13171  8973 11211 11120    19 56932 10621 11674
  5240  9388  3058  5534  1240 13885  4562  2890 11555 14915 56946 13371
  5240 11120 15107 56931 56945 56945 56945 56945 56945 56945 56945 56945
 56945 56945 56945 56945 56945 56945 56945 56945 56945 56945 56945 56945
 56945 56945]
[14, 14] [12889  5804   420  2990 11211  3047  9301 12764  5371  4518 13822  8070
 10621 56940  7780  2077  4472  6017  4472 15225 56940 56932  5355 11152
 11211 56940 12764  5240  9329 11211  2831  7397 13667 11120 11786 10067
 11807 10621  6851  1925  5045 13396  5045 56932  1240  1641  6151 11646
 14729 11211]
[24, 17] [ 2266  7780  8192  7423  4472 11120  6805  3733 10067  4842  4472  1163
 56934 10184 56935 10621 14357 10067  3835  4472  1723 56932 10621 13749
 16945 13371 24466  5226 13579 56931 56945 56945 56945 56945 56945 56945
 56945 56945 56945 56945 56945 56945 56945 56945 56945 56945 56945 56945
 56945 56945]
[3, 3] [10291 13853 11211 46363  5226 11120   704 56932  5804  1046 12171  2495
  8244 17626  5226  2890 15227 56932  2738  8493  1563 56932 39492  1231
  4071 11372 37076 12424  2814  2890 12675 43886 56931 56945 56945 56945
 56945 56945 56945 56945 56945 56945 56945 56945 56945 56945 56945 56945
 56945 56945]
[1, 1] [56940  8908   253  4472 11120  6104 13806 56940 56932  8964  8493  6670
 11211 11152 11211  6197 11514  1170 13396  8493 10157  9096  1457 56931
 56945 56945 56945 56945 56945 56945 56945 56945 56945 56945 56945 56945
 56945 56945 56945 56945 56945 56945 56945 56945 56945 56945 56945 56945
 56945 56945]
[29, 26] [13396 11674 56932  1925   224 10703 11211 10532 11122 11211  1240  3064
 12297  8984  4467 12297 56932  9569  4472 13975 13938 12764  6786 13349
  7956  4151  5240 10291 56946  9082 10621 56946  1347 56932  9000 12764
 56946  5226 56946 10889 56931 56945 56945 56945 56945 56945 56945 56945
 56945 56945]
[2, 2] [56946 11211  8946 11120  4361 10283 14260 11120  8777  5804  7696 56931
 56945 56945 56945 56945 56945 56945 56945 56945 56945 56945 56945 56945
 56945 56945 56945 56945 56945 56945 56945 56945 56945 56945 56945 56945
 56945 56945 56945 56945 56945 56945 56945 56945 56945 56945 56945 56945
 56945 56945]
[13, 12] [ 3919 11211 11120 56737 56946  1925  5718 56932 10621 56946 13487 13396
 56946  3657 14977  6151 11325  7864 10621 10568   254  5224 13440  4562
 11120 12226  4472  2890  4633  4472  9212 56931 56945 56945 56945 56945
 56945 56945 56945 56945 56945 56945 56945 56945 56945 56945 56945 56945
 56945 56945]
[9, 9] [56938 10621 13933 56932  5534  1396  6205 46325 56932  7105 13171  9023
 10621 24269 56939 56945 56945 56945 56945 56945 56945 56945 56945 56945
 56945 56945 56945 56945 56945 56945 56945 56945 56945 56945 56945 56945
 56945 56945 56945 56945 56945 56945 56945 56945 56945 56945 56945 56945
 56945 56945]
[23, 23] [10621  2044 11211  6330 11211 56932  1233  5207  2421  4472 56946 56932
  1494   865  4151  8373  2136  4472  2890  5589  5121  2861 11211 14941
  2890 56946 10621 11211  2007 14733  1368  2416  5226  5224  5879 56931
 56945 56945 56945 56945 56945 56945 56945 56945 56945 56945 56945 56945
 56945 56945]
[30, 26] [13396 10711 56932  5224  5683 13579  7709  8606    19  1004  5224 30738
  5224   972 11211 10111 56932 14260   424  5683 13579 12764  5240  4472
 56946 56932  9000  1925  8871  4392    85 15111  4472  7291  5224 46871
 56946 10621 11120 11529 56946  4472  5804 19287 56931 56945 56945 56945
 56945 56945]
[48, 45] [11120  7833  3727 56932  9914  4472  4565 56946 10621 13219  4472  4151
  1228 56932  5466  1925 12297 56946 12297 56946 10621 56946  8204 11211
  7780  2729  5226 14390 11120 12767 11211  5207 56946  4562  1231  5933
  4472 56946 10621 56946 56932  4472 13388 10621  2295 56932  4472 10127
  3395  6151]
[22, 22] [ 4562 16502 18926   848  5226 56946 56946 56932 20792  4472  1231  1691
   848 56946 56932   948  4472  4188   848  8870 56946 12297  7494 12407
  5199  6161  5226  1231    52 12297  2067 55193   373 17206  2890  5778
 56946  4472 11120 45220  4472 10644 11554 56931 56945 56945 56945 56945
 56945 56945]
[19, 18] [56416 12758  6151 11120 13812  5226 56942 56932 10621 12752  1240  7780
  9002  1000 11211  6151 15952 11117 14939  5506  5226  5224 14555  9444
 21512 56934  3645 43966  5226 13998 56932  9000 11562 14931 11107  1379
 13171 10067 56942 56943  4472 13822 10430 56935 56932 11211 56946  1240
  3648 16443]
[34, 32] [21258 12764  1240 56946 56932 16738  6151  2890 13723  4472 17370  4472
 11169 16581  9000  6578  7460 56932 10621  4472  1274  5224  3612  5371
  1925  8871 14915  4518 13371  5224  4472  5804  5710  2861 13512  4161
  5804 12297 17090 56942 12297 10067  6171  4472 11120 11528 10621  5226
  8025  1487]
[21, 21] [12297 13396 11149  3671  4472 20039 31678  1240 11562 38840  5226  5224
  5138 56946 10067 14914 56946 56932   848 11122 11211 15145 56932 11211
  7494 11211  6744  5544  2814 11120 16400  4693  4472 56946 56932   443
  9096 56937 56945 56945 56945 56945 56945 56945 56945 56945 56945 56945
 56945 56945]
[7, 7] [ 2065  6197 12764  3543  2890 11995 56932  3543  2890 32834 56931 56945
 56945 56945 56945 56945 56945 56945 56945 56945 56945 56945 56945 56945
 56945 56945 56945 56945 56945 56945 56945 56945 56945 56945 56945 56945
 56945 56945 56945 56945 56945 56945 56945 56945 56945 56945 56945 56945
 56945 56945]
[16, 16] [ 5224 11627  4472 11120  5430  3537  8642  1452  1095 10621 56932  6585
 56932 13396 11669  7147 15772 56931 56945 56945 56945 56945 56945 56945
 56945 56945 56945 56945 56945 56945 56945 56945 56945 56945 56945 56945
 56945 56945 56945 56945 56945 56945 56945 56945 56945 56945 56945 56945
 56945 56945]
[2, 2] [15145 13371   386 56932 11122 11211   373  6997  5240 11211 11120  3745
  6913 10291  5804 10374  5224  3474  5609 10291  7188 10067 12506 56931
 56945 56945 56945 56945 56945 56945 56945 56945 56945 56945 56945 56945
 56945 56945 56945 56945 56945 56945 56945 56945 56945 56945 56945 56945
 56945 56945]
[21, 19] [ 5488 56946  2593 56932  9862  4732 14512 12657 56946  4472 13485  5226
  4151 14162 11819  8552  6151 11120 13171  4100  4935  9182 56931 56945
 56945 56945 56945 56945 56945 56945 56945 56945 56945 56945 56945 56945
 56945 56945 56945 56945 56945 56945 56945 56945 56945 56945 56945 56945
 56945 56945]
[5, 4] [ 5217 11211 11120  2142 12739 14184  6151 13588 11120 15426 56932  5804
  9140   746  8192 56932  4562 13822  9105  4472  1728 56932   911   848
 11937 56932  5804  9251  6902  2427 56931 56945 56945 56945 56945 56945
 56945 56945 56945 56945 56945 56945 56945 56945 56945 56945 56945 56945
 56945 56945]
[13, 12] [ 9000  1233 11120 12596  6636 13171  8973   373  4604 11617 56932 12703
 12379  6252 25317 34777  4185  1925 14198  4472 39278 56934  1925  7581
 16130 13171  8965 56935 56932  4472  7171 11211    68  5523  8540  2738
 12135  5226 11120  7038  2358  5226   425 12596  4472 11419 56931 56945
 56945 56945]
[2, 2] [12297 12297  5240  1925  3472 12297 12297 15201  5224 56946 12297 12297
 56933 11211 13386 16336  8493  1004 56932 26331  6221 11120  7626 56931
 56945 56945 56945 56945 56945 56945 56945 56945 56945 56945 56945 56945
 56945 56945 56945 56945 56945 56945 56945 56945 56945 56945 56945 56945
 56945 56945]
[12, 12] [ 5224   175  4472  6471 56932 13371  5224  4472  7645 56932  1925 11211
   373 12151 14330 56932 14914 13371 11122 10607   217 56932  5240 11929
  8001 56931 56945 56945 56945 56945 56945 56945 56945 56945 56945 56945
 56945 56945 56945 56945 56945 56945 56945 56945 56945 56945 56945 56945
 56945 56945]
[4, 4] [ 7053  3783 13396 11149 13512 12297 56931 56945 56945 56945 56945 56945
 56945 56945 56945 56945 56945 56945 56945 56945 56945 56945 56945 56945
 56945 56945 56945 56945 56945 56945 56945 56945 56945 56945 56945 56945
 56945 56945 56945 56945 56945 56945 56945 56945 56945 56945 56945 56945
 56945 56945]
[25, 25] [10621 56932  1793 56932  1240  7780 32702  6151 13822 56946  5226  5224
 19782  2861 12297 12764 12455  5224 21612 56932 12764 15034  5224  5340
 56932  5240 37397 10621  8964 11122 12675 11211  5804  5596  5483  9000
 56946 56931 56945 56945 56945 56945 56945 56945 56945 56945 56945 56945
 56945 56945]
[12, 12] [11120 56946 11120  9490 56946  4161  5224  1601  4472 12764 56946 11211
   375 11120 12673 56932 10621 11120  9490  7039 56946 10621 44600 56932
 10621 19567 10067  1926 56931 56945 56945 56945 56945 56945 56945 56945
 56945 56945 56945 56945 56945 56945 56945 56945 56945 56945 56945 56945
 56945 56945]
[8, 8] [32059  2032  4472  8244  5226  1231 10785 56932    65  2726  5226  5804
 16365 12297 10621  8493 14352  7069  4472    77 28503  4472 11950   848
  4472  2689 56931 56945 56945 56945 56945 56945 56945 56945 56945 56945
 56945 56945 56945 56945 56945 56945 56945 56945 56945 56945 56945 56945
 56945 56945]
[5, 5] [12297  5224 45321 34395 56932  4125 56946 10621 56946 56932 13371  1233
   375  4472 13305 56931 56945 56945 56945 56945 56945 56945 56945 56945
 56945 56945 56945 56945 56945 56945 56945 56945 56945 56945 56945 56945
 56945 56945 56945 56945 56945 56945 56945 56945 56945 56945 56945 56945
 56945 56945]
[1, 1] [14442 13334  2091  1296 56932 11120 11436 10126 56932 10621  3052  2370
  5224  3447 56932  1240  9467 10067  9225 10961  4472  1231 12754  3818
 56931 56945 56945 56945 56945 56945 56945 56945 56945 56945 56945 56945
 56945 56945 56945 56945 56945 56945 56945 56945 56945 56945 56945 56945
 56945 56945]
[18, 18] [ 2317 56932  2890 20105  3728  9490 42045  6151  1231  2052 56932  2890
 11950 15023    13 56932 10621  4550 24198  4693 11211 12342 56931 56945
 56945 56945 56945 56945 56945 56945 56945 56945 56945 56945 56945 56945
 56945 56945 56945 56945 56945 56945 56945 56945 56945 56945 56945 56945
 56945 56945]
