[13, 10] [  211  5224  8033  4472  1447  4758 56932  8225 10621  3222  1240   751
  6151  5515 56932  5331 13910 11295  3878 56932  4161 56942 25422  7500
  4472 15277 10621  4284   194  6151 10476 56932   672 56932  1725   509
 56932  5224  4973 56932 12366 56932 12430 56932  1313 56932  4001 56932
 10709 56932]
[32, 27] [ 5224  9541 12855  7876   217  1836    40 11120  8069  6151 11120 12695
  4472  5804 12379  5452  5226  4151  4290 10067  5544  4472  8853 11255
  6151  4345  9792 56932 11211    85  1740  4562  1063 10621  4527  5226
  1231 11093  4277  1633 11120 12689  4472  1231  9541 56931 56945 56945
 56945 56945]
[21, 18] [ 7868 21653 56946 56932 23805  4472   238  4217 10291 11631  3426 56932
 12393  2786  4472  4151 14729  2844   746 14069  7528 24911  5226  5804
  9315  8620 56931 56945 56945 56945 56945 56945 56945 56945 56945 56945
 56945 56945 56945 56945 56945 56945 56945 56945 56945 56945 56945 56945
 56945 56945]
[29, 26] [ 9000  5224 12425  5805  4472 10025   420  7320  5226 15316  2861  8373
  4562  6108  2131 56934  8503  4472  8025 56932 11885  4472 56946 10621
 18087 56932 13261  1231 11576   623 56935 10621  8493  8106 11578  5226
 23163 10621 56946 56931 56945 56945 56945 56945 56945 56945 56945 56945
 56945 56945]
[44, 35] [ 2890  2595  4472   316 15201  6151 14196 11211  5804 10084  4258 13093
 56946 56932  4472 56942  5137 56933   559  3908 56946 56932  4472 56942
 56932 10621   604  3444 56946 56932  4472 56942 56932  6205 13371  5224
  8016  4264   852 56946 56932  4472 56942 56932 14423 10758  5224   972
 10621 12499]
[37, 33] [ 5224  9230  4472 13893 10621 13424 15404 56932  9810 13317 56932  3120
   217 11211  5224  1958  8033 10611  5224  4942  6862  8567   753 11211
  3116 13371 56940  8493  4687 12031 56932 11211 12764 12015 14190 10291
  4188   207 11372   430 10954 11211   373  5226  1231  7376  1903 10621
 13396 13554]
[45, 40] [ 5224 13883 56940  5224 24172 56940  4472 14381 56932 21537 56940 49718
  3733 56940 10621   668 11211  6151 14849 10067 11575  5224 13057  5831
 38850  1240 14576 56932 15023 16889 11211 56940 11120 31360  4091    52
  8192 13171  5500 56932  4472 12764  2529 13396 11120  5229 10067 13057
 38850 10621]
[38, 35] [ 7868  5489 56932 11120 31789  1925  5875 10067 10752 10067 13857  4472
 13553  7978 13837 10291 10451  5226 11120 15100  4472 13553  7978 10067
  8876 13610 10067  2689 10621 11120  6088  4472 11120 27057  8646  5240
 11122 11211  7780  7683  2890  3269 13857 10067   571 56931 56945 56945
 56945 56945]
[7, 5] [ 5226  6098 10067 14358 56932  5240 11120  6462 56946 13386  7494  5224
 56940 31079 56940 10621 56946  6151  1231 40975  5224 56940  5340 23441
 56940 56931 56945 56945 56945 56945 56945 56945 56945 56945 56945 56945
 56945 56945 56945 56945 56945 56945 56945 56945 56945 56945 56945 56945
 56945 56945]
[31, 24] [ 5226  2890 13615 56932 11120  5844 10291 11120 12283 10621  5224 11627
  3676 56934  2512 56935  5147 11211 56940 11120 22952 10861  4472  4151
 23841  5240 11211  5804 15099 15008 17441  8540  6001  6151  6752 15989
 10621  6151 12979  8493  1605  4472 15225 10611  4151  8589  9796 10621
  4151  3713]
[31, 25] [ 5611 10295 56932 11211  5151 13817  7060 13371  8362 56932 56946 56932
  2906  3089 56932 14601 56942 56932 14601  5076  8723 56942 56932   579
 10621  6471 56932  7494  5226 15316  3245  1920  2890 14601 10435 12520
  5226  5138 56932  1793  4472    13 13843  6151  5804 13379 10067 14847
 56931 56945]
[44, 40] [11120 56946  1096  5226  1231 13615 11211  5224  2792 56940 12171 56940
  7780   880  3260  5937 10067  5234  2792 10067  7346  4794  4472   348
 10621 14504 11211   420  4472  5804  3421 11360  4472 11093 10241 10394
 11211  5894 11120 15338   865 10856 13396 13822  5286 56932 12764  6950
 13371 11511]
[33, 25] [ 3951  4472 11120  2591 56934 37764 56946 56946 56935  7780  6140  5226
 56946 15422 10621  9521 56946 56934 56510 56946 56946 56935  5226  2589
 56932 15083    52  8192  4472  5804  5843 11211 13171   746  8765 10291
 14184 13822  7258  6151  1601 56931 56945 56945 56945 56945 56945 56945
 56945 56945]
[34, 27] [11120 56946  4472 56946  7587 56946  4472  8689 56934 56946 56935 14576
 11211  5804  8433  8540  2626  6151 11120 14779 12743 56932  1925 14338
 11211 11120  9745   393  8586   907  6151  2135  5804 20411 12491 10067
 56946 56931 56945 56945 56945 56945 56945 56945 56945 56945 56945 56945
 56945 56945]
[36, 30] [  513  5835 11211  5226  5224  6669  4964  4472 15038 56946  1240 56946
  2890  8614  6816  1925 56946 56946 56932  8806  5226  5224  2824  6669
  4472 15038 10621  4884 20247  4472 56942 11804  1240 30496  6151 11120
 25452  4472  1877 10621  6151 11120 37289  4472  4151  1877 13949 56931
 56945 56945]
[43, 39] [ 1925  9283 56942 56932 13396 11122 13554 56932 11117 56946  1925  8871
  9394  9939  5226 10341 56932  9000 56932  5226  1490 13440 56932  1240
  6760  4472  2890 28721  5226 10107 10855  4472 11120  5918 11211  6118
 11197  5092 11211   229 12407  5267  4472   535 56932 12889   375  4562
  5224 13803]
[49, 45] [ 1925  9283 56942 56932 13396 11122 13554 56932 11117 56946  1925  8871
  9394  9939  5226 10341 56932  9000 56932  5226  1490 13440 56932  1240
  6760  4472  2890 28721  5226 10107 10855  4472 11120  5918 11211  6118
 11197  5092 11211   229 12407  5267  4472   535 56932 12889   375  4562
  5224 13803]
[40, 37] [12543  6205 56932  6470 56946 56932 13386 14576 11120   681  4472  4151
  8373  5839  2185  4472  8200 12297  6197 11211  5224  9102   582  5231
  1925  5806 10621  9901  1925   468  5206 12297  8159 11211  5224  3612
  4794 13261 13980  4472 11400  9379  8373  3204 56931 56945 56945 56945
 56945 56945]
[49, 43] [ 7868 56946 56932 56940  1240    58  4472 11211  2464 56946  4472 14847
  1925 13105 11085 11211 11606 10290 11120  9849 10621 11211   546  5217
  5224  7560  4472 11120  6275 12957  4472 13732 56934 56946 56935 56932
  6534 13396  5224  3538 11085 10067 25634 56932 11211   373  5226 14614
  4472  9805]
[26, 22] [ 5224 11555  2824 56932 11211  1240 17350  5226 11120 13439  1202  8105
  4472 56946 56932 10621  5804   453  5508  1240 56946 10621 11207  9881
  5226  5224 15817 12152   763 56931 56945 56945 56945 56945 56945 56945
 56945 56945 56945 56945 56945 56945 56945 56945 56945 56945 56945 56945
 56945 56945]
[24, 21] [13396 10711 56932  5224  5683 13579  7709  8606    19  1004  5224 30738
  5224   972 11211 10111 56932 14260   424  5683 13579 12764  5240  4472
 56946 56932  9000  1925  8871  4392    85 15111  4472  7291  5224 46871
 56946 10621 11120 11529 56946  4472  5804 19287 56931 56945 56945 56945
 56945 56945]
[33, 29] [13396 10711 56932  5224  5683 13579  7709  8606    19  1004  5224 30738
  5224   972 11211 10111 56932 14260   424  5683 13579 12764  5240  4472
 56946 56932  9000  1925  8871  4392    85 15111  4472  7291  5224 46871
 56946 10621 11120 11529 56946  4472  5804 19287 56931 56945 56945 56945
 56945 56945]
[39, 34] [ 6997 11211  5534  7412  6894 56934 11211  6151 11122 11211 14190 12764
  7780  3521 10067  6226  5224  7473  9068 11211 14204 56935 14747 56946
  6151  9222 56932 10621 11117 47234  4562 40453 10621  2554 10621 11122
 26442  4472  7001 10643 56934 14686  3245  5226  5224 10235  4492  4472
  6997  4759]
[31, 26] [ 6997 11211  5534  7412  6894 56934 11211  6151 11122 11211 14190 12764
  7780  3521 10067  6226  5224  7473  9068 11211 14204 56935 14747 56946
  6151  9222 56932 10621 11117 47234  4562 40453 10621  2554 10621 11122
 26442  4472  7001 10643 56934 14686  3245  5226  5224 10235  4492  4472
  6997  4759]
[21, 18] [ 5226  2972 56932  4228  6151 11120  1004 11211 13478  5804  6381 56946
  6151 11120  8364 56932 11211 12764  6950 17284 19197 56946 13822 42720
 10621 24409 56932 10621 11211  1240 56946 12672  4643  6151  2890  2972
  9322 10291  7721  4151  3765  2370 56946 10621 19550 15513 22469 56931
 56945 56945]
[35, 32] [ 5226  2972 56932  4228  6151 11120  1004 11211 13478  5804  6381 56946
  6151 11120  8364 56932 11211 12764  6950 17284 19197 56946 13822 42720
 10621 24409 56932 10621 11211  1240 56946 12672  4643  6151  2890  2972
  9322 10291  7721  4151  3765  2370 56946 10621 19550 15513 22469 56931
 56945 56945]
[41, 36] [ 1925   273 10621  1925  9687 56932 13371  5224  7330 12764  5240 13171
 11211  5224  3297 15445  4472 11120  5319  5226  5224 11211  5804 13604
  1240 11120  2751 13396  1231  1618 56932  5224 14938  4472  5804 56946
    85 19384  4562 11120 11213 12544  7436  4472 31305  7162 11211 56946
  1231 13893]
[14, 9] [ 1925   273 10621  1925  9687 56932 13371  5224  7330 12764  5240 13171
 11211  5224  3297 15445  4472 11120  5319  5226  5224 11211  5804 13604
  1240 11120  2751 13396  1231  1618 56932  5224 14938  4472  5804 56946
    85 19384  4562 11120 11213 12544  7436  4472 31305  7162 11211 56946
  1231 13893]
[33, 29] [13396    19 12135 56932  9379  6523 14473 11211 11120  6675  4472  5272
  1925 13913  4472  5804 10798  4472  7394  4472  6387 56932  5410 10621
 10621  4249  5226 11471 56932  4026  8493   281 10291 11293  6151  9687
 13822 14436 56931 56945 56945 56945 56945 56945 56945 56945 56945 56945
 56945 56945]
