[16, 10] [ 5224 11100  8321 32047 10540  2254 10621  1231  8284 11117  4810 56932
  5226  8493   792 56932  6151 14663  2370  8493 26743 56931 56945 56945
 56945 56945 56945 56945 56945 56945 56945 56945 56945 56945 56945 56945
 56945 56945 56945 56945 56945 56945 56945 56945 56945 56945 56945 56945
 56945 56945]
[15, 9] [ 5224 11010  4472 11120 11093   545  5972 56932  5226 56942 56932  4810
 12407  9198 15083  6151 11211 11120  3935 56946  4562 13822  1357 14543
  5804  6312 22857  4472  2142 10621   545  2861  5804 56946  4472  5804
 15297  4472  2587 10621  5804   352 15401  4472    21  6105 56946 13396
  2890 14555]
