[18, 17] [11674 12675 15201  4472 11136 10429  5224 56942  4472  8289  6260 56932
 10621   420  3861 15083 56932  5224 56942 56932 11122 56946 13371   870
 10067  8876  3612 56931 56945 56945 56945 56945 56945 56945 56945 56945
 56945 56945 56945 56945 56945 56945 56945 56945 56945 56945 56945 56945
 56945 56945]
[6, 7] [ 9000  5224  4760 56932 11211  5224 56942  4472  8289 41295 11211  2464
 56946  5226  4224  4472 10022 56932  3120 11211  4151  3336  9895 13396
  5224   653 12764   865  1189 12512 10621  1240  9127  5226 15276  4472
    13 22485 11211 56946  6151 11120  9745  5226   420  8589 56931 56945
 56945 56945]
[7, 7] [ 9000  5224  4760 56932 11211  5224 56942  4472  8289 41295 11211  2464
 56946  5226  4224  4472 10022 56932  3120 11211  4151  3336  9895 13396
  5224   653 12764   865  1189 12512 10621  1240  9127  5226 15276  4472
    13 22485 11211 56946  6151 11120  9745  5226   420  8589 56931 56945
 56945 56945]
[8, 7] [ 9000  5224  4760 56932 11211  5224 56942  4472  8289 41295 11211  2464
 56946  5226  4224  4472 10022 56932  3120 11211  4151  3336  9895 13396
  5224   653 12764   865  1189 12512 10621  1240  9127  5226 15276  4472
    13 22485 11211 56946  6151 11120  9745  5226   420  8589 56931 56945
 56945 56945]
[17, 12] [ 7023  4472 56942  3985 10621 10025  6928  1046  4472  2496  1317 10621
  1551  4779  7914 13396 11120  2496  4472  5804 14101 10621  1925 11554
  9046  5224  5104  4472  5804  7345 10291 11211  9658 26622  4472 13822
  1919 11750 56932 13371  4151  2983  6535  7923 18776 13396  1231 11950
  5972 56931]
[18, 12] [ 7023  4472 56942  3985 10621 10025  6928  1046  4472  2496  1317 10621
  1551  4779  7914 13396 11120  2496  4472  5804 14101 10621  1925 11554
  9046  5224  5104  4472  5804  7345 10291 11211  9658 26622  4472 13822
  1919 11750 56932 13371  4151  2983  6535  7923 18776 13396  1231 11950
  5972 56931]
[19, 12] [ 7023  4472 56942  3985 10621 10025  6928  1046  4472  2496  1317 10621
  1551  4779  7914 13396 11120  2496  4472  5804 14101 10621  1925 11554
  9046  5224  5104  4472  5804  7345 10291 11211  9658 26622  4472 13822
  1919 11750 56932 13371  4151  2983  6535  7923 18776 13396  1231 11950
  5972 56931]
[20, 12] [ 7023  4472 56942  3985 10621 10025  6928  1046  4472  2496  1317 10621
  1551  4779  7914 13396 11120  2496  4472  5804 14101 10621  1925 11554
  9046  5224  5104  4472  5804  7345 10291 11211  9658 26622  4472 13822
  1919 11750 56932 13371  4151  2983  6535  7923 18776 13396  1231 11950
  5972 56931]
[7, 5] [ 5226 11646 12541 56932 11120  6855  4472  1296 10067  5806 31136  2890
 56946 56946  5226  5224  5879 56931 56945 56945 56945 56945 56945 56945
 56945 56945 56945 56945 56945 56945 56945 56945 56945 56945 56945 56945
 56945 56945 56945 56945 56945 56945 56945 56945 56945 56945 56945 56945
 56945 56945]
[7, 9] [10611  5804  8834 13160 11211  8726  5224  9541  6950  9490  2890   821
  8334  5226  1723 56932 11486 56934  7444  1447 14524 56935 56932 10621
  5224 11203  5240  5224  3612 11211 13171  9541 11236  6151 11120  7316
  4472  9282  8906 56931 56945 56945 56945 56945 56945 56945 56945 56945
 56945 56945]
[32, 34] [11120 33218 24513 13885  5226  5224 56946  4472 11120  8199 56932  4687
 11211 12764  7780  5538  5224  5104  9329  4472 14072 13396 11120 14779
 23899 56932  7868 11120  1853 56932 11211  5224  6260 56942  4472   995
  3717 11120 13870 10621 13185  4472 11120 10595 56946 56932  5226   523
  4472 11120]
[33, 34] [11120 33218 24513 13885  5226  5224 56946  4472 11120  8199 56932  4687
 11211 12764  7780  5538  5224  5104  9329  4472 14072 13396 11120 14779
 23899 56932  7868 11120  1853 56932 11211  5224  6260 56942  4472   995
  3717 11120 13870 10621 13185  4472 11120 10595 56946 56932  5226   523
  4472 11120]
[34, 34] [11120 33218 24513 13885  5226  5224 56946  4472 11120  8199 56932  4687
 11211 12764  7780  5538  5224  5104  9329  4472 14072 13396 11120 14779
 23899 56932  7868 11120  1853 56932 11211  5224  6260 56942  4472   995
  3717 11120 13870 10621 13185  4472 11120 10595 56946 56932  5226   523
  4472 11120]
[35, 34] [11120 33218 24513 13885  5226  5224 56946  4472 11120  8199 56932  4687
 11211 12764  7780  5538  5224  5104  9329  4472 14072 13396 11120 14779
 23899 56932  7868 11120  1853 56932 11211  5224  6260 56942  4472   995
  3717 11120 13870 10621 13185  4472 11120 10595 56946 56932  5226   523
  4472 11120]
[19, 24] [ 4562  8493 10526 14299 56932  5804  3947 56946 13441  8993  4151 13430
 12392  4472  1231  1431 10621 56932  5534  1240 56946  1925  2972 56932
 30323  4095 13822  3361  4649  4472 12168 56931 56945 56945 56945 56945
 56945 56945 56945 56945 56945 56945 56945 56945 56945 56945 56945 56945
 56945 56945]
[20, 24] [ 4562  8493 10526 14299 56932  5804  3947 56946 13441  8993  4151 13430
 12392  4472  1231  1431 10621 56932  5534  1240 56946  1925  2972 56932
 30323  4095 13822  3361  4649  4472 12168 56931 56945 56945 56945 56945
 56945 56945 56945 56945 56945 56945 56945 56945 56945 56945 56945 56945
 56945 56945]
[21, 24] [ 4562  8493 10526 14299 56932  5804  3947 56946 13441  8993  4151 13430
 12392  4472  1231  1431 10621 56932  5534  1240 56946  1925  2972 56932
 30323  4095 13822  3361  4649  4472 12168 56931 56945 56945 56945 56945
 56945 56945 56945 56945 56945 56945 56945 56945 56945 56945 56945 56945
 56945 56945]
[22, 24] [ 4562  8493 10526 14299 56932  5804  3947 56946 13441  8993  4151 13430
 12392  4472  1231  1431 10621 56932  5534  1240 56946  1925  2972 56932
 30323  4095 13822  3361  4649  4472 12168 56931 56945 56945 56945 56945
 56945 56945 56945 56945 56945 56945 56945 56945 56945 56945 56945 56945
 56945 56945]
[23, 24] [ 4562  8493 10526 14299 56932  5804  3947 56946 13441  8993  4151 13430
 12392  4472  1231  1431 10621 56932  5534  1240 56946  1925  2972 56932
 30323  4095 13822  3361  4649  4472 12168 56931 56945 56945 56945 56945
 56945 56945 56945 56945 56945 56945 56945 56945 56945 56945 56945 56945
 56945 56945]
[16, 10] [ 5226  5224 12675 10103 10471 56932 13707  7780  5664 11120 13908  4472
  1231  9541 13396 11120 56940 24919 56940  4472  9453  3682 11211  1240
 11158  5217  2668  6151 13579 10621  7780 14043  6151 13578 11211 56932
  1233  5240  2792 10067   653 39266 56940 56946  5488 17755 14260  7053
  5226   428]
[11, 11] [14016  7462 10067  8876 56946 10067  9541  9000 56932 12889 11372  4855
  1132  6151 17854  6151  3252 56932 15574  4188  8108  5226  5224  4667
  4562  4188  7057  5226 11120  4953  4472 11120  4988 56931 56945 56945
 56945 56945 56945 56945 56945 56945 56945 56945 56945 56945 56945 56945
 56945 56945]
[14, 15] [13456 13261 11120 10426  4472 11120 14675  4472  7790 10621 12920 56932
 11211  5224  9544 10693  3245  6151   643 56946 56932 56946 12297 12297
 11211  2746  1231 14555  8436 56932 56946 56932 11211  1503   424  7977
  6151 11120  4194 12297 12297 10621 14543  4472 13062 56931 56945 56945
 56945 56945]
[6, 18] [ 4562 11120 10117  4472 11211  5224  7581 56946 13171 10621 56946  8871
 56932  5224  6516 10067   653  1240 19329  5224 16586 12407 56940 12033
 56940  4472 15040  4604 11122 11211  5226  1231 11950  9297  5804  5234
  8876 10050 56946 19944 56946 56934 13386  5226 56942  2340  5224 32313
  5226  2890]
[7, 18] [ 4562 11120 10117  4472 11211  5224  7581 56946 13171 10621 56946  8871
 56932  5224  6516 10067   653  1240 19329  5224 16586 12407 56940 12033
 56940  4472 15040  4604 11122 11211  5226  1231 11950  9297  5804  5234
  8876 10050 56946 19944 56946 56934 13386  5226 56942  2340  5224 32313
  5226  2890]
[30, 30] [ 5224 10255 13823  5240  8503  4472  5804 14560  6580 56370  4472  4151
 14862 10937  4295 17146  5226 13961 11899 10067  1926 56932 10621  5226
  1231  6256 11697  5226 15503 56934  7224 56935 56946   683 56942 10414
 10067 56940 10255  2610 56940 10291   424  1248 56931 56945 56945 56945
 56945 56945]
[31, 30] [ 5224 10255 13823  5240  8503  4472  5804 14560  6580 56370  4472  4151
 14862 10937  4295 17146  5226 13961 11899 10067  1926 56932 10621  5226
  1231  6256 11697  5226 15503 56934  7224 56935 56946   683 56942 10414
 10067 56940 10255  2610 56940 10291   424  1248 56931 56945 56945 56945
 56945 56945]
[2, 7] [ 6205 13396  7932 56932 15556  1004  5804 56946 13901  1776  4562  5804
 15400 56946 10621 11120  3671 12133  5226    68 15400 12764 12650 14375
  4151   739  4472  5804 56946 56931 56945 56945 56945 56945 56945 56945
 56945 56945 56945 56945 56945 56945 56945 56945 56945 56945 56945 56945
 56945 56945]
[44, 30] [10420 56932 13625  2890 21862 13004  7956 11120 10794  4472  2390  8597
 10621 13822  3271 29484 56932  6205 13371  4472  4151  7359 12958  1633
  4151  6505 56946 56932  6151  4151 11211 15201    85   885 11120 14678
  4472  5804 56940  1427 56940 10291  2529  8231 13396 11120  5319 13149
 56931 56945]
[1, 3] [10996 56932  8460  6066  6151  5804 56942 10621 56942 10013 56932  1231
  8272 12159  6151  5804 56942 56933 10958 14680 56932  6151  5804 56942
 10013 10621 14009 56946  6151  5804 56942 56931 56945 56945 56945 56945
 56945 56945 56945 56945 56945 56945 56945 56945 56945 56945 56945 56945
 56945 56945]
[5, 5] [20385 56946 56932 11211   425  1578  7780  8823 14694  3204  5217  5224
 22961 56932  8902  2890  2350  1925  4685  4472  9450 10621  6151 10958
  9502  4562  2890 12168 11211  1043  1925  3612  5692 10291  5606  8493
   455 56946  7956  5224  5576 56934 56946 56935 56931 56945 56945 56945
 56945 56945]
[30, 31] [ 8630 11211  5224  3461 56942  6974 11211   865 56946  4151 11601 56946
 10621 56932 10611 11646 56932  5224  1951   951   425  9168  6151  4151
  5836  2861  4151 11211 56940 15083  4472 28553  3317 11120  6805  4472
  2890   837 56940 56933 56940  4151   849 10937 56940 56933 56940  4151
 11211 56932]
[27, 27] [ 6205 56932 11120  8129 10923  1933 13396 11120 10767 41184  4472  5804
  5574 10621 51188 11120 36731 36212 10291  1607  5224 12168 56932  9000
  1925  7261 10067  9541 12764  8068  5804 22046  4472  1306 11211  1776
  5226  2911  2848 56931 56945 56945 56945 56945 56945 56945 56945 56945
 56945 56945]
[20, 21] [10621  5226  2890  8778  7956 11120 12695  4472 11120  2894 10454  6151
  1009 11211 13537 56932 11211  5226  4151 14862 10937  2844 10608 13637
  6644 10621  5483 56931 56945 56945 56945 56945 56945 56945 56945 56945
 56945 56945 56945 56945 56945 56945 56945 56945 56945 56945 56945 56945
 56945 56945]
[21, 21] [10621  5226  2890  8778  7956 11120 12695  4472 11120  2894 10454  6151
  1009 11211 13537 56932 11211  5226  4151 14862 10937  2844 10608 13637
  6644 10621  5483 56931 56945 56945 56945 56945 56945 56945 56945 56945
 56945 56945 56945 56945 56945 56945 56945 56945 56945 56945 56945 56945
 56945 56945]
[16, 17] [ 5804  8752 10621  5804  1169 11959   746 14480 11211   217  9544 56932
  8290  4722  4472  2062 56932 56946  2193  5226  6226  5224  6319 56932
  4562  5224 14906  4472  6157 10621 19124  5226  4151  1088    21 56931
 56945 56945 56945 56945 56945 56945 56945 56945 56945 56945 56945 56945
 56945 56945]
[23, 27] [56940  4550 56932 56936 11149 15590  6151  8606  5804 14765  4472 11120
    19 12135 56934  5804 15544 56935 11211  4562  3336 13371  4151 17574
 10621  4151 45389 15181  6151  1179  5804  4900 10291 13822  1357  7345
 56937 56940 56932  6183  9019 56931 56945 56945 56945 56945 56945 56945
 56945 56945]
[24, 27] [56940  4550 56932 56936 11149 15590  6151  8606  5804 14765  4472 11120
    19 12135 56934  5804 15544 56935 11211  4562  3336 13371  4151 17574
 10621  4151 45389 15181  6151  1179  5804  4900 10291 13822  1357  7345
 56937 56940 56932  6183  9019 56931 56945 56945 56945 56945 56945 56945
 56945 56945]
[26, 27] [56940  4550 56932 56936 11149 15590  6151  8606  5804 14765  4472 11120
    19 12135 56934  5804 15544 56935 11211  4562  3336 13371  4151 17574
 10621  4151 45389 15181  6151  1179  5804  4900 10291 13822  1357  7345
 56937 56940 56932  6183  9019 56931 56945 56945 56945 56945 56945 56945
 56945 56945]
[11, 13] [13396  8593 56932  3655 11120  3778  4472 11211   211  5224  5071  2106
  1240 56946 11669 14687 10067  4842  4472 13893 56932 17511  4472 11120
  6256  4472  8493  1527  4472  6757 10611 14210 10655  6862 56946  5226
 11122 11211  1240  1626  6151  8248 56932  4127 10621  1728 10291 11120
  9745 56931]
[9, 11] [ 5224  5189 56932  8552  6151  8373   372 10067  4280  3384  5831 56946
 20892 56932  1240  8057  4562   420 13349  5226  1231  6855  6151  8277
 56934 56946 56935 10621 36624  5224  9518  2729  4472 11120 11753  1925
 27155 56932 11211  6376  5544  2185 14931  5115 56931 56945 56945 56945
 56945 56945]
[10, 11] [ 5224  5189 56932  8552  6151  8373   372 10067  4280  3384  5831 56946
 20892 56932  1240  8057  4562   420 13349  5226  1231  6855  6151  8277
 56934 56946 56935 10621 36624  5224  9518  2729  4472 11120 11753  1925
 27155 56932 11211  6376  5544  2185 14931  5115 56931 56945 56945 56945
 56945 56945]
[11, 11] [ 5224  5189 56932  8552  6151  8373   372 10067  4280  3384  5831 56946
 20892 56932  1240  8057  4562   420 13349  5226  1231  6855  6151  8277
 56934 56946 56935 10621 36624  5224  9518  2729  4472 11120 11753  1925
 27155 56932 11211  6376  5544  2185 14931  5115 56931 56945 56945 56945
 56945 56945]
[12, 11] [ 5224  5189 56932  8552  6151  8373   372 10067  4280  3384  5831 56946
 20892 56932  1240  8057  4562   420 13349  5226  1231  6855  6151  8277
 56934 56946 56935 10621 36624  5224  9518  2729  4472 11120 11753  1925
 27155 56932 11211  6376  5544  2185 14931  5115 56931 56945 56945 56945
 56945 56945]
[20, 20] [ 5224  2595  4472 12031 12506 10067 13723 10208 56946 56932 16190 56946
 56932 15201 11211 10611  5804  3034 11211 16884 14233  9490  8971 14914
 16957 11211 10463 10495  1231 12659 56931 56945 56945 56945 56945 56945
 56945 56945 56945 56945 56945 56945 56945 56945 56945 56945 56945 56945
 56945 56945]
[7, 12] [11211  5226  7182 56932 10621  5217  2890  8224  1095 56932   577 11117
 11154  4562 10977 56932  5207  8964  8373  3765    61  2861 11211  5224
  3208  4472 11120   176 10067 20141  8993  1240   373 56946 56932 10621
 11211 11120  3363 56932 13371 11120  4109 56932  5240  8493 15759 13896
 56931 56945]
[8, 12] [11211  5226  7182 56932 10621  5217  2890  8224  1095 56932   577 11117
 11154  4562 10977 56932  5207  8964  8373  3765    61  2861 11211  5224
  3208  4472 11120   176 10067 20141  8993  1240   373 56946 56932 10621
 11211 11120  3363 56932 13371 11120  4109 56932  5240  8493 15759 13896
 56931 56945]
[9, 12] [11211  5226  7182 56932 10621  5217  2890  8224  1095 56932   577 11117
 11154  4562 10977 56932  5207  8964  8373  3765    61  2861 11211  5224
  3208  4472 11120   176 10067 20141  8993  1240   373 56946 56932 10621
 11211 11120  3363 56932 13371 11120  4109 56932  5240  8493 15759 13896
 56931 56945]
[27, 22] [ 4550 56932 11120  4691  7780  6260 56932  7868  5224  5373 10067  7901
  5226  2555 56932 15195 12858 56932 11211  1074  5224 14695 11211  1935
  5804  2402 13396 12135  4472 56940  7898  1069  4562  6041  4293 15611
  1925 10067  7901 56940 56931 56945 56945 56945 56945 56945 56945 56945
 56945 56945]
[28, 22] [ 4550 56932 11120  4691  7780  6260 56932  7868  5224  5373 10067  7901
  5226  2555 56932 15195 12858 56932 11211  1074  5224 14695 11211  1935
  5804  2402 13396 12135  4472 56940  7898  1069  4562  6041  4293 15611
  1925 10067  7901 56940 56931 56945 56945 56945 56945 56945 56945 56945
 56945 56945]
[31, 22] [ 4550 56932 11120  4691  7780  6260 56932  7868  5224  5373 10067  7901
  5226  2555 56932 15195 12858 56932 11211  1074  5224 14695 11211  1935
  5804  2402 13396 12135  4472 56940  7898  1069  4562  6041  4293 15611
  1925 10067  7901 56940 56931 56945 56945 56945 56945 56945 56945 56945
 56945 56945]
[34, 22] [ 4550 56932 11120  4691  7780  6260 56932  7868  5224  5373 10067  7901
  5226  2555 56932 15195 12858 56932 11211  1074  5224 14695 11211  1935
  5804  2402 13396 12135  4472 56940  7898  1069  4562  6041  4293 15611
  1925 10067  7901 56940 56931 56945 56945 56945 56945 56945 56945 56945
 56945 56945]
[36, 22] [ 4550 56932 11120  4691  7780  6260 56932  7868  5224  5373 10067  7901
  5226  2555 56932 15195 12858 56932 11211  1074  5224 14695 11211  1935
  5804  2402 13396 12135  4472 56940  7898  1069  4562  6041  4293 15611
  1925 10067  7901 56940 56931 56945 56945 56945 56945 56945 56945 56945
 56945 56945]
[1, 5] [ 4472  8590  6151  9544  1240 20483  2890 14315  1094 56932  8630 11211
  5804  4522 56932  9446 10621 18201   753  8373 56932  8503 13396 11120
  1296 10621    13 13396 11120  8818 56931 56945 56945 56945 56945 56945
 56945 56945 56945 56945 56945 56945 56945 56945 56945 56945 56945 56945
 56945 56945]
[19, 20] [ 5224 14749 16594 56946 56932  8993 14915 56946 56932 12764  4091   705
  1231 39781 10621 15023  2678  2370  5224 12796 15884 56946  3502  1231
 53391 56932  9000  2370  1231 11765  8374 56931 56945 56945 56945 56945
 56945 56945 56945 56945 56945 56945 56945 56945 56945 56945 56945 56945
 56945 56945]
[20, 20] [ 5224 14749 16594 56946 56932  8993 14915 56946 56932 12764  4091   705
  1231 39781 10621 15023  2678  2370  5224 12796 15884 56946  3502  1231
 53391 56932  9000  2370  1231 11765  8374 56931 56945 56945 56945 56945
 56945 56945 56945 56945 56945 56945 56945 56945 56945 56945 56945 56945
 56945 56945]
[21, 20] [ 5224 14749 16594 56946 56932  8993 14915 56946 56932 12764  4091   705
  1231 39781 10621 15023  2678  2370  5224 12796 15884 56946  3502  1231
 53391 56932  9000  2370  1231 11765  8374 56931 56945 56945 56945 56945
 56945 56945 56945 56945 56945 56945 56945 56945 56945 56945 56945 56945
 56945 56945]
[2, 5] [ 8509  5224 12687 56932  9222 14576  5224  4200 10067  4339  4472  4151
  1505 13396  1231 11124  4472 46350  4472 11120  3174 10621 15394  3623
  1231 15038 56940 14757 56940  5226 11120 10509  2370 11120  8728   630
 56931 56945 56945 56945 56945 56945 56945 56945 56945 56945 56945 56945
 56945 56945]
[9, 12] [56940 14099 14542 34315 23117 56932 10621  5217  5224  7966  8993  5207
  4563 14396  4472 56946 56940 56932  7087 26347 56932 11211 36051 13396
 11211  6151 13742  1362  1240  4106 11120  4953 23895  5804 50879 56931
 56945 56945 56945 56945 56945 56945 56945 56945 56945 56945 56945 56945
 56945 56945]
[3, 7] [ 4562 11120  8888  4472  4151   721  1240 20445  8493  1126  4472 11120
   227 10067 13588 56932  9000  5224 18240  4472 11120  2774 12764   103
 10996  5226 11120 21604 10067 12684 56931 56945 56945 56945 56945 56945
 56945 56945 56945 56945 56945 56945 56945 56945 56945 56945 56945 56945
 56945 56945]
[4, 7] [ 4562 11120  8888  4472  4151   721  1240 20445  8493  1126  4472 11120
   227 10067 13588 56932  9000  5224 18240  4472 11120  2774 12764   103
 10996  5226 11120 21604 10067 12684 56931 56945 56945 56945 56945 56945
 56945 56945 56945 56945 56945 56945 56945 56945 56945 56945 56945 56945
 56945 56945]
[5, 7] [ 4562 11120  8888  4472  4151   721  1240 20445  8493  1126  4472 11120
   227 10067 13588 56932  9000  5224 18240  4472 11120  2774 12764   103
 10996  5226 11120 21604 10067 12684 56931 56945 56945 56945 56945 56945
 56945 56945 56945 56945 56945 56945 56945 56945 56945 56945 56945 56945
 56945 56945]
[4, 8] [ 1925  6117  4472 11120  1016  4472  4284 56932 11120 11840  7780  5159
  3245 13396 10021 13822 13817  4472  5869  6151 11120  4194  5822 56932
 10621  7780  2729  5226 14390  8493  3723 10291 14342  3245  6151  7608
  4472  1335 56931 56945 56945 56945 56945 56945 56945 56945 56945 56945
 56945 56945]
[5, 8] [ 1925  6117  4472 11120  1016  4472  4284 56932 11120 11840  7780  5159
  3245 13396 10021 13822 13817  4472  5869  6151 11120  4194  5822 56932
 10621  7780  2729  5226 14390  8493  3723 10291 14342  3245  6151  7608
  4472  1335 56931 56945 56945 56945 56945 56945 56945 56945 56945 56945
 56945 56945]
[6, 8] [ 1925  6117  4472 11120  1016  4472  4284 56932 11120 11840  7780  5159
  3245 13396 10021 13822 13817  4472  5869  6151 11120  4194  5822 56932
 10621  7780  2729  5226 14390  8493  3723 10291 14342  3245  6151  7608
  4472  1335 56931 56945 56945 56945 56945 56945 56945 56945 56945 56945
 56945 56945]
[23, 19] [11120 10043  4472  4151  2661 13473  5804  9446  1240  7780  5465  5226
  5224  2952  2690 11211  8783  7431  5224 12886  8722 10067 10386 13210
 56931 56945 56945 56945 56945 56945 56945 56945 56945 56945 56945 56945
 56945 56945 56945 56945 56945 56945 56945 56945 56945 56945 56945 56945
 56945 56945]
[18, 19] [11713 12407  2199  4472 11325  6261 10621 56932  5226  5224 16271  4472
 11120 15720  5226 11120 11211 13893 56932  7782  1462  4151  8851 10067
 12361  7513 56931 56945 56945 56945 56945 56945 56945 56945 56945 56945
 56945 56945 56945 56945 56945 56945 56945 56945 56945 56945 56945 56945
 56945 56945]
[5, 6] [ 6151 11093  4000  4472 11120  1296 10463  4940  4562 56946 15894  5226
  5224 18344  4472 11120 12767 56932  8630 56946  4151  3039  3205  4472
 11120 16669 56932 11122 11211  5226  4649 30527  7898  8445  4472 56946
 56933  1925   273 10621  1925  9687 56932 56942 56946 56946 11120  1216
  8328 10621]
[5, 6] [ 8953  8782 56932 13396  1231 12135 56932  8321 14500  6151 11120 12031
 56932  8057 56946  4472 56946 10621  1321  9418 24952  5226  1231  6325
  4472   245 13396 11120  8728 11120 56946  4472 13822  9778 56931 56945
 56945 56945 56945 56945 56945 56945 56945 56945 56945 56945 56945 56945
 56945 56945]
[25, 35] [13822 13618 10916 56946 11120 13107  4472 16161 56946  4472  8920  4472
 11120 10162 56932 56946 56932 37897 10621 10025  1046 11086 56932 11211
 56932 24280  5226  4151  9601  7747 29939 13927 12297 56942 10621 13927
 12297 56942 56932   209    52 56946 13396  1901  5224  5285  4472 11120
 12615 56931]
