[14, 3] [14708  7494  1076 10689 56942 11804  4472  5669 56934 56942 11804  4472
  5895 56935  5226 11120  5769  4472  9249 16478 56932  4562  8493  2076
  4472 56942  9767 56932 10621 56942 11804  4472  5669 56934 56942 11804
  4472  5895 56935  5226 25365 56932 11211 13371 11120 11093 54351  4562
 10539  1225]
[40, 38] [ 6151 12937  5488  8155 56940 12764  4151 13831  6151    34 56940 56932
   730 12058 56932 11211  1015 11211  9222 56940 10608 32044  5217  5224
  5071 56932 14931  5339 56932  4562  6596 10621  6436 13396  5804  1170
 56932 10621 56946  1452  5804  5684 56940 56931 56945 56945 56945 56945
 56945 56945]
[29, 26] [56946 11979  4472 56940 14199 56940  5804  5286  5226 11120 14248  4562
 11120   188 56940   455 56940  5226  1950 56932 14084 10621 11964  5087
 56932 10621  5065 11120   455  6151  9222 56931 56945 56945 56945 56945
 56945 56945 56945 56945 56945 56945 56945 56945 56945 56945 56945 56945
 56945 56945]
[29, 26] [ 7868  5224  9230 56932  1352  7494 13822 12043 10291  9543 11120 13141
 56932 11211 12669 51018  4562 11120  3933 10067  7538 11343  5432 56934
  1403 56935 11211  1240 12680  5226  1352 10621 11211   373 18122 13396
  5224  9283  8373  4472   424 11925 16709  6282 56931 56945 56945 56945
 56945 56945]
[24, 21] [11120  5474  4472 12101  5226  5804  4393  8373  5137  5226  9379  3421
  2704  7780  8192  4472  7023  4472 56942 13712 56932  9000 14811  2831
  2890  9198  8871  4472 56942  1169 56931 56945 56945 56945 56945 56945
 56945 56945 56945 56945 56945 56945 56945 56945 56945 56945 56945 56945
 56945 56945]
[25, 22] [ 4472 18899  6151  9687 56932 11120   990 39795  8493  3174  4562  8732
 22857  4472 56942 11804  4472  5895  8630 11211  5804 13767  7329  8407
 56946  1925  8871  2890  4052  4472 56942 11804  4472  5895 56931 56945
 56945 56945 56945 56945 56945 56945 56945 56945 56945 56945 56945 56945
 56945 56945]
[16, 14] [56940 44300   424  1673  6151 10644  5076 56932  6151 10636   434 56932
 14260  5207  7780  9591  1379 13171 13466  5224 13803 56931  4562  2890
  4252  6205  8908  2890  3612 13171 13738 56940 56932 15648  5224 14479
 56931 56945 56945 56945 56945 56945 56945 56945 56945 56945 56945 56945
 56945 56945]
[14, 11] [ 5224 12687  4472 11120  4431 13346 11562  1925  5078  4472 11211 10442
  7780  1266  5226  1231 56942  7977  4472  5566  3676  1591 56932  5226
 11120 11369 13171  2748  4472  1231  7645 56932  5116  4472  5089 10621
   571 14956 10621 10703  5226  5804  9315  7254 56931 56945 56945 56945
 56945 56945]
[46, 40] [15229  5226  5224 15175  4151 56942 15229  4472  7661  4472  2090 56934
  4932 13935 56935  4472 11120  5918 56932  8415  5226  5224 15175   322
 56932 10621  4151 56942  4472  5804 56946 12200 56942  6950  5226  5224
 11988 14179 56946 10621 56942  9570  5226   420  2140  2899  5226 11120
 56946 56932]
[8, 4] [56936 11149  4492  7494 20640 14915 11766 14169  4562 14915 27611  1148
 14931  5224 19628 17624  4472  2890  9084  7376 56932 11898  6862 43001
 56937 56931 56945 56945 56945 56945 56945 56945 56945 56945 56945 56945
 56945 56945 56945 56945 56945 56945 56945 56945 56945 56945 56945 56945
 56945 56945]
[10, 8] [ 5224 14358   264 46602 14914 11311 56932 11211  7780 19760  5226  2890
  8836  4472 23905 56932 44929 56932 14931 11211 11120  7384   418  9312
   424 27363 56931 56945 56945 56945 56945 56945 56945 56945 56945 56945
 56945 56945 56945 56945 56945 56945 56945 56945 56945 56945 56945 56945
 56945 56945]
[39, 33] [ 5224  9541 12855  7876   217  1836    40 11120  8069  6151 11120 12695
  4472  5804 12379  5452  5226  4151  4290 10067  5544  4472  8853 11255
  6151  4345  9792 56932 11211    85  1740  4562  1063 10621  4527  5226
  1231 11093  4277  1633 11120 12689  4472  1231  9541 56931 56945 56945
 56945 56945]
[48, 47] [ 5224 11757 13469  3924  4562  5224  3280 11211  1231  7132 10621   160
  4188 30194  4472 14407  4472 10281 56932 18413  6151  1231  8909  9102
 56932   977 11120 14035  4472  5804  4679  4055  4472  2732 56932  3828
  8824  2478 11120  5265  4472  9214 24929  5226 56946  9000  5226   195
 11117   746]
[17, 16] [ 5224 10292 10102 10473  2890 14555  4885 12152  5226 14842 10621 11120
 10615  4472   571  1240  9847  4161  5224 56946  4472 11120 13553  7978
 56931 56945 56945 56945 56945 56945 56945 56945 56945 56945 56945 56945
 56945 56945 56945 56945 56945 56945 56945 56945 56945 56945 56945 56945
 56945 56945]
[47, 37] [13396  1231  1056 14482 11981  4472  1004  5226  5534 13554  5224  9230
  4472 12336  9121 56932  4758 13662  9992 56932  9968 56940  2595 56940
 10067   653 56932 13371  5224  2792  4472 11120  6805  3356  3733 56934
  3346 56935 56932   848 56946 56932 10958 12838 56932 11211  5240 13386
  1933  7494]
[17, 14] [15204  4472 11120 56940 49920 56940  4472 37936 26341  5226 11120 12613
  7725 56932  5226 56942 10561  5226 15063  4562 56946 56932  1782  8509
 56942  5137 10067  9541  9288 10621 10067  7581 20576 56932 10621 11117
  6005  5226  8493  8709  7945  4472 11454 12530  9198  3651  4472   653
 56931 56945]
[43, 34] [ 5224  6519 10067  4942 13396 11623 10621 56946 15512  4472 11120  6805
  4472 12831 10067 14084 56932 10958 37873 56932  7780   880 11120  3820
  5226 11120  1976  8973 10067  9230  4472  2667 56932  3908  2004  6270
 56932  4562  5224   273  4472 11211 13004  7956  5224 15316  4472 14693
  4472 11807]
[13, 12] [ 2890  7932  2861  5534 26546  1240   373 24040  5226 56946 56932  1240
 15034  5226  8493 40795 10621 13903 11120  5918 56931 56945 56945 56945
 56945 56945 56945 56945 56945 56945 56945 56945 56945 56945 56945 56945
 56945 56945 56945 56945 56945 56945 56945 56945 56945 56945 56945 56945
 56945 56945]
[14, 14] [ 5226  1156  6151 10442 56932 11120 13107 12210  8666  5224 56946 56932
  8630 11211  5226  4049  1240  5821  2890 12362 10067 56946  5226 11669
 12675 11762 56931 56945 56945 56945 56945 56945 56945 56945 56945 56945
 56945 56945 56945 56945 56945 56945 56945 56945 56945 56945 56945 56945
 56945 56945]
[30, 24] [10621   217 56940  1723  5240  2890 10563  4472  6425 56932  2890  6319
  4562  7415 10042  5226 26426 56940 56932 10621 56940  1793 56932  6197
  4365  2729  5804  3758  4562 11921  5226  7949 56932 11211  8946  2890
  1904  4161  4550  4562  9205  7300   635 56940 56932    11 56931 56945
 56945 56945]
[30, 29] [56946 56932 56946  5226 11316 12440  5226 11120  8200  5043 56932  1240
  8057  9482  4472 11120  8364  5871 56932 10621 21070  1240 39463  6151
  8574 10621  6151 13386  1240   981 13396 10363 56931 56945 56945 56945
 56945 56945 56945 56945 56945 56945 56945 56945 56945 56945 56945 56945
 56945 56945]
[39, 35] [10624  4472 11120  9849 10621 10067  9489  9538 12948  5224  2445 56932
  4472  2159   824 56932 11211  1240  3734  4562    19   694  3269  2861
  5224 28455 10067 15387  8967 11729 56745 56932 12407  8041 56932 10291
  8678  8493 12135  5226 15743 56932  5331  5224 11211  1240 34505  2890
   742 56932]
[41, 38] [13396   428  1240 11117 11204  5217  2551  8493 11851  9500 11211 12764
 10405  6151 10700 12821  8871 18808  5226  5224 14408 15164 56932 13396
   428  1240 11117  4275 11211 14931  5115  1231  9168  4472  7581 25662
 10621 26646 56946 11120  1903  6151  1231 12867 56946 56931 56945 56945
 56945 56945]
[10, 7] [ 9000 56932  9268 56932   217 13396   217  4151  8386  1396  5226  8965
 10621  5226  5804  4185  9939 56946  6151  2890 11010  4472   739 56946
 56931 56945 56945 56945 56945 56945 56945 56945 56945 56945 56945 56945
 56945 56945 56945 56945 56945 56945 56945 56945 56945 56945 56945 56945
 56945 56945]
[27, 26] [ 5804 14304 13901  7329 56932 11120  2894 10621 10442   746  3858  8493
 10372  1633 11120  6488 12031  7871  5226 11120 14193  2467 11211  6950
  1452 13435  2986  9673 56931 56945 56945 56945 56945 56945 56945 56945
 56945 56945 56945 56945 56945 56945 56945 56945 56945 56945 56945 56945
 56945 56945]
[13, 12] [11211  5224  3053  4472  5804 13997  1003  4472 11120 14623 12348  1240
 14444 14802  4550 56932 12764  7494    19 14251  4472  2529 11211  4151
  5839  4290 12230 10621  4151  4256 10067  2689 11211 10111 56931 56945
 56945 56945 56945 56945 56945 56945 56945 56945 56945 56945 56945 56945
 56945 56945]
[20, 18] [ 4472  8493 13480  3610 10621 11349  4472  1168 12673 56932  6151 11120
 11211 12764 56946  4151 10219 11211  9658 51377  5226  1231  7147 56932
  3047   418 11211  1009 11211  7494 13171  8008 11211  2890  4569  6151
 13576 13396  5224 14358  5226  2555 56931 56945 56945 56945 56945 56945
 56945 56945]
[39, 36] [10621 12764  5240 11211  2273  5226  2370  4472  4938  9658  1653  6151
 11120  4932 56932 11664  9632 11211   865 14915 10936 13371  3125 56932
 13396 11122 11211 12015 56946  4562  8025 10291 11211  1240 10650  1231
  4022  4472 14021  5226 15394 56946 56931 56945 56945 56945 56945 56945
 56945 56945]
[2, 3] [56940  6950 12015  2582  5224  1242 56932 13487 56932 38770 11120 12341
 10621 56946  6151  4758 13529 14781 16129 56941 15992 11122 11211  1240
 56946 56932  6151 11120  7037  4472 11120 16348 56941 56932 10621 12015
  8057  1368  6711 11120 25464 56940 56932 11152 56931 56945 56945 56945
 56945 56945]
[11, 9] [10621  1865 56932 13933 12764 56932  1240 56946  2861 56940  1469 56932
 13171   848  8871 56932  2890 56946  6151 15276  4472  8025 10621  2890
 56946 10644 56940 56931 56945 56945 56945 56945 56945 56945 56945 56945
 56945 56945 56945 56945 56945 56945 56945 56945 56945 56945 56945 56945
 56945 56945]
[37, 35] [56940  9373  6226  5224 13811 15688  5226  8493  8305 56932 11211  5240
 11122 11211  8057 12342 11169 12135  4472  1231  7626 56932 14261 10621
 56946  6151  2890  3411 27854 56932 11211  9840  2529 56946 11047  5534
  8946 14505 56940 56931 56945 56945 56945 56945 56945 56945 56945 56945
 56945 56945]
[12, 11] [ 5224  7450 56946 56932  5224 13723  4472 15370 11211  6172 10291 11148
 13396  5583  2890  3172 10471  5226  5224 13579 56932  7494  1076 12095
  2890 14555  1602  6151 11120 12815  4472 13579 10291 11211 56946 11120
 14564 13524  3046  4472  9390  2034 56931 56945 56945 56945 56945 56945
 56945 56945]
[14, 13] [ 9939  4693  4472  1231 39617 56932 14016  2332  5224 14399 56932 11211
 23162    65 13371 12684 14875 11120  7465 21259 56931 56945 56945 56945
 56945 56945 56945 56945 56945 56945 56945 56945 56945 56945 56945 56945
 56945 56945 56945 56945 56945 56945 56945 56945 56945 56945 56945 56945
 56945 56945]
[33, 28] [ 5224  6783  3667  9909 12321 56932 14454 10067 10982  4274 56932  1240
  1512   217  5226  2283  4472  1231  1431 10067 11255  3786 56932  5224
  6145 13732 56932  1925 11267 12764  5665  5226  4474 13371 56940  5224
  7811  3612 10621 11120  7811 12101 56940  4472  4151  7428 11211 10007
  5226 11120]
[25, 24] [ 5224 13242  8159 11211   229  3924 13371  2890  5738  5226 11304 10621
  1240  3623 45317  4562  5224  2703  4472  1231  6319  1233 12764 11117
 14982 10291  5804  4185  3204 56931 56945 56945 56945 56945 56945 56945
 56945 56945 56945 56945 56945 56945 56945 56945 56945 56945 56945 56945
 56945 56945]
[36, 30] [ 5224  4332  3268  4472  5804  2402 56946  5226 14123 56932 10827 10867
  8615 56932  6351 12948 11211 56940    85  2890  2642 12764 14566  6151
 11120  4816 12683 56940  5534  5224  9544 13396 11120 14675 11430  8122
  5224 15175  4472 15538  8509 14378  1362  5226  9028  4472 11211 10481
 13822 56946]
[27, 24] [11120  1855  1240  2304  6151 15254  4472 11120 10098 11211  8416 56946
 56932 11211  5240 14448 56932 10621 10537 56932 11211  7780  2192  6311
 56932  5534  7422  5226 14564 15067  7305 13371  3738  5226  5224  4126
  5765  4472 15509 56931 56945 56945 56945 56945 56945 56945 56945 56945
 56945 56945]
[8, 7] [ 5224  9591  4472 11211 13822  8373  4711 56946  5226  6036  4472 11120
  3475  3268 11122  3717  6205 11120  5655  2861 56940 12015 13126  5224
 14807  4472  3475 56932 13371 56946 10621 13724 56932  9000 12764 10291
  5487 56946  5226 12342  6221 11120  7626 56940 56931 56945 56945 56945
 56945 56945]
[48, 44] [ 4562 11120 10117  4472 11211  5224  7581 56946 13171 10621 56946  8871
 56932  5224  6516 10067   653  1240 19329  5224 16586 12407 56940 12033
 56940  4472 15040  4604 11122 11211  5226  1231 11950  9297  5804  5234
  8876 10050 56946 19944 56946 56934 13386  5226 56942  2340  5224 32313
  5226  2890]
[9, 5] [14781 10076  1240 13938 19041 10621  8933  5224 15120  5226  2260  4658
 56931 56945 56945 56945 56945 56945 56945 56945 56945 56945 56945 56945
 56945 56945 56945 56945 56945 56945 56945 56945 56945 56945 56945 56945
 56945 56945 56945 56945 56945 56945 56945 56945 56945 56945 56945 56945
 56945 56945]
[11, 6] [ 5224 11964 15164 15464 12424  8960 10291  6824  6151  5804 15544  2370
  5804 12822 11211  1340   424  7944  4472 14030 14260 56932 13371 14641
  5224  1456  6695  4758  9810 56946 56932 56940  1257   217 11950  5224
  8876 13645  4472  4052 56940 10621 11211   753 11211 56940  6007  9000
  4562  9197]
[4, 2] [  425  9168    85  6811  5226 11120  1147  4472  5804  8561 15244 11211
 14423  8246  5226 11120 10947  6255 10291  6416  2890 16571  6151 11120
  4000  4472  2403  4151  6530 56932  9000  4550  5224   653  4472  5199
  6391  8159 11211 11674    85  2890 56940 56946 56940 56931 56945 56945
 56945 56945]
[29, 32] [ 6151  2890  2689  4472  4151  4290 56932 10922   915 48591 11120 12925
 56932 11123 13396  4151   153  4472 11120 15197 10621  4472  1231  7415
  1387 56932 56946  4606 56932  4562  5224 11211  3245  7780 12355 48372
  5226  5804  4393  9939 56931 56945 56945 56945 56945 56945 56945 56945
 56945 56945]
[29, 26] [ 4562   424 11575 56932 11211  6151  1231  1004  5240  5224  7811 12355
  4161  4550 13396  5224  3612 56946 56946  5226  8493 13300  4472 11120
   102 56932  8609  7780  5451  4161 11120 12165 15422  5226 11120 11753
   197 10067 11284 10621  1240  7780  6329  5226  5095 10611  5804 32474
 56932 27182]
[4, 8] [ 5240  1225  2861 13371  5226 56946 12764 11117 10065 11372  7742 56932
 10291  8493  1004 11211 11117  3014  1808 56932 11664 56932 12738 56932
  7780 14069  8493  2416 56931 56945 56945 56945 56945 56945 56945 56945
 56945 56945 56945 56945 56945 56945 56945 56945 56945 56945 56945 56945
 56945 56945]
[21, 15] [11120  7300  4472  5611 10295  5226 11931 28089  6891  8415 13396  5822
 56932  1233  4518 11120  9421 14662 10611 13822  3911  4562 13593 56932
 11840  2358 11211  3245 14662  4562 10274  5226 11120  4932 56931 56945
 56945 56945 56945 56945 56945 56945 56945 56945 56945 56945 56945 56945
 56945 56945]
[29, 26] [11120  7300  4472  5611 10295  5226 11931 28089  6891  8415 13396  5822
 56932  1233  4518 11120  9421 14662 10611 13822  3911  4562 13593 56932
 11840  2358 11211  3245 14662  4562 10274  5226 11120  4932 56931 56945
 56945 56945 56945 56945 56945 56945 56945 56945 56945 56945 56945 56945
 56945 56945]
[7, 5] [56940  5224 14687 12764  1240  7709  2791  4562 11122  4472  4550 56932
  9000 12015 11152  1379 14260  1240 34414  1379 56946 10621  1240  5714
  5804  8373  3204  5452 10621  1240 24143  5804 11211  1240 23667  2838
 56940 56932    11 56931 56945 56945 56945 56945 56945 56945 56945 56945
 56945 56945]
[30, 29] [ 5165  6151 11120  6275 11211  1049  7305  5226 10105  5226 11120  3174
  5224   982  4472 56940 12611 13396  5224 13893  4518  9591 56940 56932
 14260  5226  5804 10700 11211 56946 13396 56940 56946 13822 10555  7956
 11120 11668 10621 11120  6471  1396 28610  1925  5566  3676 10621  6151
 10733  4472]
[27, 22] [ 6118 10067 10386   201  4472   641 56932 14473 11211  5224 56940 13469
  4472 12284 56940  4472 28395  7780 15076 34275 56932  6197 11211 56946
 11120 13450  4037  5179  2890 14555 13959  5226  5224 11211  1240  8540
 26702  7811  4151 11817 56946 10067  9541 56931 56945 56945 56945 56945
 56945 56945]
[21, 19] [ 5804  6523 11511  4331   217 56932  8788 56932 13649  7809 10067  5302
 11730  9243  9522 56946 56932  5226  4151 11211 11979 13371  2890 56940
 14687 11386 56940 11120  7361 10067 56946  7513  6151  5352 10246 56932
  4670 11211 56932   730 56932  7175 14843  2890 56940 14606 11279 56940
  5226 11120]
[21, 19] [56940  7782 35649   683 13014 13021 56932 10621 12015 56946   683  5137
  5226  2890 14139  5226  5224 11211 12764 26528 30786  5226 11120 42485
 56932 13396 11674 13633  8294  4550 11211 13831  6151 11400  5226  7386
 56940 56932 15201  9666 56931 56945 56945 56945 56945 56945 56945 56945
 56945 56945]
[8, 1] [ 5224  1681 10067  6260  4522  5226 14564 15067  4161  5804 56942 15457
 56932  5224 14198  5715  5226 13441 14378  9939 56932 41901 11120 16412
  4472 11211  5224  8538  7780  1266  5226  2890  3716 20487 10621  9524
  8493  3875 42921 10291 23540 13835 56931 56945 56945 56945 56945 56945
 56945 56945]
[30, 27] [ 5224  1681 10067  6260  4522  5226 14564 15067  4161  5804 56942 15457
 56932  5224 14198  5715  5226 13441 14378  9939 56932 41901 11120 16412
  4472 11211  5224  8538  7780  1266  5226  2890  3716 20487 10621  9524
  8493  3875 42921 10291 23540 13835 56931 56945 56945 56945 56945 56945
 56945 56945]
[5, 4] [ 5224   436 56932 11211  4868  7381  9939  5226  5224  4842 10621   373
  7871  5226  5544 10700 15356 56932    85   935 10291 15522  4472 13030
 11783  4151 15461 11211 14983  5224  1620 10291  7293 13822  8762 56932
  3655 11120  2633 56931 56945 56945 56945 56945 56945 56945 56945 56945
 56945 56945]
[15, 11] [ 5224  3835  4848 56932  8503  4472  5804 13171  2741  4472  1723 56932
 14662  5217   217  4562 11120  3057  7638 10291 14342  5226 14016 13371
 15284 13216  5942 56932  1288  5224  3835  5769 10621  6118 10067  3835
 56931 56945 56945 56945 56945 56945 56945 56945 56945 56945 56945 56945
 56945 56945]
[19, 13] [ 5224  3835  4848 56932 15752  6151  6192 10067  1702   394 56932 10651
  5226 56942  5804 12073 10291 10778  8244  5226  5224 10119  1107 14012
 10621  5224  6260  1787  5172  8493  3057 11815 56932 11211  1240  8057
  4550  7638  4562 11120  6569  4472 11120  7442 56940  8281 10309 56940
 10067  3835]
[38, 34] [ 5224 50687  4472 56946 11562 25579 56932  8373  3861 15083  4472 11211
  1240 56946  5224 15063  5226 11120  9212 18077 56946  4472 56946 56934
  2294 56935 56932  5983  9778 56946 15863 30325  6151  2890  9249 10621
  4563   286  4562  5345 11120 14397 56932  5226 28169    59 56932  1233
 56946  4151]
[5, 2] [56940  1240 26756 10291  8993  5226  5804 18774  4472 11120  7645 10067
  9809  4562  3391 56946 56932  6226  5224  1926  9142  1231  4136 10621
  9373  5403  4472 11211 12171 46364  5226  5224 18240 56940 56932 15201
 56946 56931 56945 56945 56945 56945 56945 56945 56945 56945 56945 56945
 56945 56945]
[23, 20] [13529  1522  2004 14576 11120 56940  1970 10621  2334 56940  4562 11120
 11211  1240  7780  2302   424  3172 56932 11211  5224 56946  4473 13396
   254 56932 12889 48139 11120  6475  3091 10067  7346  3733  4794 56931
 56945 56945 56945 56945 56945 56945 56945 56945 56945 56945 56945 56945
 56945 56945]
[27, 15] [11120  9168 10448 10291 11211  5224 10242  9823  4472 11120  1391 56932
 45228 56327 56932 56946  5226  9379  3861  5224  8741  4472 56942 56940
  6270 16536 56940 10291 11120 56946  5240  5224 13185 10067  8965  5224
 12479 12355 10611  5804  6681  5224  2689  6260  5226  4151  1539  4472
 56946 10621]
[6, 1] [ 8361  4758 13529  9222  8151 56946  6151 19722  5226  5804 24135 10067
  1950  8630  5226  8493  4472 13822  7048  1240 23700  1180 13578 10621
  6571   731 56932  4562 13822 11360  4472 56940 56946 56940 56932 10291
  5307  6151  2890  8033 56931 56945 56945 56945 56945 56945 56945 56945
 56945 56945]
[22, 18] [ 8630 11211  5224  3461 56942  6974 11211   865 56946  4151 11601 56946
 10621 56932 10611 11646 56932  5224  1951   951   425  9168  6151  4151
  5836  2861  4151 11211 56940 15083  4472 28553  3317 11120  6805  4472
  2890   837 56940 56933 56940  4151   849 10937 56940 56933 56940  4151
 11211 56932]
[5, 4] [10111  6151 11174 11120   358  5226 11120  9745  8509   683  9794  5137
   848 56932  5226 10025 15657 56932  6151  1353  5224  3299 13396  8223
 56932  9000  5226 11813 13440  7494  5224 12691  4472  8493  9556 17480
  4472  2890  2445  4472  2677 11211 56946  4151 11211  5226  1231 11950
  7709  6330]
[18, 17] [11120 13269  4472 56946 10067  6550    85 13171  8493   661  4472 26748
 11211    19  4992 10621  1240 14662  4562  1231 14115  5224  3786  5226
  5224 12908   797  6212 56931 56945 56945 56945 56945 56945 56945 56945
 56945 56945 56945 56945 56945 56945 56945 56945 56945 56945 56945 56945
 56945 56945]
[36, 33] [ 6197  5240  4000  4472 11211  5804  4293 56932 13478  5226  9823 10621
 14931   374 56932 10396  5226 11122 13171  3093  4472  1231  2529 11120
 11752 11211   805  1925 16137  6151  6226  2890  6319 11211  7780  2729
  5226 13822  4756 56932 10611 11646 17358 56932 11120 14299  4472  1231
 10977 10621]
[15, 15] [14931 11744 56932 10291 11211  1240 11117 12452 11120  5157 13396  8373
  5137 11211  1240 11117 41295 13280  5544  9939   582  7099 12543 11120
  5311 10621  1231  4670  9840 56946 12543 12424 11970 56931 56945 56945
 56945 56945 56945 56945 56945 56945 56945 56945 56945 56945 56945 56945
 56945 56945]
[7, 5] [11905 11719  6485 11211 56940 55128  5240 13466 56933  8075 56932 12764
 13554 56940 56931 56945 56945 56945 56945 56945 56945 56945 56945 56945
 56945 56945 56945 56945 56945 56945 56945 56945 56945 56945 56945 56945
 56945 56945 56945 56945 56945 56945 56945 56945 56945 56945 56945 56945
 56945 56945]
[5, 2] [ 1925 10454   753 11211 27470  6151 15659 10621   753 11211 19550 16802
 12407  8448  4472 14099 56932 56946 10621 56946  5224  3719  4472 21006
  5226 12342  4161 11211  2017 11120   792 11211 11117 56946 56931 56945
 56945 56945 56945 56945 56945 56945 56945 56945 56945 56945 56945 56945
 56945 56945]
[17, 13] [ 4151  2789  4472  4225 13089 10557  2890  8716 10067 56942 13396 14108
  5226  8289  6260  5226 15210  4562  5224 12675  7977  4472 56942 56932
  4161  5804 56942 11804  4472  5895 56932  1288   217  6118 10067 10386
 56931 56945 56945 56945 56945 56945 56945 56945 56945 56945 56945 56945
 56945 56945]
[3, 2] [ 5224 10292 14046  5226 56942  3388  6653 56932 37730 13396  9192 56934
 56942 56935 56932 13579 56934 56942 56935 10621 17870 56934 56942 56935
 56932  9000  1240  9847  5226 56942  8155  5226 10451 56931 56945 56945
 56945 56945 56945 56945 56945 56945 56945 56945 56945 56945 56945 56945
 56945 56945]
[21, 17] [11120 11840  8112 56946    85 12223  4562 56942 11804  4472   916 56934
 56942 11804  4472  5895 56935 13396  9851  1877 13949  5226 11120  3474
 11206 11109  4472 14113 56932  5224  9249  5974 56932  9732   217  4151
  6505  7873  4472 11120  5918 12693  4472 14381 56931 56945 56945 56945
 56945 56945]
[43, 39] [ 8503  4472  5804  6786   464  5226  5804 11211   753  3754  5240  5226
 11120  7210  4472 56940  4151 26461 56940 56932 14235  4151  2960  6118
 56932 11211  8455 11211  5224  2792  2828  7951  2890  3353 56946  4472
 11120 13450 11211 50341  6151 12379  5452  6151  1720  5224 56946 56931
 56945 56945]
[32, 29] [56940  4550 56932 56936 11149 15590  6151  8606  5804 14765  4472 11120
    19 12135 56934  5804 15544 56935 11211  4562  3336 13371  4151 17574
 10621  4151 45389 15181  6151  1179  5804  4900 10291 13822  1357  7345
 56937 56940 56932  6183  9019 56931 56945 56945 56945 56945 56945 56945
 56945 56945]
[10, 9] [ 7956 11120  7167 10067 56942 56932 15201 11211 56940 13261 13371 11120
 11211  7782  9228  9784  4161  4550  2861  4987 56932 12353 10621 27164
 56940  6862  3655 11211 56940 11120  2457 18142  6151 11120 13902 13261
  5224 13132 10621  5224 13395 11211  3645  4562 10636  5187  4472  2529
 56932 11122]
[36, 35] [ 7956 11120  7167 10067 56942 56932 15201 11211 56940 13261 13371 11120
 11211  7782  9228  9784  4161  4550  2861  4987 56932 12353 10621 27164
 56940  6862  3655 11211 56940 11120  2457 18142  6151 11120 13902 13261
  5224 13132 10621  5224 13395 11211  3645  4562 10636  5187  4472  2529
 56932 11122]
[32, 30] [ 7956 11120  7167 10067 56942 56932 15201 11211 56940 13261 13371 11120
 11211  7782  9228  9784  4161  4550  2861  4987 56932 12353 10621 27164
 56940  6862  3655 11211 56940 11120  2457 18142  6151 11120 13902 13261
  5224 13132 10621  5224 13395 11211  3645  4562 10636  5187  4472  2529
 56932 11122]
[44, 31] [ 5224 13676 13857 10067 11955 10067 13365 13396 12135 10067  7843 12297
  5224  7206  5226 11122 11211  3645  4472  2689 12297  1240 10532  5224
  6260 56942  4472  8289 56932  5534  5804 32357  4472  4703  5724  9292
  4151 18267  4472 13822 15461  1088  4472 56946  5226  2890  9003  4472
  1601 56931]
[37, 33] [13396    19 12135 56932 11120 13675  4722  4472  8200  9840 56946  1925
  3786 10621  7898  3204  1925  4522 56932 10291 11211  6205  5224  7580
   848 10624  3947  5226 11120  7261  4472 11120  8200  4472  8263 10315
  6416 13171 11554 10291 11358 11120  7261 15161 56931 56945 56945 56945
 56945 56945]
[32, 30] [ 2480  1015 11211 12764  1240  7709  6708  5224 56940 14938 56940 13402
  5226 11120  9622  4472 11669  7944  4472  8307 10621 11211   865  6948
  3336 22877 11211 56946 11211  1723  7706 56683  4562  5804 11026 10700
  4472 11120 12613 15161  5226  9049 10621   227 10067  3432 56931 56945
 56945 56945]
[37, 34] [ 5224 10242  9823  4472  2480 56932  9568 10950 56932  9017 11211 11120
 56940 13636 56940  4472 11120  2463  4472  5804 14210  6533 11120   657
 10067 10292 10621 11020 11211  5804  4393  7795 10067   571  6154 14811
  1452 56940 36960 56940 56931 56945 56945 56945 56945 56945 56945 56945
 56945 56945]
[21, 20] [ 5226 11120 11093 16505  5226  5224  9322 10067 16831  1240  4563 34380
  5804 36970 14777 10621 14560 56932 12889  1240 20706  5226  8555  5804
 14117  4102 56931 56945 56945 56945 56945 56945 56945 56945 56945 56945
 56945 56945 56945 56945 56945 56945 56945 56945 56945 56945 56945 56945
 56945 56945]
[31, 24] [  930 56932 45009  5224  9322  4562  1870  4472  8493  1976  4472   587
 19014  6151  7608  4472 11120 41669 56932  4161 11211  2890 56946  1909
   915 13498  8244  5217  5224 34080 14777  5226   425  1976 56932  3828
 16105 10809   420 16491 56932  7868 11120  7276  3091 56931 56945 56945
 56945 56945]
[38, 35] [13554  5966 56946 13371  2890  7580  4472  5804  2140  3911  4472  6600
  8653  6725  2738  3336  2772 10291 13853 11120  4670 10067  9489 56932
  9000 13996  2772  9659  5654 11211  1240  7709 32016  5224  3172 56932
 12889 14190  9198  6477 48968   425  5039 10657 56931 56945 56945 56945
 56945 56945]
[27, 21] [11120  4670 16177  5226  9852  6151 11120  2725  4660 11211  5848   676
  5224  6909  2812 13155 56946 56932 13386 13280  8373 11970 10561  4562
  7381  6381  7030  5226  5224 11964 10621 38065  1925   653 10621  9394
  1416 56931 56945 56945 56945 56945 56945 56945 56945 56945 56945 56945
 56945 56945]
[29, 27] [56940 11122 56946 56933 12764 11299 11372  2890  2052  5226  4602 56932
 11372  2890  2052 14427 56940 56932  9127 43591  1633  8448  4472 56942
  4472 13822  5747 11211 18000 14931 12686 12552  5217  5224  6260  8788
 56931 56945 56945 56945 56945 56945 56945 56945 56945 56945 56945 56945
 56945 56945]
[3, 1] [ 7868 11499 14106  5226  1668  4472  2858 56932 11122 13171  4415  4472
   425  8665 12764 15593  5240 11211 56940  7780  8192  6891 10621  2183
  5217  5224 12754 14358 56932  4562  6270 10621 10076 13371  1088  4121
  4472   425  4687  5226 11120 11211 12764   746 12490  5226  4303  4472
  5804  7025]
[8, 7] [ 3401 56932  1240 15542 11211 11120 39818   155  5226  8493 38989  4472
  8373 13067  5226  2890 20741 10067  6812  4472 21484 56932   375 10067
 34080 10067 18534  3537 56932  9000  5804  4846  4608   746  1715 11211
 56932  5226 15107 56932  1240  6760  4472 22629  4472 11555 56931 56945
 56945 56945]
[11, 12] [12297 12297 12764  7494 56932 11664 56932  4492 35152 13396 11149 11117
 29644 13554 11120   625 56931 56945 56945 56945 56945 56945 56945 56945
 56945 56945 56945 56945 56945 56945 56945 56945 56945 56945 56945 56945
 56945 56945 56945 56945 56945 56945 56945 56945 56945 56945 56945 56945
 56945 56945]
[26, 25] [10621  5534  8294 11211 12764  1659  5226  6086 12015 56946 12407   762
  1925 10067 16950 56932 14260  1240  9840   799  5226    13  6086 11211
 12764   375 56946 56932  9591  6151 10767 10621  3564 10067  7238 56931
 56945 56945 56945 56945 56945 56945 56945 56945 56945 56945 56945 56945
 56945 56945]
[36, 39] [ 5224 11261 17364 56932  4472 56942  5137 56932  8964  6416  7381  7864
 56932  6670 10621  8493 14082  8858  4472  8493 35083 56932 11211 12764
 11117  4473 10291 12936 10621  6331  6151 13171  4472 56942 10440  4472
  3828  4550  1240 12680 56931 56945 56945 56945 56945 56945 56945 56945
 56945 56945]
[18, 17] [56940 15083  4472    52  3521  5804 15888  4472 11120  5187 11211 56946
  5804  8373 56932 11211  5207 56946 56946 56940 56932 15772 56932 56940
 56946 10621 11400  8493  5265  5240  2890   974 25929 56940 56931 56945
 56945 56945 56945 56945 56945 56945 56945 56945 56945 56945 56945 56945
 56945 56945]
[17, 11] [10958  3076 56932 11211  4966 13371 10249  4841  4472 11120  5683  1752
   635  4472 10837 56932  5240  5224 11697  7828  4472  1723  4472  4141
 56932 10621 56946 11120 13300  4472  1231 13476  8664 13371 10249  3091
  4472 21798  4562  2890 56942 19205 21731 18736 56932  4562  5224 11211
    85  8288]
[36, 33] [ 5226  6226 13440 56932  5804  3421   340 11211  1240 56946  5226  5804
 56942 10013  4472  6480 56932  5331  8493 14559 14950 56932 14423  2890
  5589  5798 10291  5804 13441 56942  6062 11211  1240 56946  6151  5255
  1925 12908 56931 56945 56945 56945 56945 56945 56945 56945 56945 56945
 56945 56945]
[12, 7] [ 5804  6523  4472  8281 56932 11211 12764   746 38502  4472  5187  5999
  6151  9827   424 56946 56932 11968   217  4472 12925  5226 11120 15407
 10067  7581 10621  4472 56940 22148 56940  5226 11120 12352 56931 56945
 56945 56945 56945 56945 56945 56945 56945 56945 56945 56945 56945 56945
 56945 56945]
[24, 21] [ 8365 12764  6645 14928 56946  6151  1231  1431 10621 56932 15023  3825
  5224 56946  1925  5795 56946  2890  8303 56932  7430 10705 13396  1901
  5226 11120 14059 56931 56945 56945 56945 56945 56945 56945 56945 56945
 56945 56945 56945 56945 56945 56945 56945 56945 56945 56945 56945 56945
 56945 56945]
[37, 33] [ 5224  5923 14931 56932 11211 13851  5224 28682 10067  9270  4693  4472
  5804  2554 56932  5165  6151 10338 11211 56940 12764  1049 11372  2890
 11950 13171 56940  5226 11120 12695 56932 11211  1240  7780  5465 10291
 12342  5226  8493 56940   792  4472  2077 56940 56931 56945 56945 56945
 56945 56945]
[28, 23] [ 5226  1156  6151  4151  4803 56932  1240 10507 13396 11120 11199  4472
  6157 16643 43900  5226  6036  6151 11120 56946 56932 11211 12764  1240
 56946   848  1240 15174  5226  2897 13396  5224  7770 10067  3538  4472
  1478 56932  5004 11120 14353 56931 56945 56945 56945 56945 56945 56945
 56945 56945]
[17, 16] [ 4151 14729  8371 10877  1170  7254 13396 11120   657 10067 11955  5432
 10067 10766 56932 11664  6105  4562  1379  6604 28030 56932 11211 11430
 11211  1593  6151  2890  4200 12407 11379  1925  4472 13760 56932 15648
 22363 56931 56945 56945 56945 56945 56945 56945 56945 56945 56945 56945
 56945 56945]
[22, 21] [ 5226  1231  6098 56932 56940   229 10493  5226   424  6319  2890  8033
  4472  1927   848  4472 15175  8328 56940 11211  1240 56946  5226  1414
 13371  5224  3432 11120  3287   848 11120 10423 10468 56932  1233  4518
 15649 11211 56940 13290  3645  6151  1000  6151  3908   731  5226 11120
  3252 10067]
[3, 4] [ 5534  6151   577 11117 56946  2890  8512 12297 12297 14260  6151 11120
  9745   848  6151 11120   314 10291 11120 11211 15282  6197 12764 11117
  5927 13822  8561 12297 12297 56932 12650    52  8493 11495  3682 56931
 56945 56945 56945 56945 56945 56945 56945 56945 56945 56945 56945 56945
 56945 56945]
[21, 19] [11122 11211 10501  5240 11211  6151   449 12764  8908  4651  4472  8593
 56932 10621 11674 14887  4161 11149  1601 13965 16493  5226 10644  1926
  1152 56931 56945 56945 56945 56945 56945 56945 56945 56945 56945 56945
 56945 56945 56945 56945 56945 56945 56945 56945 56945 56945 56945 56945
 56945 56945]
[22, 22] [ 5224  6260  8289  8701  8493  9160  5226 51416 56932  2890  5765  4472
  1147 56946 56933  2890  8288  6411  5226 39812 18276 56932  3828  9661
  4835 10358  4472  6782 56932 10621  8493  7207  9160 56932 11211   343
   420   253  2914 56932  5226  2890 23432  6329  5226  5224 36065 56931
 56945 56945]
[12, 11] [ 5804  8373  7771 56932 11211 56946  1633 11120  2858 15023  2890 12687
  5226  5224  8598  4472 11120  1724 56932  7422  5226 11120  3778  4472
 11211  1240  1091 11120 12040 10067  7581 11262 10621  4472 11211  1240
 10650  1925 12675 11554  5224 12761  4472 13897  6151 13765  5226  2890
  6669  4472]
[25, 28] [13815 56932 56946 15023    52  3521 13396 56942 13349 11120 11093  7037
  4472  4151  4256  5224  6260 11950 56942 56932  7728  1231   445 10471
 56932  5226 11120 11211  1240    96 13371  5224  7238 11211 14420  6151
 11120  3737 10621 11211  4472  5198  6151 14724  4472 56942  6028  7430
 56932 10621]
[28, 27] [ 5804    24 14343 11211  1233 11120  7384 41177 13396  3255  8493 14564
 10185 56932 11120  7838  4472 13815   229 12543 13171  1688 56932 10621
  5804  2133  3903  4439  1925  8373 11211 12764 56946 11673  7316 56931
 56945 56945 56945 56945 56945 56945 56945 56945 56945 56945 56945 56945
 56945 56945]
[5, 3] [56940 10644  9823  5676  5487  5226   658  4693 10067 56942  4472   995
 56932  4472 11122  5545 11122 56946 13396 11120 14251   848 13396 11120
 11921 56940 56932 15201  5224 13615 56931 56945 56945 56945 56945 56945
 56945 56945 56945 56945 56945 56945 56945 56945 56945 56945 56945 56945
 56945 56945]
[1, 2] [56940  5207   746 56946  4151   557 56932 25724  3421  1362  4472  5185
 10621  6197 12764  1340 13365 56931  5240 56946 56940 56932 15201  8493
  5541 56931 56945 56945 56945 56945 56945 56945 56945 56945 56945 56945
 56945 56945 56945 56945 56945 56945 56945 56945 56945 56945 56945 56945
 56945 56945]
[13, 12] [10513 56932 12024  4136  5240 56943 56932  2216 12002 11149  8606 10291
 56946  5226  5224 43535 56932 11664 21905 11211 12015  1373 40854 11120
  8134 56931 56945 56945 56945 56945 56945 56945 56945 56945 56945 56945
 56945 56945 56945 56945 56945 56945 56945 56945 56945 56945 56945 56945
 56945 56945]
[28, 24] [13685 14504  5226  1231 10043 11211 56940  3572 14968 11120  6946  2370
  5224 14358 32747  6151  2890 13937  4472 18011 56940 56932 56940  1709
 14102 11120  3252  7945  6151  2890  1437  8033  4562 10442  7956 14299
 56946 56940 10621 56940  4151 14729 56946 11120 13269  6151  6686  6151
  7198  4472]
[35, 29] [ 5224 15250  5247 12135  4472 11120  9245  8086 10067 27155  1633  5224
  3612 43726 56932  9000    85  2853 13396  5224 33974  6621 56946 56946
  5226 11120  8290 12135 56932 13396 11122 11211  7780  8192 15156  4562
  2890  9541  4472  5157 56931 56945 56945 56945 56945 56945 56945 56945
 56945 56945]
[25, 17] [ 8493  1004 36870  5224 13344  3676 56932  2044 11211  2403  5804  2060
  5226 15276  4472 11120 10365 56932 10291 15185 11120  8467  4472  5804
 24880  6151  5804  3837  1305 56931 56945 56945 56945 56945 56945 56945
 56945 56945 56945 56945 56945 56945 56945 56945 56945 56945 56945 56945
 56945 56945]
[7, 6] [ 5804  6977  6862  7025  5440 11211  7067  5226  8493 56946 56932 56946
 10621 10382 13870 12297 12297 13371 12342 12675 11120 11979 12297 12297
 56946  1490   661 11211  7016  6188 56931 56945 56945 56945 56945 56945
 56945 56945 56945 56945 56945 56945 56945 56945 56945 56945 56945 56945
 56945 56945]
[24, 22] [ 5224 13576  3384  6118   730  2861 56940 12937  4151  2171   865 56946
 10621 56932  1233   753 14923 12489 56932  6241  5226 11120  7811  9707
 10291  8606  5804 10314 10971 56940 56931 56945 56945 56945 56945 56945
 56945 56945 56945 56945 56945 56945 56945 56945 56945 56945 56945 56945
 56945 56945]
[17, 16] [ 9413 10272 11120 13450  4472  4123 10291  7509 10621  5804 10025 14378
 14302 11211  6197  1240  6355  5226 11120  1795 56932  6205 13371 10291
  4233  1845  2578 56932  1925 11211 10376  5226 13048 13396 11701 14078
 56931 56945 56945 56945 56945 56945 56945 56945 56945 56945 56945 56945
 56945 56945]
[15, 11] [56946 15201  1925   413 56940 11497 56940 11211 11120 10957 12764   402
  5226  9379  8445  5226 13822 10804 56932  8630 11120  8945  8212  5224
  9591  4472 11211  5224  2197  5078 56932  9591 13280 11970 10621  4161
  4550 12764 12846 56932 14190  2529  8493 56940 56946  4403 56940 56931
 56945 56945]
[22, 19] [ 5224  2445  9193 11562 16908  5589  4571 56932   907  6151  5804 13171
  4472   420  5137  4472 18660 10621  5226 11122 11211  3645  4472  2689
  6197  1240   746 56946 56942 15461 56932  2890 56942 13396 14108 13171
  5226  4262 56946 56931 56945 56945 56945 56945 56945 56945 56945 56945
 56945 56945]
[3, 2] [12764 14548  2678  5226  5224  2642  4472  2892  4472 40606  5224 15120
  5226  5804 12535 56931 56945 56945 56945 56945 56945 56945 56945 56945
 56945 56945 56945 56945 56945 56945 56945 56945 56945 56945 56945 56945
 56945 56945 56945 56945 56945 56945 56945 56945 56945 56945 56945 56945
 56945 56945]
[7, 6] [12889  3401 11120  7243  7483 12764 25073  5226   425 10056  4472   304
 56940  8139 56940 10291  8689 56932  5224  2792 10067  5688 11120 10560
  4562 14201  5217   425 12262 56931 56945 56945 56945 56945 56945 56945
 56945 56945 56945 56945 56945 56945 56945 56945 56945 56945 56945 56945
 56945 56945]
[42, 33] [15424  4343 56932 13242  7466 10067  5806 56932  4044   217  6151 11120
 25691 10291 14234  1925 23546  1727  5226  5224  9541  4472  6764  4472
 11120 15677  8897  4472 11120  8200  4472  8263 11211  5224  3612  4472
 14655  8292    28  5224 11255 13348  5226 13720 11662 56931 56945 56945
 56945 56945]
[36, 34] [ 5226  8373 12766 38297   425 14675  6151  4151  8373   741  4472  8945
  1729 56932 11120 56946 10621 11120 49516 56932   690  8902  6151 10912
 11211  4151 10193 11211 12342  4271    52  2299 12764  1240  8540  2791
  4562  5224 37992 10976 13396 56946 56931 56945 56945 56945 56945 56945
 56945 56945]
[3, 1] [  261 14201 11849  5226  5804  5802  4472 56946  8509  5224  7977  4472
 11966  8509  2890  4065  4472 56942 10013 10621 56942  5263 56932  8630
 11211  5224 11554  6010  6151    55 13707    85  4472 56942 10013 10621
 56942  5263 56931 56945 56945 56945 56945 56945 56945 56945 56945 56945
 56945 56945]
[47, 45] [ 5224  2792  4472  3162 56932 11211 12948  2313  5224  8033  4562  5224
 51563  4472 11046  3266 56932  4044  6151 11120 11752  4472  1305 10621
  5634 56932 10621 14576 11211 11120  2684  4472  5314  6151  1231   653
 28093  2890  9591 12152  5226 11120  7182   635 56940 14260   229 11120
 11093  1004]
[15, 13] [ 5224 15038  4472  2828  1240  5151  5226  2890  3719  5226 11211 15520
 14190    77 12559 14315 56932 11664  7868  8493 13675 15100  1231 15459
  5240  8803 13396 14442  5224 56942 13396 14108  4472 11120 13553 10621
  2890 56942 13396 14108 11204  1231 13269 10067 10778 56931 56945 56945
 56945 56945]
[19, 22] [11120  9654  4472 11120  5001  3703  7780  9312 11120 14768  5748  6151
  9687 13396  5224   413 13661 56932 11211  5226  1231 13844  4472 12948
 10627  2890  2047  5226 15276 10067  6336  9586 11191 56932 12475 13371
  8099  4993  4472  3572 56932  5226  5224 11211  4665 13371  5860 56942
  6361  4472]
[41, 39] [11120  9654  4472 11120  5001  3703  7780  9312 11120 14768  5748  6151
  9687 13396  5224   413 13661 56932 11211  5226  1231 13844  4472 12948
 10627  2890  2047  5226 15276 10067  6336  9586 11191 56932 12475 13371
  8099  4993  4472  3572 56932  5226  5224 11211  4665 13371  5860 56942
  6361  4472]
[43, 40] [ 5224  2880 11828  5226  8876 15168  6151  5804  4740 11211 56932  4693
  4472  9607 11120  4348 56932  4493  6151  5804   433  2831  5226 14662
 11211  8090 13371 11120 15315 56932 11120  9223 56932 11120 13491  5401
   848  7353  5647 10621  8612  1240  1784  4562 11120 10225  2246 56932
  1925    20]
[9, 5] [11120 14255   154  1233  1240 21289  5226 12025 29534  6151  5804   433
 11211 12764  2752 12135  4472  5804  8521  4472  5309 56931 56945 56945
 56945 56945 56945 56945 56945 56945 56945 56945 56945 56945 56945 56945
 56945 56945 56945 56945 56945 56945 56945 56945 56945 56945 56945 56945
 56945 56945]
[20, 16] [11120 14675 10067  8788 56932   683 56942 11770 13035  1240  8734  4562
  5224  7057  4472  5804  5230  4472  4151 14633  7023 10067 15175  4472
  8808 10291  2637  5224 14578  4472  4151  6505  6151 11120  8458  4472
 11120  8473 56931 56945 56945 56945 56945 56945 56945 56945 56945 56945
 56945 56945]
[13, 11] [10291 13853 11120 35839 56932  6950 56946 14777 11871 11211  1240  1895
 41366  5226  5400  4472  5804 56942 21228 56931 56945 56945 56945 56945
 56945 56945 56945 56945 56945 56945 56945 56945 56945 56945 56945 56945
 56945 56945 56945 56945 56945 56945 56945 56945 56945 56945 56945 56945
 56945 56945]
[17, 12] [ 8493  6805  8393 10067  1950 15288  1694 14341 11120  9342  3285 13396
    52 12078 13360 10067  1651  6151 11120  1391  4472 13030  2820 11515
 56931 56945 56945 56945 56945 56945 56945 56945 56945 56945 56945 56945
 56945 56945 56945 56945 56945 56945 56945 56945 56945 56945 56945 56945
 56945 56945]
[24, 28] [10634 11122  7494 15277 13344  6151 17488  4472  1761 10067 13913 56932
  9000  5240  4472  6762 11211  1808  5856  8493 10177  8791 10291  9537
  6151  5804 11211 12764 15394 12384 56946  1685 15404  4472 11120 14443
  4472 56946 10621 34516 56931 56945 56945 56945 56945 56945 56945 56945
 56945 56945]
[18, 17] [11120  3211  4472 12049  9906  3566  5137  5226  2529 56946 56932  9000
 12764   865  5804  1145 11211 14343 21824 11120 16412  4472 11211  5804
  6042  4472 11631 13512 13280 56942  5137 13396 17322 56932  6197 11211
  1240   746 13837  4102  4472  4161 56942  5137  4472 15945  5226   658
 56932 19643]
[34, 31] [ 4151  6505  2844  9048 11211  3572 56946 10621 30733 11555  1925  4669
 10621  6151 10025  8521  1427 13144 56932  6151 12328 10067 15038 10493
 10291 11211  5804  7496 20622 13396 11120  5319   635 56946  5226   424
  6319  6151  2707  4472 11120 11602 13346 56931 56945 56945 56945 56945
 56945 56945]
[42, 40] [ 5804 22040 10067 13468  1288 11211 11120 16085 10067 56946  3387  6151
 56942 13931 56932  4562  8493  5611  4472 56942 13396 20272 56932 56942
  4472  8025  7518  4472 18271  5137 56932  1452 11120 13171  4476 11120
 14508 19179 10922 56932 11211  7494  2890  2689 10621 16490  5226  5224
  5799  6542]
[29, 25] [56940  5226  9660 56932  5224 10246 56946  7845  6667  1231 13734  4472
  5390 11120  5158  4562  5224 11203   344  9672 56932  8630  3072 13629
 56932 11203 13665 56932  6667  1231 11093 14299  1633  5224 10102 56946
  4067 56940 56932  1964  3119 56931 56945 56945 56945 56945 56945 56945
 56945 56945]
[19, 15] [11120  9168  4472  7774   195  4472 11120  1147  4472  5804  3882 11117
  4105  6151 15424  2958 15242 14931  6403  5226 11120 12031 10621  8826
 11211  1231  6319   373  7446  5226  2890 56940  2241 12033  3314 56940
 56932 10621 11211  5804  3618 56940 14811  2831 11120 12673   309  4472
  4693 56940]
[44, 41] [11120  9168  4472  7774   195  4472 11120  1147  4472  5804  3882 11117
  4105  6151 15424  2958 15242 14931  6403  5226 11120 12031 10621  8826
 11211  1231  6319   373  7446  5226  2890 56940  2241 12033  3314 56940
 56932 10621 11211  5804  3618 56940 14811  2831 11120 12673   309  4472
  4693 56940]
[29, 27] [ 5224 14883 13064  9017 56940 11120 15485 56940 11211  7780  7581 12892
 11120 12040  4472 11120 11921  1095 15161 56932  1071 10291  5224 56942
 56932 10621 11211   582  5471  4562   683 56942  2851 56931 56945 56945
 56945 56945 56945 56945 56945 56945 56945 56945 56945 56945 56945 56945
 56945 56945]
[24, 20] [ 5224 12956  1096 11211 56932  6151 14849  4472 11211 11120 14753  4472
 11120  4476  3037 56940 15074 56940 56932 11120   124  4472  4151   621
  7956 11120 56940  8728  7594 10621   942 56940    85 10972  4472  5187
 56940  4223 10621 10294 56940 10621  4562 10722  7718 56931 56945 56945
 56945 56945]
[33, 33] [10291 11120  1500 56932 11120  2280  4413  6416 13371 12684 13853 13554
 56940  4151 10219  4472  1961 10621  5708 56940 11211  4595 11120 14623
 56932 56940  6205 13371 11120  7037  6151 10215 56932  3828   231  1231
  7132 56940 56931 56945 56945 56945 56945 56945 56945 56945 56945 56945
 56945 56945]
[16, 9] [ 5224  2595 10067   653  5692 56932  4699 13413  7856 56932 11211  7780
   880  6197  8373  2814  6151  4188 10045 11211 56946  4151 12541 11211
 34754  5224 13019  4472  7668 56932 12828 11211  4151 56946  1790 10067
  9230 28815 11211 56940  1240  8229 56940   853 56931 56945 56945 56945
 56945 56945]
[20, 12] [ 2930 56932 13482  6151 13822 18748  4472 10025 56942  9464 10067 33130
 56932  4050  1231  9925  6151  7608  4472 56946  4562 10025  4562  2848
  1170  4472 13194   848  4300 56932   848  4562  5046 56932 10621 13396
  5609  4472 11120 11199 56932 18535  7500 56946 56931 56945 56945 56945
 56945 56945]
[14, 13] [ 5224  5234 56946 15512 11499 11211  5224 11697  5935 12033 10621  2106
  1240  1351 56940  5226  2890  7479  3607  4472  5804  4531  5939 56940
 56931 56945 56945 56945 56945 56945 56945 56945 56945 56945 56945 56945
 56945 56945 56945 56945 56945 56945 56945 56945 56945 56945 56945 56945
 56945 56945]
[21, 19] [ 5226  5224  1030 56942 56932  6894  9847  4472  5187  3314 56932  5217
  8373  5056 56932  2890 11629 11211  2132  9490 56946  5226  2890 25848
 56931 56945 56945 56945 56945 56945 56945 56945 56945 56945 56945 56945
 56945 56945 56945 56945 56945 56945 56945 56945 56945 56945 56945 56945
 56945 56945]
[16, 15] [  340  2861 56946 56932 56946 56932 29959 56946  5226  5224  1229 15949
 56932  5224 11629 56946  5226  5224  2175  4472 56946 10621  1240  3645
 17657 56933 56946 56932 56946 56932  3951  6894 56932  4472  8303 56932
 15023 11066  4472 41017  7956 54916 56931 56945 56945 56945 56945 56945
 56945 56945]
[40, 36] [  340  2861 56946 56932 56946 56932 29959 56946  5226  5224  1229 15949
 56932  5224 11629 56946  5226  5224  2175  4472 56946 10621  1240  3645
 17657 56933 56946 56932 56946 56932  3951  6894 56932  4472  8303 56932
 15023 11066  4472 41017  7956 54916 56931 56945 56945 56945 56945 56945
 56945 56945]
[31, 28] [ 5224   413 56946 56946 10627  5224  6260 56942  4472 14842 13649  7809
 10067  5887  5226  4151 11211 27603  2861 56940 21660  5061 11120  3374
  4472  5804 53587 56932 11211  1240  9567  5226  5224 11034 56932  4562
  5224   273  4472 56946 10621 10189 11120 11791  4562  5224 31747  4472
  5804  5684]
[9, 8] [ 5224  5887 31107 11211  1231  6319 12764  1240  1841 13396  1811  4161
 11211  1240 56946  6151  5804  4908 10621  1240 51712  5224 13365  2820
 56946 56931 56945 56945 56945 56945 56945 56945 56945 56945 56945 56945
 56945 56945 56945 56945 56945 56945 56945 56945 56945 56945 56945 56945
 56945 56945]
[15, 14] [ 2188 44074  5226 11120 11436 10067    13 12015  4473 11120  7069  4472
 11211 12015 13280 13171 15340 56932   848 13171  6073 10067 15168 56931
 56945 56945 56945 56945 56945 56945 56945 56945 56945 56945 56945 56945
 56945 56945 56945 56945 56945 56945 56945 56945 56945 56945 56945 56945
 56945 56945]
[35, 30] [ 5224  9080 13012   981   273  6151  8493 11303  4472   420  2185 14931
 11141 56932  5226  4151 11211  6950  9490  5951  2890  1601 56932  4562
  2890  5551 13396 56946  7956  2890  5576  4472   119 11211 11562 14931
  8555 11120 13030  4472 14496  6151  2529  5224 11211    85 13280  2890
  9579  4472]
[19, 15] [11120  7002 11211 56946 10621 11120 11211   151  1925 56940 17172 15275
 56940 11211 11117  8057  4562  5224 11629  6151  1231 56946  8734 10067
 12168  8503  4472  5804 13171 56946 10067  6171  9239  4472   778 10621
 36510 11120  2928  4472  1018 56931 56945 56945 56945 56945 56945 56945
 56945 56945]
[18, 12] [12379  5452 15285   217  1231  2985 13396 11120  4670 10067   653  8984
  4472  8663 56942 11804  4472  5895  1925  2445  4472  9584  4472 14113
 56932  1925    20 11211 13396 11120  4472 10025 10700  3462 11211  3245
  5129  6151  4151  6505  3436 56931 56945 56945 56945 56945 56945 56945
 56945 56945]
[23, 18] [15879  4472 11120 11066  4472 16634 56932 10621 13371 14022  4472 11965
 24079 56932  6950  5224 56942 13396 14108 10067 12646  1240  1630 41691
 56932  8630 11211  5224  7992   373 26520   848 10899 56946 10621 14931
 13010  4472  7897 56931 56945 56945 56945 56945 56945 56945 56945 56945
 56945 56945]
[15, 12] [15471 14840 11211 12764  8159 13256  6151 56946   505  4472  6226 11122
 11211  7780  6260  5226  7224 56932  9000 11211  5804 11545 56946  6151
  2865 56946 13396 11120  9032 12031 10621 13595  4472  5488  4256 56931
 56945 56945 56945 56945 56945 56945 56945 56945 56945 56945 56945 56945
 56945 56945]
[27, 30] [15058  1925 11255 10119  4472  7243  7483 56932 40325 11499 11211  5804
  1954  4472 13111   865 56940 28106 10621 56946 56940 56932 12889   749
 56940 13485 56940  5226  5804 11211  1240  7476  5534  1240 31615  6151
 15336 56932  5226  5224  4492  4472 56940 12764  5240 13554  5224 10778
  3825  4188]
[15, 12] [56940  1059 11211 10291 10778 11400 11120  5265  4472  9214  5226  2732
  2044 11211 14244  7023  4472  5804 56942  5056 56940 56932 56946  6456
 56932 10621  6299 11211 56940   753 56946  4562 13910  4472 12350 56940
 56931 56945 56945 56945 56945 56945 56945 56945 56945 56945 56945 56945
 56945 56945]
[8, 4] [ 7659  6151 25249 56946 11120  7866  7898  3861  5226 11327 12764  1088
 10621  8025 44528 13371 19589 56931 56945 56945 56945 56945 56945 56945
 56945 56945 56945 56945 56945 56945 56945 56945 56945 56945 56945 56945
 56945 56945 56945 56945 56945 56945 56945 56945 56945 56945 56945 56945
 56945 56945]
[13, 11] [56946 56932 12467 10067  1526  4472 11120  2204 16762 56946 56932  7780
 19760  5226 11120  6570  5217 11211  3717  5224  2729 10621 56932   907
  6151  1231   406 56932  5240   985 13371  8493 12031  4472  9205   681
 13396 14694  1388 56931 56945 56945 56945 56945 56945 56945 56945 56945
 56945 56945]
[40, 39] [ 4151 14862  3878  4472 11120 11602  8363 12948 13396 11120  8818  5224
 12189  6151 11120 15012 11973  4472 56946 56932  5226 17541 56932 10621
  9706   938 29788 10621 56946  6151  5804 56942  1312 10621  5804   420
 29131 11211 12543 26067 39703  5226  5224 12074 56931 56945 56945 56945
 56945 56945]
[12, 13] [ 8493 21451  4472  1231 10855 12764 21015 17671 56932 11122 11211   930
 11117 25624  2890  2486  5813 56931 56945 56945 56945 56945 56945 56945
 56945 56945 56945 56945 56945 56945 56945 56945 56945 56945 56945 56945
 56945 56945 56945 56945 56945 56945 56945 56945 56945 56945 56945 56945
 56945 56945]
[24, 27] [ 5804   465 11211 11120   746  6091  5654 11211 11120  6670 56932 11211
  9490  8192 56946 56932  9490 14043 11211  5224 17908 28836 15600 12889
  6151  8596 11117 42359 11122  2030 56931 56945 56945 56945 56945 56945
 56945 56945 56945 56945 56945 56945 56945 56945 56945 56945 56945 56945
 56945 56945]
[18, 17] [ 5224  9591  4472 11211  1231  3852 12764  1240 40445  4161 12948 12675
  9999 11211 12407  3361  8155 56946  1925  1087 56931 56945 56945 56945
 56945 56945 56945 56945 56945 56945 56945 56945 56945 56945 56945 56945
 56945 56945 56945 56945 56945 56945 56945 56945 56945 56945 56945 56945
 56945 56945]
[27, 25] [17899 56932 11211 12764  4091  5606  5224 13676  1673 10067  5567 56932
  9028  5606  5224 11100 10067 14555  4562  6925 25640 56932  2865  5226
   425   792  1383  4562  5224  1218 23292 56946 13371  8272  4472  3612
 56931 56945 56945 56945 56945 56945 56945 56945 56945 56945 56945 56945
 56945 56945]
[32, 29] [11120 14024 56932 11211    85  8486  5226 11120  1976  4472 10624 13396
 56942  2322  2370 56942 56932 13938  5226  4761  2983 10621  1072 14414
  4344 56932 10722  4472  4151  4705  6197  1396  5226  5009 56931 56945
 56945 56945 56945 56945 56945 56945 56945 56945 56945 56945 56945 56945
 56945 56945]
[42, 37] [ 5224 13440 13171 13091  8946  5224  4291  4472  5734 12611 56932 11211
 15083  4472  8373  5137 20874  6151 11093 10241 56932   848  5224  4472
  6099 56946 11211 56932 12889  7952  5611  1578  5224  2689  6260  5226
  5224  9102 27155 56932 14442  7462  4472  7898 10013 10621  1240 16256
  1925  2270]
[7, 6] [ 5224  5432   567 56932 11211 13233 13261  8086  5224 11255   972  2370
  5224  9102 13396 11120  5332 10067 15156 16684 56946 56932  1040 11211
 11120 14299  5240  8503  4472  5804 11282  4472   424  5806 56932 11211
 13482  4562 11120 10067 27155  5240 11120 13171  9158  4472  6221 11120
  8200 10621]
[33, 32] [56940 13831  6151 12676 11211 56946  9379 16299  3861 56931 56946  6151
 11981  4472 12453  5240 12246 56931 14099 12764  4365  7075 11211   424
 15145  5224 13959  5226 11211  1240 40532 10636 15583  4562  8225 56940
 56932 15201 11120  4949 56931 56945 56945 56945 56945 56945 56945 56945
 56945 56945]
[12, 11] [56940 12473  4937  1711 56932 10621  5534  5207 56946  6075 56932 36599
  4562  5804  4472 10025 15802   848 10067  5879  4472 15148 56932 11211
  3245  1396 39047 56940 56932 15353 56931 56945 56945 56945 56945 56945
 56945 56945 56945 56945 56945 56945 56945 56945 56945 56945 56945 56945
 56945 56945]
[9, 8] [56940 12473  4937  1711 56932 10621  5534  5207 56946  6075 56932 36599
  4562  5804  4472 10025 15802   848 10067  5879  4472 15148 56932 11211
  3245  1396 39047 56940 56932 15353 56931 56945 56945 56945 56945 56945
 56945 56945 56945 56945 56945 56945 56945 56945 56945 56945 56945 56945
 56945 56945]
[24, 18] [10621 14914 13371  1240  7780  5756  5217  2892 12297 12297 11211 13974
  4472  3361 11970  1873  5804   266 10067  7581 14931 56946  1231  1381
  6151  8493  1126  5683 10291  5804 56946 12297 12297  1240 56946  5226
  2890 14555 38230 56946  5226 10025 13349  4472  1723 56931 56945 56945
 56945 56945]
[23, 20] [ 5226  8406 56932 56946  2890 15770 13843  6151 11120   712  4472  5804
  3692 10067 11183 56932  5804 16680  4472 13732 56932 11211 12993  5226
   425  5346 11169 12135 10067  6710  6151 11211 15394  2879  5224 19576
 56932 10621  5226 56946  5224 11183 10097  5224  1673  4472  3400 18228
 10067 15837]
[11, 12] [56940 14099 14542 34315 23117 56932 10621  5217  5224  7966  8993  5207
  4563 14396  4472 56946 56940 56932  7087 26347 56932 11211 36051 13396
 11211  6151 13742  1362  1240  4106 11120  4953 23895  5804 50879 56931
 56945 56945 56945 56945 56945 56945 56945 56945 56945 56945 56945 56945
 56945 56945]
[5, 4] [ 5226  1316 56932  8630  9302 13396 11120  6962 56932   683 56946 12764
 11138  1283  6151 11122 11211  1013 13822 14543  2861 56940 56936 13691
  5240 56943 56937 56940 56931 56945 56945 56945 56945 56945 56945 56945
 56945 56945 56945 56945 56945 56945 56945 56945 56945 56945 56945 56945
 56945 56945]
[28, 29] [ 1793 56932 11117  2940  6151 56946 13396  1602  6151   424 11925 56932
  5226  2890 14568  5715  4472  8834  3861 56932  1231  4339  6151 17555
  1231  9453 56932 10621 11117  7780  1079  8493 11518 56946  4472 56942
  5699 56932  4562  2890  5715  4472  8373 11804  4472  5699 56932 13396
 10267 11950]
[8, 6] [15023 11673   455  5224 15494 16392    85  6154  5226 11120  7276  4472
 56946  4472  5804  3243 12804  4562  5224  9283   748 10621  5226 56942
 11949  2426  6151 11120 14443 17311  5226 11120 11211 45166  1925 11203
 10067  1926 56932  5224  6821 56946 56946  4562  5224 11211  1765 56931
 56945 56945]
[8, 7] [10621 15649  8493  4472  4151  6157 11211  1383  4562  1976  2861 11120
  2897  4472  1911 56931 56945 56945 56945 56945 56945 56945 56945 56945
 56945 56945 56945 56945 56945 56945 56945 56945 56945 56945 56945 56945
 56945 56945 56945 56945 56945 56945 56945 56945 56945 56945 56945 56945
 56945 56945]
[9, 8] [ 2890  5078  4472  8593    85 11120 14138 11211 56946  6151   285  4151
 14218  1796  1633  5224  8598 56932  4693  4472  1231   989  4562  5224
 11183 56932  3828 32687  3702  4562 11120  6780  4472 56940 12764  6151
 11120  5769  2358 56940 56932 10621 56946  4009  2370  5224 14555   653
 56931 56945]
[3, 2] [14201  1240  9047  6151 22491  5617 56940 11122 13171 13716  1958 56940
 56932 10621 12889 12764  8321  5249 11120 11374  2700 56932  6118  4472
 11120  9849  5654 11211  1240 10145  4693 10067 11255 56942  4472 13330
 56932  5224 11950  4472  4151  4290  1791 56931 56945 56945 56945 56945
 56945 56945]
[17, 14] [ 5224  1385   730 11211   424   175 56940 12764  1772  5224  8033  4472
 10477 56940 14260 12764  3645  2370 11120  1527 10611 56946 11372  4807
  6151  5804   692  4472 11120  7444  7253  4472 11120  2496  2106 56931
 56945 56945 56945 56945 56945 56945 56945 56945 56945 56945 56945 56945
 56945 56945]
[3, 1] [14201  8902 12948 13396 56946  5224 14339  4472 11120 25159  4472  4151
  2677  1791 10621   981  5224 18373  5226  6990  5804  8021  7893  5226
   424  4667  5226  5606  8493  1126  4472 13478  5804  6717 13171 14956
 56931 56945 56945 56945 56945 56945 56945 56945 56945 56945 56945 56945
 56945 56945]
[18, 15] [14201  8902 12948 13396 56946  5224 14339  4472 11120 25159  4472  4151
  2677  1791 10621   981  5224 18373  5226  6990  5804  8021  7893  5226
   424  4667  5226  5606  8493  1126  4472 13478  5804  6717 13171 14956
 56931 56945 56945 56945 56945 56945 56945 56945 56945 56945 56945 56945
 56945 56945]
[12, 11] [11120  5474  5226  5804  4185  3861  4472  4151 12938 56932 11211 56946
 10291 17377 56932   672 10621  7874 56932    85 26859 13396  4151 15300
  5224  6260 56942  4472   995 10621 26749  6151  8493   661  5142 13396
 11120 11556  4472 13730  8658  5432 56934 23772 56935  8509  8493  8458
  9887  5226]
[19, 15] [ 5224  2792  4472 11771 56932 10958  6894   388 56932 15201   217  5226
  1352 11211 11120 13902  1240  7780  5465  5226  2890  4778 11211  1818
  6151 11120  1147  4472 10700 56932   494 11362 13822 11116  4472  8879
 56931 56945 56945 56945 56945 56945 56945 56945 56945 56945 56945 56945
 56945 56945]
[19, 15] [10611  5804  2511 11211 43065  5226 15325  8309 15058  1925  1437  4472
  9471  2170 14576  5224 11211 11122 22583  5226 11120 16610  4472   534
 10067  3835 12624   238  4217 56931 56945 56945 56945 56945 56945 56945
 56945 56945 56945 56945 56945 56945 56945 56945 56945 56945 56945 56945
 56945 56945]
[18, 17] [56940 11120  4670 10067 14358 12764  1146  6151  5804  7025 10067  6319
 56940 14260 56940  6905  3861  1859  4213  5534  5207 56946  6151 10333
  4472  6284 10621 56946  5226 14653  4562  1618  4472 14088  1379 13171
  4336  4472  3931   848 11870 56940 56931 56945 56945 56945 56945 56945
 56945 56945]
[31, 29] [ 5226  5804 24135 10067 11964  5692 56932  7856   311 11120 56940  4065
  7384 56940 10067  2631  7482  1925  3849  3077 11211  1543 11120  7877
  4472  5804  9531 11295 56932 13396  4085  5226  2370 10067 10386 10621
 13396 12764    77    32  4562  4151  3388  6653 56931 56945 56945 56945
 56945 56945]
[14, 11] [10291 13853 11211 46363  5226 11120   704 56932  5804  1046 12171  2495
  8244 17626  5226  2890 15227 56932  2738  8493  1563 56932 39492  1231
  4071 11372 37076 12424  2814  2890 12675 43886 56931 56945 56945 56945
 56945 56945 56945 56945 56945 56945 56945 56945 56945 56945 56945 56945
 56945 56945]
[14, 11] [ 4562  8493 12101  7035 13396 56942  8330 56932 11120  9745  1240  7780
 13771  3245  6151  5606  3084 24292  4472  3464 13387 10291   775  1231
 11199  4472  5869  2861 14180  9140 10358  4472  6226  5224  1926 10621
  5804  5643  5226  1723 56931 56945 56945 56945 56945 56945 56945 56945
 56945 56945]
[37, 36] [ 8509  5224  8876 13610 10067  2689 56932  5224 11783  9829  4472  4151
  2789 10621  5224 13857  5226  2890 56946  4472  4151 10994   746  9591
 11211  5224  9874  5942 56934  4212 10611  2789  6862 10994 56935  1240
  8930  5226 56942 11804 56931 56945 56945 56945 56945 56945 56945 56945
 56945 56945]
[15, 13] [13487  7782 15576  1925 56940  7415 36921 56940 56932 11211  8964  5529
 11211 56946    85 14814  5226 11120  6275  4472 16004 56934 56942 12297
 56942 56935 10621 11211  1240  8057  5901 13396  1231  8293 13466 10621
 11101 56931 56945 56945 56945 56945 56945 56945 56945 56945 56945 56945
 56945 56945]
[27, 25] [ 2890 16931  4884 21425 12764  5240    19 11211 10644 12754 42520  2861
  6151 11122  7811  5240 13396 11674 13396 11122 11211  4151 46083  4472
  4151    21  1240  5207  4982 13371  8493 10236  4303 10067 42520  8722
 56932 14915 25602 12342 10621 14915 15864 56943 56945 56945 56945 56945
 56945 56945]
[12, 15] [ 5224 30057  5240  8493 50195  5226 11120 21362  4472 11120  5272 10621
  1925 56946 11117 10501  3245 11122 11211  6151 11120   520 56946  2861
 11211  1233 11117 56946 11120 50195 12764  1240  6469  5226  8493 27590
 56932 10954 11211  1240  4770 10291  6221 11120  7626 13371  8493 56946
 56946 10621]
[14, 15] [ 5224 30057  5240  8493 50195  5226 11120 21362  4472 11120  5272 10621
  1925 56946 11117 10501  3245 11122 11211  6151 11120   520 56946  2861
 11211  1233 11117 56946 11120 50195 12764  1240  6469  5226  8493 27590
 56932 10954 11211  1240  4770 10291  6221 11120  7626 13371  8493 56946
 56946 10621]
[18, 16] [12015  7844  2890  9750 11211  9490 12355 11120  3841  4472 32047 10067
  5765 56933  1231 14623  3936 14297  2317 56932  9000 12342  9490 13848
  2890 13893 10621  8493 16919  5226 11120  5918 56931 56945 56945 56945
 56945 56945 56945 56945 56945 56945 56945 56945 56945 56945 56945 56945
 56945 56945]
[20, 16] [12015  4470 14662  4472 11211 11120  4811 11752 56932 11122 11211  2816
  5224   911 10067  9857 56932  4615  4472 10160  7956 11325  9137  4562
 11120 56946  4472  8493  4472  4151  2562 11211 12455 13507  5534 12764
   373  6160   417   848 56946  5804  9242  4562  2890 11104  4472   367
 56931 56945]
[12, 13] [13371 12024 15348 11120  4356 12764  1240 12932  4562 56946 56932  5534
 11117  6122 11149 11117   474  5013 13371  5121  4472  2208 12015 15201
  2861 12672  5267 10621 11211 12015  4526  1379 13132 56931 56945 56945
 56945 56945 56945 56945 56945 56945 56945 56945 56945 56945 56945 56945
 56945 56945]
[31, 30] [13371 12024 15348 11120  4356 12764  1240 12932  4562 56946 56932  5534
 11117  6122 11149 11117   474  5013 13371  5121  4472  2208 12015 15201
  2861 12672  5267 10621 11211 12015  4526  1379 13132 56931 56945 56945
 56945 56945 56945 56945 56945 56945 56945 56945 56945 56945 56945 56945
 56945 56945]
[13, 16] [ 9000  4392 56932  7956  5224 19645   313 56932 11120 56946 56946 10621
 56946  5226 11211  1240  7780  5465  5224 13579 14204  5224  7937 10621
 11120   356 10495 10291 12861  2370  1231 56946 56932  1231 56946 10621
  1231  9096 56946  4562  4151  8865  4472  5804 56946  2861 13083 19575
 56932  1379]
[38, 34] [ 5804   953  7215   746 14069 33817 13083  8871  9876  5226 11120 11528
 11211  5226 11120 13812 10621  5452  5226  6036  6151  6381 13371 17539
 56932 21258   848  4337 42074 56932  1465   217  5319  2861  5804  3153
  1317 56946  6151  8593 56943 56945 56945 56945 56945 56945 56945 56945
 56945 56945]
[25, 21] [15083 10067 12679  7759  4472 11120  2809 56946  1132  5224  7347  1540
  4472 56946 56932 10621 13371  9379  8373 56932   473 10621  6256 56932
 14811 12758   425  1578 56932  5240  8931 11211  1240 31241  4562  8025
  1925  7261 56931 56945 56945 56945 56945 56945 56945 56945 56945 56945
 56945 56945]
[18, 17] [ 5224 11100  8321 32047 10540  2254 10621  1231  8284 11117  4810 56932
  5226  8493   792 56932  6151 14663  2370  8493 26743 56931 56945 56945
 56945 56945 56945 56945 56945 56945 56945 56945 56945 56945 56945 56945
 56945 56945 56945 56945 56945 56945 56945 56945 56945 56945 56945 56945
 56945 56945]
[32, 29] [ 4472  9591 56932  1240   746 13771  2983  3316 14931  1856  9384   919
 56932  6197 11211 11120 11066  4472  3132  5226  5804  2164 56934 11122
  7082 56932 13396    19 12135 56932 15394 13280 12407  5539 10291 13822
 13331 56932   830  4472  7415  3494 10291  1231 10139 56935 56932 10621
  4151  4441]
[33, 29] [11120  7676  4472   425 14475  5240 11211  1240  9929  2890 12074  3828
  1195  5804 56946 10621  5804 10003  4472  4323  9172 56933 15083   753
 11211 15091 13649 53609 11211 56946  5224  4323  9172  5226  5224  2075
 56931 56945 56945 56945 56945 56945 56945 56945 56945 56945 56945 56945
 56945 56945]
[8, 7] [  428  7780  9591 11211  4151 14414  1240 56946  5226  5804 10428  8521
  4472  8965  5309  2861  5353 56934 15881 56946 13396  5609  4472 10456
 12167 56935 56932 16745 56934 15881 56946  6151  7608  4472  6857  8064
 56935 56932 17143  4472  7910  5226 14821   833 56932  7956  6226 56946
 56934 15881]
[47, 44] [ 4550  5240 15111  4472  4289 10722 12196  2660 56931 13371  7192   848
 11266  5224  1256  5224  3612  9806 56932 11120  2801  4472 10766 56932
  5224  1474 56939 15496  2890  9283  4472 10210   848  2288 10621  2158
  4151  1747  4472  1231  9231 56932  4562  6950  6520  1231  8786  5226
 11120  4812]
[38, 31] [ 5534  4151  4931 56946 11211  5713 11120 27835  9226  2890 11023 13016
 56932 13371  2890 41128 23171   848  4151  3391  4472   424  3461 56932
   424  5240 34799  5226 15350 11741 11211  9908  6151 11120  5595  4472
  2890 23213 13396  5224 18254 19984 12297 12297  2890 18026 12381 14217
  6151  6256]
[7, 5] [ 5224  8987 13803 11211  1240   373 13218  5226  6226  5224  1926  5226
  5224  5351  4472  9379   453  4521 56932 14662  3245  5226 10644  6319
  4562  1414  4472 11791 10038  5226 12424  6467 10621  5226  5224 13368
 56931 56945 56945 56945 56945 56945 56945 56945 56945 56945 56945 56945
 56945 56945]
[9, 7] [12764 15345 56932 14931  8998 56932 19292 11211   365  5226   425  5404
 56931 56945 56945 56945 56945 56945 56945 56945 56945 56945 56945 56945
 56945 56945 56945 56945 56945 56945 56945 56945 56945 56945 56945 56945
 56945 56945 56945 56945 56945 56945 56945 56945 56945 56945 56945 56945
 56945 56945]
[36, 33] [ 5224 16122  5953  6151 16799 11120  6471  4562 11120 14433 10621  4151
  2452 56932 56946  5226 12135  4472 11120 17311  5012  4472 11120  6685
 56933  9000  4161  5804 15721  4752 10621 15723 12764  1240 18798  1862
  5226  5224   175  4472  6471 13371 12297 11055 10067  2597 12297 10621
  7976  7945]
[33, 32] [12297  6997 11211  5226 56942 13290  8221  2890 11627 14915  2101  4472
 11120  3174  4472 10511 56933  9000  5224  9591  5240 11211  6110  5137
 13171  8818  5226  2551  5224 11554  7376  1240 20867  5226  2890 56946
  4472 56946  3828 12764  6000  5224 10371  8148  6151  7608  4472 11120
  8324  3809]
[25, 24] [ 8946 11120 12238  1004  5226 11120  7645  4472 14113  5226 11211  2890
 13723  6123 10578  1638 13822  8865 10291  5506  5226  5844 12031  6862
 19964  5226 11120  7626 12683 56931 56945 56945 56945 56945 56945 56945
 56945 56945 56945 56945 56945 56945 56945 56945 56945 56945 56945 56945
 56945 56945]
[26, 21] [ 5804  5234  9491  3018  5226 13822 12517  4472  9424  4472  6041 10621
  5226  5224  8966 11211 12623  5224  7147  4472 15243 11211  4050 12322
 10067  5905  4562  5224  7992 10067  1926 56932  5224  1095  4472  4816
 18059  1925 15018 56932  8955 13396  5224  9283  4472  5234  9491 11211
  1240  9567]
[7, 6] [ 4345  7494 56942  5137 10621  1240 56946 13371  2890 12297 10141  4472
 56946 12297 56932 11211  1240  7780  7980  5226 40449  5217 13280  3421
  5137 12297 13371  1490    13 15308  4472 10454   848  4472  3789 10067
  5765 12297 10621 56932 13396 11674 56932   668 11211  6197 12764  2645
  5224  5407]
[19, 17] [ 4345  7494 56942  5137 10621  1240 56946 13371  2890 12297 10141  4472
 56946 12297 56932 11211  1240  7780  7980  5226 40449  5217 13280  3421
  5137 12297 13371  1490    13 15308  4472 10454   848  4472  3789 10067
  5765 12297 10621 56932 13396 11674 56932   668 11211  6197 12764  2645
  5224  5407]
[31, 28] [ 5314 56946 11211 12297  5224  8907  4472 11673   445  4472  8070  5240
  9064 56932 10621  5224 16058 11211  5293 56932 56946 56933 12764  1240
 14190  6151 11122 11211  7780  9228  1452 11120 26775  9823  4472  4151
 12831  4472  3572 12297 56931 56945 56945 56945 56945 56945 56945 56945
 56945 56945]
[24, 23] [ 5804  5199  5597  5804  6898  4472  4151  5424 56932  4733  4472  8493
  2142  5697 56932 11211  9575  4151 14674 13171  9915 11211  1233 13892
  2131 56932  4562  5804  5478 10621  5804  4976 13371 11506   198 56946
 56931 56945 56945 56945 56945 56945 56945 56945 56945 56945 56945 56945
 56945 56945]
[17, 14] [13396 12672 11211 12764 13859  7325 56932    65 11120  8822  4472 11211
 11120  7002  9490  8192 11065  2370  8596 13396  6917  3958 56932 10291
 12764 11174  1231  1343 56931 56945 56945 56945 56945 56945 56945 56945
 56945 56945 56945 56945 56945 56945 56945 56945 56945 56945 56945 56945
 56945 56945]
[40, 37] [ 8356  2890 14315 15992 56932 13371  1233 56946 11211  5804  8373 11117
 56946 12557 11120 33450  4472 24509 10067 15790 56932 11120 56946  4472
  2091  3745 16092 10621 56946 11211 56946  5224  9009 15843  4472  2705
 56932 20867  5224 28236  5226  8493 14788 29775  4472 21701 10621 56946
  4472  5275]
[20, 19] [13487  5804  6101  7394  6862 56946 56946  8493 14251  4472  5487 56932
  2890 33279 22329  4472  8958  4472 13276 17975 10611  5804 12063 36356
 10621  5804 56946  1240 56946  7956  5224 56946 10067  9084 10291   594
  1925 28211 56931 56945 56945 56945 56945 56945 56945 56945 56945 56945
 56945 56945]
[4, 1] [32059  2032  4472  8244  5226  1231 10785 56932    65  2726  5226  5804
 16365 12297 10621  8493 14352  7069  4472    77 28503  4472 11950   848
  4472  2689 56931 56945 56945 56945 56945 56945 56945 56945 56945 56945
 56945 56945 56945 56945 56945 56945 56945 56945 56945 56945 56945 56945
 56945 56945]
[28, 26] [11120  7815  4472 15149  4876  6151 13386 13478  7630  1356 13396  5224
    87 12297 12297  4472  5804  3078  4755 12297 12297  1240  5911 13396
    77  7467  6151 11107  5226 11120  1795  6151  8155 14915  5936   272
 13371 14524  4472  5804 12408 56932 14915 56946 10297 13371 12959  9356
 10621 14915]
[20, 24] [11120  7264 12297 12297 12874 10067  9928 12297 12297 10405  1231 11589
  1925  4201 11120 11599  4472 14923  1242 12996  5226  5224 11211  5207
 56946 56931 56945 56945 56945 56945 56945 56945 56945 56945 56945 56945
 56945 56945 56945 56945 56945 56945 56945 56945 56945 56945 56945 56945
 56945 56945]
