[21, 21] [ 5224 11366  9230  1040 11211 56940   784  4472  4151   420  8719  5240
 13171 44858 11211 11120    19 56940 56932 12889  6205  9371  1933  4161
  8834 15117 13171 56946 13396 11120  6805 56932 10611 11904  5224 17033
  4472  2890 23289 13396  2642  4472  2890 15912  1909 10621  2890 30994
 56931 56945]
[23, 22] [ 5224  5322  4472 11120  8755  1912 56932 16037 14783 56946 56932  1240
  3623  5545  6151 11120  4687  4472  6952  4472  5804  3859 10621  7620
 13171  4518 13396  5224  5858  4472 46789  5224 56940 39584 56940 16352
 56931 56945 56945 56945 56945 56945 56945 56945 56945 56945 56945 56945
 56945 56945]
[10, 10] [ 5224 10249 12624 11633   425  4670 15023  5224   900 11211  3315 12948
  1925 17521 10067 17899  5226  5224  6812  4472 36445 56931 56945 56945
 56945 56945 56945 56945 56945 56945 56945 56945 56945 56945 56945 56945
 56945 56945 56945 56945 56945 56945 56945 56945 56945 56945 56945 56945
 56945 56945]
[38, 38] [10621 56946 56932 16478 10621 10618 56932 10611 10025 56932  1240 14377
  4472 11120 14329 56932  4472  4151 56946 10621 10067 56946 10621 42047
 56946  5226  5224  9541 11211 14817  6151 11120  1691  1925 13242 13171
  5863 12297  7780 14384 13171  4472 56942   340 12297 11211  7780  6260
 13396 11120]
[2, 2] [11674 12675 15201  4472 11136 10429  5224 56942  4472  8289  6260 56932
 10621   420  3861 15083 56932  5224 56942 56932 11122 56946 13371   870
 10067  8876  3612 56931 56945 56945 56945 56945 56945 56945 56945 56945
 56945 56945 56945 56945 56945 56945 56945 56945 56945 56945 56945 56945
 56945 56945]
[22, 21] [ 5224 11390  9243  5226  1723 56932  3959 11486 56932   730 11211 11120
  5908  5226 11791 10861  5466  6151 11120  9819  3682 10621 14576 11120
   618 10611  1723 10621 12379  5452  5226   424  4667 56932 56946  5226
 13043 15488 56931 56945 56945 56945 56945 56945 56945 56945 56945 56945
 56945 56945]
[1, 1] [56940 44300   424  1673  6151 10644  5076 56932  6151 10636   434 56932
 14260  5207  7780  9591  1379 13171 13466  5224 13803 56931  4562  2890
  4252  6205  8908  2890  3612 13171 13738 56940 56932 15648  5224 14479
 56931 56945 56945 56945 56945 56945 56945 56945 56945 56945 56945 56945
 56945 56945]
[8, 6] [ 5224   653  4472  4472 11120 13017 56932 11211  3717  5224  6260 56942
  4472   995 56932 15246  5224 15063 10067 10379  2824 56932  3030 13396
  4233 10584 56932 11211  8057 13440 34142  6151  4151   353  4472 11120
  6805 21950  4472 13272   881 56931 56945 56945 56945 56945 56945 56945
 56945 56945]
[10, 10] [11912 12764  7780 14069 12090  5226  5804  8373  1304 11211  7780  2840
  4161  5224  3719  5226  1231  4291  6151  4151 11327 56932 15083  4472
  2890  2041 11762 13370 56931 56945 56945 56945 56945 56945 56945 56945
 56945 56945 56945 56945 56945 56945 56945 56945 56945 56945 56945 56945
 56945 56945]
[6, 6] [56940  5804 10856 12764 56946 56932 43431 56940 56931 56945 56945 56945
 56945 56945 56945 56945 56945 56945 56945 56945 56945 56945 56945 56945
 56945 56945 56945 56945 56945 56945 56945 56945 56945 56945 56945 56945
 56945 56945 56945 56945 56945 56945 56945 56945 56945 56945 56945 56945
 56945 56945]
[22, 20] [11120 56940   545 56940  4472 13864  7780 10695  6151 14694 13144 56932
  8630 11211 10025 11242 11211  5226  1004  4472 56946 56932 56946  5226
 13822  1414  4472   653  5226 13440  4472 11400 11120 12695 56931 56945
 56945 56945 56945 56945 56945 56945 56945 56945 56945 56945 56945 56945
 56945 56945]
[42, 34] [ 5224  6519 10067  4942 13396 11623 10621 56946 15512  4472 11120  6805
  4472 12831 10067 14084 56932 10958 37873 56932  7780   880 11120  3820
  5226 11120  1976  8973 10067  9230  4472  2667 56932  3908  2004  6270
 56932  4562  5224   273  4472 11211 13004  7956  5224 15316  4472 14693
  4472 11807]
[17, 17] [ 2890  7932  2861  5534 26546  1240   373 24040  5226 56946 56932  1240
 15034  5226  8493 40795 10621 13903 11120  5918 56931 56945 56945 56945
 56945 56945 56945 56945 56945 56945 56945 56945 56945 56945 56945 56945
 56945 56945 56945 56945 56945 56945 56945 56945 56945 56945 56945 56945
 56945 56945]
[11, 11] [ 2480 10621  4984 56946   217  1231  5139  6151 11120  3737 10621 12166
  5224  3299   826  4472  5804   352  7956  7430  8509  5804 56942   949
 39015 10067 11100  4472  4709 56931 56945 56945 56945 56945 56945 56945
 56945 56945 56945 56945 56945 56945 56945 56945 56945 56945 56945 56945
 56945 56945]
[44, 42] [11120 13524  5769 10471 56934  2927 56935 56932 14206  4472  7803  4151
  4290 56932   730   217 11211  5224   653  7780  6803  4151 11243  4472
  7345  7215 56932 14694  4472  5804  4705 56940  6492  8459 56940  7868
  5654  9986  4472 11243 56932  6151  5804 11211  8414 10067  3430  4472
 11593 56931]
[26, 26] [ 9909  9502 56932 11211  7780  3030 11120 11093  6614 10067 13723 10067
 14358  5226  5224  9814 15023  4151  4290 56932  7780 56946  5224  9591
  4472 11211  2892   418  5664 13822  1945 13396  5307  6151 15488  4562
  4108  5226  2668 10621  7780 11906 11211 11120  6462  3245  5103  5226
  8876 15168]
[2, 2] [56940  1233  2850 56932 10608 56940 56932   730  5226  5224  8614 11120
 56946  4472 11120  7070  2529 56931 56945 56945 56945 56945 56945 56945
 56945 56945 56945 56945 56945 56945 56945 56945 56945 56945 56945 56945
 56945 56945 56945 56945 56945 56945 56945 56945 56945 56945 56945 56945
 56945 56945]
[38, 38] [13396   428  1240 11117 11204  5217  2551  8493 11851  9500 11211 12764
 10405  6151 10700 12821  8871 18808  5226  5224 14408 15164 56932 13396
   428  1240 11117  4275 11211 14931  5115  1231  9168  4472  7581 25662
 10621 26646 56946 11120  1903  6151  1231 12867 56946 56931 56945 56945
 56945 56945]
[9, 9] [56940  6950 12015  2582  5224  1242 56932 13487 56932 38770 11120 12341
 10621 56946  6151  4758 13529 14781 16129 56941 15992 11122 11211  1240
 56946 56932  6151 11120  7037  4472 11120 16348 56941 56932 10621 12015
  8057  1368  6711 11120 25464 56940 56932 11152 56931 56945 56945 56945
 56945 56945]
[8, 6] [ 1925  6117  4472 11211 56932 13371 13478 56932   746 40762  4472   683
  3861  4472 12413 56932 15567   861 10621 56946  7053   752  5226 27852
  4562 11122 11211 11673 12267  2986 13171 11211 43667 56931 56945 56945
 56945 56945 56945 56945 56945 56945 56945 56945 56945 56945 56945 56945
 56945 56945]
[7, 7] [ 5226  2890 12036  7956  4151  9643 11211  3315  5226 11120 13476 56932
  5224  8699 10246 15201 11211 11120  5818  1043 10291 11211  5804 10624
  4472  5804 13043 10700  1240  4268  2240 10621 10291 11211  1240 56946
  2890  2445  4561  4472  8493 10947 56932 11211  7494 13371 12684  2230
 11120  1126]
[3, 2] [ 5226  4794 14773 30652  4472 16070 56932 10621  5226  8837 56932  8236
 56946 56931 56945 56945 56945 56945 56945 56945 56945 56945 56945 56945
 56945 56945 56945 56945 56945 56945 56945 56945 56945 56945 56945 56945
 56945 56945 56945 56945 56945 56945 56945 56945 56945 56945 56945 56945
 56945 56945]
[7, 7] [ 5224  1602 29087 12627 12731 56932 11149 18698 56932  5224  4200  4472
  5804  2326 10621  5224  5003 11211 14204  4562  8995 56931 56945 56945
 56945 56945 56945 56945 56945 56945 56945 56945 56945 56945 56945 56945
 56945 56945 56945 56945 56945 56945 56945 56945 56945 56945 56945 56945
 56945 56945]
[1, 1] [56940  3315  6090  4472 21493  4472 10977 10067  3612  3733  8310  4472
  2740  8509  5804  4679  4472 13732 56932 11122 11211 12764  7494  3260
 11211  1000  4562 11120  8069 56940 56932   668  5224  3430 56931 56945
 56945 56945 56945 56945 56945 56945 56945 56945 56945 56945 56945 56945
 56945 56945]
[25, 23] [ 5224 56940 21472 56940  4472 56946  5240 13171  9918 12543  1233  1240
  7494  5226 14662 11211 13554 12342 13371 56946   746 20646 11211 56932
  1233 15608  5224 10778 56932 56946  5804  7197  3073  4256  4472  5804
 11211 26928  2934  6862 10590 12735 11120 10767  5432 10067  6319 10621
  6802 11120]
[30, 28] [11486 56932 11211  3946  8493  6614  4472  7960  4472  1231 11668  4562
  9711  6151  1920  2890 10327  5530 56932 15201 11211  3524 56940  7780
  3924 56942 11804 10067   653 10621 10097 11316 13171  4472 11120 13524
 56940 56932 10621  9017  5224 13305  8211 13396  5224 14357  5087  4472
 13893 56932]
[40, 38] [ 5224 13437  4472 56946 14691  4472 11211 13171 10067 56942 13396 14108
 10067 10511  2598  6151  4025 12764 22585  6862 38664 56932 11122 11211
  6913 56932  7868 13822 12314 56932  2890 18777  4638  4472  5609 52140
  4472  5699 56932 10621 11020 11211  1723 12764 56946 13171 11120  5430
 12725 56932]
[11, 11] [56940  5224  8716 10067  8254  4472 14653  2307  5804  4236 56932  2940
  6151  2259 12732  4472   392 10621 11910  6151 11120 12643  4472  8219
  4472  5566 11211 56946  6786   692  1357 10621  7176 11120 16469 10067
  7973 56940 56932 12828 56946 56931 56945 56945 56945 56945 56945 56945
 56945 56945]
[26, 22] [ 5224  9080 13012 14337 13396 11093  1004  1925  9102  4472 11120 14493
 56934 56946 56935  5226  9541  4150  4472 11120  5723 14443 10067  5138
  8984 10621 43968  1925  3612  4794  4472 13357 22421  5224  1673  6151
 11066  4472 14378  2185 10291 11120 14850 10067 11284 56931 56945 56945
 56945 56945]
[10, 9] [ 7952  5226  5804  8373   340 10067   468  5206 10621  4392   915  2890
 13554 12996 10291 14335  4151   471  1925 56946 56931 56945 56945 56945
 56945 56945 56945 56945 56945 56945 56945 56945 56945 56945 56945 56945
 56945 56945 56945 56945 56945 56945 56945 56945 56945 56945 56945 56945
 56945 56945]
[14, 14] [11120 14889  1240 13851   217  1925 12956 10291  1942  1925   653  8984
 11211 56940 56946  4562  3572 56932  5226 15168  4472 12095 10413 15090
  4472 14678 56940 56932 10621  7882  6151  4151  6505 15147 11211 56940
  3245 13082  6151  8493 11851  3118  1925 15063  5692  5226 15168  4472
 56946 56940]
[34, 34] [56946 12567  1199   950  6151  6282 12297 13386 12305  1231  2928 12031
  5226 13035 10606 56946 56932 12889  7780  5254  1379 13822  8180 12297
 11211 12342  5240 56940 11120 13675 13480 56940  4472 13386  1064  3255
 56940   319  4472  7182 56940 56931 56945 56945 56945 56945 56945 56945
 56945 56945]
[18, 18] [ 1925  3479  5224 15120 56932  5804  8373 12535  1240  2542  4562 13822
  3491 11211 10762  1925 15120 10621  5495  4562  5804  1482 56931 56945
 56945 56945 56945 56945 56945 56945 56945 56945 56945 56945 56945 56945
 56945 56945 56945 56945 56945 56945 56945 56945 56945 56945 56945 56945
 56945 56945]
[25, 25] [ 5543 14576  5226  8458  4472  2858 15023  5224  6550 11211 56940   753
 11211 12702 56932 13371  8993 56932  6151 10636   434 10291 11211 26282
 10621 15031  1925  5715 56932 11211  5207 15842 56940 56931 56945 56945
 56945 56945 56945 56945 56945 56945 56945 56945 56945 56945 56945 56945
 56945 56945]
[10, 10] [ 4562 11120 10117  4472 11211  5224  7581 56946 13171 10621 56946  8871
 56932  5224  6516 10067   653  1240 19329  5224 16586 12407 56940 12033
 56940  4472 15040  4604 11122 11211  5226  1231 11950  9297  5804  5234
  8876 10050 56946 19944 56946 56934 13386  5226 56942  2340  5224 32313
  5226  2890]
[5, 5] [ 1231 14405 12297 12297 11211  7780 11806  6151  9406  4562  2303 12297
 12297 11562 13451  4562 11066  9928 56934 11477 56935 56932  3257  4472
 13822  6261 56932 11211 10823 11120 15583  4472  3592 10621  6478 10611
  2890 11215  2206 10621 11120  4476 11658 11211 11117  1815 56931 56945
 56945 56945]
[3, 3] [56940 13749 56932 13893  1379  4562 10025 16593 56931  9373  5226  2890
  1601  4472 26796  9774  5226 12024  2928 56931  5804 17165 10621  4151
 18754 10267  1004 12015  2816 13171 13396 12082 12675 56932 12764 13396
 12024  4625  3492  4562   719  2961 56940 56931 56945 56945 56945 56945
 56945 56945]
[21, 21] [ 5224 11533  5987  4472  4151 15461 10872  7780  8192 11120 11694 10611
  4151 13961  8865 10291 13853 11211  8493 56946   848 56946  4562  4151
  7568 56931 56945 56945 56945 56945 56945 56945 56945 56945 56945 56945
 56945 56945 56945 56945 56945 56945 56945 56945 56945 56945 56945 56945
 56945 56945]
[14, 12] [ 5224 13247 10067  7346  4472 10185 11211  7457  1925 11052  5804   420
 13349 11211  1765  5226  5224  4667  1633  5224 21014 56932 13396  9245
  4613  4472  3421  1551  8509 14378 10013 10067  3612 13987 56932  7780
 11898 11120 38192 10291 11211  7898 12733  5226 13450   207  5226 11120
  8200 56946]
[6, 6] [13525  5165  1925 10386 15445 11211  2670 11120 11791  7956  5224  6058
 10621  5147 11211  5226  9888 11120 13778  9260  2890 21862 16511  4472
  4151 11622  4472  5804  8014  4472  6058 56931 56945 56945 56945 56945
 56945 56945 56945 56945 56945 56945 56945 56945 56945 56945 56945 56945
 56945 56945]
[4, 4] [12889  6151 47797 56932 10922 14204 11211  6330  2890  6560  4472 56942
 11804  4472 17235  8100 56942 11804  4472  5699 56932 56942 11804  4472
  5669 12297 12297 10621  4161    85  9312 13396  6388 15023 11120  7441
  4472 56942 11804  4472  5699 11211 11120  7070 56946  9490 11014  6151
 56946 56931]
[17, 17] [ 1352 56932  5224  4188  4285 10621 15639  5972  4472 10766 56932  9353
   217 56932  3786 56932 11211 13776 10899  5224  2445  4472 11016  4472
  9835  3301 13396 11120 11556  4472  5804 10700  9362  4472 10766 56934
 56946 56935 10291 13853  8493  4188   657  5226  4151  4558 13901 10067
  6604 56931]
[9, 9] [ 4161  4550  5804  5341   746 12355 56942   372 10621   746 48504  6950
 56942 56931 56945 56945 56945 56945 56945 56945 56945 56945 56945 56945
 56945 56945 56945 56945 56945 56945 56945 56945 56945 56945 56945 56945
 56945 56945 56945 56945 56945 56945 56945 56945 56945 56945 56945 56945
 56945 56945]
[7, 7] [15072 45166  6151  5804  5634  6151 11211 30999  8493  7635  4472  6613
 56932 11211 56946   582 11293 16785 11120  1650  4472  2890  4569 10635
 56931 56945 56945 56945 56945 56945 56945 56945 56945 56945 56945 56945
 56945 56945 56945 56945 56945 56945 56945 56945 56945 56945 56945 56945
 56945 56945]
[27, 27] [ 8493  1004 13171 11120 12973 10067 56940 16037 56940   345  5226  5804
  8445 14213 10621 32564  1925  5606  7381  4472 13822 56942 13349  5226
 11120 10719 11211  7187  6151  5804  5037 56934 56946 56935  4562 11120
  8290  7838 14314 15083  4472    52  7581  6151  4151 15271  4472  8493
 14564  8600]
[18, 18] [ 5224 13723 10208 15512 56946  1925   653 56932 11120 11259 12921  5226
  5224 10107 10067 14084 56932 11211  1037  7096 17698  4562  4151  8589
 11211 14340  5226  5224 10386  2355 56932  4562  4151 14218  4472 15544
 10621  4562  5804 12534  4693  4472  6607 11120   990  4472  8468  6862
 13593 56931]
[20, 18] [ 5224 12500  3189 11211   101  9840  4448  8849 10916  5226  1004  4472
  8493   545  1085  4562 29944 56932   848  6115  5947  4087  4562  5804
  4679  4472   545 10291 14040  6151 11120 13476  5226 11120 10280 56931
 56945 56945 56945 56945 56945 56945 56945 56945 56945 56945 56945 56945
 56945 56945]
[1, 1] [56940   603  6151 11120  4988  4562 11120  4188  3288 11211 12171  7782
  8823 56931 12764  5240  2890   821 18068 10291 10809  5226  5804  1304
 56932 11122 56946  4472 12024  7147  1233  7016 56940 56932 11499 56931
 56945 56945 56945 56945 56945 56945 56945 56945 56945 56945 56945 56945
 56945 56945]
[25, 22] [ 3421  4472  9379  7345  7312 13512  6151 13579  5224  6260 11950 56942
  4472 14724 10621  1231  6056  4472 13513    85 55266 56932 13396 11122
 11211  9538  2890  4666  1633  5224  2342  4472 11122 50687 16318  4472
 11120 14294  3733 11211    85 20934   217  6151 29834 56931 56945 56945
 56945 56945]
[14, 14] [ 5263 15083 56932  1240  1441 11120 14402  1925  4667  5226  5793 13396
 11122 11211  7630 11211  8946  2890 56940  1533 56940 10067  9541 56931
 56945 56945 56945 56945 56945 56945 56945 56945 56945 56945 56945 56945
 56945 56945 56945 56945 56945 56945 56945 56945 56945 56945 56945 56945
 56945 56945]
[1, 1] [56940  7782 35649   683 13014 13021 56932 10621 12015 56946   683  5137
  5226  2890 14139  5226  5224 11211 12764 26528 30786  5226 11120 42485
 56932 13396 11674 13633  8294  4550 11211 13831  6151 11400  5226  7386
 56940 56932 15201  9666 56931 56945 56945 56945 56945 56945 56945 56945
 56945 56945]
[0, 0] [ 8642  4562  2890 12097  1925 11211  1240 11117  8662  6744  4151  9721
 10621   151  4562  8493  6686  4472  9316 13314 10291 29066 11120 14602
 56932  2890   515  4472 18496 11211  1240 56946 13396 13974 56932  8493
 10868  4562 14606 10291  6520 11120 56946 56932  2890 56946 10291 56946
 11120 20899]
[33, 33] [11211  3799  1622 10621  7780  8192 13373 56932 19780  4472  1335 56932
 13925 37559 56932 55651 10621  4993  5226 12341 10621  8945 56932 12445
  5224  1464 10067 17930 11648 10621 35387 56932 10621 10507 13396  1920
  5226 13723 56931 56945 56945 56945 56945 56945 56945 56945 56945 56945
 56945 56945]
[28, 24] [ 5224  3835  4848 56932 15752  6151  6192 10067  1702   394 56932 10651
  5226 56942  5804 12073 10291 10778  8244  5226  5224 10119  1107 14012
 10621  5224  6260  1787  5172  8493  3057 11815 56932 11211  1240  8057
  4550  7638  4562 11120  6569  4472 11120  7442 56940  8281 10309 56940
 10067  3835]
[16, 15] [ 5224  1782  6128 11499 11211   424  4020 13527  1240 15456  5226  2890
  3719  5226  5224 11211  6846 56940 56946  1925 14124 56940 10621 56940
 10069  1925  5328  4472  4151 10191 56940 56932 11122  7082 56932  6299
 56932 56940  5240  6779  1233  4151  3765  1240  8619 13371  1240   582
 56932  9000]
[36, 34] [ 5224 50687  4472 56946 11562 25579 56932  8373  3861 15083  4472 11211
  1240 56946  5224 15063  5226 11120  9212 18077 56946  4472 56946 56934
  2294 56935 56932  5983  9778 56946 15863 30325  6151  2890  9249 10621
  4563   286  4562  5345 11120 14397 56932  5226 28169    59 56932  1233
 56946  4151]
[18, 18] [ 5226   424  4492 56932  3245  8321 10667 11120  5039 10067 11183 56940
 13371 14847  6862 11914 56940 10621 14576  1231 56940  8255 10042 56940
  5226  6226  5224  1926 56931 56945 56945 56945 56945 56945 56945 56945
 56945 56945 56945 56945 56945 56945 56945 56945 56945 56945 56945 56945
 56945 56945]
[39, 36] [ 5226  1156  6151 11120 14053 11211  6667 10291 11120  7444  3934 11120
  8001 15568  4472  5657  8803 13396  5224  3835  5769 15164 56932 11499
 11211  5226  5224  1437 56946 10611  5224 56942 10621  5224 56942 13396
 14108 10621 11211 56946 13396  2396  4472 14122 12314 15257 56940  8493
 13450  7671]
[0, 0] [14039  1231 21069  7707  8910 10291  2135 11120 15107  4472  4938 12764
  1340 12771 11372 48229  4472 11120 11211 15224  1618 56931 56945 56945
 56945 56945 56945 56945 56945 56945 56945 56945 56945 56945 56945 56945
 56945 56945 56945 56945 56945 56945 56945 56945 56945 56945 56945 56945
 56945 56945]
[35, 34] [ 4161 11120 11374 56932  5804  1169  3882  8540  3956  2890  5715  4472
 56942   916  5709 56934   683 56942  5669 56932  8448  4472 56942  5699
 56935  4472  5804  2704  5226  5804 11211  1775 13822  5422   848 10734
 13822 12474 56931 56945 56945 56945 56945 56945 56945 56945 56945 56945
 56945 56945]
[5, 5] [ 5224  5799  5226  5224 11211 23429 13371 11061 56932 56940 56946 56940
 56932  4562  4361  4472 21902 56932  9490 56946  4472 16997 56934 14134
 56935  5224  6260 11950 56942  4562  8493  5012  4472 13043  4284  4562
  3542  6151 12379  5452 56932  6862  8057  5224  6260   273  4472 12921
  8493  4903]
[24, 22] [ 5224 13576 15512   780 56946  1630 11211 56940 11120  7300  4472 15072
  5226 11120  1724  7780  8192  5667 10291  1443 56946  6128 56940 10621
  1630 11211  5224   653 10067 14124  5240 56940 33563 56940 56931 56945
 56945 56945 56945 56945 56945 56945 56945 56945 56945 56945 56945 56945
 56945 56945]
[14, 14] [ 6205 56932 11120  8129 10923  1933 13396 11120 10767 41184  4472  5804
  5574 10621 51188 11120 36731 36212 10291  1607  5224 12168 56932  9000
  1925  7261 10067  9541 12764  8068  5804 22046  4472  1306 11211  1776
  5226  2911  2848 56931 56945 56945 56945 56945 56945 56945 56945 56945
 56945 56945]
[19, 18] [56940 12764  1469 11721 11813  5542 10291 11211  8945   635 56934  1808
 56935 56946 11120 13300 56932 11372 11211 12403  6151  6226  5224  5972
 56931  5224  2689  6260  6197  5457 12937  4151  2961  6862 56932   494
 56932 12764  8789  6406  8689 10291 11211 11120 14294 12764  2061 13396
 11120 56942]
[17, 17] [ 5804  8752 10621  5804  1169 11959   746 14480 11211   217  9544 56932
  8290  4722  4472  2062 56932 56946  2193  5226  6226  5224  6319 56932
  4562  5224 14906  4472  6157 10621 19124  5226  4151  1088    21 56931
 56945 56945 56945 56945 56945 56945 56945 56945 56945 56945 56945 56945
 56945 56945]
[3, 3] [ 5226   424  4492    11 11211 56940 12764 14190 56940 11211  5224  2631
  5692 56946 10621  6491 11211  1925 18319  4472  2890 14339  4415 56940
  7709 11293   494  6151  6416 11211 14338  4472 12183  4694 18959  5534
  2890   653 17565 12764  4962  4562 13822 17358 56940 56931 56945 56945
 56945 56945]
[15, 15] [ 5226   424  4492    11 11211 56940 12764 14190 56940 11211  5224  2631
  5692 56946 10621  6491 11211  1925 18319  4472  2890 14339  4415 56940
  7709 11293   494  6151  6416 11211 14338  4472 12183  4694 18959  5534
  2890   653 17565 12764  4962  4562 13822 17358 56940 56931 56945 56945
 56945 56945]
[4, 3] [ 5226 15107 11122 11211  7350  8946  5529  6802 11120  8134  7956  1231
  7070  4472  4177 10621  7048  4472  6480 56931 56945 56945 56945 56945
 56945 56945 56945 56945 56945 56945 56945 56945 56945 56945 56945 56945
 56945 56945 56945 56945 56945 56945 56945 56945 56945 56945 56945 56945
 56945 56945]
[24, 22] [ 5804 10136  1240 56946  4562  5224 12365 14260  3281  5226 11120 16047
  4472  3287 13396 11120  1274  3474 10067 12074 56932  5226  4890 13344
  4585  7837 56932 10621  5724 12676  1231 13269 10291 56946 14260 19991
  5224 10103  4472 56946 13371  8493 34455 56932  7868  7898 14101  4472
 11120  5793]
[17, 17] [ 3120 11211 56940 19973  2044 11211  9292 11120 13107 56940 12030 56932
  9000 11211 11120  5844 11211 13684 56946 56940 11120 15107  4472  5804
 39755 56940  5402 56932  5804  4705 56932   730 56932  5217 13280  9394
  9939 56940  1396  5226  9734 56940 56931 56945 56945 56945 56945 56945
 56945 56945]
[33, 31] [ 6151  4151 12877 56932  1240  4563 14445  4562 13649 56942  1882 10722
  4472  4151  8155 11211   930 12522 11120 15886  4472  7384  5224 19441
 13935 56932 13396 11122 11211 10611  5488   420 14862 30324  6950  2890
 14643  4472  4507  4472 13801 56931 56945 56945 56945 56945 56945 56945
 56945 56945]
[6, 6] [ 5224  9328  8642  6347 13171 10621 22806  2890  6480  3233 13802   775
  1231  3304  5226  5224  6480  8658  5226 13554 11211  5224  3612 15169
  8642 34194  5224  6480  5226 13662 56932 12407 19298  8509 11120 11093
 12135 56931 56945 56945 56945 56945 56945 56945 56945 56945 56945 56945
 56945 56945]
[6, 6] [ 7956 11120  7167 10067 56942 56932 15201 11211 56940 13261 13371 11120
 11211  7782  9228  9784  4161  4550  2861  4987 56932 12353 10621 27164
 56940  6862  3655 11211 56940 11120  2457 18142  6151 11120 13902 13261
  5224 13132 10621  5224 13395 11211  3645  4562 10636  5187  4472  2529
 56932 11122]
[26, 26] [ 7956 11120  7167 10067 56942 56932 15201 11211 56940 13261 13371 11120
 11211  7782  9228  9784  4161  4550  2861  4987 56932 12353 10621 27164
 56940  6862  3655 11211 56940 11120  2457 18142  6151 11120 13902 13261
  5224 13132 10621  5224 13395 11211  3645  4562 10636  5187  4472  2529
 56932 11122]
[15, 13] [ 5224 13883 56940  5224 24172 56940  4472 14381 56932 21537 56940 49718
  3733 56940 10621   668 11211  6151 14849 10067 11575  5224 13057  5831
 38850  1240 14576 56932 15023 16889 11211 56940 11120 31360  4091    52
  8192 13171  5500 56932  4472 12764  2529 13396 11120  5229 10067 13057
 38850 10621]
[24, 20] [11120 14556  4472    26 10621  5039  8916 10067 14358 56932 13211 11195
 56932  5165   217  1925   653 10621  6151  5804  1046 15404 11211 56940
  2162  1302  5226  4151  3336 10125  5226 11120  6255  2568 10621 11211
 56946  5226  4151 10531 11211  1396  2029  3432 56940 56931 56945 56945
 56945 56945]
[36, 32] [11120 14556  4472    26 10621  5039  8916 10067 14358 56932 13211 11195
 56932  5165   217  1925   653 10621  6151  5804  1046 15404 11211 56940
  2162  1302  5226  4151  3336 10125  5226 11120  6255  2568 10621 11211
 56946  5226  4151 10531 11211  1396  2029  3432 56940 56931 56945 56945
 56945 56945]
[23, 19] [11120 14556  4472    26 10621  5039  8916 10067 14358 56932 13211 11195
 56932  5165  1925   653 10621  6151  5804  1046 15404 11211 56940  2162
  1302  5226  4151  3336 10125  5226 11120  6255  2568 10621 11211 56946
  5226  4151 10531 11211  1396  2029  3432 56940 56932  6205 13371 10291
 12486 11120]
[27, 26] [ 5224 10242  9823  4472  2480 56932  9568 10950 56932  9017 11211 11120
 56940 13636 56940  4472 11120  2463  4472  5804 14210  6533 11120   657
 10067 10292 10621 11020 11211  5804  4393  7795 10067   571  6154 14811
  1452 56940 36960 56940 56931 56945 56945 56945 56945 56945 56945 56945
 56945 56945]
[12, 12] [ 5224 14358 10621  5224  4942 34794  6151 56946 13396 11120  9258 11211
 14887  5179  5227 56931 56945 56945 56945 56945 56945 56945 56945 56945
 56945 56945 56945 56945 56945 56945 56945 56945 56945 56945 56945 56945
 56945 56945 56945 56945 56945 56945 56945 56945 56945 56945 56945 56945
 56945 56945]
[11, 11] [ 5224 12944 10067   412  2118  5224 15367  5226 11120 14779  6862  5783
  9543 56931 56945 56945 56945 56945 56945 56945 56945 56945 56945 56945
 56945 56945 56945 56945 56945 56945 56945 56945 56945 56945 56945 56945
 56945 56945 56945 56945 56945 56945 56945 56945 56945 56945 56945 56945
 56945 56945]
[22, 21] [   11 11211   425 12921 13675 56940  7782 13651  9481 56940 10621 56940
  5217 11211  5224 12956 11761 11949 14667  5804 13283 56932 56946 12024
  6287  4472   445 56940 56931 56945 56945 56945 56945 56945 56945 56945
 56945 56945 56945 56945 56945 56945 56945 56945 56945 56945 56945 56945
 56945 56945]
[1, 1] [56940 56946  5226   618  4562 11120 56946 56932 11120 12815 56946  5226
 14564 14557 10621  4562 11646 14218  2649 13901 10291  7303  8493 14329
 11211  5514  5224  4291  4472 11120  7182  6151 11835 56940 56932 15201
  5224  2792  4472 11120 56946 56932 16770 14183 56931 56945 56945 56945
 56945 56945]
[8, 8] [56940  6950 14180  5224  3612 56931 11122 11211 14548  5240  1970 56932
 56946 10621 12613 56940 56932  1603  5224  5715 15442  2867 56932 13386
  3245 15201 12764  6416 56940   269 56940  4472 11211  5224  4685  4472
  9450  9875    13  5076  1240   418  4405 13396  5224  1827  5513  4472
  3951 56931]
[2, 2] [56946 10621 56946  6151  1447  3667  4472 11120  3752 56932  9000  5804
  3536 12764  1340  5226 14662  6151 11120  6670 56933 11120 56946 56931
 56945 56945 56945 56945 56945 56945 56945 56945 56945 56945 56945 56945
 56945 56945 56945 56945 56945 56945 56945 56945 56945 56945 56945 56945
 56945 56945]
[29, 26] [ 2658 10429 56946  5240  8503  4472  5804 18421  8331 10291  3685  4562
  5224  3612  8984  4472 34867  5226 11120  5271  4472 34790  5226  5804
  4679  4055  4472  2732 56932  6722 56932 11211  7494 56940 12407  3058
 56940 12105  6151  8493  5265 56932  9000  1064 11211 56940  8606  8493
 11169 11753]
[13, 13] [56940 11122  7811 10067  9541  5240 11211 56932  1793  4472  5804   340
 56932  4365 12249 11120  5272  5534 10400  4562  5224  5482  5226  2370
 56940 56932  7780 15423 11940 56931 56945 56945 56945 56945 56945 56945
 56945 56945 56945 56945 56945 56945 56945 56945 56945 56945 56945 56945
 56945 56945]
[16, 16] [ 5224   653 22062  1694 11120 11311  4472 11120  1391 13371  8493 56940
  7002 56946 56940 10621  7955  2890   994  4065 10067 11744 56931 56945
 56945 56945 56945 56945 56945 56945 56945 56945 56945 56945 56945 56945
 56945 56945 56945 56945 56945 56945 56945 56945 56945 56945 56945 56945
 56945 56945]
[7, 7] [ 9000  9827  2203  6151 11120  5012 10621 14828  4472 14555  1231  4109
  4472 14948  5226 12031 12506 13371 11122  8057  4294  8509  1231 12352
  4562 56946 30540 56932 10611 56942 10621 56942 56931 56945 56945 56945
 56945 56945 56945 56945 56945 56945 56945 56945 56945 56945 56945 56945
 56945 56945]
[44, 41] [ 5224  2792  4472 56946 11220  1793  6151 56946 11120  3778  4472  7099
  5226 15276  4472 11120  7465 56946 56932  7956  6226 56946 10621 56946
 56932 56940 11211  7780  5492  5226  5804  4393  5137  2890  3172  4472
  5243  4472  5804 12960  5226  5804 11211 13611 56946 56940 56932 13396
 11122 11211]
[1, 1] [10621  8783 14373  4562  5224   653  5769 10291 10778  4122  6151 15359
 10621 56932  4472   424  7171 56932 56946  9550  7149 56932 56946 10621
 11120  5778 56931 56945 56945 56945 56945 56945 56945 56945 56945 56945
 56945 56945 56945 56945 56945 56945 56945 56945 56945 56945 56945 56945
 56945 56945]
[48, 42] [ 5224 10246 56932  6197 14337  5224  6260  7977  4472 13330  6151 11294
  5226  5224  4566  4472  4712 10291 14021  4562 11120  5158  8484  4472
 11120  2680 56932 10291  4401 48829  4562  9338  5226  1231 11093  5329
 13371  8086  4472 11120 14443 13344  1925  5347  4758 14781 56932  3828
 14773  8493]
[23, 23] [ 4151 14729  8371 10877  1170  7254 13396 11120   657 10067 11955  5432
 10067 10766 56932 11664  6105  4562  1379  6604 28030 56932 11211 11430
 11211  1593  6151  2890  4200 12407 11379  1925  4472 13760 56932 15648
 22363 56931 56945 56945 56945 56945 56945 56945 56945 56945 56945 56945
 56945 56945]
[29, 28] [  731 56932  5226  7809  6151 14374 56942 10368 13396 14196 56932  1040
  1793 11211 56940  5224 56946  5240  2166  5534 11120 13450 10067  9541
  5240  4073 56940 56932 10621  7620 13396 56940  8493  5404  5041 10621
 56946 10291  4746  4472   424 56946  4472 14694  5137 56940 56931 56945
 56945 56945]
[25, 22] [ 4973 37911 56932  2792  4472 11120 10260 13524 21922 13149 56932 11499
 11211  5224 13513    85   880 13396 56940  9394   465 56940 10621 10272
 11211  7780 14043  1925  9230 10246  4472 12336  9121 56932  4758 13662
  9992 56932 11211  1191 14122 12831 56931 56945 56945 56945 56945 56945
 56945 56945]
[39, 33] [ 4973 37911 56932  2792  4472 11120 10260 13524 21922 13149 56932 11499
 11211  5224 13513    85   880 13396 56940  9394   465 56940 10621 10272
 11211  7780 14043  1925  9230 10246  4472 12336  9121 56932  4758 13662
  9992 56932 11211  1191 14122 12831 56931 56945 56945 56945 56945 56945
 56945 56945]
[1, 1] [ 5534 11713  5488   243 56932  5804 11699  4472 56946 15603  5224  8033
  4472  1566 10621  4634  5224 12761 10067  5234   870  6151 14857 11122
 11211 25116 56931 56945 56945 56945 56945 56945 56945 56945 56945 56945
 56945 56945 56945 56945 56945 56945 56945 56945 56945 56945 56945 56945
 56945 56945]
[15, 15] [ 5534 11713  5488   243 56932  5804 11699  4472 56946 15603  5224  8033
  4472  1566 10621  4634  5224 12761 10067  5234   870  6151 14857 11122
 11211 25116 56931 56945 56945 56945 56945 56945 56945 56945 56945 56945
 56945 56945 56945 56945 56945 56945 56945 56945 56945 56945 56945 56945
 56945 56945]
[3, 3] [ 5224  6260  8289  8701  8493  9160  5226 51416 56932  2890  5765  4472
  1147 56946 56933  2890  8288  6411  5226 39812 18276 56932  3828  9661
  4835 10358  4472  6782 56932 10621  8493  7207  9160 56932 11211   343
   420   253  2914 56932  5226  2890 23432  6329  5226  5224 36065 56931
 56945 56945]
[13, 13] [ 9222 11979  4472 56940 15638 12022 56940 11120 13450  5226 11120  4932
 10621 15005  4472 11211  1490 13803  4472 13501 13261 13406  1233 12764
 11418 11120  3832  4472  4151 11899 10291  9514  2890 14399 56931 56945
 56945 56945 56945 56945 56945 56945 56945 56945 56945 56945 56945 56945
 56945 56945]
[29, 27] [56946  7780 14043   217  5226  3213 56946  6151  5804  7114  4472 11120
  1976  4472  5804  7345 56932 56946 56946 56932 10621  4472  4151  9269
 56932 56946 56946 56932 11211 56946  2890 14555  3161  4472  5804  2322
 56931 56945 56945 56945 56945 56945 56945 56945 56945 56945 56945 56945
 56945 56945]
[7, 7] [56940  5207   746 56946  4151   557 56932 25724  3421  1362  4472  5185
 10621  6197 12764  1340 13365 56931  5240 56946 56940 56932 15201  8493
  5541 56931 56945 56945 56945 56945 56945 56945 56945 56945 56945 56945
 56945 56945 56945 56945 56945 56945 56945 56945 56945 56945 56945 56945
 56945 56945]
[28, 26] [ 5224  9230  4472 13893 56932  3667  4233 22418 56932  7780  3805 11211
 12764  1240  7709 14184 11813  7932  4472 11211  5224 14358   418 32684
 11120 14028  2106 10621  7780  7699 56932 19204  6151  8502 11136 56932
  6151  9537 11211 56940  6846  4864 11426 14931 11211  2745 11289  1920
  3432 56940]
[13, 13] [10867 11979   424 13723  4472 56940 12407  7008 56940 10621 15201 11211
 56940  1061  5534  7709 56940 56932 10621  9371 11211 19764   919 15583
 10611  4151 13549  2370  4151 17344  4472  5804  3204 10621 11120 14678
 10067  5234  4817   501 11513 13952   848  4562  5804 12525 15278   425
 14675  5226]
[40, 39] [56940 12962 11211  5224  7926 56946 12297 14212  4472  7803 10621 20908
  4151  4290  5226  8225 12297 14444  6226 11122  1958 10291 11211 11669
  7346  4472 13384 56932  3967 13396 11120  3174 12683 56932 56946 13822
  6090 56940 56932  9127 36820 56932 10627   217  5224   413 56940  5224
  7805 56940]
[32, 31] [ 5224  2792 10246 56932 13029 13420 56932 10651  1231   445 13396 11120
 14720  5224  6260 13348 20490  1925  9322 10067  6319  5226  2890  2625
  5942 10621 26284  5226  7821    50 56932  6862 14691  4472 11211  8209
 56932 13396 11122 11211  4770  4472   445 56932 13822 15344  5226 56946
  4472  8851]
[34, 28] [ 5224   870 10067  5683 13579 56932 13662 10067  5928 56932 11117 14039
   375  4472 11120  1562 11211  1240 12765  1296  3786  1925  9102 27155
  6151 13686  6894 10621 14524 15105 56932  6151  5804 11211  4473 12413
  5226 13072 10067  9541  4472 16932 10067 11255  8788 56931 56945 56945
 56945 56945]
[5, 5] [13396  8593  1240  9028 11211 38996  6151 29257 15821 10291 11120  5603
  4401 56932  1925 15336  4562 20609  7956 11120 12613  2106 56932  5224
  8033  4472  4151   216 19586 10291 31948  5804  3073  7396  5226  6793
  4472 15133   202 56931 56945 56945 56945 56945 56945 56945 56945 56945
 56945 56945]
[20, 17] [ 8171 13952 13542  7930 12948 11211  1231  4154  5162  6151   782 11120
    29  5804 56946 56932  5226  4466 56932  3828  4962  5224  2710 13790
 56932 10291  2529 11297  1925 11988  1095  4472   797 56931 56945 56945
 56945 56945 56945 56945 56945 56945 56945 56945 56945 56945 56945 56945
 56945 56945]
[18, 18] [11120  4851  6351 11211  1231  8024  1240 32283  5534  1240 22318  4472
 11120  7441  4472  5804  7394 10621 16467  3336  4472  2496 15083  4472
  4592 56940 10606   633 56940  5226  6036  6151  1231 12347 56931 56945
 56945 56945 56945 56945 56945 56945 56945 56945 56945 56945 56945 56945
 56945 56945]
[8, 8] [ 5224  4656  5065  1790 50084  5226  4151 11211 10272   503 23347 13396
  7412 33609 56931 56945 56945 56945 56945 56945 56945 56945 56945 56945
 56945 56945 56945 56945 56945 56945 56945 56945 56945 56945 56945 56945
 56945 56945 56945 56945 56945 56945 56945 56945 56945 56945 56945 56945
 56945 56945]
[8, 8] [ 7868  5224 15548 56932 56940 11120 13480 11211 40292  3241  5226  9050
 56932 12731  5226  9050 10621  5240 12407  7074 13396 13822  3692  7539
 56940 56931 56945 56945 56945 56945 56945 56945 56945 56945 56945 56945
 56945 56945 56945 56945 56945 56945 56945 56945 56945 56945 56945 56945
 56945 56945]
[11, 11] [  424    85  7218  4472  1231  5003  5226  5224  3719  5226 11211  9241
 13424  4472  6488 10611  3434  4472  6619 10621 11344 13712 10067   447
 56931 56945 56945 56945 56945 56945 56945 56945 56945 56945 56945 56945
 56945 56945 56945 56945 56945 56945 56945 56945 56945 56945 56945 56945
 56945 56945]
[1, 1] [56940 56946  5224   412 10291  5407 22563 56940 56932  9490  3805  5224
 14012   821 56932  4472 56942  5137 56932 15023  2570  5226 11120  7207
 13046  1925  5233 44481 56946 56932 10621  6205 11122 15574  8509  5804
 10013  4472  6480  1426   217 56931 56945 56945 56945 56945 56945 56945
 56945 56945]
[8, 8] [ 5224 14012  7780  3521  5804   420  3204 11211  7780  4629  2370  1725
 56932  5226  8406  5224  2689  6260 10621  5226  5804  1304  4472 56946
 10621   605  5226 56942 56932 10621 12171  7780  4629  4562  5224 12796
 56931 56945 56945 56945 56945 56945 56945 56945 56945 56945 56945 56945
 56945 56945]
[30, 28] [ 5224  2792    91 56932  6349 15520 56932  7780  3924  5224 15038  4472
  1231  3879  9243 56932 10556  2828 56932 13386  1240  3623 15009  6151
  9493  6151  5804 14304  4459 11211 56946  4151 10633  9842  1925  8699
 56932  9877 13396  4151 12831  4472  6393 56931 56945 56945 56945 56945
 56945 56945]
[15, 13] [ 5804  8330  4472  3703  3982 11211 12764   746 15231  3260  5226 15583
  4562 11191 10621   470 11211  8993   746  3860  4151   621 10621  4304
  4472  5668 56932 13396 11122 11211 11242  6151 13661 11211 56946 56931
 56945 56945 56945 56945 56945 56945 56945 56945 56945 56945 56945 56945
 56945 56945]
[30, 28] [ 5804  8330  4472  3703  3982 11211 12764   746 15231  3260  5226 15583
  4562 11191 10621   470 11211  8993   746  3860  4151   621 10621  4304
  4472  5668 56932 13396 11122 11211 11242  6151 13661 11211 56946 56931
 56945 56945 56945 56945 56945 56945 56945 56945 56945 56945 56945 56945
 56945 56945]
[17, 17] [ 5224  2880 11828  5226  8876 15168  6151  5804  4740 11211 56932  4693
  4472  9607 11120  4348 56932  4493  6151  5804   433  2831  5226 14662
 11211  8090 13371 11120 15315 56932 11120  9223 56932 11120 13491  5401
   848  7353  5647 10621  8612  1240  1784  4562 11120 10225  2246 56932
  1925    20]
[30, 30] [ 5331  4151 26835 56946 13396  4151 11899  4472 11211 11120 37805 10067
 50687 12764  7494 15652 10611  8373 12379  9220 56932 10621  4472 11211
 11120 13450 11697  5240 33563 56932 15257 10219 10621 12764  1146  6151
  5804 56946 56932  5992   311  5224 12684  4472 56940  2188  2890 14399
  4922 56940]
[32, 31] [10621  5240 13487  5534 56932  5226 14923 10103  4791 56932  2890  9823
   848  2890  7343  9823   848  3446 56932  8993  5217  5224  8598  4472
  7222  4472 11120  4431 56932 11236  2175 56932 13903  1925 12051  3633
 10067  2274 10621 56932  5226 15422  4472   767 56932 12455 11120   108
  4472  2396]
[9, 9] [56940  1233  5224  9925 13280 11122 11211  1659 11211  3645  6151  8606
 56932 15360 12994  1925 11255  2792  4472 12379  5452 56940 56932  1243
   505  5226 11120  7442 56940 11140  4472  6976 56940 15023  5224  7261
  4472  8493  1300   445 56931 56945 56945 56945 56945 56945 56945 56945
 56945 56945]
[1, 1] [56940 56946  6151  5804  7301 10291  9227  5226  6905 13272 13371  7345
  9139 10291 10778  5345  6151  6014 56931 12764 12703 35595  5226 11120
  4333  4472  4822  9330 10291  5345  6151  6014 56940 56932   730  5224
 13576 10718  6151 12341 56942 56931 56945 56945 56945 56945 56945 56945
 56945 56945]
[8, 8] [ 4151  6505  2844  9048 11211  3572 56946 10621 30733 11555  1925  4669
 10621  6151 10025  8521  1427 13144 56932  6151 12328 10067 15038 10493
 10291 11211  5804  7496 20622 13396 11120  5319   635 56946  5226   424
  6319  6151  2707  4472 11120 11602 13346 56931 56945 56945 56945 56945
 56945 56945]
[18, 18] [11120  4760 10545 11211  8373  2402  1240 56946  5226 13822  6090  5534
 56932  5224 13913  4472 56942 56932 56946  6151  5804  7394 56932 11211
  2733  8493 18623  4472  6142 56931 56945 56945 56945 56945 56945 56945
 56945 56945 56945 56945 56945 56945 56945 56945 56945 56945 56945 56945
 56945 56945]
[14, 14] [56940  8025  5684  6341 43621 11211  5224  6757 12764  5240  5224 12675
 10621 15219 15669  5226 11120 10346 56940 56932  6299  5224  2471  2944
 56931 56945 56945 56945 56945 56945 56945 56945 56945 56945 56945 56945
 56945 56945 56945 56945 56945 56945 56945 56945 56945 56945 56945 56945
 56945 56945]
[11, 10] [15648 11211  3260 13171  8877  6151 11120 12695 10067 11964  5692  5172
  8493  7442  4472  4188  5226 11120 11211 11117  1295 11211  1231  4136
 17975  5226  5242 56946  6151  3572 56931 56945 56945 56945 56945 56945
 56945 56945 56945 56945 56945 56945 56945 56945 56945 56945 56945 56945
 56945 56945]
[15, 14] [ 2890  3400 10705  6151  2890  7839  5534 12319  5226 11120  4932  4472
 11120  7239  8630 13486  7609  4562  1231 10210  9675 56931 56945 56945
 56945 56945 56945 56945 56945 56945 56945 56945 56945 56945 56945 56945
 56945 56945 56945 56945 56945 56945 56945 56945 56945 56945 56945 56945
 56945 56945]
[14, 12] [ 5224 56942  4472  1787 56932 11120  4760 15415  1925  1107 56942  3861
 10291 11211  4437  8373  4507  4472 56942  5669 56934 56942 11804  4472
  5699 56935 10621 56942  5669 56934 56942 11804  4472  5699 56935 56932
 56946 56932  8170 56932 13396  5224  3835 13329 10621  5224  3835  9450
  2074 56932]
[22, 22] [  425  6297  1240 11696  6151  5804 56942 11804 11211  7494  1076  8196
  5224  7901 13396  5224  1079  4472 14821  9536 10621 11211 11033  1925
 12675   273 56931 56945 56945 56945 56945 56945 56945 56945 56945 56945
 56945 56945 56945 56945 56945 56945 56945 56945 56945 56945 56945 56945
 56945 56945]
[19, 18] [ 8981 56946 15083 11211 11120 10615  4472  1551  5226  4123 12096    85
 10067 56946  4161 14842 56932  1233  4518 14046  1925 56946  4161  5224
 56942  4472  5198 56931 56945 56945 56945 56945 56945 56945 56945 56945
 56945 56945 56945 56945 56945 56945 56945 56945 56945 56945 56945 56945
 56945 56945]
[35, 33] [ 5224 27155 11984   425  8818  5224  8876  5551  4472  1231  7645  5226
  5224   468  5206  5226  5544 10201 56934 56946 56935 56932  2890  2689
 15083  4472 11211  5224  6145 13732 11117 56946 13396 56946 56932 56946
  6151 12347 13396 12238  1004 14314 10621  1240 22809  5226 11120  4932
  8973  4472]
[36, 36] [11120  7002 11211 56946 10621 11120 11211   151  1925 56940 17172 15275
 56940 11211 11117  8057  4562  5224 11629  6151  1231 56946  8734 10067
 12168  8503  4472  5804 13171 56946 10067  6171  9239  4472   778 10621
 36510 11120  2928  4472  1018 56931 56945 56945 56945 56945 56945 56945
 56945 56945]
[21, 21] [ 4161  5224  3719 56932  5226  4151 56942  5991  6151   778  4472  1231
  6319  6066 14154   340  5226  5804 56942  3204 11211  1585 56931 56945
 56945 56945 56945 56945 56945 56945 56945 56945 56945 56945 56945 56945
 56945 56945 56945 56945 56945 56945 56945 56945 56945 56945 56945 56945
 56945 56945]
[13, 13] [11437 15005 56932  1793 56932  4472 11211 56940  5804 13171 52661 56932
  1233 56946 11120  4243 56932  6513  5804 10047 10621  5804 11211  8871
  3239 56940 56932 13396 11122 11211  4115  1925  6319  6151  4341  4151
 10531 11211  4275 10291  3825  5804  3639  4562  5804 11211 10677 11120
  8163 11523]
[38, 38] [11437 15005 56932  1793 56932  4472 11211 56940  5804 13171 52661 56932
  1233 56946 11120  4243 56932  6513  5804 10047 10621  5804 11211  8871
  3239 56940 56932 13396 11122 11211  4115  1925  6319  6151  4341  4151
 10531 11211  4275 10291  3825  5804  3639  4562  5804 11211 10677 11120
  8163 11523]
[19, 19] [11120  2884  6005  1925   653  4472  9737 56940  8493 14083  5179 15600
 56940 10291 13853  5224 15120 12033 10621  2332 11211  5224 14358  7780
 32684  4151 14030 11458  5226  2890 56940 13909  3314 56940  5217 56942
 56931 56945 56945 56945 56945 56945 56945 56945 56945 56945 56945 56945
 56945 56945]
[8, 8] [ 7595  7053 56946   153  6151 30872  2861 56940  9237  5224 13676 15168
  5226  4151  8136  4472   406 13396  1231 13205 10291 11620  2890 14687
 19828 13371  4151 11399  4472 14746 56932 11211  6197  8796  6151 56942
  3947 56940 56931 56945 56945 56945 56945 56945 56945 56945 56945 56945
 56945 56945]
[1, 1] [56940  8428   425  8458 13371  2890  2052  8139  5226 11120  5844  4472
  2890  5497 15038  1925  2792  4472 14113 56932  2930 14055 10621  6151
  5804   663 56940 56932 15201 14740 56931 56945 56945 56945 56945 56945
 56945 56945 56945 56945 56945 56945 56945 56945 56945 56945 56945 56945
 56945 56945]
[2, 2] [ 8630 11211 56946 10463  5226 56942  4472  6128 56946 56932 13815 56946
  5804 10314 56946 56946 13396 16525 56932 12889  5137 15083 29151 11120
  1903  4472 14233 10621   645  5804 56946 11211 56946  7430 56931 56945
 56945 56945 56945 56945 56945 56945 56945 56945 56945 56945 56945 56945
 56945 56945]
[22, 21] [ 8630 11211 56946 10463  5226 56942  4472  6128 56946 56932 13815 56946
  5804 10314 56946 56946 13396 16525 56932 12889  5137 15083 29151 11120
  1903  4472 14233 10621   645  5804 56946 11211 56946  7430 56931 56945
 56945 56945 56945 56945 56945 56945 56945 56945 56945 56945 56945 56945
 56945 56945]
[22, 18] [11120 12878 56946 56946  4472  2555 56934 56946 56935 10621  4984   746
 14043  1925  7966  4472 11120  5918 56934  5688 56935 11211 12830  4472
 13171   692  1925  3660 56946  7587  2106 56932  2890  3900  7577 10067
 11211  3245  2752 12135 10624 11197 56932 14218  7054 10621 15404 56931
 56945 56945]
[1, 1] [56940 43564 11211 11120  7424   582 14001  1925 13344  4472  4151 15461
 19869 10067   653 56940 56932 11499 56946  5226  5804 24135 10067 12074
  4472 11120  1866 37488 10067  9925 56931 56945 56945 56945 56945 56945
 56945 56945 56945 56945 56945 56945 56945 56945 56945 56945 56945 56945
 56945 56945]
[40, 39] [11120  1620 18142 56932  5226  3983  4472  8354 10621  4562  5224 14746
  7956  4151 14130 56932 15201  1925  1782 13154  2861 56940 12024 18349
  8993  6236 11211  8946  1557  4472  3433 56940 56932  5280 56932 13482
  6151 13822  3010 56932 42348  1925  5689 10067  2792   671 10291 11434
  8493  8230]
[23, 22] [11120  6855  4472 13211 12954  1240  4695  4562  8493 11727 56932  6151
 11120 11211 10762   683 56942 14331 10067 14358 56932  1633  4938  1346
  5804  2260  5226 11211 56940  5224  4188  7973  4472   424  9541  8946
  5224  4472 13822 14331 10621   217  8908 12672 12407  3269 10291  5224
  7871 10621]
[24, 24] [56940 56946 56940 56932 13371  1240 11117  9142  5226 56946 56932  6197
 16738  1925  1883  9222  6151  1231  9925 13280   683  5137 10621   217
  9127 11211 56932  1925 20871  4472 11211 13211 12954 17069  4472 14555
  6151   425  5346 56932  8321  2529 12342 12675 13386 11120 56946  5217
 11120  9639]
[18, 17] [   85  2370  5224 13064  2067 56946 56932 10621 11669  3719  4472 50656
 14190 11211 11117 12390 11664  5280 14773  5224 12687 56931 56945 56945
 56945 56945 56945 56945 56945 56945 56945 56945 56945 56945 56945 56945
 56945 56945 56945 56945 56945 56945 56945 56945 56945 56945 56945 56945
 56945 56945]
[18, 18] [56946 56932 12467 10067  1526  4472 11120  2204 16762 56946 56932  7780
 19760  5226 11120  6570  5217 11211  3717  5224  2729 10621 56932   907
  6151  1231   406 56932  5240   985 13371  8493 12031  4472  9205   681
 13396 14694  1388 56931 56945 56945 56945 56945 56945 56945 56945 56945
 56945 56945]
[19, 19] [ 7868  5804 10810 56932  5224  9675    85  5224 13115  5179 11120  9748
 13396 11120  7384  6151  4151 12336 11211  5648  4562  1231  7132 56931
 56945 56945 56945 56945 56945 56945 56945 56945 56945 56945 56945 56945
 56945 56945 56945 56945 56945 56945 56945 56945 56945 56945 56945 56945
 56945 56945]
[26, 24] [ 5804 11360 56946 10621 19162 56946  3245  1240  9567  4979  5226  8325
 56932 12889  5226   425 11093  4722 13822  5843 12764  1240 12813  6151
  7538 10621 30235  3361 12128  1925  6812 56931 56945 56945 56945 56945
 56945 56945 56945 56945 56945 56945 56945 56945 56945 56945 56945 56945
 56945 56945]
[4, 4] [ 5226  5804  4393  9939   746 17561  8373  2814  4562  6761  5717 11120
 13439 56946  5226 11120 13733  4472 56946 10621  2890  4476    85  4869
  6151 15131  4472  2890 10673  5226  5224  5135  8630  5804 56946 47940
 56931 56945 56945 56945 56945 56945 56945 56945 56945 56945 56945 56945
 56945 56945]
[3, 3] [ 4562  5224 10169   746 12249  2890  7415  2052  5179 15600 10621 11120
 23362 10067  2610  7709 56459  5226   919   792  8244  5226  5804 13349
 56931 56945 56945 56945 56945 56945 56945 56945 56945 56945 56945 56945
 56945 56945 56945 56945 56945 56945 56945 56945 56945 56945 56945 56945
 56945 56945]
[4, 4] [ 9000  5224  3411 11211  6942 56932 13352 56932 56940 14190  2890  9766
   821  4472  9488 56940 56932  6722 56931 56945 56945 56945 56945 56945
 56945 56945 56945 56945 56945 56945 56945 56945 56945 56945 56945 56945
 56945 56945 56945 56945 56945 56945 56945 56945 56945 56945 56945 56945
 56945 56945]
[10, 10] [ 5804  5379  3982 11211 56932  8509  9379  5137 56932 56940   746  4449
 13961  8849  4562  5224 12684  4472 11211 11120  9849  4210 15107 11120
 14088 56940 56931 56945 56945 56945 56945 56945 56945 56945 56945 56945
 56945 56945 56945 56945 56945 56945 56945 56945 56945 56945 56945 56945
 56945 56945]
[21, 21] [ 6205 56932 12948 56932  5226  5804   914  5802  4472  9209  4534    61
 56932 56946 16263  2890   475  2861 56940 10611 13478  4365 14902  5804
 11941 56931  8552 13396  1231  1870 56940 56931 56945 56945 56945 56945
 56945 56945 56945 56945 56945 56945 56945 56945 56945 56945 56945 56945
 56945 56945]
[16, 16] [ 1793 56932  4044  6151 11120 11752  4472  5804 11779 10067 10386  8561
 10621  7018 10291 11211 56946  7956 56940  5224  1918 11627 56940  4472
 13822 13767 10621 13822  4900 56931 56945 56945 56945 56945 56945 56945
 56945 56945 56945 56945 56945 56945 56945 56945 56945 56945 56945 56945
 56945 56945]
[11, 11] [ 3828 10262   981 13337  4472  6143 56932  3761  8701    64 11211  9606
  6151 11955  4472  9214 56931 56945 56945 56945 56945 56945 56945 56945
 56945 56945 56945 56945 56945 56945 56945 56945 56945 56945 56945 56945
 56945 56945 56945 56945 56945 56945 56945 56945 56945 56945 56945 56945
 56945 56945]
[3, 3] [ 5226  8406 56932 56946  2890 15770 13843  6151 11120   712  4472  5804
  3692 10067 11183 56932  5804 16680  4472 13732 56932 11211 12993  5226
   425  5346 11169 12135 10067  6710  6151 11211 15394  2879  5224 19576
 56932 10621  5226 56946  5224 11183 10097  5224  1673  4472  3400 18228
 10067 15837]
[36, 33] [12889  5224   864  1373  6111 56932  3245  5466  6151 54399 10646  5804
 17678 56932 56940 12672 11211 15394  2986 13171 12562  6151  5804 10585
 10067  7770  6151 11120  4000  4472 10731 17678  4472  5804 56946 11211
 11597 56940 56932 14504 10215 56931 56945 56945 56945 56945 56945 56945
 56945 56945]
[30, 28] [11120  5474  5226  5804  4185  3861  4472  4151 12938 56932 11211 56946
 10291 17377 56932   672 10621  7874 56932    85 26859 13396  4151 15300
  5224  6260 56942  4472   995 10621 26749  6151  8493   661  5142 13396
 11120 11556  4472 13730  8658  5432 56934 23772 56935  8509  8493  8458
  9887  5226]
[4, 4] [ 3245 15394  4275 11211 15599  4562 56940  7327 10621  7947 56940  4151
  7809  4472  7330  3091 56932 10291 13853 56946  5804 15157 56931 56945
 56945 56945 56945 56945 56945 56945 56945 56945 56945 56945 56945 56945
 56945 56945 56945 56945 56945 56945 56945 56945 56945 56945 56945 56945
 56945 56945]
[19, 19] [15648 11211 13371  1969  4125 11120  7316  4472 11263  4562  5224   776
 56932 11211    65  4151 15271  6072 56932 56946  4562  5804 15370  4472
   424  5076 10621  4472   826  1132  6151  2890 14399  4562  8025 56931
 56945 56945 56945 56945 56945 56945 56945 56945 56945 56945 56945 56945
 56945 56945]
[39, 36] [12476 56946 56932 13488  9823  4472 11120 11840 56932 15604 11211  9140
 10621   194 56940  5240  8493 16244  9745  3492  4549 11211  5226  5804
  4393  5137  7780  4380  2861 13290  4472 11120 14623  1801  5226  5804
 13098 15370 56932  7780  1679  6361  3922 10291  5224  3104  4472 13870
 10621   373]
[25, 23] [ 1925  6117  4472 11120  1016  4472  4284 56932 11120 11840  7780  5159
  3245 13396 10021 13822 13817  4472  5869  6151 11120  4194  5822 56932
 10621  7780  2729  5226 14390  8493  3723 10291 14342  3245  6151  7608
  4472  1335 56931 56945 56945 56945 56945 56945 56945 56945 56945 56945
 56945 56945]
[31, 31] [ 4151 14368 56932  8373  4472  4151 13171  2983  4472  1352 56932  1240
 15515  1404  5226  5224 12908 11142 10291  5224 12189  7261  4472  8493
 10509  4255  4472   283 10621 13916 11211  9347  5226  9249  4472  9152
 10621  1446  3673  8509  6221 11120 12921 56931 56945 56945 56945 56945
 56945 56945]
[1, 1] [56940  4125 28646  4518 56932 12015 17667  9158 56943 56940 56932  6236
 56931 56945 56945 56945 56945 56945 56945 56945 56945 56945 56945 56945
 56945 56945 56945 56945 56945 56945 56945 56945 56945 56945 56945 56945
 56945 56945 56945 56945 56945 56945 56945 56945 56945 56945 56945 56945
 56945 56945]
[2, 2] [ 3982 11211  5917  5224 15623  6151 11120  9849 56931 56945 56945 56945
 56945 56945 56945 56945 56945 56945 56945 56945 56945 56945 56945 56945
 56945 56945 56945 56945 56945 56945 56945 56945 56945 56945 56945 56945
 56945 56945 56945 56945 56945 56945 56945 56945 56945 56945 56945 56945
 56945 56945]
[12, 12] [ 1233 11120  9852  4472  2890  3345  3158  5240  5224 12764 52496 56932
 44302 12702  6151  1231  4492  4472 11120 11752 13344  6151  5804 11853
 52661 56932  9000  5226 11813 13440 54827  1925  3888 56931 56945 56945
 56945 56945 56945 56945 56945 56945 56945 56945 56945 56945 56945 56945
 56945 56945]
[17, 17] [11713 12407  2199  4472 11325  6261 10621 56932  5226  5224 16271  4472
 11120 15720  5226 11120 11211 13893 56932  7782  1462  4151  8851 10067
 12361  7513 56931 56945 56945 56945 56945 56945 56945 56945 56945 56945
 56945 56945 56945 56945 56945 56945 56945 56945 56945 56945 56945 56945
 56945 56945]
[3, 3] [ 9000  4562 32617 18718  5804 35991 10621 13396 11674 14855  4472 24499
  7709  2529  3245 11603 56931 56945 56945 56945 56945 56945 56945 56945
 56945 56945 56945 56945 56945 56945 56945 56945 56945 56945 56945 56945
 56945 56945 56945 56945 56945 56945 56945 56945 56945 56945 56945 56945
 56945 56945]
[10, 9] [13607 11211  5534  9506  6151  8953  8782  5226 11149  6041 56946  5224
 12649  8782  5778  5716 12297  5224 11100 56932  5224 13946 12297 56932
  8782 12567 11211  5226  1490 13395  8630  8291 11279 56931 56945 56945
 56945 56945 56945 56945 56945 56945 56945 56945 56945 56945 56945 56945
 56945 56945]
[6, 6] [ 6151 11093  4000  4472 11120  1296 10463  4940  4562 56946 15894  5226
  5224 18344  4472 11120 12767 56932  8630 56946  4151  3039  3205  4472
 11120 16669 56932 11122 11211  5226  4649 30527  7898  8445  4472 56946
 56933  1925   273 10621  1925  9687 56932 56942 56946 56946 11120  1216
  8328 10621]
[9, 9] [ 3919 11211 11120 56737 56946  1925  5718 56932 10621 56946 13487 13396
 56946  3657 14977  6151 11325  7864 10621 10568   254  5224 13440  4562
 11120 12226  4472  2890  4633  4472  9212 56931 56945 56945 56945 56945
 56945 56945 56945 56945 56945 56945 56945 56945 56945 56945 56945 56945
 56945 56945]
[11, 10] [12015  4470 14662  4472 11211 11120  4811 11752 56932 11122 11211  2816
  5224   911 10067  9857 56932  4615  4472 10160  7956 11325  9137  4562
 11120 56946  4472  8493  4472  4151  2562 11211 12455 13507  5534 12764
   373  6160   417   848 56946  5804  9242  4562  2890 11104  4472   367
 56931 56945]
[5, 5] [11604  1009 11211 56932 13371 12013 56932  5224  3104  4472 10050  2669
  4472  4189  2890 15316  4472  3077  4472  7891 10067  1951 12683 10291
 11211  5804  3692  9658  9232  6151 13822  7864  4562  1490  4136 56932
   494   957 56932 12889 12543    60 10722  5414 56932 11149 10166 56931
 56945 56945]
[5, 5] [13396 11674 56932  1233  9198  7703  1009  4472 11120 14088 14238  4472
  2591 56946 56932  7703  3969  1379  4472  1231  9630  1661 56932  6956
 10621  7945 56931 56945 56945 56945 56945 56945 56945 56945 56945 56945
 56945 56945 56945 56945 56945 56945 56945 56945 56945 56945 56945 56945
 56945 56945]
[22, 22] [ 5224 56946  7198 10703 56932  9000 17589  1148 14802 56933  5224  5738
 56932 53746 10621 56946 13371 14914 13396  5804 22334 11211 11236  4472
  1231 56946 56946 56932  6950  1240 18541  6151  1168 12675 10621 12764
 37879    13 12479 11211  5224  4472  1231 12759  8284 56932 11372 14102
    19 13277]
[30, 27] [ 5804   953  7215   746 14069 33817 13083  8871  9876  5226 11120 11528
 11211  5226 11120 13812 10621  5452  5226  6036  6151  6381 13371 17539
 56932 21258   848  4337 42074 56932  1465   217  5319  2861  5804  3153
  1317 56946  6151  8593 56943 56945 56945 56945 56945 56945 56945 56945
 56945 56945]
[5, 5] [21258 12764  1240 56946 56932 16738  6151  2890 13723  4472 17370  4472
 11169 16581  9000  6578  7460 56932 10621  4472  1274  5224  3612  5371
  1925  8871 14915  4518 13371  5224  4472  5804  5710  2861 13512  4161
  5804 12297 17090 56942 12297 10067  6171  4472 11120 11528 10621  5226
  8025  1487]
[49, 46] [21258 12764  1240 56946 56932 16738  6151  2890 13723  4472 17370  4472
 11169 16581  9000  6578  7460 56932 10621  4472  1274  5224  3612  5371
  1925  8871 14915  4518 13371  5224  4472  5804  5710  2861 13512  4161
  5804 12297 17090 56942 12297 10067  6171  4472 11120 11528 10621  5226
  8025  1487]
[19, 18] [ 5226  2972 56932  4228  6151 11120  1004 11211 13478  5804  6381 56946
  6151 11120  8364 56932 11211 12764  6950 17284 19197 56946 13822 42720
 10621 24409 56932 10621 11211  1240 56946 12672  4643  6151  2890  2972
  9322 10291  7721  4151  3765  2370 56946 10621 19550 15513 22469 56931
 56945 56945]
[3, 2] [ 4472 12752 11211 23960 56946 56946 32364 17193 56931 56945 56945 56945
 56945 56945 56945 56945 56945 56945 56945 56945 56945 56945 56945 56945
 56945 56945 56945 56945 56945 56945 56945 56945 56945 56945 56945 56945
 56945 56945 56945 56945 56945 56945 56945 56945 56945 56945 56945 56945
 56945 56945]
[4, 4] [ 5123 15083 11211 12645 55285 11120  7037   229  9388  5123 10540 56931
 56945 56945 56945 56945 56945 56945 56945 56945 56945 56945 56945 56945
 56945 56945 56945 56945 56945 56945 56945 56945 56945 56945 56945 56945
 56945 56945 56945 56945 56945 56945 56945 56945 56945 56945 56945 56945
 56945 56945]
[10, 10] [ 9000  1231   681  3645  1379 13171  2315  4472 11120 11211 10192 56946
 13371 12705 10370  4472 13075 56931 56945 56945 56945 56945 56945 56945
 56945 56945 56945 56945 56945 56945 56945 56945 56945 56945 56945 56945
 56945 56945 56945 56945 56945 56945 56945 56945 56945 56945 56945 56945
 56945 56945]
[32, 31] [ 5226 10577  4472 11120 11851  6151   424 14687 56932  5217 13280  7898
  5137  1240   746  2302  5804  4573 56946  5410 12297 56946 56946 12297
   848 12297 56946 12297 56932 11211  5226  6207 10192 14824 13396 12297
  6646 12297 56931 56945 56945 56945 56945 56945 56945 56945 56945 56945
 56945 56945]
[31, 30] [ 3047  5224 17393  4472 56946 13841  6151  1231 14761 12297 12297  1925
  8871  5226  2890  1242 12297 12297 13371  8493 22383 13171 56946 11211
 13775 56933  9000 11122 14347  5240 11211  8666  5224  1926  4562    13
 12562 10621  9039  3082 56932  4562  5224 16090  4472  2890 29708 56931
 56945 56945]
[8, 8] [ 5224  4154  6201  5224   515  4472  9728 11211  1776  4472  4864  5217
  2890 14293   763 56931 56945 56945 56945 56945 56945 56945 56945 56945
 56945 56945 56945 56945 56945 56945 56945 56945 56945 56945 56945 56945
 56945 56945 56945 56945 56945 56945 56945 56945 56945 56945 56945 56945
 56945 56945]
[18, 16] [ 2443 11120  3094  5226  5198  4472 56942  5534 12565 11120  1029  4472
  1231  8876  8024 56932  6151 13386  4563 12475 56931 56945 56945 56945
 56945 56945 56945 56945 56945 56945 56945 56945 56945 56945 56945 56945
 56945 56945 56945 56945 56945 56945 56945 56945 56945 56945 56945 56945
 56945 56945]
[29, 29] [ 5850 11401  4472 14496  6151 13439 10621 11293  8493  7626 13171  6806
 56933  4562  4151  8865 12764  4365 13848 11122 11211 56946 56932  6151
  1000  1233  4562 11120  3111  4299 12297 56931 56945 56945 56945 56945
 56945 56945 56945 56945 56945 56945 56945 56945 56945 56945 56945 56945
 56945 56945]
[40, 37] [ 5804  5234  9491  3018  5226 13822 12517  4472  9424  4472  6041 10621
  5226  5224  8966 11211 12623  5224  7147  4472 15243 11211  4050 12322
 10067  5905  4562  5224  7992 10067  1926 56932  5224  1095  4472  4816
 18059  1925 15018 56932  8955 13396  5224  9283  4472  5234  9491 11211
  1240  9567]
[43, 43] [ 4345  7494 56942  5137 10621  1240 56946 13371  2890 12297 10141  4472
 56946 12297 56932 11211  1240  7780  7980  5226 40449  5217 13280  3421
  5137 12297 13371  1490    13 15308  4472 10454   848  4472  3789 10067
  5765 12297 10621 56932 13396 11674 56932   668 11211  6197 12764  2645
  5224  5407]
[6, 6] [ 4550 56932 56942  5137 15083 56932 24442  4472  2529 12297 56946 12297
 10621  7333  4562 15556 15883  5224  6542 10067 23307 10621  5224  8984
 14931 56946 56943 56945 56945 56945 56945 56945 56945 56945 56945 56945
 56945 56945 56945 56945 56945 56945 56945 56945 56945 56945 56945 56945
 56945 56945]
[13, 13] [ 4550 56932 56942  5137 15083 56932 24442  4472  2529 12297 56946 12297
 10621  7333  4562 15556 15883  5224  6542 10067 23307 10621  5224  8984
 14931 56946 56943 56945 56945 56945 56945 56945 56945 56945 56945 56945
 56945 56945 56945 56945 56945 56945 56945 56945 56945 56945 56945 56945
 56945 56945]
[6, 6] [  753  8150 11211  8159 11211  6205  7709 12764  6950 28667  4161  5224
 13913 10954  3421  5137 13171 56931 56945 56945 56945 56945 56945 56945
 56945 56945 56945 56945 56945 56945 56945 56945 56945 56945 56945 56945
 56945 56945 56945 56945 56945 56945 56945 56945 56945 56945 56945 56945
 56945 56945]
[18, 18] [ 5314 56946 11211 12297  5224  8907  4472 11673   445  4472  8070  5240
  9064 56932 10621  5224 16058 11211  5293 56932 56946 56933 12764  1240
 14190  6151 11122 11211  7780  9228  1452 11120 26775  9823  4472  4151
 12831  4472  3572 12297 56931 56945 56945 56945 56945 56945 56945 56945
 56945 56945]
[25, 23] [ 4264  1167 56932  5234 12365 12683  4472  2074 56932 39463  4562  2606
 13280 13649 11970 10621    85  1231  8272  5226  8493  9540  4472 23673
 11211  1487 56932 12297 11767 12297  8964  1167 12297 13396 12024 12898
 14260 12342  7334 12407  4518 56932  4562  1379 12691 56932    20 11211
  5226 12031]
[9, 8] [ 5207 13126 11120   207 21244 56932  9000 14914  1004 56946 11267  5240
 11120 12191 10067 11555 10621  1233   428  7709 17339  1925  9843  1233
  1240 56946  4472 11120 20858 56931 56945 56945 56945 56945 56945 56945
 56945 56945 56945 56945 56945 56945 56945 56945 56945 56945 56945 56945
 56945 56945]
[9, 9] [ 5217 11211 11122 56946  5226 11120  3288 10067  6109 45856 11120 13733
 10621 42879  4472  5970  4562  6295 56946 10621 56946 56932  6295  4472
 45704 56932 11664  5224 14315  2426  8448  4472  2890  7238  4413 56946
 11120 24223 56931 56945 56945 56945 56945 56945 56945 56945 56945 56945
 56945 56945]
[9, 9] [12297 12297 12297 11149 11117 14190  6151 13691 11211  8734  2317 14483
 56937 56945 56945 56945 56945 56945 56945 56945 56945 56945 56945 56945
 56945 56945 56945 56945 56945 56945 56945 56945 56945 56945 56945 56945
 56945 56945 56945 56945 56945 56945 56945 56945 56945 56945 56945 56945
 56945 56945]
[7, 7] [56946  9558  2370  5224  9084 55148 56932 56946  4161  5224 56946  5534
 56946  4562  5804  4976 19272 11120  5272 56946  4472  4151 18990 13171
 12946 56931 56945 56945 56945 56945 56945 56945 56945 56945 56945 56945
 56945 56945 56945 56945 56945 56945 56945 56945 56945 56945 56945 56945
 56945 56945]
[5, 5] [12297 12297  6942 12297 12297 56946 10621  1240 29247  6151 21381  8828
 56932 13371  1233 10261 15416  4472  5000  5487  3521  5226  8493  5918
 28890 56931 56945 56945 56945 56945 56945 56945 56945 56945 56945 56945
 56945 56945 56945 56945 56945 56945 56945 56945 56945 56945 56945 56945
 56945 56945]
[24, 24] [11674  2669 13396 56946 11120 13704 56946 10621 49902  6416  8503 13371
 56946  5226 12024 12077 56932  9000 11669 49270 56939 56946 10067 11211
 18199  4693 12015 56946 56931 56945 56945 56945 56945 56945 56945 56945
 56945 56945 56945 56945 56945 56945 56945 56945 56945 56945 56945 56945
 56945 56945]
[19, 19] [ 5226  5224  5009  4472  8493  9888  7626 56932 11120 15474 14442  6750
 11211 56946 13487  6151 13822 12063 56932 11633 11120 23354  4472 10766
  4562  8874  5226  8493  1618 36610 10621 11120  1759  4562  3330  8630
 34756  5224  3185 56931 56945 56945 56945 56945 56945 56945 56945 56945
 56945 56945]
[17, 17] [ 4151 56946  4472  1231  7132 56932 13822 10444  8993  1925  4323  7956
  5804 48344 11211 56932  7868 19746  4562  8822 56932  5597 32116 10291
  6495 45092 56932 12353   494 56932  4161  5226  5804 11884  8445  4472
 11120  4722   630 56932 11117 56946 13396 11120 16530  2284  4472 11120
 28464 56932]
