[41, 33] [  975 12764  3502  1231  1566 56932  6197 11211  7780  3609 12764  4289
  7809 56932  9000 56946  5226 16857  4562  5224 13640 56932  8509  2890
 12413  4472 11120  6614 11211  6870  4562 11120 36886 16955  4472 11120
 15197 10291 11120  7891  4472  5804  1304  3462 56931 56945 56945 56945
 56945 56945]
[42, 33] [  975 12764  3502  1231  1566 56932  6197 11211  7780  3609 12764  4289
  7809 56932  9000 56946  5226 16857  4562  5224 13640 56932  8509  2890
 12413  4472 11120  6614 11211  6870  4562 11120 36886 16955  4472 11120
 15197 10291 11120  7891  4472  5804  1304  3462 56931 56945 56945 56945
 56945 56945]
[43, 33] [  975 12764  3502  1231  1566 56932  6197 11211  7780  3609 12764  4289
  7809 56932  9000 56946  5226 16857  4562  5224 13640 56932  8509  2890
 12413  4472 11120  6614 11211  6870  4562 11120 36886 16955  4472 11120
 15197 10291 11120  7891  4472  5804  1304  3462 56931 56945 56945 56945
 56945 56945]
[17, 12] [11120  1650  4472 11120  8069  4472 10196 11120 12921  6255  9524  2890
  9472  4472   621 10611 12049 12535 11211   981  4472  2047 11120  6544
  4472  8493  9158 10241  5226   425   314 12149  4549 56931 56945 56945
 56945 56945 56945 56945 56945 56945 56945 56945 56945 56945 56945 56945
 56945 56945]
[20, 8] [11120  4670    85  7582 13396  5224  2880  4472  3806 15023  5307  6151
 11120 14850  4472 11211  5224 13857  5226  5224 15682  4472  7556  4472
 11120  4675 56932 56940  6151 15254  4472  2890  1958  6017  4472  9480
 10291 11120 13917 56940 56932   373 11721  5226  5309 11669  4666  1225
 56932 14691]
[24, 8] [11120  4670    85  7582 13396  5224  2880  4472  3806 15023  5307  6151
 11120 14850  4472 11211  5224 13857  5226  5224 15682  4472  7556  4472
 11120  4675 56932 56940  6151 15254  4472  2890  1958  6017  4472  9480
 10291 11120 13917 56940 56932   373 11721  5226  5309 11669  4666  1225
 56932 14691]
[25, 8] [11120  4670    85  7582 13396  5224  2880  4472  3806 15023  5307  6151
 11120 14850  4472 11211  5224 13857  5226  5224 15682  4472  7556  4472
 11120  4675 56932 56940  6151 15254  4472  2890  1958  6017  4472  9480
 10291 11120 13917 56940 56932   373 11721  5226  5309 11669  4666  1225
 56932 14691]
[22, 15] [ 5224  8491  5233  4125  4472   557  5226  7557  5534 14435  2890 21238
 11814  5226  8493  6855  6151  4151 22456  4472 11120 13476  4472 17457
 56946 56931 56945 56945 56945 56945 56945 56945 56945 56945 56945 56945
 56945 56945 56945 56945 56945 56945 56945 56945 56945 56945 56945 56945
 56945 56945]
[31, 21] [11120  3059  1240 10532  6151  4151 56942  1362  4472 11120  1296  6151
 56942 10440  4472 11120  5918  4472 56946  5534  2890   412 56946  6151
  2890 36645  5226  4890 28434  7616  2890 13723  4472 56942  6381 56932
   713 10621 17061 11211 56932 13371 10267  5244 56932  1240 56946  5217
 13822  3034]
[32, 21] [11120  3059  1240 10532  6151  4151 56942  1362  4472 11120  1296  6151
 56942 10440  4472 11120  5918  4472 56946  5534  2890   412 56946  6151
  2890 36645  5226  4890 28434  7616  2890 13723  4472 56942  6381 56932
   713 10621 17061 11211 56932 13371 10267  5244 56932  1240 56946  5217
 13822  3034]
[34, 21] [11120  3059  1240 10532  6151  4151 56942  1362  4472 11120  1296  6151
 56942 10440  4472 11120  5918  4472 56946  5534  2890   412 56946  6151
  2890 36645  5226  4890 28434  7616  2890 13723  4472 56942  6381 56932
   713 10621 17061 11211 56932 13371 10267  5244 56932  1240 56946  5217
 13822  3034]
[36, 21] [11120  3059  1240 10532  6151  4151 56942  1362  4472 11120  1296  6151
 56942 10440  4472 11120  5918  4472 56946  5534  2890   412 56946  6151
  2890 36645  5226  4890 28434  7616  2890 13723  4472 56942  6381 56932
   713 10621 17061 11211 56932 13371 10267  5244 56932  1240 56946  5217
 13822  3034]
[23, 19] [ 5224 12944 10067 15367  5226  5224 11211  7616 14201  3276 10291 13853
  5224  2191 56932  3719  5226  5224 11211  5172  2890 13469  4636 10067
  9518 12649  4472 11120 10572 12348 56931 56945 56945 56945 56945 56945
 56945 56945 56945 56945 56945 56945 56945 56945 56945 56945 56945 56945
 56945 56945]
[24, 19] [ 5224 12944 10067 15367  5226  5224 11211  7616 14201  3276 10291 13853
  5224  2191 56932  3719  5226  5224 11211  5172  2890 13469  4636 10067
  9518 12649  4472 11120 10572 12348 56931 56945 56945 56945 56945 56945
 56945 56945 56945 56945 56945 56945 56945 56945 56945 56945 56945 56945
 56945 56945]
[25, 19] [ 5224 12944 10067 15367  5226  5224 11211  7616 14201  3276 10291 13853
  5224  2191 56932  3719  5226  5224 11211  5172  2890 13469  4636 10067
  9518 12649  4472 11120 10572 12348 56931 56945 56945 56945 56945 56945
 56945 56945 56945 56945 56945 56945 56945 56945 56945 56945 56945 56945
 56945 56945]
[26, 19] [ 5224 12944 10067 15367  5226  5224 11211  7616 14201  3276 10291 13853
  5224  2191 56932  3719  5226  5224 11211  5172  2890 13469  4636 10067
  9518 12649  4472 11120 10572 12348 56931 56945 56945 56945 56945 56945
 56945 56945 56945 56945 56945 56945 56945 56945 56945 56945 56945 56945
 56945 56945]
[27, 19] [ 5224 12944 10067 15367  5226  5224 11211  7616 14201  3276 10291 13853
  5224  2191 56932  3719  5226  5224 11211  5172  2890 13469  4636 10067
  9518 12649  4472 11120 10572 12348 56931 56945 56945 56945 56945 56945
 56945 56945 56945 56945 56945 56945 56945 56945 56945 56945 56945 56945
 56945 56945]
[28, 19] [ 5224 12944 10067 15367  5226  5224 11211  7616 14201  3276 10291 13853
  5224  2191 56932  3719  5226  5224 11211  5172  2890 13469  4636 10067
  9518 12649  4472 11120 10572 12348 56931 56945 56945 56945 56945 56945
 56945 56945 56945 56945 56945 56945 56945 56945 56945 56945 56945 56945
 56945 56945]
[29, 19] [ 5224 12944 10067 15367  5226  5224 11211  7616 14201  3276 10291 13853
  5224  2191 56932  3719  5226  5224 11211  5172  2890 13469  4636 10067
  9518 12649  4472 11120 10572 12348 56931 56945 56945 56945 56945 56945
 56945 56945 56945 56945 56945 56945 56945 56945 56945 56945 56945 56945
 56945 56945]
[26, 22] [11120  7002 11211 56946 10621 11120 11211   151  1925 56940 17172 15275
 56940 11211 11117  8057  4562  5224 11629  6151  1231 56946  8734 10067
 12168  8503  4472  5804 13171 56946 10067  6171  9239  4472   778 10621
 36510 11120  2928  4472  1018 56931 56945 56945 56945 56945 56945 56945
 56945 56945]
[27, 22] [11120  7002 11211 56946 10621 11120 11211   151  1925 56940 17172 15275
 56940 11211 11117  8057  4562  5224 11629  6151  1231 56946  8734 10067
 12168  8503  4472  5804 13171 56946 10067  6171  9239  4472   778 10621
 36510 11120  2928  4472  1018 56931 56945 56945 56945 56945 56945 56945
 56945 56945]
[28, 22] [11120  7002 11211 56946 10621 11120 11211   151  1925 56940 17172 15275
 56940 11211 11117  8057  4562  5224 11629  6151  1231 56946  8734 10067
 12168  8503  4472  5804 13171 56946 10067  6171  9239  4472   778 10621
 36510 11120  2928  4472  1018 56931 56945 56945 56945 56945 56945 56945
 56945 56945]
[29, 22] [11120  7002 11211 56946 10621 11120 11211   151  1925 56940 17172 15275
 56940 11211 11117  8057  4562  5224 11629  6151  1231 56946  8734 10067
 12168  8503  4472  5804 13171 56946 10067  6171  9239  4472   778 10621
 36510 11120  2928  4472  1018 56931 56945 56945 56945 56945 56945 56945
 56945 56945]
[30, 22] [11120  7002 11211 56946 10621 11120 11211   151  1925 56940 17172 15275
 56940 11211 11117  8057  4562  5224 11629  6151  1231 56946  8734 10067
 12168  8503  4472  5804 13171 56946 10067  6171  9239  4472   778 10621
 36510 11120  2928  4472  1018 56931 56945 56945 56945 56945 56945 56945
 56945 56945]
[32, 22] [11120  7002 11211 56946 10621 11120 11211   151  1925 56940 17172 15275
 56940 11211 11117  8057  4562  5224 11629  6151  1231 56946  8734 10067
 12168  8503  4472  5804 13171 56946 10067  6171  9239  4472   778 10621
 36510 11120  2928  4472  1018 56931 56945 56945 56945 56945 56945 56945
 56945 56945]
[33, 22] [11120  7002 11211 56946 10621 11120 11211   151  1925 56940 17172 15275
 56940 11211 11117  8057  4562  5224 11629  6151  1231 56946  8734 10067
 12168  8503  4472  5804 13171 56946 10067  6171  9239  4472   778 10621
 36510 11120  2928  4472  1018 56931 56945 56945 56945 56945 56945 56945
 56945 56945]
[26, 19] [11120 11140 56946  1240 11220  6151  4151 14633 10621  2622  5226  8493
  2038 12964  4472 11397 56942 12517 11211 56946  5224  4291  6151  1446
  3673 56932  5226  2890  3716  4472  9198 13171  4472 56942 10440 56931
 56945 56945 56945 56945 56945 56945 56945 56945 56945 56945 56945 56945
 56945 56945]
[29, 19] [11120 11140 56946  1240 11220  6151  4151 14633 10621  2622  5226  8493
  2038 12964  4472 11397 56942 12517 11211 56946  5224  4291  6151  1446
  3673 56932  5226  2890  3716  4472  9198 13171  4472 56942 10440 56931
 56945 56945 56945 56945 56945 56945 56945 56945 56945 56945 56945 56945
 56945 56945]
[12, 8] [15083 10067 12679  7759  4472 11120  2809 56946  1132  5224  7347  1540
  4472 56946 56932 10621 13371  9379  8373 56932   473 10621  6256 56932
 14811 12758   425  1578 56932  5240  8931 11211  1240 31241  4562  8025
  1925  7261 56931 56945 56945 56945 56945 56945 56945 56945 56945 56945
 56945 56945]
[25, 21] [ 5804  5234  9491  3018  5226 13822 12517  4472  9424  4472  6041 10621
  5226  5224  8966 11211 12623  5224  7147  4472 15243 11211  4050 12322
 10067  5905  4562  5224  7992 10067  1926 56932  5224  1095  4472  4816
 18059  1925 15018 56932  8955 13396  5224  9283  4472  5234  9491 11211
  1240  9567]
[6, 3] [ 5804  6381 11211   746  3127 13822  3553  4161 11120 56946 10621  5224
 24651   865  5804  1145 11211 15590  1925 15790 56931 56945 56945 56945
 56945 56945 56945 56945 56945 56945 56945 56945 56945 56945 56945 56945
 56945 56945 56945 56945 56945 56945 56945 56945 56945 56945 56945 56945
 56945 56945]
