[11, 7] [ 5224 11183  3667  4233  5388 10067  2625 11211 11122 16738  5217  1352
  4562  2890  3983  4472 13395 16855 10621 11120 13814 10696 10027  2890
 20115   897  6997 56931 56945 56945 56945 56945 56945 56945 56945 56945
 56945 56945 56945 56945 56945 56945 56945 56945 56945 56945 56945 56945
 56945 56945]
[34, 25] [20385 56946 56932 11211   425  1578  7780  8823 14694  3204  5217  5224
 22961 56932  8902  2890  2350  1925  4685  4472  9450 10621  6151 10958
  9502  4562  2890 12168 11211  1043  1925  3612  5692 10291  5606  8493
   455 56946  7956  5224  5576 56934 56946 56935 56931 56945 56945 56945
 56945 56945]
[35, 25] [20385 56946 56932 11211   425  1578  7780  8823 14694  3204  5217  5224
 22961 56932  8902  2890  2350  1925  4685  4472  9450 10621  6151 10958
  9502  4562  2890 12168 11211  1043  1925  3612  5692 10291  5606  8493
   455 56946  7956  5224  5576 56934 56946 56935 56931 56945 56945 56945
 56945 56945]
[36, 25] [20385 56946 56932 11211   425  1578  7780  8823 14694  3204  5217  5224
 22961 56932  8902  2890  2350  1925  4685  4472  9450 10621  6151 10958
  9502  4562  2890 12168 11211  1043  1925  3612  5692 10291  5606  8493
   455 56946  7956  5224  5576 56934 56946 56935 56931 56945 56945 56945
 56945 56945]
[37, 25] [20385 56946 56932 11211   425  1578  7780  8823 14694  3204  5217  5224
 22961 56932  8902  2890  2350  1925  4685  4472  9450 10621  6151 10958
  9502  4562  2890 12168 11211  1043  1925  3612  5692 10291  5606  8493
   455 56946  7956  5224  5576 56934 56946 56935 56931 56945 56945 56945
 56945 56945]
[39, 25] [20385 56946 56932 11211   425  1578  7780  8823 14694  3204  5217  5224
 22961 56932  8902  2890  2350  1925  4685  4472  9450 10621  6151 10958
  9502  4562  2890 12168 11211  1043  1925  3612  5692 10291  5606  8493
   455 56946  7956  5224  5576 56934 56946 56935 56931 56945 56945 56945
 56945 56945]
[40, 25] [20385 56946 56932 11211   425  1578  7780  8823 14694  3204  5217  5224
 22961 56932  8902  2890  2350  1925  4685  4472  9450 10621  6151 10958
  9502  4562  2890 12168 11211  1043  1925  3612  5692 10291  5606  8493
   455 56946  7956  5224  5576 56934 56946 56935 56931 56945 56945 56945
 56945 56945]
[41, 25] [20385 56946 56932 11211   425  1578  7780  8823 14694  3204  5217  5224
 22961 56932  8902  2890  2350  1925  4685  4472  9450 10621  6151 10958
  9502  4562  2890 12168 11211  1043  1925  3612  5692 10291  5606  8493
   455 56946  7956  5224  5576 56934 56946 56935 56931 56945 56945 56945
 56945 56945]
[42, 25] [20385 56946 56932 11211   425  1578  7780  8823 14694  3204  5217  5224
 22961 56932  8902  2890  2350  1925  4685  4472  9450 10621  6151 10958
  9502  4562  2890 12168 11211  1043  1925  3612  5692 10291  5606  8493
   455 56946  7956  5224  5576 56934 56946 56935 56931 56945 56945 56945
 56945 56945]
[43, 25] [20385 56946 56932 11211   425  1578  7780  8823 14694  3204  5217  5224
 22961 56932  8902  2890  2350  1925  4685  4472  9450 10621  6151 10958
  9502  4562  2890 12168 11211  1043  1925  3612  5692 10291  5606  8493
   455 56946  7956  5224  5576 56934 56946 56935 56931 56945 56945 56945
 56945 56945]
[44, 41] [56946  7780 14264 11397 56942  6149  4472   213 10067 15097 56946 56932
  8493 14364  9898 11211  1240 19636  8415  5226  5224  5609 12728 56932
 10621 11646 56942  6149  4472  6438 52345 56932 11211  1240  7704 13371
 14028  2370  5224 21005 11211  1240 32282  5217  5224 15097 56946 56931
 56945 56945]
[46, 41] [56946  7780 14264 11397 56942  6149  4472   213 10067 15097 56946 56932
  8493 14364  9898 11211  1240 19636  8415  5226  5224  5609 12728 56932
 10621 11646 56942  6149  4472  6438 52345 56932 11211  1240  7704 13371
 14028  2370  5224 21005 11211  1240 32282  5217  5224 15097 56946 56931
 56945 56945]
[23, 18] [ 5224  5799  5226  5224 11211 23429 13371 11061 56932 56940 56946 56940
 56932  4562  4361  4472 21902 56932  9490 56946  4472 16997 56934 14134
 56935  5224  6260 11950 56942  4562  8493  5012  4472 13043  4284  4562
  3542  6151 12379  5452 56932  6862  8057  5224  6260   273  4472 12921
  8493  4903]
[44, 37] [  731 56932  5226  7809  6151 14374 56942 10368 13396 14196 56932  1040
  1793 11211 56940  5224 56946  5240  2166  5534 11120 13450 10067  9541
  5240  4073 56940 56932 10621  7620 13396 56940  8493  5404  5041 10621
 56946 10291  4746  4472   424 56946  4472 14694  5137 56940 56931 56945
 56945 56945]
[48, 45] [11120  3059  1240 10532  6151  4151 56942  1362  4472 11120  1296  6151
 56942 10440  4472 11120  5918  4472 56946  5534  2890   412 56946  6151
  2890 36645  5226  4890 28434  7616  2890 13723  4472 56942  6381 56932
   713 10621 17061 11211 56932 13371 10267  5244 56932  1240 56946  5217
 13822  3034]
[49, 45] [11120  3059  1240 10532  6151  4151 56942  1362  4472 11120  1296  6151
 56942 10440  4472 11120  5918  4472 56946  5534  2890   412 56946  6151
  2890 36645  5226  4890 28434  7616  2890 13723  4472 56942  6381 56932
   713 10621 17061 11211 56932 13371 10267  5244 56932  1240 56946  5217
 13822  3034]
[38, 33] [ 5226  1231 10785 56932  5224 56946  9823  4472  2654  6485  5226   425
   989  6151  5224 13640 11211  1231 10101  3349 14412   853    59  7956
  5804  6361  4472  4276 13371  9852  6151  4151   621 11211 14629  5804
  6829  5217 11120  7070  4472  8945  2370 11120 14611  1912 56931 56945
 56945 56945]
[39, 33] [ 5226  1231 10785 56932  5224 56946  9823  4472  2654  6485  5226   425
   989  6151  5224 13640 11211  1231 10101  3349 14412   853    59  7956
  5804  6361  4472  4276 13371  9852  6151  4151   621 11211 14629  5804
  6829  5217 11120  7070  4472  8945  2370 11120 14611  1912 56931 56945
 56945 56945]
[40, 33] [ 5226  1231 10785 56932  5224 56946  9823  4472  2654  6485  5226   425
   989  6151  5224 13640 11211  1231 10101  3349 14412   853    59  7956
  5804  6361  4472  4276 13371  9852  6151  4151   621 11211 14629  5804
  6829  5217 11120  7070  4472  8945  2370 11120 14611  1912 56931 56945
 56945 56945]
[41, 33] [ 5226  1231 10785 56932  5224 56946  9823  4472  2654  6485  5226   425
   989  6151  5224 13640 11211  1231 10101  3349 14412   853    59  7956
  5804  6361  4472  4276 13371  9852  6151  4151   621 11211 14629  5804
  6829  5217 11120  7070  4472  8945  2370 11120 14611  1912 56931 56945
 56945 56945]
[48, 44] [56940 56946 56940 56932 13371  1240 11117  9142  5226 56946 56932  6197
 16738  1925  1883  9222  6151  1231  9925 13280   683  5137 10621   217
  9127 11211 56932  1925 20871  4472 11211 13211 12954 17069  4472 14555
  6151   425  5346 56932  8321  2529 12342 12675 13386 11120 56946  5217
 11120  9639]
[49, 44] [56940 56946 56940 56932 13371  1240 11117  9142  5226 56946 56932  6197
 16738  1925  1883  9222  6151  1231  9925 13280   683  5137 10621   217
  9127 11211 56932  1925 20871  4472 11211 13211 12954 17069  4472 14555
  6151   425  5346 56932  8321  2529 12342 12675 13386 11120 56946  5217
 11120  9639]
[24, 18] [12889  5224   864  1373  6111 56932  3245  5466  6151 54399 10646  5804
 17678 56932 56940 12672 11211 15394  2986 13171 12562  6151  5804 10585
 10067  7770  6151 11120  4000  4472 10731 17678  4472  5804 56946 11211
 11597 56940 56932 14504 10215 56931 56945 56945 56945 56945 56945 56945
 56945 56945]
[25, 18] [12889  5224   864  1373  6111 56932  3245  5466  6151 54399 10646  5804
 17678 56932 56940 12672 11211 15394  2986 13171 12562  6151  5804 10585
 10067  7770  6151 11120  4000  4472 10731 17678  4472  5804 56946 11211
 11597 56940 56932 14504 10215 56931 56945 56945 56945 56945 56945 56945
 56945 56945]
[8, 6] [ 5226  5224  6173  5224 22798  1240  2031  5217 56946 13310  6151 11116
  8426 10621  5224  2610  7494  2890  4323  4472  2010 56934 12297 38528
 10621 35658 35446  4472  4151  9611 13371  6086 15394  8902  6151 10912
 56932  9000 13569  4472 12764 39968 11372  8606  5224 30738 56932 14260
  6197 12764]
[12, 8] [ 5224  4154  6201  5224   515  4472  9728 11211  1776  4472  4864  5217
  2890 14293   763 56931 56945 56945 56945 56945 56945 56945 56945 56945
 56945 56945 56945 56945 56945 56945 56945 56945 56945 56945 56945 56945
 56945 56945 56945 56945 56945 56945 56945 56945 56945 56945 56945 56945
 56945 56945]
[13, 8] [ 5224  4154  6201  5224   515  4472  9728 11211  1776  4472  4864  5217
  2890 14293   763 56931 56945 56945 56945 56945 56945 56945 56945 56945
 56945 56945 56945 56945 56945 56945 56945 56945 56945 56945 56945 56945
 56945 56945 56945 56945 56945 56945 56945 56945 56945 56945 56945 56945
 56945 56945]
[14, 8] [ 5224  4154  6201  5224   515  4472  9728 11211  1776  4472  4864  5217
  2890 14293   763 56931 56945 56945 56945 56945 56945 56945 56945 56945
 56945 56945 56945 56945 56945 56945 56945 56945 56945 56945 56945 56945
 56945 56945 56945 56945 56945 56945 56945 56945 56945 56945 56945 56945
 56945 56945]
[6, 4] [ 8596 11122  9490  4492  4746  4472  1231  5879  4562  5224  1405  4472
 29059  4472 12672 11211 12764  8946  7247 56932 10621  9490  5492  5224
 43844  4472  1168 12673  1925  4201 11211 12764 17667  5224  8870 20034
 13396  9068  5000  6151  5804 10229  3861 56932 10621   151 13396  9394
  5137  4562]
[7, 4] [ 8596 11122  9490  4492  4746  4472  1231  5879  4562  5224  1405  4472
 29059  4472 12672 11211 12764  8946  7247 56932 10621  9490  5492  5224
 43844  4472  1168 12673  1925  4201 11211 12764 17667  5224  8870 20034
 13396  9068  5000  6151  5804 10229  3861 56932 10621   151 13396  9394
  5137  4562]
