[26, 24] [10621   217 56940  1723  5240  2890 10563  4472  6425 56932  2890  6319
  4562  7415 10042  5226 26426 56940 56932 10621 56940  1793 56932  6197
  4365  2729  5804  3758  4562 11921  5226  7949 56932 11211  8946  2890
  1904  4161  4550  4562  9205  7300   635 56940 56932    11 56931 56945
 56945 56945]
[7, 6] [ 4151 14862  4472  2496  7187 11211 56946  6151 13822 23117  8493  4472
  4151 10384 13171 17762 11211  1240 10875  5331  4151  1493  4472  2890
  5076  4472  5138 56931 56945 56945 56945 56945 56945 56945 56945 56945
 56945 56945 56945 56945 56945 56945 56945 56945 56945 56945 56945 56945
 56945 56945]
[19, 18] [ 9000   425  9287 56932  4472 12121 47056 11211   494  5226 56946 19311
  4562  5224  3612 14749 56932  9929 14184  5224  6216  6151  1231  2928
  4562  2890  9214  5226  2732 56931 56945 56945 56945 56945 56945 56945
 56945 56945 56945 56945 56945 56945 56945 56945 56945 56945 56945 56945
 56945 56945]
[17, 16] [ 5224   653  8885 10291  8593  8493  7361  3565 12937  4151  8599  9391
 13396  5804  2168 10291  9233  6151  4151 14633  6151 12435  5224  5139
  4472 13327  1925  2792 11485  5226 11120 13476 56932  6862  4115  6151
  5804  4908  4472  5804 13043  7560  6151 14040  5224  4152  5226 13822
 11985 15126]
[6, 5] [ 1233  9490  2890  9541 11211 16359 11120  8134  5226  5224  8614  4472
   217  5668  8946  5224 11211  8535  1925  9243  7859   138 10621  1925
 12796 15884 56946 56931 56945 56945 56945 56945 56945 56945 56945 56945
 56945 56945 56945 56945 56945 56945 56945 56945 56945 56945 56945 56945
 56945 56945]
[12, 11] [ 6118 10067 10386   201  4472   641 56932 14473 11211  5224 56940 13469
  4472 12284 56940  4472 28395  7780 15076 34275 56932  6197 11211 56946
 11120 13450  4037  5179  2890 14555 13959  5226  5224 11211  1240  8540
 26702  7811  4151 11817 56946 10067  9541 56931 56945 56945 56945 56945
 56945 56945]
[31, 28] [ 6151   424  1678 10404  1240 14447  8373 12785  2861  4345 10051 56934
 13427 56935 56932 12311 10621  2904  4119  4472 13770 56932 10621  4513
 13903 56934  8352 56935 56932 11211  4473  7626  1925 11776  4472  2890
  8429 56932 10540  3337 10291 13649   713  4562 13555  2862 56931 56945
 56945 56945]
[26, 23] [ 5226  2890 13615 56932  5224 10327  2355  9445 11211  5224  8033 10611
  8468  1723 10621  1877 13732 56932 11211    85  7529  5226 56942 10621
 11211  8902 12121  6151 11120 15582  4472 11120  3174 56946 56932 56940
 12764  6913 14399  4472  5229  2618 10611 11120  9745 15921  4472  8851
  5510 56934]
[11, 10] [13396 11529 56932  5226  8567 12764  4770    13 10587 11211 11148 11120
  5272 56931 56945 56945 56945 56945 56945 56945 56945 56945 56945 56945
 56945 56945 56945 56945 56945 56945 56945 56945 56945 56945 56945 56945
 56945 56945 56945 56945 56945 56945 56945 56945 56945 56945 56945 56945
 56945 56945]
[3, 2] [ 9000  9827  2203  6151 11120  5012 10621 14828  4472 14555  1231  4109
  4472 14948  5226 12031 12506 13371 11122  8057  4294  8509  1231 12352
  4562 56946 30540 56932 10611 56942 10621 56942 56931 56945 56945 56945
 56945 56945 56945 56945 56945 56945 56945 56945 56945 56945 56945 56945
 56945 56945]
[32, 31] [56940  5804  5286 56934 56943 56935  1240  8540   378 13371  2890  1381
 56946 10291  5224   653 13396 27003  4472  8493 12031  4472  7581 10291
 11120 11851  4472  5804  1170 56932 10291 11293 15600  4472 13030 16563
  5224  3172  4472  9584 10621 11120 10151  4472 11120  3806 56940 56932
  1040 11120]
[9, 8] [ 5226  5224  1602  1240  9364 11211  5804   465  6316 11120  4670  4472
 56946 56940  5280  4472  3867 13822 10554 10383  4562  7678  4472 11120
  8001  3059 56940 56931 56945 56945 56945 56945 56945 56945 56945 56945
 56945 56945 56945 56945 56945 56945 56945 56945 56945 56945 56945 56945
 56945 56945]
[30, 28] [10634 11122  7494 15277 13344  6151 17488  4472  1761 10067 13913 56932
  9000  5240  4472  6762 11211  1808  5856  8493 10177  8791 10291  9537
  6151  5804 11211 12764 15394 12384 56946  1685 15404  4472 11120 14443
  4472 56946 10621 34516 56931 56945 56945 56945 56945 56945 56945 56945
 56945 56945]
[36, 33] [ 7868 15201   217 10867 56946 56932  5992 56940  6070  4151  6557  4472
 36170 10621 56126 13371 16058  4472 29148  5534 13171 56946  4125 13396
 11120 11371  4472 15157  5691  6151  1231 13480 56932 11211 26528 18436
  5226  3396  1231  8108  8008 10291 27741  5226  5224  3104  4472 10050
  4472  1723]
[15, 12] [ 5224 13576 15512 11046 47557  1040 11211  5226  5224  6319  5692 11418
  2890 56940  7581  4472   374 56940  1079 13396  3572 56932 20997 13396
  5227 10621 56940 36733  4562  7646 56940 13396  5224  5328 10621 15610
 56932 10621  1694 11211  5224   653  5692 12764 11606  1338  4290 13396
  2275  6151]
[2, 1] [ 8152 13469  4472 12284  4562  4151  2677 56931 56945 56945 56945 56945
 56945 56945 56945 56945 56945 56945 56945 56945 56945 56945 56945 56945
 56945 56945 56945 56945 56945 56945 56945 56945 56945 56945 56945 56945
 56945 56945 56945 56945 56945 56945 56945 56945 56945 56945 56945 56945
 56945 56945]
[16, 15] [ 7868 49800 56932  5804  7345 12764 28504 11211  5804  3204  4293 12764
  9444 12195  4472 14001  4472 14399  5226 12672 56940 14915 10506 13371
  2478  5224 12761  6151 11120  7626 10621  6151 11120  4109 56940 56931
 56945 56945 56945 56945 56945 56945 56945 56945 56945 56945 56945 56945
 56945 56945]
[16, 15] [14201  8902 12948 13396 56946  5224 14339  4472 11120 25159  4472  4151
  2677  1791 10621   981  5224 18373  5226  6990  5804  8021  7893  5226
   424  4667  5226  5606  8493  1126  4472 13478  5804  6717 13171 14956
 56931 56945 56945 56945 56945 56945 56945 56945 56945 56945 56945 56945
 56945 56945]
[10, 8] [12889  5804   420  2990 11211  3047  9301 12764  5371  4518 13822  8070
 10621 56940  7780  2077  4472  6017  4472 15225 56940 56932  5355 11152
 11211 56940 12764  5240  9329 11211  2831  7397 13667 11120 11786 10067
 11807 10621  6851  1925  5045 13396  5045 56932  1240  1641  6151 11646
 14729 11211]
[18, 14] [ 5224  1215  9332  4562  5804  5286  4472 11120 13675 15100 10067  2445
  3733  7956 12217 56932 11211 13938  4472  2047 11211  5240 10996   424
 13723  4472 12843  5224 11211 13171 10505 56932 12555 10611 56942 10621
 56942  5137 56932 12662 56932  5423 10621 15389 56931 56945 56945 56945
 56945 56945]
[9, 8] [ 5224   870 10067  5806  1240  2118  9331  6151 11148  1274  6151 23963
 56934 56946 56935 10621  6151  1898 11120 15422  4472  9394  4472 13822
  5574 56931 56945 56945 56945 56945 56945 56945 56945 56945 56945 56945
 56945 56945 56945 56945 56945 56945 56945 56945 56945 56945 56945 56945
 56945 56945]
[13, 11] [ 5224  5806  1240 23804  7956  5224 19645 10067 12908 48585 56946 10621
  8902 11120  7069  4472 11211  5226  1490  3719  9840 56946 10067 12168
 48504 56931 56945 56945 56945 56945 56945 56945 56945 56945 56945 56945
 56945 56945 56945 56945 56945 56945 56945 56945 56945 56945 56945 56945
 56945 56945]
[17, 16] [13371 12024 15348 11120  4356 12764  1240 12932  4562 56946 56932  5534
 11117  6122 11149 11117   474  5013 13371  5121  4472  2208 12015 15201
  2861 12672  5267 10621 11211 12015  4526  1379 13132 56931 56945 56945
 56945 56945 56945 56945 56945 56945 56945 56945 56945 56945 56945 56945
 56945 56945]
[6, 5] [12764 56946 56932  9000  5207  8902    20 56931 56945 56945 56945 56945
 56945 56945 56945 56945 56945 56945 56945 56945 56945 56945 56945 56945
 56945 56945 56945 56945 56945 56945 56945 56945 56945 56945 56945 56945
 56945 56945 56945 56945 56945 56945 56945 56945 56945 56945 56945 56945
 56945 56945]
[5, 4] [56946  4550  2545 56932 11148  2890 55704 56932 31920 56932  6156  6151
  7898  4472 11211  5668  5240  5224  7147 10067 11426 56931 56945 56945
 56945 56945 56945 56945 56945 56945 56945 56945 56945 56945 56945 56945
 56945 56945 56945 56945 56945 56945 56945 56945 56945 56945 56945 56945
 56945 56945]
[14, 12] [ 8953  8782 56932 13396  1231 12135 56932  8321 14500  6151 11120 12031
 56932  8057 56946  4472 56946 10621  1321  9418 24952  5226  1231  6325
  4472   245 13396 11120  8728 11120 56946  4472 13822  9778 56931 56945
 56945 56945 56945 56945 56945 56945 56945 56945 56945 56945 56945 56945
 56945 56945]
[2, 1] [ 5226 10577  4472 11120 11851  6151   424 14687 56932  5217 13280  7898
  5137  1240   746  2302  5804  4573 56946  5410 12297 56946 56946 12297
   848 12297 56946 12297 56932 11211  5226  6207 10192 14824 13396 12297
  6646 12297 56931 56945 56945 56945 56945 56945 56945 56945 56945 56945
 56945 56945]
[15, 14] [ 4562 11120 12673  4333 56932  9000  4562  2890  5309 19973  8870  5224
  7939 56946  8057  4151 45489 10621  5224  8503  4472  1787  4472 56942
  8356  8493 10101  5226 49130 56932 11120 14792  4472 26744 56931 56945
 56945 56945 56945 56945 56945 56945 56945 56945 56945 56945 56945 56945
 56945 56945]
[8, 6] [ 4550 13261 11120 56946  4969  3993 13386 11707  4151 11488  4472 11120
  1019 10621  1240  6472  5226 11120 56946  4472 13529 18588 11623 56931
 56945 56945 56945 56945 56945 56945 56945 56945 56945 56945 56945 56945
 56945 56945 56945 56945 56945 56945 56945 56945 56945 56945 56945 56945
 56945 56945]
[11, 10] [ 5280 56772  2890  9198 13171 36940  2861 12297 12297 56938 39348  6151
 11120 56946 56939 56945 56945 56945 56945 56945 56945 56945 56945 56945
 56945 56945 56945 56945 56945 56945 56945 56945 56945 56945 56945 56945
 56945 56945 56945 56945 56945 56945 56945 56945 56945 56945 56945 56945
 56945 56945]
